TEFF   7500.  GRAVITY 1.50000 LTE 
TITLE  [-1.0] VTURB=2  L/H=1.25 NOVER NEW ODF                                   
FLUX    1     9.09        3.298047E+16   1.0000E-50   0.0000E+00   1.00000
FLUX    2     9.35        3.206337E+16   1.0000E-50   0.0000E+00   1.00000
FLUX    3     9.61        3.119589E+16   1.0000E-50   0.0000E+00   1.00000
FLUX    4     9.77        3.068501E+16   1.0000E-50   0.0000E+00   1.00000
FLUX    5     9.96        3.009965E+16   1.0000E-50   0.0000E+00   1.00000
FLUX    6    10.20        2.939142E+16   1.0000E-50   0.0000E+00   1.00000
FLUX    7    10.38        2.888174E+16   1.0000E-50   0.0000E+00   1.00000
FLUX    8    10.56        2.838944E+16   1.0000E-50   0.0000E+00   1.00000
FLUX    9    10.77        2.783589E+16   1.0000E-50   0.0000E+00   1.00000
FLUX   10    11.04        2.715512E+16   1.0000E-50   0.0000E+00   1.00000
FLUX   11    11.40        2.629759E+16   1.0000E-50   0.0000E+00   1.00000
FLUX   12    11.78        2.544928E+16   1.0000E-50   0.0000E+00   1.00000
FLUX   13    12.13        2.471496E+16   1.0000E-50   0.0000E+00   1.00000
FLUX   14    12.48        2.402183E+16   1.0000E-50   0.0000E+00   1.00000
FLUX   15    12.71        2.358714E+16   1.0000E-50   0.0000E+00   1.00000
FLUX   16    12.84        2.334833E+16   1.0000E-50   0.0000E+00   1.00000
FLUX   17    13.05        2.297261E+16   1.0000E-50   0.0000E+00   1.00000
FLUX   18    13.24        2.264294E+16   1.0000E-50   0.0000E+00   1.00000
FLUX   19    13.39        2.238928E+16   1.0000E-50   0.0000E+00   1.00000
FLUX   20    13.66        2.194674E+16   1.0000E-50   0.0000E+00   1.00000
FLUX   21    13.98        2.144438E+16   1.0000E-50   0.0000E+00   1.00000
FLUX   22    14.33        2.092062E+16   1.0000E-50   0.0000E+00   1.00000
FLUX   23    14.72        2.036634E+16   1.0000E-50   0.0000E+00   1.00000
FLUX   24    15.10        1.985381E+16   1.0000E-50   0.0000E+00   1.00000
FLUX   25    15.52        1.931653E+16   1.0000E-50   0.0000E+00   1.00000
FLUX   26    15.88        1.887862E+16   1.0000E-50   0.0000E+00   1.00000
FLUX   27    16.20        1.850571E+16   1.0000E-50   0.0000E+00   1.00000
FLUX   28    16.60        1.805979E+16   1.0000E-50   0.0000E+00   1.00000
FLUX   29    17.03        1.760379E+16   1.0000E-50   0.0000E+00   1.00000
FLUX   30    17.34        1.728907E+16   1.0000E-50   0.0000E+00   1.00000
FLUX   31    17.68        1.695659E+16   1.0000E-50   0.0000E+00   1.00000
FLUX   32    18.02        1.663665E+16   1.0000E-50   0.0000E+00   1.00000
FLUX   33    18.17        1.649931E+16   1.0000E-50   0.0000E+00   1.00000
FLUX   34    18.61        1.610922E+16   1.0000E-50   0.0000E+00   1.00000
FLUX   35    19.10        1.569594E+16   1.0000E-50   0.0000E+00   1.00000
FLUX   36    19.39        1.546119E+16   1.0000E-50   0.0000E+00   1.00000
FLUX   37    19.84        1.511051E+16   1.0000E-50   0.0000E+00   1.00000
FLUX   38    20.18        1.485592E+16   1.0000E-50   0.0000E+00   1.00000
FLUX   39    20.50        1.462402E+16   1.0000E-50   0.0000E+00   1.00000
FLUX   40    21.05        1.424192E+16   1.0000E-50   0.0000E+00   1.00000
FLUX   41    21.62        1.386644E+16   1.0000E-50   0.0000E+00   1.00000
FLUX   42    21.98        1.363933E+16   1.0000E-50   0.0000E+00   1.00000
FLUX   43    22.30        1.344361E+16   1.0000E-50   0.0000E+00   1.00000
FLUX   44    22.68        1.321836E+16   1.0000E-50   0.0000E+00   1.00000
FLUX   45    23.00        1.303446E+16   1.0000E-50   0.0000E+00   1.00000
FLUX   46    23.40        1.281165E+16   1.0000E-50   0.0000E+00   1.00000
FLUX   47    24.00        1.249135E+16   1.0000E-50   0.0000E+00   1.00000
FLUX   48    24.65        1.216197E+16   1.0000E-50   0.0000E+00   1.00000
FLUX   49    25.24        1.187767E+16   1.0000E-50   0.0000E+00   1.00000
FLUX   50    25.68        1.167416E+16   1.0000E-50   0.0000E+00   1.00000
FLUX   51    26.00        1.153048E+16   1.0000E-50   0.0000E+00   1.00000
FLUX   52    26.40        1.135578E+16   1.0000E-50   0.0000E+00   1.00000
FLUX   53    26.85        1.116546E+16   1.0000E-50   0.0000E+00   1.00000
FLUX   54    27.35        1.096133E+16   1.0000E-50   0.0000E+00   1.00000
FLUX   55    27.85        1.076454E+16   1.0000E-50   0.0000E+00   1.00000
FLUX   56    28.40        1.055607E+16   1.0000E-50   0.0000E+00   1.00000
FLUX   57    29.00        1.033767E+16   1.0000E-50   0.0000E+00   1.00000
FLUX   58    29.60        1.012813E+16   1.0000E-50   0.0000E+00   1.00000
FLUX   59    30.10        9.959884E+15   1.0000E-50   0.0000E+00   1.00000
FLUX   60    30.80        9.733523E+15   1.0000E-50   0.0000E+00   1.00000
FLUX   61    31.80        9.427437E+15   1.0000E-50   0.0000E+00   1.00000
FLUX   62    32.80        9.140015E+15   1.0000E-50   0.0000E+00   1.00000
FLUX   63    33.80        8.869601E+15   1.0000E-50   0.0000E+00   1.00000
FLUX   64    34.80        8.614727E+15   1.0000E-50   0.0000E+00   1.00000
FLUX   65    35.70        8.397549E+15   1.0000E-50   0.0000E+00   1.00000
FLUX   66    36.60        8.191052E+15   1.0000E-50   0.0000E+00   1.00000
FLUX   67    37.50        7.994467E+15   4.7507E-38   4.7507E-38   1.00000
FLUX   68    38.50        7.786818E+15   5.7534E-37   5.7534E-37   1.00000
FLUX   69    39.50        7.589684E+15   4.5218E-36   4.5218E-36   1.00000
FLUX   70    40.50        7.402284E+15   3.1711E-35   3.1711E-35   1.00000
FLUX   71    41.40        7.241365E+15   1.6844E-34   1.6844E-34   1.00000
FLUX   72    42.20        7.104088E+15   6.9910E-34   6.9910E-34   1.00000
FLUX   73    43.00        6.971919E+15   2.7490E-33   2.7490E-33   1.00000
FLUX   74    44.10        6.798016E+15   1.6628E-32   1.6628E-32   1.00000
FLUX   75    45.10        6.647284E+15   7.9010E-32   7.9010E-32   1.00000
FLUX   76    46.00        6.517228E+15   3.0279E-31   3.0279E-31   1.00000
FLUX   77    47.00        6.378564E+15   1.2666E-30   1.2666E-30   1.00000
FLUX   78    48.00        6.245677E+15   3.7968E-31   3.7968E-31   0.99998
FLUX   79    49.00        6.118214E+15   1.3100E-30   1.3100E-30   0.99998
FLUX   80    50.00        5.995850E+15   4.2863E-30   4.2864E-30   0.99998
FLUX   81    50.60        5.924753E+15   1.0971E-28   1.3558E-28   0.80919
FLUX   82    51.20        5.855322E+15   2.7222E-28   2.7673E-28   0.98370
FLUX   83    52.00        5.765240E+15   6.8670E-28   6.9794E-28   0.98391
FLUX   84    53.00        5.656462E+15   2.1307E-27   2.1307E-27   1.00000
FLUX   85    54.00        5.551713E+15   6.1361E-27   6.2350E-27   0.98413
FLUX   86    55.00        5.450773E+15   1.7529E-26   1.7529E-26   1.00000
FLUX   87    56.00        5.353438E+15   3.0418E-27   3.0421E-27   0.99992
FLUX   88    57.00        5.259518E+15   7.4092E-27   7.4093E-27   0.99998
FLUX   89    58.00        5.168836E+15   1.7268E-26   1.7465E-26   0.98870
FLUX   90    59.00        5.081229E+15   3.9906E-26   3.9910E-26   0.99990
FLUX   91    60.00        4.996542E+15   8.8538E-26   8.8549E-26   0.99987
FLUX   92    61.00        4.914631E+15   1.9104E-25   1.9105E-25   0.99998
FLUX   93    62.00        4.835363E+15   4.0134E-25   4.0136E-25   0.99993
FLUX   94    63.00        4.758611E+15   8.2213E-25   8.2215E-25   0.99997
FLUX   95    64.00        4.684258E+15   1.6447E-24   1.6449E-24   0.99990
FLUX   96    65.00        4.612192E+15   3.2165E-24   3.2166E-24   0.99998
FLUX   97    65.80        4.556117E+15   5.4141E-24   5.4142E-24   0.99998
FLUX   98    66.50        4.508158E+15   8.4436E-24   8.4448E-24   0.99987
FLUX   99    67.50        4.441370E+15   1.5661E-23   1.5663E-23   0.99989
FLUX  100    68.50        4.376533E+15   2.8487E-23   2.8491E-23   0.99987
FLUX  101    69.50        4.313561E+15   5.0867E-23   5.0867E-23   0.99998
FLUX  102    70.50        4.252376E+15   8.9172E-23   8.9214E-23   0.99952
FLUX  103    71.60        4.187046E+15   1.6228E-22   1.6229E-22   0.99998
FLUX  104    72.60        4.129373E+15   2.7484E-22   2.7485E-22   0.99998
FLUX  105    73.50        4.078810E+15   4.3584E-22   4.3585E-22   0.99997
FLUX  106    74.50        4.024060E+15   7.1727E-22   7.1735E-22   0.99989
FLUX  107    75.50        3.970762E+15   1.1637E-21   1.1638E-21   0.99989
FLUX  108    76.50        3.918856E+15   1.8619E-21   1.8622E-21   0.99987
FLUX  109    77.50        3.868290E+15   2.9401E-21   2.9404E-21   0.99989
FLUX  110    78.50        3.819013E+15   4.5840E-21   4.5841E-21   0.99998
FLUX  111    79.50        3.770975E+15   7.0479E-21   7.0597E-21   0.99832
FLUX  112    80.50        3.724130E+15   1.0740E-20   1.0745E-20   0.99953
FLUX  113    81.50        3.678436E+15   1.6168E-20   1.6170E-20   0.99991
FLUX  114    82.50        3.633848E+15   2.4072E-20   2.4073E-20   0.99997
FLUX  115    83.50        3.590329E+15   3.5468E-20   3.5470E-20   0.99992
FLUX  116    84.50        3.547840E+15   5.1737E-20   5.1738E-20   0.99998
FLUX  117    85.50        3.506345E+15   7.4729E-20   7.4735E-20   0.99992
FLUX  118    86.50        3.465809E+15   1.0694E-19   1.0694E-19   0.99998
FLUX  119    87.50        3.426200E+15   1.5159E-19   1.5165E-19   0.99963
FLUX  120    88.50        3.387486E+15   2.1318E-19   2.1318E-19   0.99998
FLUX  121    89.50        3.349637E+15   2.9718E-19   2.9718E-19   0.99998
FLUX  122    90.50        3.312624E+15   4.1057E-19   4.1090E-19   0.99919
FLUX  123    91.50        3.276421E+15   1.0693E-15   3.6355E-15   0.29413
FLUX  124    92.50        3.241000E+15   3.9865E-15   4.9493E-15   0.80546
FLUX  125    93.50        3.206337E+15   5.2525E-15   6.6413E-15   0.79088
FLUX  126    94.50        3.172407E+15   7.3558E-15   8.8282E-15   0.83321
FLUX  127    95.50        3.139188E+15   1.0635E-14   1.1731E-14   0.90657
FLUX  128    96.50        3.106658E+15   1.3930E-14   1.5119E-14   0.92136
FLUX  129    97.50        3.074795E+15   1.6035E-14   1.8964E-14   0.84553
FLUX  130    98.50        3.043579E+15   2.3804E-14   2.5898E-14   0.91914
FLUX  131    99.50        3.012990E+15   2.9563E-14   3.3199E-14   0.89049
FLUX  132   100.50        2.983010E+15   4.0236E-14   4.2115E-14   0.95540
FLUX  133   101.50        2.953621E+15   4.8432E-14   5.1753E-14   0.93583
FLUX  134   102.50        2.924805E+15   5.4964E-14   6.8832E-14   0.79852
FLUX  135   103.50        2.896546E+15   8.3047E-14   8.5980E-14   0.96589
FLUX  136   104.50        2.868828E+15   1.0702E-13   1.0901E-13   0.98176
FLUX  137   105.50        2.841635E+15   1.3497E-13   1.3704E-13   0.98494
FLUX  138   106.50        2.814953E+15   1.6466E-13   1.7153E-13   0.95993
FLUX  139   107.50        2.788767E+15   2.0857E-13   2.1402E-13   0.97453
FLUX  140   108.50        2.763065E+15   2.5970E-13   2.6595E-13   0.97650
FLUX  141   109.50        2.737831E+15   3.1300E-13   3.2885E-13   0.95180
FLUX  142   110.50        2.713054E+15   9.2513E-13   3.6362E-12   0.25442
FLUX  143   111.50        2.688722E+15   2.8101E-12   4.6344E-12   0.60637
FLUX  144   112.50        2.664822E+15   3.8880E-12   5.6576E-12   0.68721
FLUX  145   113.50        2.641344E+15   5.0753E-12   6.5923E-12   0.76988
FLUX  146   114.50        2.618275E+15   5.8603E-12   7.3078E-12   0.80192
FLUX  147   115.50        2.595606E+15   5.8040E-12   7.6501E-12   0.75869
FLUX  148   116.50        2.573326E+15   6.6160E-12   7.4806E-12   0.88442
FLUX  149   117.50        2.551426E+15   6.2644E-12   6.7344E-12   0.93020
FLUX  150   118.50        2.529895E+15   1.0119E-11   2.2889E-11   0.44211
FLUX  151   119.50        2.508724E+15   2.3521E-12   2.6815E-11   0.08772
FLUX  152   120.50        2.487905E+15   1.5507E-12   3.1224E-11   0.04966
FLUX  153   121.50        2.467428E+15   4.0429E-13   3.6175E-11   0.01118
FLUX  154   122.50        2.447286E+15   1.8946E-12   4.3361E-11   0.04369
FLUX  155   123.50        2.427470E+15   4.9389E-12   4.9824E-11   0.09913
FLUX  156   124.50        2.407972E+15   1.0452E-11   1.0906E-11   0.95841
FLUX  157   125.50        2.388785E+15   1.9793E-11   2.0942E-11   0.94511
FLUX  158   126.50        2.369901E+15   2.8170E-11   3.5829E-11   0.78624
FLUX  159   127.50        2.351314E+15   4.4080E-11   5.2708E-11   0.83629
FLUX  160   128.50        2.333016E+15   6.9556E-11   7.7294E-11   0.89990
FLUX  161   129.50        2.315000E+15   9.7153E-11   1.0503E-10   0.92497
FLUX  162   130.50        2.297261E+15   1.0457E-10   1.4181E-10   0.73741
FLUX  163   131.50        2.279791E+15   1.5816E-10   1.8699E-10   0.84579
FLUX  164   132.50        2.262585E+15   2.0923E-10   2.5455E-10   0.82195
FLUX  165   133.50        2.245637E+15   2.5788E-10   3.4627E-10   0.74473
FLUX  166   134.50        2.228941E+15   3.5619E-10   4.6258E-10   0.77002
FLUX  167   135.50        2.212491E+15   4.1519E-10   6.1986E-10   0.66982
FLUX  168   136.50        2.196282E+15   5.1178E-10   8.7909E-10   0.58217
FLUX  169   137.50        2.180309E+15   6.4163E-10   1.2021E-09   0.53377
FLUX  170   138.50        2.164567E+15   7.7709E-10   1.5903E-09   0.48864
FLUX  171   139.50        2.149050E+15   9.6875E-10   2.0564E-09   0.47108
FLUX  172   140.50        2.133754E+15   1.2941E-09   2.5990E-09   0.49791
FLUX  173   141.50        2.118675E+15   1.6165E-09   3.2213E-09   0.50182
FLUX  174   142.50        2.103807E+15   2.0986E-09   3.9950E-09   0.52531
FLUX  175   143.50        2.089146E+15   2.2571E-09   4.7533E-09   0.47485
FLUX  176   144.20        2.079005E+15   2.9761E-09   5.3558E-09   0.55568
FLUX  177   144.70        2.071821E+15   3.3976E-09   9.1520E-09   0.37124
FLUX  178   145.50        2.060430E+15   4.7843E-09   1.0332E-08   0.46306
FLUX  179   146.50        2.046365E+15   5.0997E-09   1.1957E-08   0.42649
FLUX  180   147.50        2.032492E+15   5.9936E-09   1.3529E-08   0.44302
FLUX  181   148.50        2.018805E+15   7.2464E-09   1.5080E-08   0.48054
FLUX  182   149.50        2.005301E+15   9.0932E-09   1.6743E-08   0.54311
FLUX  183   150.50        1.991977E+15   1.0745E-08   1.8300E-08   0.58716
FLUX  184   151.20        1.982755E+15   1.0505E-08   1.9428E-08   0.54071
FLUX  185   151.70        1.976220E+15   1.1634E-08   3.8068E-08   0.30561
FLUX  186   152.50        1.965852E+15   1.4653E-08   1.4604E-07   0.10033
FLUX  187   153.50        1.953046E+15   4.7324E-08   2.6919E-07   0.17581
FLUX  188   154.50        1.940405E+15   8.6836E-08   2.8593E-07   0.30369
FLUX  189   155.50        1.927926E+15   8.3245E-08   3.0142E-07   0.27618
FLUX  190   156.50        1.915607E+15   7.0172E-08   3.1754E-07   0.22099
FLUX  191   157.50        1.903444E+15   1.0094E-07   3.4024E-07   0.29668
FLUX  192   158.50        1.891435E+15   1.0977E-07   3.5569E-07   0.30860
FLUX  193   159.50        1.879577E+15   1.3417E-07   3.7135E-07   0.36130
FLUX  194   160.50        1.867866E+15   1.2319E-07   3.8641E-07   0.31881
FLUX  195   161.50        1.856300E+15   1.3476E-07   4.0117E-07   0.33592
FLUX  196   162.50        1.844877E+15   1.4082E-07   4.1921E-07   0.33592
FLUX  197   163.50        1.833593E+15   1.8264E-07   4.3368E-07   0.42114
FLUX  198   164.50        1.822447E+15   2.4163E-07   4.4800E-07   0.53936
FLUX  199   165.50        1.811435E+15   1.4999E-07   4.6244E-07   0.32435
FLUX  200   166.50        1.800556E+15   2.6549E-07   4.7616E-07   0.55756
FLUX  201   167.20        1.793017E+15   1.2222E-07   4.8567E-07   0.25166
FLUX  202   167.70        1.787671E+15   2.9327E-07   5.5904E-07   0.52460
FLUX  203   168.50        1.779184E+15   3.6555E-07   6.0889E-07   0.60035
FLUX  204   169.50        1.768687E+15   3.6320E-07   6.2364E-07   0.58239
FLUX  205   170.50        1.758314E+15   3.4558E-07   6.3827E-07   0.54143
FLUX  206   171.50        1.748061E+15   4.0362E-07   6.5646E-07   0.61483
FLUX  207   172.50        1.737928E+15   4.1717E-07   6.7085E-07   0.62185
FLUX  208   173.50        1.727911E+15   4.7934E-07   6.8485E-07   0.69991
FLUX  209   174.50        1.718009E+15   4.5799E-07   6.9905E-07   0.65516
FLUX  210   175.50        1.708219E+15   5.4449E-07   7.1306E-07   0.76359
FLUX  211   176.50        1.698541E+15   4.4969E-07   7.2657E-07   0.61892
FLUX  212   177.50        1.688972E+15   5.3350E-07   7.4017E-07   0.72078
FLUX  213   178.50        1.679510E+15   5.2578E-07   7.5388E-07   0.69743
FLUX  214   179.50        1.670153E+15   6.4855E-07   7.6710E-07   0.84546
FLUX  215   180.50        1.660900E+15   5.8188E-07   7.8031E-07   0.74571
FLUX  216   181.50        1.651749E+15   6.2806E-07   7.9358E-07   0.79143
FLUX  217   182.50        1.642699E+15   5.6645E-07   8.0684E-07   0.70206
FLUX  218   183.50        1.633747E+15   5.7250E-07   8.1990E-07   0.69825
FLUX  219   184.50        1.624892E+15   5.2677E-07   8.3306E-07   0.63234
FLUX  220   185.50        1.616132E+15   5.7496E-07   8.4633E-07   0.67935
FLUX  221   186.50        1.607466E+15   6.0868E-07   8.5940E-07   0.70826
FLUX  222   187.50        1.598893E+15   6.2567E-07   8.7309E-07   0.71662
FLUX  223   188.50        1.590411E+15   6.4822E-07   8.8609E-07   0.73156
FLUX  224   189.50        1.582018E+15   6.8421E-07   8.9918E-07   0.76093
FLUX  225   190.50        1.573714E+15   6.3879E-07   9.1207E-07   0.70038
FLUX  226   191.50        1.565496E+15   7.0752E-07   9.2497E-07   0.76491
FLUX  227   192.50        1.557364E+15   7.3621E-07   9.3794E-07   0.78492
FLUX  228   193.50        1.549315E+15   6.3954E-07   9.5104E-07   0.67247
FLUX  229   194.50        1.541350E+15   7.8746E-07   9.6400E-07   0.81687
FLUX  230   195.50        1.533465E+15   8.0105E-07   9.7692E-07   0.81997
FLUX  231   196.70        1.524110E+15   8.5507E-07   9.9261E-07   0.86144
FLUX  232   197.60        1.517169E+15   8.4322E-07   1.0063E-06   0.83791
FLUX  233   198.40        1.511051E+15   8.3042E-07   1.0169E-06   0.81659
FLUX  234   199.50        1.502719E+15   8.1477E-07   1.0323E-06   0.78924
FLUX  235   200.50        1.495224E+15   7.9691E-07   1.0456E-06   0.76214
FLUX  236   201.50        1.487804E+15   7.8708E-07   1.0590E-06   0.74321
FLUX  237   202.50        1.480457E+15   7.4914E-07   1.0726E-06   0.69845
FLUX  238   203.50        1.473182E+15   8.4207E-07   1.0859E-06   0.77543
FLUX  239   204.50        1.465978E+15   9.1998E-07   1.0994E-06   0.83678
FLUX  240   205.50        1.458844E+15   8.6979E-07   1.1131E-06   0.78144
FLUX  241   206.50        1.451780E+15   8.4675E-07   1.1268E-06   0.75144
FLUX  242   207.40        1.445480E+15   9.9240E-07   1.1393E-06   0.87109
FLUX  243   207.80        1.442697E+15   1.0253E-06   1.1608E-06   0.88324
FLUX  244   208.50        1.437854E+15   1.0003E-06   1.1708E-06   0.85436
FLUX  245   209.50        1.430990E+15   9.7139E-07   1.1852E-06   0.81962
FLUX  246   210.50        1.424192E+15   9.3049E-07   1.1997E-06   0.77561
FLUX  247   211.50        1.417459E+15   9.5437E-07   1.2144E-06   0.78590
FLUX  248   212.50        1.410788E+15   9.9278E-07   1.2291E-06   0.80775
FLUX  249   213.50        1.404180E+15   8.0195E-07   1.2438E-06   0.64476
FLUX  250   214.50        1.397634E+15   9.5601E-07   1.2587E-06   0.75952
FLUX  251   215.50        1.391148E+15   9.8146E-07   1.2737E-06   0.77054
FLUX  252   216.50        1.384723E+15   9.3011E-07   1.2889E-06   0.72161
FLUX  253   217.50        1.378356E+15   9.3556E-07   1.3042E-06   0.71736
FLUX  254   218.50        1.372048E+15   9.7959E-07   1.3195E-06   0.74240
FLUX  255   219.50        1.365797E+15   1.0825E-06   1.3350E-06   0.81088
FLUX  256   220.50        1.359603E+15   1.0476E-06   1.3506E-06   0.77567
FLUX  257   221.50        1.353465E+15   9.4589E-07   1.3664E-06   0.69226
FLUX  258   222.50        1.347382E+15   9.5134E-07   1.3824E-06   0.68818
FLUX  259   223.50        1.341353E+15   1.1263E-06   1.3983E-06   0.80546
FLUX  260   224.50        1.335379E+15   1.0112E-06   1.4144E-06   0.71495
FLUX  261   225.50        1.329457E+15   9.6884E-07   1.4313E-06   0.67691
FLUX  262   226.50        1.323587E+15   9.7760E-07   1.4477E-06   0.67530
FLUX  263   227.50        1.317769E+15   1.0905E-06   1.4642E-06   0.74476
FLUX  264   228.50        1.312002E+15   1.1419E-06   1.4808E-06   0.77119
FLUX  265   229.50        1.306285E+15   1.0711E-06   1.4974E-06   0.71527
FLUX  266   230.50        1.300618E+15   1.1166E-06   1.5143E-06   0.73738
FLUX  267   231.50        1.295000E+15   1.1025E-06   1.5312E-06   0.72004
FLUX  268   232.50        1.289430E+15   1.0860E-06   1.5484E-06   0.70140
FLUX  269   233.50        1.283908E+15   9.5210E-07   1.5658E-06   0.60808
FLUX  270   234.50        1.278433E+15   8.1214E-07   1.5831E-06   0.51301
FLUX  271   235.50        1.273004E+15   1.1135E-06   1.6006E-06   0.69566
FLUX  272   236.50        1.267622E+15   8.5837E-07   1.6182E-06   0.53045
FLUX  273   237.50        1.262284E+15   1.0473E-06   1.6360E-06   0.64020
FLUX  274   238.50        1.256992E+15   7.4995E-07   1.6539E-06   0.45344
FLUX  275   239.50        1.251743E+15   9.1541E-07   1.6720E-06   0.54750
FLUX  276   240.50        1.246538E+15   8.8453E-07   1.6901E-06   0.52335
FLUX  277   241.50        1.241377E+15   9.7330E-07   1.7084E-06   0.56972
FLUX  278   242.50        1.236258E+15   1.2103E-06   1.7268E-06   0.70091
FLUX  279   243.50        1.231181E+15   1.1933E-06   1.7454E-06   0.68368
FLUX  280   244.50        1.226145E+15   1.2823E-06   1.7642E-06   0.72682
FLUX  281   245.50        1.221151E+15   1.2617E-06   1.7831E-06   0.70762
FLUX  282   246.50        1.216197E+15   1.2674E-06   1.8020E-06   0.70330
FLUX  283   247.50        1.211283E+15   1.2078E-06   1.8211E-06   0.66324
FLUX  284   248.50        1.206408E+15   1.2745E-06   1.8402E-06   0.69256
FLUX  285   249.50        1.201573E+15   1.2446E-06   1.8595E-06   0.66933
FLUX  286   250.50        1.196776E+15   1.4675E-06   1.8791E-06   0.78093
FLUX  287   251.30        1.192967E+15   1.2648E-06   1.8948E-06   0.66752
FLUX  288   251.80        1.190598E+15   1.3221E-06   1.9111E-06   0.69179
FLUX  289   252.50        1.187297E+15   1.2008E-06   1.9250E-06   0.62377
FLUX  290   253.50        1.182613E+15   1.1688E-06   1.9451E-06   0.60089
FLUX  291   254.50        1.177967E+15   1.1976E-06   1.9653E-06   0.60937
FLUX  292   255.50        1.173356E+15   1.3283E-06   1.9856E-06   0.66896
FLUX  293   256.50        1.168782E+15   1.3088E-06   2.0061E-06   0.65240
FLUX  294   257.50        1.164243E+15   1.4505E-06   2.0267E-06   0.71570
FLUX  295   258.50        1.159739E+15   1.4316E-06   2.0474E-06   0.69925
FLUX  296   259.50        1.155270E+15   1.3785E-06   2.0683E-06   0.66649
FLUX  297   260.50        1.150835E+15   1.2982E-06   2.0892E-06   0.62139
FLUX  298   261.50        1.146434E+15   1.2585E-06   2.1103E-06   0.59638
FLUX  299   262.50        1.142067E+15   1.4802E-06   2.1314E-06   0.69445
FLUX  300   263.50        1.137732E+15   1.5704E-06   2.1528E-06   0.72947
FLUX  301   264.50        1.133431E+15   1.9215E-06   2.1742E-06   0.88380
FLUX  302   265.50        1.129162E+15   1.9314E-06   2.1957E-06   0.87960
FLUX  303   266.50        1.124925E+15   1.7366E-06   2.2174E-06   0.78319
FLUX  304   267.50        1.120720E+15   1.8489E-06   2.2392E-06   0.82570
FLUX  305   268.50        1.116546E+15   1.8660E-06   2.2611E-06   0.82526
FLUX  306   269.50        1.112403E+15   1.7751E-06   2.2831E-06   0.77749
FLUX  307   270.50        1.108290E+15   1.8418E-06   2.3052E-06   0.79896
FLUX  308   271.50        1.104208E+15   1.7193E-06   2.3274E-06   0.73873
FLUX  309   272.50        1.100156E+15   1.7645E-06   2.3497E-06   0.75094
FLUX  310   273.50        1.096133E+15   1.9360E-06   2.3722E-06   0.81611
FLUX  311   274.50        1.092140E+15   1.4767E-06   2.3947E-06   0.61666
FLUX  312   275.50        1.088176E+15   1.6290E-06   2.4174E-06   0.67387
FLUX  313   276.50        1.084241E+15   1.7516E-06   2.4402E-06   0.71783
FLUX  314   277.50        1.080333E+15   1.9830E-06   2.4630E-06   0.80513
FLUX  315   278.50        1.076454E+15   1.8946E-06   2.4859E-06   0.76212
FLUX  316   279.50        1.072603E+15   1.0426E-06   2.5090E-06   0.41553
FLUX  317   280.50        1.068779E+15   1.2713E-06   2.5322E-06   0.50205
FLUX  318   281.50        1.064982E+15   2.1233E-06   2.5554E-06   0.83089
FLUX  319   282.50        1.061212E+15   2.2315E-06   2.5788E-06   0.86533
FLUX  320   283.50        1.057469E+15   2.1630E-06   2.6023E-06   0.83120
FLUX  321   284.50        1.053752E+15   2.1112E-06   2.6258E-06   0.80402
FLUX  322   285.50        1.050061E+15   2.0146E-06   2.6495E-06   0.76038
FLUX  323   286.50        1.046396E+15   2.2237E-06   2.6732E-06   0.83186
FLUX  324   287.50        1.042757E+15   2.1823E-06   2.6970E-06   0.80915
FLUX  325   288.50        1.039142E+15   2.2615E-06   2.7209E-06   0.83116
FLUX  326   289.50        1.035553E+15   2.1791E-06   2.7449E-06   0.79385
FLUX  327   291.00        1.030215E+15   2.5022E-06   2.7811E-06   0.89970
FLUX  328   293.00        1.023183E+15   2.4601E-06   2.8297E-06   0.86940
FLUX  329   295.00        1.016246E+15   2.4836E-06   2.8785E-06   0.86279
FLUX  330   297.00        1.009402E+15   2.6011E-06   2.9277E-06   0.88845
FLUX  331   299.00        1.002651E+15   2.6780E-06   2.9771E-06   0.89951
FLUX  332   301.00        9.959884E+14   2.7701E-06   3.0269E-06   0.91516
FLUX  333   303.00        9.894142E+14   2.8065E-06   3.0770E-06   0.91207
FLUX  334   305.00        9.829262E+14   2.8445E-06   3.1274E-06   0.90954
FLUX  335   307.00        9.765228E+14   2.8831E-06   3.1780E-06   0.90721
FLUX  336   309.00        9.702023E+14   3.0030E-06   3.2288E-06   0.93007
FLUX  337   311.00        9.639630E+14   2.9699E-06   3.2799E-06   0.90547
FLUX  338   313.00        9.578035E+14   3.0040E-06   3.3313E-06   0.90176
FLUX  339   315.00        9.517222E+14   3.1457E-06   3.3829E-06   0.92988
FLUX  340   317.00        9.457177E+14   3.1981E-06   3.4348E-06   0.93108
FLUX  341   319.00        9.397884E+14   3.0926E-06   3.4870E-06   0.88691
FLUX  342   321.00        9.339330E+14   3.2391E-06   3.5393E-06   0.91519
FLUX  343   323.00        9.281502E+14   3.2056E-06   3.5918E-06   0.89246
FLUX  344   325.00        9.224385E+14   3.3414E-06   3.6445E-06   0.91682
FLUX  345   327.00        9.167966E+14   3.4216E-06   3.6973E-06   0.92543
FLUX  346   329.00        9.112234E+14   3.5313E-06   3.7503E-06   0.94161
FLUX  347   331.00        9.057175E+14   3.6238E-06   3.8033E-06   0.95280
FLUX  348   333.00        9.002778E+14   3.6035E-06   3.8565E-06   0.93438
FLUX  349   335.00        8.949030E+14   3.6024E-06   3.9098E-06   0.92138
FLUX  350   337.00        8.895920E+14   3.6570E-06   3.9633E-06   0.92274
FLUX  351   339.00        8.843437E+14   3.7200E-06   4.0168E-06   0.92612
FLUX  352   341.00        8.791569E+14   3.8586E-06   4.0704E-06   0.94798
FLUX  353   343.00        8.740306E+14   3.9460E-06   4.1241E-06   0.95682
FLUX  354   345.00        8.689638E+14   3.9760E-06   4.1778E-06   0.95171
FLUX  355   347.00        8.639553E+14   3.9775E-06   4.2316E-06   0.93996
FLUX  356   349.00        8.590043E+14   4.0184E-06   4.2854E-06   0.93770
FLUX  357   351.00        8.541097E+14   4.1647E-06   4.3393E-06   0.95977
FLUX  358   353.00        8.492705E+14   4.2536E-06   4.3932E-06   0.96823
FLUX  359   355.00        8.444859E+14   4.3512E-06   4.4471E-06   0.97842
FLUX  360   357.00        8.397549E+14   4.2959E-06   4.5010E-06   0.95444
FLUX  361   359.00        8.350766E+14   4.3452E-06   4.5549E-06   0.95396
FLUX  362   361.00        8.304501E+14   4.4220E-06   4.6089E-06   0.95944
FLUX  363   363.00        8.258747E+14   4.5169E-06   4.6627E-06   0.96872
FLUX  364   364.00        8.236058E+14   4.4941E-06   4.6898E-06   0.95827
FLUX  365   365.00        8.213493E+14   4.6395E-06   2.7268E-05   0.17015
FLUX  366   367.00        8.168733E+14   4.6429E-06   2.7211E-05   0.17063
FLUX  367   369.00        8.124458E+14   5.0469E-06   2.7156E-05   0.18585
FLUX  368   371.00        8.080660E+14   6.6437E-06   2.7098E-05   0.24518
FLUX  369   373.00        8.037332E+14   9.0749E-06   2.7039E-05   0.33562
FLUX  370   375.00        7.994467E+14   1.3642E-05   2.6981E-05   0.50562
FLUX  371   377.00        7.952056E+14   1.4605E-05   2.6924E-05   0.54247
FLUX  372   379.00        7.910092E+14   1.8032E-05   2.6865E-05   0.67122
FLUX  373   381.00        7.868570E+14   2.0615E-05   2.6806E-05   0.76907
FLUX  374   383.00        7.827480E+14   1.6412E-05   2.6746E-05   0.61362
FLUX  375   385.00        7.786818E+14   2.2280E-05   2.6686E-05   0.83491
FLUX  376   387.00        7.746576E+14   2.4011E-05   2.6626E-05   0.90178
FLUX  377   389.00        7.706748E+14   1.5522E-05   2.6565E-05   0.58431
FLUX  378   391.00        7.667327E+14   2.3857E-05   2.6504E-05   0.90012
FLUX  379   393.00        7.628308E+14   2.1028E-05   2.6444E-05   0.79520
FLUX  380   395.00        7.589684E+14   2.4206E-05   2.6383E-05   0.91749
FLUX  381   397.00        7.551448E+14   1.4713E-05   2.6322E-05   0.55896
FLUX  382   399.00        7.513596E+14   2.4331E-05   2.6261E-05   0.92651
FLUX  383   401.00        7.476122E+14   2.5135E-05   2.6200E-05   0.95936
FLUX  384   403.00        7.439020E+14   2.5023E-05   2.6140E-05   0.95727
FLUX  385   405.00        7.402284E+14   2.5054E-05   2.6079E-05   0.96072
FLUX  386   407.00        7.365909E+14   2.4656E-05   2.6019E-05   0.94764
FLUX  387   409.00        7.329890E+14   2.2209E-05   2.5958E-05   0.85555
FLUX  388   411.00        7.294221E+14   1.7414E-05   2.5899E-05   0.67240
FLUX  389   413.00        7.258898E+14   2.4553E-05   2.5839E-05   0.95020
FLUX  390   415.00        7.223916E+14   2.5001E-05   2.5780E-05   0.96980
FLUX  391   417.00        7.189269E+14   2.4696E-05   2.5721E-05   0.96016
FLUX  392   419.00        7.154952E+14   2.4702E-05   2.5662E-05   0.96259
FLUX  393   421.00        7.120962E+14   2.4730E-05   2.5603E-05   0.96591
FLUX  394   423.00        7.087293E+14   2.4505E-05   2.5544E-05   0.95931
FLUX  395   425.00        7.053941E+14   2.4537E-05   2.5485E-05   0.96278
FLUX  396   427.00        7.020902E+14   2.4343E-05   2.5426E-05   0.95739
FLUX  397   429.00        6.988170E+14   2.4354E-05   2.5368E-05   0.96004
FLUX  398   431.00        6.955742E+14   2.3397E-05   2.5309E-05   0.92444
FLUX  399   433.00        6.923614E+14   2.0513E-05   2.5251E-05   0.81236
FLUX  400   435.00        6.891782E+14   1.7779E-05   2.5193E-05   0.70570
FLUX  401   437.00        6.860240E+14   2.4178E-05   2.5135E-05   0.96190
FLUX  402   439.00        6.828986E+14   2.4041E-05   2.5078E-05   0.95864
FLUX  403   441.00        6.798016E+14   2.3784E-05   2.5020E-05   0.95058
FLUX  404   443.00        6.767325E+14   2.4218E-05   2.4963E-05   0.97017
FLUX  405   445.00        6.736910E+14   2.4185E-05   2.4906E-05   0.97106
FLUX  406   447.00        6.706767E+14   2.4125E-05   2.4849E-05   0.97088
FLUX  407   449.00        6.676893E+14   2.4074E-05   2.4792E-05   0.97103
FLUX  408   451.00        6.647284E+14   2.4258E-05   2.4735E-05   0.98074
FLUX  409   453.00        6.617936E+14   2.3897E-05   2.4678E-05   0.96833
FLUX  410   455.00        6.588846E+14   2.3507E-05   2.4622E-05   0.95470
FLUX  411   457.00        6.560011E+14   2.4103E-05   2.4566E-05   0.98113
FLUX  412   459.00        6.531427E+14   2.3760E-05   2.4510E-05   0.96938
FLUX  413   461.00        6.503091E+14   2.4268E-05   2.4455E-05   0.99237
FLUX  414   463.00        6.475000E+14   2.3833E-05   2.4400E-05   0.97678
FLUX  415   465.00        6.447151E+14   2.4121E-05   2.4344E-05   0.99081
FLUX  416   467.00        6.419540E+14   2.4034E-05   2.4289E-05   0.98949
FLUX  417   469.00        6.392164E+14   2.3859E-05   2.4235E-05   0.98450
FLUX  418   471.00        6.365021E+14   2.3350E-05   2.4180E-05   0.96567
FLUX  419   473.00        6.338108E+14   2.3927E-05   2.4126E-05   0.99177
FLUX  420   475.00        6.311421E+14   2.3979E-05   2.4072E-05   0.99614
FLUX  421   477.00        6.284958E+14   2.3849E-05   2.4018E-05   0.99296
FLUX  422   479.00        6.258716E+14   2.3770E-05   2.3964E-05   0.99188
FLUX  423   481.00        6.232692E+14   2.3645E-05   2.3911E-05   0.98889
FLUX  424   483.00        6.206884E+14   2.3336E-05   2.3858E-05   0.97815
FLUX  425   485.00        6.181289E+14   2.0311E-05   2.3805E-05   0.85322
FLUX  426   487.00        6.155903E+14   1.6586E-05   2.3752E-05   0.69828
FLUX  427   489.00        6.130726E+14   2.2935E-05   2.3700E-05   0.96772
FLUX  428   491.00        6.105754E+14   2.3338E-05   2.3648E-05   0.98692
FLUX  429   493.00        6.080984E+14   2.3068E-05   2.3596E-05   0.97763
FLUX  430   495.00        6.056414E+14   2.3306E-05   2.3544E-05   0.98991
FLUX  431   497.00        6.032042E+14   2.3432E-05   2.3492E-05   0.99744
FLUX  432   499.00        6.007866E+14   2.3186E-05   2.3441E-05   0.98912
FLUX  433   501.00        5.983882E+14   2.2793E-05   2.3390E-05   0.97450
FLUX  434   503.00        5.960089E+14   2.3120E-05   2.3339E-05   0.99064
FLUX  435   505.00        5.936485E+14   2.3023E-05   2.3288E-05   0.98862
FLUX  436   507.00        5.913067E+14   2.3119E-05   2.3237E-05   0.99493
FLUX  437   509.00        5.889833E+14   2.3047E-05   2.3186E-05   0.99397
FLUX  438   511.00        5.866781E+14   2.3015E-05   2.3136E-05   0.99476
FLUX  439   513.00        5.843908E+14   2.2833E-05   2.3086E-05   0.98905
FLUX  440   515.00        5.821214E+14   2.2729E-05   2.3036E-05   0.98669
FLUX  441   517.00        5.798694E+14   2.2317E-05   2.2986E-05   0.97087
FLUX  442   519.00        5.776349E+14   2.2292E-05   2.2937E-05   0.97192
FLUX  443   521.00        5.754175E+14   2.2505E-05   2.2887E-05   0.98329
FLUX  444   523.00        5.732170E+14   2.2279E-05   2.2838E-05   0.97552
FLUX  445   525.00        5.710333E+14   2.2619E-05   2.2789E-05   0.99252
FLUX  446   527.00        5.688662E+14   2.2077E-05   2.2740E-05   0.97083
FLUX  447   529.00        5.667155E+14   2.2494E-05   2.2692E-05   0.99127
FLUX  448   531.00        5.645810E+14   2.2251E-05   2.2644E-05   0.98265
FLUX  449   533.00        5.624625E+14   2.2120E-05   2.2596E-05   0.97894
FLUX  450   535.00        5.603598E+14   2.2431E-05   2.2548E-05   0.99484
FLUX  451   537.00        5.582728E+14   2.2250E-05   2.2500E-05   0.98891
FLUX  452   539.00        5.562013E+14   2.2232E-05   2.2452E-05   0.99019
FLUX  453   541.00        5.541451E+14   2.2100E-05   2.2405E-05   0.98641
FLUX  454   543.00        5.521041E+14   2.2072E-05   2.2357E-05   0.98723
FLUX  455   545.00        5.500780E+14   2.2143E-05   2.2310E-05   0.99248
FLUX  456   547.00        5.480667E+14   2.2125E-05   2.2263E-05   0.99377
FLUX  457   549.00        5.460701E+14   2.2129E-05   2.2217E-05   0.99606
FLUX  458   551.00        5.440880E+14   2.2066E-05   2.2170E-05   0.99529
FLUX  459   553.00        5.421203E+14   2.1922E-05   2.2124E-05   0.99091
FLUX  460   555.00        5.401667E+14   2.2032E-05   2.2077E-05   0.99794
FLUX  461   557.00        5.382271E+14   2.1935E-05   2.2031E-05   0.99563
FLUX  462   559.00        5.363014E+14   2.1874E-05   2.1985E-05   0.99495
FLUX  463   561.00        5.343895E+14   2.1859E-05   2.1939E-05   0.99633
FLUX  464   563.00        5.324911E+14   2.1855E-05   2.1894E-05   0.99822
FLUX  465   565.00        5.306062E+14   2.1751E-05   2.1848E-05   0.99555
FLUX  466   567.00        5.287346E+14   2.1702E-05   2.1803E-05   0.99538
FLUX  467   569.00        5.268761E+14   2.1712E-05   2.1758E-05   0.99791
FLUX  468   571.00        5.250306E+14   2.1669E-05   2.1713E-05   0.99798
FLUX  469   573.00        5.231981E+14   2.1658E-05   2.1668E-05   0.99956
FLUX  470   575.00        5.213783E+14   2.1597E-05   2.1623E-05   0.99880
FLUX  471   577.00        5.195711E+14   2.1560E-05   2.1578E-05   0.99916
FLUX  472   579.00        5.177763E+14   2.1505E-05   2.1534E-05   0.99868
FLUX  473   581.00        5.159940E+14   2.1469E-05   2.1489E-05   0.99906
FLUX  474   583.00        5.142238E+14   2.1426E-05   2.1445E-05   0.99913
FLUX  475   585.00        5.124658E+14   2.1375E-05   2.1401E-05   0.99879
FLUX  476   587.00        5.107198E+14   2.1337E-05   2.1357E-05   0.99908
FLUX  477   589.00        5.089856E+14   2.1081E-05   2.1313E-05   0.98911
FLUX  478   591.00        5.072631E+14   2.1249E-05   2.1269E-05   0.99906
FLUX  479   593.00        5.055523E+14   2.1205E-05   2.1226E-05   0.99903
FLUX  480   595.00        5.038529E+14   2.1157E-05   2.1182E-05   0.99882
FLUX  481   597.00        5.021650E+14   2.1126E-05   2.1139E-05   0.99937
FLUX  482   599.00        5.004883E+14   2.1055E-05   2.1096E-05   0.99805
FLUX  483   601.00        4.988228E+14   2.1010E-05   2.1053E-05   0.99796
FLUX  484   603.00        4.971683E+14   2.0982E-05   2.1010E-05   0.99868
FLUX  485   605.00        4.955248E+14   2.0944E-05   2.0967E-05   0.99888
FLUX  486   607.00        4.938921E+14   2.0915E-05   2.0925E-05   0.99952
FLUX  487   609.00        4.922701E+14   2.0859E-05   2.0883E-05   0.99888
FLUX  488   611.00        4.906588E+14   2.0806E-05   2.0841E-05   0.99834
FLUX  489   613.00        4.890579E+14   2.0728E-05   2.0799E-05   0.99659
FLUX  490   615.00        4.874675E+14   2.0568E-05   2.0757E-05   0.99090
FLUX  491   617.00        4.858874E+14   2.0636E-05   2.0715E-05   0.99621
FLUX  492   619.00        4.843174E+14   2.0652E-05   2.0673E-05   0.99897
FLUX  493   621.00        4.827576E+14   2.0617E-05   2.0631E-05   0.99930
FLUX  494   623.00        4.812079E+14   2.0548E-05   2.0590E-05   0.99799
FLUX  495   625.00        4.796680E+14   2.0340E-05   2.0548E-05   0.98986
FLUX  496   627.00        4.781380E+14   2.0497E-05   2.0507E-05   0.99950
FLUX  497   629.00        4.766176E+14   2.0454E-05   2.0466E-05   0.99940
FLUX  498   631.00        4.751070E+14   2.0366E-05   2.0425E-05   0.99714
FLUX  499   633.00        4.736058E+14   2.0355E-05   2.0384E-05   0.99860
FLUX  500   635.00        4.721142E+14   2.0247E-05   2.0343E-05   0.99530
FLUX  501   637.00        4.706319E+14   2.0218E-05   2.0302E-05   0.99583
FLUX  502   639.00        4.691588E+14   2.0231E-05   2.0262E-05   0.99849
FLUX  503   641.00        4.676950E+14   2.0143E-05   2.0221E-05   0.99613
FLUX  504   643.00        4.662403E+14   2.0134E-05   2.0181E-05   0.99767
FLUX  505   645.00        4.647946E+14   1.9986E-05   2.0140E-05   0.99233
FLUX  506   647.00        4.633578E+14   2.0067E-05   2.0100E-05   0.99834
FLUX  507   649.00        4.619299E+14   1.9902E-05   2.0060E-05   0.99212
FLUX  508   651.00        4.605108E+14   1.9878E-05   2.0020E-05   0.99292
FLUX  509   653.00        4.591003E+14   1.9702E-05   1.9980E-05   0.98610
FLUX  510   655.00        4.576985E+14   1.8116E-05   1.9941E-05   0.90849
FLUX  511   657.00        4.563052E+14   1.4491E-05   1.9901E-05   0.72814
FLUX  512   659.00        4.549203E+14   1.9306E-05   1.9861E-05   0.97205
FLUX  513   661.00        4.535439E+14   1.9659E-05   1.9822E-05   0.99181
FLUX  514   663.00        4.521757E+14   1.9713E-05   1.9782E-05   0.99651
FLUX  515   665.00        4.508158E+14   1.9716E-05   1.9743E-05   0.99866
FLUX  516   667.00        4.494640E+14   1.9679E-05   1.9703E-05   0.99878
FLUX  517   669.00        4.481203E+14   1.9651E-05   1.9664E-05   0.99934
FLUX  518   671.00        4.467846E+14   1.9611E-05   1.9625E-05   0.99930
FLUX  519   673.00        4.454569E+14   1.9572E-05   1.9586E-05   0.99930
FLUX  520   675.00        4.441370E+14   1.9523E-05   1.9547E-05   0.99877
FLUX  521   677.00        4.428250E+14   1.9505E-05   1.9508E-05   0.99983
FLUX  522   679.00        4.415206E+14   1.9460E-05   1.9469E-05   0.99954
FLUX  523   681.00        4.402239E+14   1.9425E-05   1.9431E-05   0.99972
FLUX  524   683.00        4.389348E+14   1.9372E-05   1.9392E-05   0.99897
FLUX  525   685.00        4.376533E+14   1.9340E-05   1.9353E-05   0.99930
FLUX  526   687.00        4.363792E+14   1.9309E-05   1.9315E-05   0.99970
FLUX  527   689.00        4.351125E+14   1.9272E-05   1.9277E-05   0.99975
FLUX  528   691.00        4.338531E+14   1.9233E-05   1.9238E-05   0.99972
FLUX  529   693.00        4.326010E+14   1.9193E-05   1.9200E-05   0.99961
FLUX  530   695.00        4.313561E+14   1.9156E-05   1.9162E-05   0.99969
FLUX  531   697.00        4.301184E+14   1.9116E-05   1.9124E-05   0.99957
FLUX  532   699.00        4.288877E+14   1.9082E-05   1.9086E-05   0.99975
FLUX  533   701.00        4.276641E+14   1.9018E-05   1.9049E-05   0.99840
FLUX  534   703.00        4.264474E+14   1.8996E-05   1.9011E-05   0.99923
FLUX  535   705.00        4.252376E+14   1.8966E-05   1.8973E-05   0.99961
FLUX  536   707.00        4.240347E+14   1.8931E-05   1.8936E-05   0.99972
FLUX  537   709.00        4.228385E+14   1.8895E-05   1.8899E-05   0.99979
FLUX  538   711.00        4.216491E+14   1.8751E-05   1.8861E-05   0.99415
FLUX  539   713.00        4.204663E+14   1.8797E-05   1.8824E-05   0.99856
FLUX  540   715.00        4.192902E+14   1.8769E-05   1.8787E-05   0.99904
FLUX  541   717.00        4.181206E+14   1.8735E-05   1.8750E-05   0.99920
FLUX  542   719.00        4.169576E+14   1.8686E-05   1.8713E-05   0.99857
FLUX  543   721.00        4.158010E+14   1.8652E-05   1.8676E-05   0.99871
FLUX  544   723.00        4.146508E+14   1.8606E-05   1.8639E-05   0.99825
FLUX  545   725.00        4.135069E+14   1.8582E-05   1.8602E-05   0.99893
FLUX  546   727.00        4.123693E+14   1.8556E-05   1.8565E-05   0.99950
FLUX  547   729.00        4.112380E+14   1.8500E-05   1.8529E-05   0.99846
FLUX  548   731.00        4.101129E+14   1.8450E-05   1.8493E-05   0.99771
FLUX  549   733.00        4.089939E+14   1.8428E-05   1.8456E-05   0.99849
FLUX  550   735.00        4.078810E+14   1.8404E-05   1.8420E-05   0.99916
FLUX  551   737.00        4.067741E+14   1.8378E-05   1.8383E-05   0.99973
FLUX  552   739.00        4.056732E+14   1.8329E-05   1.8347E-05   0.99901
FLUX  553   741.00        4.045783E+14   1.8274E-05   1.8311E-05   0.99802
FLUX  554   743.00        4.034892E+14   1.8235E-05   1.8275E-05   0.99784
FLUX  555   745.00        4.024060E+14   1.8206E-05   1.8238E-05   0.99820
FLUX  556   747.00        4.013286E+14   1.8134E-05   1.8203E-05   0.99622
FLUX  557   749.00        4.002570E+14   1.8118E-05   1.8167E-05   0.99734
FLUX  558   751.00        3.991911E+14   1.8096E-05   1.8131E-05   0.99811
FLUX  559   753.00        3.981308E+14   1.8079E-05   1.8095E-05   0.99910
FLUX  560   755.00        3.970762E+14   1.8057E-05   1.8059E-05   0.99985
FLUX  561   757.00        3.960271E+14   1.8012E-05   1.8024E-05   0.99935
FLUX  562   759.00        3.949835E+14   1.7983E-05   1.7988E-05   0.99967
FLUX  563   761.00        3.939455E+14   1.7948E-05   1.7953E-05   0.99975
FLUX  564   763.00        3.929128E+14   1.7912E-05   1.7918E-05   0.99970
FLUX  565   765.00        3.918856E+14   1.7867E-05   1.7882E-05   0.99913
FLUX  566   767.00        3.908638E+14   1.7823E-05   1.7847E-05   0.99865
FLUX  567   769.00        3.898472E+14   1.7799E-05   1.7812E-05   0.99929
FLUX  568   771.00        3.888359E+14   1.7737E-05   1.7777E-05   0.99777
FLUX  569   773.00        3.878299E+14   1.7735E-05   1.7742E-05   0.99963
FLUX  570   775.00        3.868290E+14   1.7697E-05   1.7707E-05   0.99942
FLUX  571   777.00        3.858333E+14   1.7409E-05   1.7672E-05   0.98512
FLUX  572   779.00        3.848427E+14   1.7634E-05   1.7637E-05   0.99985
FLUX  573   781.00        3.838572E+14   1.7598E-05   1.7602E-05   0.99974
FLUX  574   783.00        3.828768E+14   1.7550E-05   1.7568E-05   0.99897
FLUX  575   785.00        3.819013E+14   1.7502E-05   1.7533E-05   0.99824
FLUX  576   787.00        3.809307E+14   1.7458E-05   1.7499E-05   0.99769
FLUX  577   789.00        3.799651E+14   1.7411E-05   1.7464E-05   0.99695
FLUX  578   791.00        3.790044E+14   1.7406E-05   1.7430E-05   0.99865
FLUX  579   793.00        3.780485E+14   1.7369E-05   1.7395E-05   0.99848
FLUX  580   795.00        3.770975E+14   1.7327E-05   1.7361E-05   0.99804
FLUX  581   797.00        3.761512E+14   1.7325E-05   1.7327E-05   0.99988
FLUX  582   799.00        3.752096E+14   1.7245E-05   1.7293E-05   0.99721
FLUX  583   801.00        3.742728E+14   1.7248E-05   1.7259E-05   0.99939
FLUX  584   803.00        3.733406E+14   1.7211E-05   1.7225E-05   0.99919
FLUX  585   805.00        3.724130E+14   1.7183E-05   1.7191E-05   0.99952
FLUX  586   807.00        3.714901E+14   1.7147E-05   1.7157E-05   0.99942
FLUX  587   809.00        3.705717E+14   1.7113E-05   1.7123E-05   0.99937
FLUX  588   811.00        3.696578E+14   1.7087E-05   1.7090E-05   0.99981
FLUX  589   813.00        3.687485E+14   1.7055E-05   1.7056E-05   0.99993
FLUX  590   815.00        3.678436E+14   1.7021E-05   1.7023E-05   0.99991
FLUX  591   817.00        3.669431E+14   1.6987E-05   1.6989E-05   0.99990
FLUX  592   819.00        3.660470E+14   1.6877E-05   1.6956E-05   0.99534
FLUX  593   821.00        3.651553E+14   1.6925E-05   2.1257E-05   0.79622
FLUX  594   823.00        3.642679E+14   1.6892E-05   2.1204E-05   0.79663
FLUX  595   825.00        3.633848E+14   1.6839E-05   2.1151E-05   0.79611
FLUX  596   827.00        3.625060E+14   1.6891E-05   2.1099E-05   0.80056
FLUX  597   829.00        3.616315E+14   1.6844E-05   2.1047E-05   0.80030
FLUX  598   831.00        3.607611E+14   1.6768E-05   2.0995E-05   0.79868
FLUX  599   833.00        3.598950E+14   1.6586E-05   2.0943E-05   0.79193
FLUX  600   835.00        3.590329E+14   1.6680E-05   2.0892E-05   0.79842
FLUX  601   837.00        3.581750E+14   1.6393E-05   2.0840E-05   0.78658
FLUX  602   839.00        3.573212E+14   1.6442E-05   2.0789E-05   0.79089
FLUX  603   841.00        3.564715E+14   1.6380E-05   2.0738E-05   0.78985
FLUX  604   843.00        3.556257E+14   1.6774E-05   2.0687E-05   0.81083
FLUX  605   845.00        3.547840E+14   1.6639E-05   2.0637E-05   0.80627
FLUX  606   847.00        3.539463E+14   1.6053E-05   2.0587E-05   0.77979
FLUX  607   849.00        3.531125E+14   1.7573E-05   2.0536E-05   0.85570
FLUX  608   851.00        3.522826E+14   1.5840E-05   2.0486E-05   0.77322
FLUX  609   853.00        3.514566E+14   1.7998E-05   2.0437E-05   0.88068
FLUX  610   855.00        3.506345E+14   1.5327E-05   2.0387E-05   0.75179
FLUX  611   857.00        3.498162E+14   1.8507E-05   2.0338E-05   0.91001
FLUX  612   859.00        3.490017E+14   1.7356E-05   2.0288E-05   0.85548
FLUX  613   861.00        3.481911E+14   1.6877E-05   2.0239E-05   0.83389
FLUX  614   863.00        3.473841E+14   1.9200E-05   2.0190E-05   0.95095
FLUX  615   865.00        3.465809E+14   1.8827E-05   2.0142E-05   0.93473
FLUX  616   867.00        3.457814E+14   1.5301E-05   2.0093E-05   0.76150
FLUX  617   869.00        3.449856E+14   1.9202E-05   2.0045E-05   0.95798
FLUX  618   871.00        3.441935E+14   1.9699E-05   1.9996E-05   0.98511
FLUX  619   873.00        3.434049E+14   1.9313E-05   1.9948E-05   0.96815
FLUX  620   875.00        3.426200E+14   1.5564E-05   1.9901E-05   0.78206
FLUX  621   877.00        3.418387E+14   1.8778E-05   1.9853E-05   0.94583
FLUX  622   879.00        3.410609E+14   1.9599E-05   1.9805E-05   0.98957
FLUX  623   881.00        3.402866E+14   1.9553E-05   1.9758E-05   0.98964
FLUX  624   883.00        3.395159E+14   1.9380E-05   1.9711E-05   0.98322
FLUX  625   885.00        3.387486E+14   1.8273E-05   1.9664E-05   0.92926
FLUX  626   887.00        3.379848E+14   1.5557E-05   1.9617E-05   0.79305
FLUX  627   889.00        3.372244E+14   1.9089E-05   1.9570E-05   0.97541
FLUX  628   891.00        3.364675E+14   1.9286E-05   1.9524E-05   0.98779
FLUX  629   893.00        3.357139E+14   1.9273E-05   1.9478E-05   0.98947
FLUX  630   895.00        3.349637E+14   1.9362E-05   1.9432E-05   0.99641
FLUX  631   897.00        3.342168E+14   1.9266E-05   1.9386E-05   0.99385
FLUX  632   899.00        3.334733E+14   1.8958E-05   1.9340E-05   0.98026
FLUX  633   901.00        3.327331E+14   1.5783E-05   1.9294E-05   0.81803
FLUX  634   903.00        3.319961E+14   1.7465E-05   1.9249E-05   0.90732
FLUX  635   905.00        3.312624E+14   1.8965E-05   1.9203E-05   0.98761
FLUX  636   907.00        3.305320E+14   1.8789E-05   1.9158E-05   0.98075
FLUX  637   909.00        3.298047E+14   1.8627E-05   1.9113E-05   0.97455
FLUX  638   911.00        3.290807E+14   1.8906E-05   1.9068E-05   0.99151
FLUX  639   913.00        3.283598E+14   1.8993E-05   1.9024E-05   0.99840
FLUX  640   915.00        3.276421E+14   1.8967E-05   1.8979E-05   0.99939
FLUX  641   917.00        3.269275E+14   1.8869E-05   1.8935E-05   0.99651
FLUX  642   919.00        3.262160E+14   1.8731E-05   1.8890E-05   0.99157
FLUX  643   921.00        3.255076E+14   1.8114E-05   1.8846E-05   0.96115
FLUX  644   923.00        3.248023E+14   1.4692E-05   1.8802E-05   0.78138
FLUX  645   925.00        3.241000E+14   1.7750E-05   1.8759E-05   0.94622
FLUX  646   927.00        3.234008E+14   1.8301E-05   1.8715E-05   0.97785
FLUX  647   929.00        3.227045E+14   1.8609E-05   1.8672E-05   0.99665
FLUX  648   931.00        3.220113E+14   1.8617E-05   1.8628E-05   0.99938
FLUX  649   933.00        3.213210E+14   1.8570E-05   1.8585E-05   0.99917
FLUX  650   935.00        3.206337E+14   1.8535E-05   1.8542E-05   0.99959
FLUX  651   937.00        3.199493E+14   1.8497E-05   1.8499E-05   0.99985
FLUX  652   939.00        3.192678E+14   1.8420E-05   1.8457E-05   0.99804
FLUX  653   941.00        3.185893E+14   1.8143E-05   1.8414E-05   0.98528
FLUX  654   943.00        3.179136E+14   1.8323E-05   1.8372E-05   0.99736
FLUX  655   945.00        3.172407E+14   1.8305E-05   1.8329E-05   0.99866
FLUX  656   947.00        3.165707E+14   1.8269E-05   1.8287E-05   0.99902
FLUX  657   949.00        3.159036E+14   1.8189E-05   1.8245E-05   0.99692
FLUX  658   951.00        3.152392E+14   1.8047E-05   1.8204E-05   0.99141
FLUX  659   953.00        3.145776E+14   1.7351E-05   1.8162E-05   0.95536
FLUX  660   955.00        3.139188E+14   1.4348E-05   1.8120E-05   0.79183
FLUX  661   957.00        3.132628E+14   1.7476E-05   1.8079E-05   0.96666
FLUX  662   959.00        3.126095E+14   1.7910E-05   1.8038E-05   0.99294
FLUX  663   961.00        3.119589E+14   1.7864E-05   1.7996E-05   0.99262
FLUX  664   963.00        3.113110E+14   1.7783E-05   1.7955E-05   0.99040
FLUX  665   965.00        3.106658E+14   1.7888E-05   1.7914E-05   0.99854
FLUX  666   967.00        3.100233E+14   1.7721E-05   1.7874E-05   0.99144
FLUX  667   969.00        3.093834E+14   1.7789E-05   1.7833E-05   0.99754
FLUX  668   971.00        3.087461E+14   1.7790E-05   1.7793E-05   0.99985
FLUX  669   973.00        3.081115E+14   1.7746E-05   1.7752E-05   0.99963
FLUX  670   975.00        3.074795E+14   1.7684E-05   1.7712E-05   0.99840
FLUX  671   977.00        3.068501E+14   1.7669E-05   1.7672E-05   0.99982
FLUX  672   979.00        3.062232E+14   1.7628E-05   1.7632E-05   0.99976
FLUX  673   981.00        3.055989E+14   1.7585E-05   1.7592E-05   0.99962
FLUX  674   983.00        3.049771E+14   1.7544E-05   1.7552E-05   0.99955
FLUX  675   985.00        3.043579E+14   1.7471E-05   1.7513E-05   0.99765
FLUX  676   987.00        3.037411E+14   1.7447E-05   1.7473E-05   0.99850
FLUX  677   989.00        3.031269E+14   1.7345E-05   1.7434E-05   0.99491
FLUX  678   991.00        3.025151E+14   1.7370E-05   1.7395E-05   0.99858
FLUX  679   993.00        3.019058E+14   1.7312E-05   1.7355E-05   0.99750
FLUX  680   995.00        3.012990E+14   1.7296E-05   1.7316E-05   0.99879
FLUX  681   997.00        3.006946E+14   1.7268E-05   1.7278E-05   0.99941
FLUX  682   999.00        3.000926E+14   1.7188E-05   1.7239E-05   0.99706
FLUX  683  1002.50        2.990449E+14   1.6408E-05   1.7171E-05   0.95555
FLUX  684  1007.50        2.975608E+14   1.5792E-05   1.7076E-05   0.92480
FLUX  685  1012.50        2.960914E+14   1.6894E-05   1.6981E-05   0.99491
FLUX  686  1017.50        2.946364E+14   1.6868E-05   1.6887E-05   0.99890
FLUX  687  1022.50        2.931956E+14   1.6786E-05   1.6793E-05   0.99955
FLUX  688  1027.50        2.917689E+14   1.6698E-05   1.6701E-05   0.99985
FLUX  689  1032.50        2.903559E+14   1.6580E-05   1.6609E-05   0.99826
FLUX  690  1037.50        2.889566E+14   1.6508E-05   1.6518E-05   0.99942
FLUX  691  1042.50        2.875707E+14   1.6420E-05   1.6427E-05   0.99955
FLUX  692  1047.50        2.861981E+14   1.6251E-05   1.6338E-05   0.99467
FLUX  693  1052.50        2.848385E+14   1.6218E-05   1.6249E-05   0.99812
FLUX  694  1057.50        2.834917E+14   1.6138E-05   1.6160E-05   0.99860
FLUX  695  1062.50        2.821576E+14   1.6041E-05   1.6072E-05   0.99802
FLUX  696  1067.50        2.808361E+14   1.5775E-05   1.5985E-05   0.98684
FLUX  697  1072.50        2.795268E+14   1.5793E-05   1.5899E-05   0.99336
FLUX  698  1077.50        2.782297E+14   1.5764E-05   1.5813E-05   0.99692
FLUX  699  1082.50        2.769446E+14   1.5671E-05   1.5728E-05   0.99641
FLUX  700  1087.50        2.756713E+14   1.5554E-05   1.5643E-05   0.99431
FLUX  701  1092.50        2.744096E+14   1.4007E-05   1.5560E-05   0.90020
FLUX  702  1097.50        2.731595E+14   1.5084E-05   1.5476E-05   0.97466
FLUX  703  1102.50        2.719206E+14   1.5372E-05   1.5394E-05   0.99862
FLUX  704  1107.50        2.706930E+14   1.5310E-05   1.5312E-05   0.99987
FLUX  705  1112.50        2.694764E+14   1.5219E-05   1.5230E-05   0.99923
FLUX  706  1117.50        2.682707E+14   1.5141E-05   1.5150E-05   0.99940
FLUX  707  1122.50        2.670757E+14   1.5066E-05   1.5069E-05   0.99981
FLUX  708  1127.50        2.658914E+14   1.4899E-05   1.4990E-05   0.99392
FLUX  709  1132.50        2.647174E+14   1.4804E-05   1.4911E-05   0.99284
FLUX  710  1137.50        2.635538E+14   1.4808E-05   1.4832E-05   0.99836
FLUX  711  1142.50        2.624004E+14   1.4712E-05   1.4754E-05   0.99714
FLUX  712  1147.50        2.612571E+14   1.4673E-05   1.4677E-05   0.99970
FLUX  713  1152.50        2.601236E+14   1.4599E-05   1.4600E-05   0.99990
FLUX  714  1157.50        2.590000E+14   1.4519E-05   1.4524E-05   0.99964
FLUX  715  1162.50        2.578860E+14   1.4383E-05   1.4448E-05   0.99545
FLUX  716  1167.50        2.567816E+14   1.4249E-05   1.4373E-05   0.99137
FLUX  717  1172.50        2.556866E+14   1.4296E-05   1.4299E-05   0.99981
FLUX  718  1177.50        2.546008E+14   1.4072E-05   1.4224E-05   0.98926
FLUX  719  1182.50        2.535243E+14   1.4070E-05   1.4151E-05   0.99427
FLUX  720  1187.50        2.524568E+14   1.3978E-05   1.4078E-05   0.99294
FLUX  721  1192.50        2.513983E+14   1.4005E-05   1.4005E-05   0.99998
FLUX  722  1197.50        2.503486E+14   1.3857E-05   1.3933E-05   0.99457
FLUX  723  1202.50        2.493077E+14   1.3846E-05   1.3861E-05   0.99891
FLUX  724  1207.50        2.482754E+14   1.3760E-05   1.3790E-05   0.99782
FLUX  725  1212.50        2.472515E+14   1.3697E-05   1.3720E-05   0.99833
FLUX  726  1217.50        2.462361E+14   1.3644E-05   1.3649E-05   0.99959
FLUX  727  1222.50        2.452290E+14   1.3571E-05   1.3580E-05   0.99934
FLUX  728  1227.50        2.442301E+14   1.3489E-05   1.3511E-05   0.99841
FLUX  729  1232.50        2.432394E+14   1.3428E-05   1.3442E-05   0.99894
FLUX  730  1237.50        2.422566E+14   1.3366E-05   1.3374E-05   0.99939
FLUX  731  1242.50        2.412817E+14   1.3304E-05   1.3306E-05   0.99989
FLUX  732  1247.50        2.403146E+14   1.3230E-05   1.3239E-05   0.99931
FLUX  733  1252.50        2.393553E+14   1.3163E-05   1.3172E-05   0.99930
FLUX  734  1257.50        2.384036E+14   1.3064E-05   1.3105E-05   0.99686
FLUX  735  1262.50        2.374594E+14   1.3006E-05   1.3039E-05   0.99744
FLUX  736  1267.50        2.365227E+14   1.2970E-05   1.2974E-05   0.99968
FLUX  737  1272.50        2.355933E+14   1.2901E-05   1.2909E-05   0.99935
FLUX  738  1277.50        2.346712E+14   1.2723E-05   1.2844E-05   0.99052
FLUX  739  1282.50        2.337563E+14   1.1479E-05   1.2780E-05   0.89818
FLUX  740  1287.50        2.328485E+14   1.2634E-05   1.2717E-05   0.99348
FLUX  741  1292.50        2.319478E+14   1.2645E-05   1.2653E-05   0.99935
FLUX  742  1297.50        2.310539E+14   1.2586E-05   1.2590E-05   0.99963
FLUX  743  1302.50        2.301670E+14   1.2526E-05   1.2528E-05   0.99988
FLUX  744  1307.50        2.292868E+14   1.2465E-05   1.2466E-05   0.99997
FLUX  745  1312.50        2.284133E+14   1.2400E-05   1.2404E-05   0.99970
FLUX  746  1317.50        2.275465E+14   1.2328E-05   1.2343E-05   0.99875
FLUX  747  1322.50        2.266862E+14   1.2280E-05   1.2282E-05   0.99987
FLUX  748  1327.50        2.258324E+14   1.2220E-05   1.2222E-05   0.99985
FLUX  749  1332.50        2.249850E+14   1.2160E-05   1.2161E-05   0.99989
FLUX  750  1337.50        2.241439E+14   1.2100E-05   1.2102E-05   0.99989
FLUX  751  1342.50        2.233091E+14   1.2041E-05   1.2042E-05   0.99988
FLUX  752  1347.50        2.224805E+14   1.1981E-05   1.1984E-05   0.99983
FLUX  753  1352.50        2.216580E+14   1.1913E-05   1.1925E-05   0.99901
FLUX  754  1357.50        2.208416E+14   1.1857E-05   1.1867E-05   0.99916
FLUX  755  1362.50        2.200312E+14   1.1807E-05   1.1809E-05   0.99982
FLUX  756  1367.50        2.192267E+14   1.1746E-05   1.1752E-05   0.99955
FLUX  757  1372.50        2.184281E+14   1.1643E-05   1.1694E-05   0.99558
FLUX  758  1377.50        2.176352E+14   1.1626E-05   1.1638E-05   0.99896
FLUX  759  1382.50        2.168481E+14   1.1572E-05   1.1581E-05   0.99917
FLUX  760  1387.50        2.160667E+14   1.1525E-05   1.1525E-05   0.99998
FLUX  761  1392.50        2.152908E+14   1.1460E-05   1.1470E-05   0.99915
FLUX  762  1397.50        2.145206E+14   1.1411E-05   1.1414E-05   0.99966
FLUX  763  1402.50        2.137558E+14   1.1356E-05   1.1359E-05   0.99971
FLUX  764  1407.50        2.129964E+14   1.1304E-05   1.1305E-05   0.99992
FLUX  765  1412.50        2.122425E+14   1.1247E-05   1.1250E-05   0.99965
FLUX  766  1417.50        2.114938E+14   1.1194E-05   1.1196E-05   0.99977
FLUX  767  1422.50        2.107504E+14   1.1138E-05   1.1143E-05   0.99959
FLUX  768  1427.50        2.100123E+14   1.1084E-05   1.1090E-05   0.99951
FLUX  769  1432.50        2.092792E+14   1.1034E-05   1.1037E-05   0.99980
FLUX  770  1437.50        2.085513E+14   1.0984E-05   1.0984E-05   0.99997
FLUX  771  1442.50        2.078284E+14   1.0835E-05   1.0932E-05   0.99116
FLUX  772  1447.50        2.071105E+14   1.0877E-05   1.0880E-05   0.99975
FLUX  773  1452.50        2.063976E+14   1.0777E-05   1.0828E-05   0.99529
FLUX  774  1457.00        2.057601E+14   1.0777E-05   1.0782E-05   0.99961
FLUX  775  1462.00        2.050564E+14   1.0721E-05   1.1514E-05   0.93116
FLUX  776  1467.50        2.042879E+14   1.0688E-05   1.1452E-05   0.93323
FLUX  777  1472.50        2.035942E+14   1.0635E-05   1.1397E-05   0.93314
FLUX  778  1477.50        2.029052E+14   1.0571E-05   1.1342E-05   0.93197
FLUX  779  1482.50        2.022209E+14   1.0533E-05   1.1288E-05   0.93313
FLUX  780  1487.50        2.015412E+14   1.0458E-05   1.1233E-05   0.93095
FLUX  781  1492.50        2.008660E+14   1.0438E-05   1.1179E-05   0.93369
FLUX  782  1497.50        2.001953E+14   1.0388E-05   1.1126E-05   0.93365
FLUX  783  1502.50        1.995291E+14   1.0270E-05   1.1072E-05   0.92751
FLUX  784  1507.50        1.988673E+14   1.0245E-05   1.1019E-05   0.92971
FLUX  785  1512.50        1.982099E+14   1.0191E-05   1.0967E-05   0.92928
FLUX  786  1517.50        1.975568E+14   1.0145E-05   1.0914E-05   0.92952
FLUX  787  1522.50        1.969080E+14   1.0226E-05   1.0862E-05   0.94149
FLUX  788  1527.50        1.962635E+14   9.9682E-06   1.0810E-05   0.92214
FLUX  789  1532.50        1.956232E+14   9.9402E-06   1.0758E-05   0.92396
FLUX  790  1537.50        1.949870E+14   1.0123E-05   1.0707E-05   0.94549
FLUX  791  1542.50        1.943549E+14   9.7404E-06   1.0656E-05   0.91410
FLUX  792  1547.50        1.937270E+14   1.0089E-05   1.0605E-05   0.95137
FLUX  793  1552.50        1.931031E+14   1.0100E-05   1.0554E-05   0.95692
FLUX  794  1557.50        1.924831E+14   9.5242E-06   1.0504E-05   0.90672
FLUX  795  1562.50        1.918672E+14   1.0157E-05   1.0454E-05   0.97159
FLUX  796  1567.50        1.912552E+14   9.8915E-06   1.0404E-05   0.95072
FLUX  797  1572.50        1.906471E+14   9.4560E-06   1.0355E-05   0.91321
FLUX  798  1577.50        1.900428E+14   1.0081E-05   1.0305E-05   0.97821
FLUX  799  1582.50        1.894423E+14   1.0061E-05   1.0256E-05   0.98097
FLUX  800  1587.50        1.888457E+14   9.1171E-06   1.0207E-05   0.89319
FLUX  801  1592.50        1.882527E+14   9.9123E-06   1.0159E-05   0.97575
FLUX  802  1597.50        1.876635E+14   1.0025E-05   1.0110E-05   0.99159
FLUX  803  1605.00        1.867866E+14   9.8789E-06   1.0038E-05   0.98415
FLUX  804  1615.00        1.856300E+14   9.3827E-06   9.9424E-06   0.94370
FLUX  805  1625.00        1.844877E+14   9.8392E-06   9.8475E-06   0.99916
FLUX  806  1635.00        1.833593E+14   9.6064E-06   9.7529E-06   0.98498
FLUX  807  1645.00        1.822447E+14   9.1301E-06   9.6583E-06   0.94531
FLUX  808  1655.00        1.811435E+14   9.5575E-06   9.5643E-06   0.99929
FLUX  809  1665.00        1.800556E+14   9.4676E-06   9.4717E-06   0.99957
FLUX  810  1675.00        1.789806E+14   9.2409E-06   9.3804E-06   0.98512
FLUX  811  1685.00        1.779184E+14   8.7872E-06   9.2905E-06   0.94583
FLUX  812  1695.00        1.768687E+14   9.1969E-06   9.2018E-06   0.99946
FLUX  813  1705.00        1.758314E+14   9.1041E-06   9.1144E-06   0.99887
FLUX  814  1715.00        1.748061E+14   9.0256E-06   9.0282E-06   0.99971
FLUX  815  1725.00        1.737928E+14   8.9163E-06   8.9433E-06   0.99698
FLUX  816  1735.00        1.727911E+14   8.2976E-06   8.8595E-06   0.93657
FLUX  817  1745.00        1.718009E+14   8.7142E-06   8.7769E-06   0.99286
FLUX  818  1755.00        1.708219E+14   8.6771E-06   8.6954E-06   0.99790
FLUX  819  1765.00        1.698541E+14   8.5951E-06   8.6150E-06   0.99769
FLUX  820  1775.00        1.688972E+14   8.5275E-06   8.5358E-06   0.99903
FLUX  821  1785.00        1.679510E+14   8.4470E-06   8.4576E-06   0.99875
FLUX  822  1795.00        1.670153E+14   8.3794E-06   8.3805E-06   0.99987
FLUX  823  1805.00        1.660900E+14   8.2878E-06   8.3045E-06   0.99799
FLUX  824  1815.00        1.651749E+14   7.7660E-06   8.2295E-06   0.94368
FLUX  825  1825.00        1.642699E+14   8.0788E-06   8.1556E-06   0.99058
FLUX  826  1835.00        1.633747E+14   8.0772E-06   8.0826E-06   0.99934
FLUX  827  1845.00        1.624892E+14   8.0073E-06   8.0106E-06   0.99959
FLUX  828  1855.00        1.616132E+14   7.9313E-06   7.9396E-06   0.99896
FLUX  829  1865.00        1.607466E+14   7.8508E-06   7.8695E-06   0.99762
FLUX  830  1875.00        1.598893E+14   7.2998E-06   7.8003E-06   0.93583
FLUX  831  1885.00        1.590411E+14   7.6955E-06   7.7321E-06   0.99527
FLUX  832  1895.00        1.582018E+14   7.6453E-06   7.6648E-06   0.99746
FLUX  833  1905.00        1.573714E+14   7.5975E-06   7.5983E-06   0.99990
FLUX  834  1915.00        1.565496E+14   7.5316E-06   7.5327E-06   0.99986
FLUX  835  1925.00        1.557364E+14   7.4660E-06   7.4679E-06   0.99974
FLUX  836  1935.00        1.549315E+14   7.3864E-06   7.4040E-06   0.99763
FLUX  837  1945.00        1.541350E+14   6.9158E-06   7.3409E-06   0.94209
FLUX  838  1955.00        1.533465E+14   7.2614E-06   7.2786E-06   0.99764
FLUX  839  1965.00        1.525662E+14   7.2158E-06   7.2170E-06   0.99984
FLUX  840  1975.00        1.517937E+14   7.1497E-06   7.1563E-06   0.99908
FLUX  841  1985.00        1.510290E+14   7.0952E-06   7.0963E-06   0.99985
FLUX  842  1995.00        1.502719E+14   7.0360E-06   7.0371E-06   0.99985
FLUX  843  2005.00        1.495224E+14   6.9780E-06   6.9786E-06   0.99992
FLUX  844  2015.00        1.487804E+14   6.9206E-06   6.9208E-06   0.99997
FLUX  845  2025.00        1.480457E+14   6.8627E-06   6.8638E-06   0.99984
FLUX  846  2035.00        1.473182E+14   6.8054E-06   6.8074E-06   0.99970
FLUX  847  2045.00        1.465978E+14   6.7517E-06   6.7518E-06   0.99998
FLUX  848  2055.00        1.458844E+14   6.6966E-06   6.6968E-06   0.99997
FLUX  849  2065.00        1.451780E+14   6.6400E-06   6.6425E-06   0.99963
FLUX  850  2075.00        1.444783E+14   6.5876E-06   6.5888E-06   0.99981
FLUX  851  2085.00        1.437854E+14   6.5352E-06   6.5358E-06   0.99990
FLUX  852  2095.00        1.430990E+14   6.4821E-06   6.4834E-06   0.99980
FLUX  853  2105.00        1.424192E+14   6.4296E-06   6.4317E-06   0.99968
FLUX  854  2115.00        1.417459E+14   6.3736E-06   6.3805E-06   0.99891
FLUX  855  2125.00        1.410788E+14   6.3218E-06   6.3300E-06   0.99871
FLUX  856  2135.00        1.404180E+14   6.2749E-06   6.2801E-06   0.99918
FLUX  857  2145.00        1.397634E+14   6.2299E-06   6.2307E-06   0.99986
FLUX  858  2155.00        1.391148E+14   6.1723E-06   6.1820E-06   0.99843
FLUX  859  2165.00        1.384723E+14   5.7987E-06   6.1338E-06   0.94538
FLUX  860  2175.00        1.378356E+14   6.0631E-06   6.0862E-06   0.99621
FLUX  861  2185.00        1.372048E+14   6.0375E-06   6.0391E-06   0.99973
FLUX  862  2195.00        1.365797E+14   5.9925E-06   5.9926E-06   0.99999
FLUX  863  2205.00        1.359603E+14   5.9443E-06   5.9466E-06   0.99961
FLUX  864  2215.00        1.353465E+14   5.8942E-06   5.9011E-06   0.99882
FLUX  865  2225.00        1.347382E+14   5.8560E-06   5.8562E-06   0.99997
FLUX  866  2235.00        1.341353E+14   5.8116E-06   5.8118E-06   0.99997
FLUX  867  2245.00        1.335379E+14   5.7677E-06   5.7678E-06   0.99997
FLUX  868  2255.00        1.329457E+14   5.7200E-06   5.7244E-06   0.99922
FLUX  869  2265.00        1.323587E+14   5.6806E-06   5.6815E-06   0.99984
FLUX  870  2275.00        1.317769E+14   5.6382E-06   5.6391E-06   0.99985
FLUX  871  2285.00        1.312002E+14   5.5988E-06   5.7401E-06   0.97539
FLUX  872  2295.00        1.306285E+14   5.5573E-06   5.6969E-06   0.97549
FLUX  873  2305.00        1.300618E+14   5.5191E-06   5.6542E-06   0.97611
FLUX  874  2315.00        1.295000E+14   5.4791E-06   5.6119E-06   0.97632
FLUX  875  2325.00        1.289430E+14   5.4402E-06   5.5702E-06   0.97667
FLUX  876  2335.00        1.283908E+14   5.4004E-06   5.5289E-06   0.97677
FLUX  877  2345.00        1.278433E+14   5.3609E-06   5.4880E-06   0.97684
FLUX  878  2355.00        1.273004E+14   5.3219E-06   5.4476E-06   0.97693
FLUX  879  2365.00        1.267622E+14   5.2814E-06   5.4076E-06   0.97666
FLUX  880  2375.00        1.262284E+14   5.2446E-06   5.3681E-06   0.97699
FLUX  881  2385.00        1.256992E+14   5.2050E-06   5.3290E-06   0.97672
FLUX  882  2395.00        1.251743E+14   5.1656E-06   5.2904E-06   0.97641
FLUX  883  2405.00        1.246538E+14   5.1221E-06   5.2521E-06   0.97524
FLUX  884  2415.00        1.241377E+14   5.0762E-06   5.2143E-06   0.97352
FLUX  885  2425.00        1.236258E+14   5.0778E-06   5.1769E-06   0.98087
FLUX  886  2435.00        1.231181E+14   5.0024E-06   5.1399E-06   0.97325
FLUX  887  2445.00        1.226145E+14   4.9565E-06   5.1033E-06   0.97123
FLUX  888  2455.00        1.221151E+14   4.9739E-06   5.0671E-06   0.98161
FLUX  889  2465.00        1.216197E+14   4.9040E-06   5.0312E-06   0.97471
FLUX  890  2475.00        1.211283E+14   4.8730E-06   4.9958E-06   0.97543
FLUX  891  2485.00        1.206408E+14   4.8980E-06   4.9607E-06   0.98737
FLUX  892  2495.00        1.201573E+14   4.7222E-06   4.9260E-06   0.95863
FLUX  893  2505.00        1.196776E+14   4.8390E-06   4.8916E-06   0.98923
FLUX  894  2515.00        1.192018E+14   4.8101E-06   4.8577E-06   0.99020
FLUX  895  2525.00        1.187297E+14   4.6037E-06   4.8240E-06   0.95432
FLUX  896  2535.00        1.182613E+14   4.7443E-06   4.7908E-06   0.99030
FLUX  897  2545.00        1.177967E+14   4.7250E-06   4.7578E-06   0.99311
FLUX  898  2555.00        1.173356E+14   4.6843E-06   4.7252E-06   0.99133
FLUX  899  2565.00        1.168782E+14   4.4569E-06   4.6930E-06   0.94969
FLUX  900  2575.00        1.164243E+14   4.6302E-06   4.6610E-06   0.99338
FLUX  901  2585.00        1.159739E+14   4.6060E-06   4.6294E-06   0.99494
FLUX  902  2595.00        1.155270E+14   4.5806E-06   4.5982E-06   0.99619
FLUX  903  2605.00        1.150835E+14   4.5233E-06   4.5672E-06   0.99040
FLUX  904  2615.00        1.146434E+14   4.2981E-06   4.5365E-06   0.94745
FLUX  905  2625.00        1.142067E+14   4.2344E-06   4.5062E-06   0.93968
FLUX  906  2635.00        1.137732E+14   4.4467E-06   4.4761E-06   0.99343
FLUX  907  2645.00        1.133431E+14   4.4440E-06   4.4464E-06   0.99947
FLUX  908  2655.00        1.129162E+14   4.4147E-06   4.4169E-06   0.99950
FLUX  909  2665.00        1.124925E+14   4.3690E-06   4.3878E-06   0.99573
FLUX  910  2675.00        1.120720E+14   4.1194E-06   4.3589E-06   0.94505
FLUX  911  2685.00        1.116546E+14   4.3154E-06   4.3303E-06   0.99656
FLUX  912  2695.00        1.112403E+14   4.3017E-06   4.3020E-06   0.99993
FLUX  913  2705.00        1.108290E+14   4.2727E-06   4.2739E-06   0.99971
FLUX  914  2715.00        1.104208E+14   4.2461E-06   4.2462E-06   0.99997
FLUX  915  2725.00        1.100156E+14   4.2186E-06   4.2187E-06   0.99997
FLUX  916  2735.00        1.096133E+14   4.1911E-06   4.1915E-06   0.99991
FLUX  917  2745.00        1.092140E+14   4.1603E-06   4.1645E-06   0.99900
FLUX  918  2755.00        1.088176E+14   3.9392E-06   4.1378E-06   0.95199
FLUX  919  2765.00        1.084241E+14   4.0617E-06   4.1114E-06   0.98791
FLUX  920  2775.00        1.080333E+14   4.0848E-06   4.0852E-06   0.99990
FLUX  921  2785.00        1.076454E+14   4.0592E-06   4.0592E-06   0.99998
FLUX  922  2795.00        1.072603E+14   4.0335E-06   4.0336E-06   0.99999
FLUX  923  2805.00        1.068779E+14   4.0081E-06   4.0081E-06   0.99999
FLUX  924  2815.00        1.064982E+14   3.9828E-06   3.9829E-06   0.99997
FLUX  925  2825.00        1.061212E+14   3.9578E-06   3.9579E-06   0.99997
FLUX  926  2835.00        1.057469E+14   3.9331E-06   3.9332E-06   0.99999
FLUX  927  2845.00        1.053752E+14   3.9078E-06   3.9086E-06   0.99978
FLUX  928  2855.00        1.050061E+14   3.8843E-06   3.8844E-06   0.99997
FLUX  929  2865.00        1.046396E+14   3.8342E-06   3.8603E-06   0.99323
FLUX  930  2875.00        1.042757E+14   3.6400E-06   3.8365E-06   0.94879
FLUX  931  2885.00        1.039142E+14   3.8068E-06   3.8129E-06   0.99841
FLUX  932  2895.00        1.035553E+14   3.7887E-06   3.7895E-06   0.99979
FLUX  933  2905.00        1.031988E+14   3.7662E-06   3.7663E-06   0.99998
FLUX  934  2915.00        1.028448E+14   3.7415E-06   3.7433E-06   0.99951
FLUX  935  2925.00        1.024932E+14   3.7202E-06   3.7206E-06   0.99991
FLUX  936  2935.00        1.021440E+14   3.6980E-06   3.6980E-06   0.99999
FLUX  937  2945.00        1.017971E+14   3.6756E-06   3.6757E-06   0.99997
FLUX  938  2955.00        1.014526E+14   3.6535E-06   3.6535E-06   0.99999
FLUX  939  2965.00        1.011105E+14   3.6316E-06   3.6316E-06   0.99999
FLUX  940  2975.00        1.007706E+14   3.6098E-06   3.6099E-06   0.99999
FLUX  941  2985.00        1.004330E+14   3.5883E-06   3.5883E-06   0.99999
FLUX  942  2995.00        1.000977E+14   3.5668E-06   3.5670E-06   0.99994
FLUX  943  3005.00        9.976456E+13   3.5455E-06   3.5458E-06   0.99991
FLUX  944  3015.00        9.943367E+13   3.5244E-06   3.5248E-06   0.99988
FLUX  945  3025.00        9.910496E+13   3.5016E-06   3.5040E-06   0.99931
FLUX  946  3035.00        9.877842E+13   3.3467E-06   3.4834E-06   0.96076
FLUX  947  3045.00        9.845402E+13   3.4023E-06   3.4630E-06   0.98245
FLUX  948  3055.00        9.813175E+13   3.4420E-06   3.4428E-06   0.99978
FLUX  949  3065.00        9.781158E+13   3.4224E-06   3.4227E-06   0.99992
FLUX  950  3075.00        9.749350E+13   3.4026E-06   3.4028E-06   0.99993
FLUX  951  3085.00        9.717747E+13   3.3815E-06   3.3831E-06   0.99952
FLUX  952  3095.00        9.686349E+13   3.3628E-06   3.3635E-06   0.99979
FLUX  953  3105.00        9.655153E+13   3.3432E-06   3.3441E-06   0.99971
FLUX  954  3115.00        9.624157E+13   3.3229E-06   3.3249E-06   0.99938
FLUX  955  3125.00        9.593360E+13   3.3047E-06   3.3059E-06   0.99963
FLUX  956  3135.00        9.562759E+13   3.2861E-06   3.2870E-06   0.99972
FLUX  957  3145.00        9.532353E+13   3.2667E-06   3.2683E-06   0.99952
FLUX  958  3155.00        9.502139E+13   3.2493E-06   3.2497E-06   0.99988
FLUX  959  3165.00        9.472117E+13   3.2312E-06   3.2313E-06   0.99999
FLUX  960  3175.00        9.442283E+13   3.2122E-06   3.2130E-06   0.99974
FLUX  961  3185.00        9.412637E+13   3.1949E-06   3.1949E-06   0.99999
FLUX  962  3195.00        9.383177E+13   3.1769E-06   3.1770E-06   0.99997
FLUX  963  3210.00        9.339330E+13   3.1501E-06   3.1503E-06   0.99993
FLUX  964  3230.00        9.281502E+13   3.1153E-06   3.1153E-06   0.99999
FLUX  965  3250.00        9.224385E+13   3.0808E-06   3.0809E-06   0.99999
FLUX  966  3270.00        9.167966E+13   3.0468E-06   3.0470E-06   0.99991
FLUX  967  3290.00        9.112234E+13   2.9226E-06   3.0446E-06   0.95992
FLUX  968  3310.00        9.057175E+13   2.9611E-06   3.0113E-06   0.98332
FLUX  969  3330.00        9.002778E+13   2.9394E-06   2.9785E-06   0.98686
FLUX  970  3350.00        8.949030E+13   2.9091E-06   2.9463E-06   0.98737
FLUX  971  3370.00        8.895920E+13   2.8767E-06   2.9147E-06   0.98697
FLUX  972  3390.00        8.843437E+13   2.8473E-06   2.8835E-06   0.98745
FLUX  973  3410.00        8.791569E+13   2.8177E-06   2.8528E-06   0.98771
FLUX  974  3430.00        8.740306E+13   2.7890E-06   2.8226E-06   0.98809
FLUX  975  3450.00        8.689638E+13   2.7605E-06   2.7929E-06   0.98842
FLUX  976  3470.00        8.639553E+13   2.7322E-06   2.7636E-06   0.98863
FLUX  977  3490.00        8.590043E+13   2.7036E-06   2.7348E-06   0.98858
FLUX  978  3510.00        8.541097E+13   2.6765E-06   2.7065E-06   0.98891
FLUX  979  3530.00        8.492705E+13   2.6491E-06   2.6786E-06   0.98900
FLUX  980  3550.00        8.444859E+13   2.6199E-06   2.6511E-06   0.98824
FLUX  981  3570.00        8.397549E+13   2.5909E-06   2.6240E-06   0.98736
FLUX  982  3590.00        8.350766E+13   2.5765E-06   2.5974E-06   0.99197
FLUX  983  3610.00        8.304501E+13   2.5363E-06   2.5712E-06   0.98645
FLUX  984  3630.00        8.258747E+13   2.5271E-06   2.5453E-06   0.99285
FLUX  985  3650.00        8.213493E+13   2.4823E-06   2.5199E-06   0.98508
FLUX  986  3670.00        8.168733E+13   2.4796E-06   2.4948E-06   0.99392
FLUX  987  3690.00        8.124458E+13   2.4268E-06   2.4701E-06   0.98250
FLUX  988  3710.00        8.080660E+13   2.4311E-06   2.4457E-06   0.99400
FLUX  989  3730.00        8.037332E+13   2.3833E-06   2.4218E-06   0.98410
FLUX  990  3750.00        7.994467E+13   2.3122E-06   2.3981E-06   0.96418
FLUX  991  3770.00        7.952056E+13   2.3634E-06   2.3749E-06   0.99518
FLUX  992  3790.00        7.910092E+13   2.3427E-06   2.3519E-06   0.99607
FLUX  993  3810.00        7.868570E+13   2.2927E-06   2.3293E-06   0.98428
FLUX  994  3830.00        7.827480E+13   2.2829E-06   2.3070E-06   0.98953
FLUX  995  3850.00        7.786818E+13   2.2784E-06   2.2851E-06   0.99708
FLUX  996  3870.00        7.746576E+13   2.2565E-06   2.2634E-06   0.99694
FLUX  997  3890.00        7.706748E+13   2.2345E-06   2.2421E-06   0.99660
FLUX  998  3910.00        7.667327E+13   2.1667E-06   2.2210E-06   0.97555
FLUX  999  3930.00        7.628308E+13   2.1971E-06   2.2003E-06   0.99856
FLUX 1000  3950.00        7.589684E+13   2.1793E-06   2.1798E-06   0.99975
FLUX 1001  3970.00        7.551448E+13   2.1594E-06   2.1596E-06   0.99990
FLUX 1002  3990.00        7.513596E+13   2.1383E-06   2.1397E-06   0.99934
FLUX 1003  4010.00        7.476122E+13   2.0997E-06   2.1201E-06   0.99036
FLUX 1004  4030.00        7.439020E+13   2.0612E-06   2.1008E-06   0.98117
FLUX 1005  4050.00        7.402284E+13   2.0281E-06   2.0817E-06   0.97429
FLUX 1006  4070.00        7.365909E+13   2.0612E-06   2.0628E-06   0.99922
FLUX 1007  4090.00        7.329890E+13   2.0436E-06   2.0442E-06   0.99968
FLUX 1008  4110.00        7.294221E+13   2.0259E-06   2.0259E-06   0.99998
FLUX 1009  4130.00        7.258898E+13   2.0078E-06   2.0078E-06   0.99997
FLUX 1010  4150.00        7.223916E+13   1.9890E-06   1.9900E-06   0.99952
FLUX 1011  4170.00        7.189269E+13   1.9192E-06   1.9724E-06   0.97306
FLUX 1012  4190.00        7.154952E+13   1.9534E-06   1.9550E-06   0.99918
FLUX 1013  4210.00        7.120962E+13   1.9372E-06   1.9379E-06   0.99966
FLUX 1014  4230.00        7.087293E+13   1.9209E-06   1.9209E-06   0.99999
FLUX 1015  4250.00        7.053941E+13   1.9042E-06   1.9042E-06   0.99998
FLUX 1016  4270.00        7.020902E+13   1.8877E-06   1.8877E-06   0.99999
FLUX 1017  4290.00        6.988170E+13   1.8715E-06   1.8715E-06   1.00000
FLUX 1018  4310.00        6.955742E+13   1.8554E-06   1.8554E-06   0.99999
FLUX 1019  4330.00        6.923614E+13   1.8395E-06   1.8396E-06   0.99998
FLUX 1020  4350.00        6.891782E+13   1.8239E-06   1.8239E-06   0.99997
FLUX 1021  4370.00        6.860240E+13   1.7647E-06   1.8085E-06   0.97582
FLUX 1022  4390.00        6.828986E+13   1.7869E-06   1.7932E-06   0.99648
FLUX 1023  4410.00        6.798016E+13   1.7779E-06   1.7781E-06   0.99987
FLUX 1024  4430.00        6.767325E+13   1.7632E-06   1.7633E-06   0.99995
FLUX 1025  4450.00        6.736910E+13   1.7485E-06   1.7486E-06   0.99994
FLUX 1026  4470.00        6.706767E+13   1.7371E-06   1.7422E-06   0.99707
FLUX 1027  4490.00        6.676893E+13   1.7194E-06   1.7277E-06   0.99517
FLUX 1028  4510.00        6.647284E+13   1.7055E-06   1.7135E-06   0.99532
FLUX 1029  4530.00        6.617936E+13   1.6915E-06   1.6994E-06   0.99536
FLUX 1030  4550.00        6.588846E+13   1.6778E-06   1.6855E-06   0.99544
FLUX 1031  4570.00        6.560011E+13   1.6641E-06   1.6718E-06   0.99544
FLUX 1032  4590.00        6.531427E+13   1.6506E-06   1.6582E-06   0.99540
FLUX 1033  4610.00        6.503091E+13   1.6374E-06   1.6448E-06   0.99549
FLUX 1034  4630.00        6.475000E+13   1.6233E-06   1.6315E-06   0.99492
FLUX 1035  4650.00        6.447151E+13   1.5691E-06   1.6185E-06   0.96948
FLUX 1036  4670.00        6.419540E+13   1.5550E-06   1.6055E-06   0.96851
FLUX 1037  4690.00        6.392164E+13   1.5833E-06   1.5928E-06   0.99405
FLUX 1038  4710.00        6.365021E+13   1.5732E-06   1.5802E-06   0.99561
FLUX 1039  4730.00        6.338108E+13   1.5611E-06   1.5677E-06   0.99581
FLUX 1040  4750.00        6.311421E+13   1.5487E-06   1.5554E-06   0.99574
FLUX 1041  4770.00        6.284958E+13   1.5367E-06   1.5432E-06   0.99579
FLUX 1042  4790.00        6.258716E+13   1.5247E-06   1.5312E-06   0.99576
FLUX 1043  4810.00        6.232692E+13   1.5128E-06   1.5193E-06   0.99574
FLUX 1044  4830.00        6.206884E+13   1.5019E-06   1.5075E-06   0.99626
FLUX 1045  4850.00        6.181289E+13   1.4891E-06   1.4959E-06   0.99548
FLUX 1046  4870.00        6.155903E+13   1.4790E-06   1.4844E-06   0.99635
FLUX 1047  4890.00        6.130726E+13   1.4664E-06   1.4730E-06   0.99547
FLUX 1048  4910.00        6.105754E+13   1.4566E-06   1.4618E-06   0.99645
FLUX 1049  4930.00        6.080984E+13   1.4435E-06   1.4507E-06   0.99502
FLUX 1050  4950.00        6.056414E+13   1.4355E-06   1.4397E-06   0.99702
FLUX 1051  4970.00        6.032042E+13   1.4204E-06   1.4289E-06   0.99406
FLUX 1052  4990.00        6.007866E+13   1.4141E-06   1.4182E-06   0.99714
FLUX 1053  5010.00        5.983882E+13   1.4033E-06   1.4076E-06   0.99698
FLUX 1054  5030.00        5.960089E+13   1.3876E-06   1.3971E-06   0.99322
FLUX 1055  5050.00        5.936485E+13   1.3832E-06   1.3867E-06   0.99750
FLUX 1056  5070.00        5.913067E+13   1.3730E-06   1.3764E-06   0.99747
FLUX 1057  5090.00        5.889833E+13   1.3549E-06   1.3663E-06   0.99163
FLUX 1058  5110.00        5.866781E+13   1.3510E-06   1.3563E-06   0.99613
FLUX 1059  5130.00        5.843908E+13   1.3087E-06   1.3463E-06   0.97201
FLUX 1060  5150.00        5.821214E+13   1.3322E-06   1.3365E-06   0.99675
FLUX 1061  5170.00        5.798694E+13   1.3133E-06   1.3268E-06   0.98978
FLUX 1062  5190.00        5.776349E+13   1.3151E-06   1.3172E-06   0.99838
FLUX 1063  5210.00        5.754175E+13   1.3076E-06   1.3077E-06   0.99989
FLUX 1064  5230.00        5.732170E+13   1.2982E-06   1.2983E-06   0.99989
FLUX 1065  5250.00        5.710333E+13   1.2851E-06   1.2890E-06   0.99696
FLUX 1066  5270.00        5.688662E+13   1.2652E-06   1.2799E-06   0.98852
FLUX 1067  5290.00        5.667155E+13   1.2705E-06   1.2708E-06   0.99980
FLUX 1068  5310.00        5.645810E+13   1.2617E-06   1.2618E-06   0.99997
FLUX 1069  5330.00        5.624625E+13   1.2528E-06   1.2529E-06   0.99997
FLUX 1070  5350.00        5.603598E+13   1.2440E-06   1.2440E-06   0.99997
FLUX 1071  5370.00        5.582728E+13   1.2238E-06   1.2353E-06   0.99069
FLUX 1072  5390.00        5.562013E+13   1.2170E-06   1.2267E-06   0.99205
FLUX 1073  5410.00        5.541451E+13   1.2181E-06   1.2182E-06   0.99997
FLUX 1074  5430.00        5.521041E+13   1.2096E-06   1.2097E-06   0.99991
FLUX 1075  5450.00        5.500780E+13   1.2013E-06   1.2014E-06   0.99991
FLUX 1076  5470.00        5.480667E+13   1.1929E-06   1.1931E-06   0.99988
FLUX 1077  5490.00        5.460701E+13   1.1849E-06   1.1849E-06   0.99997
FLUX 1078  5510.00        5.440880E+13   1.1742E-06   1.1768E-06   0.99775
FLUX 1079  5530.00        5.421203E+13   1.1479E-06   1.1688E-06   0.98218
FLUX 1080  5550.00        5.401667E+13   1.1607E-06   1.1608E-06   0.99990
FLUX 1081  5570.00        5.382271E+13   1.1529E-06   1.1530E-06   0.99989
FLUX 1082  5590.00        5.363014E+13   1.1449E-06   1.1452E-06   0.99976
FLUX 1083  5610.00        5.343895E+13   1.1374E-06   1.1375E-06   0.99993
FLUX 1084  5630.00        5.324911E+13   1.1299E-06   1.1299E-06   0.99997
FLUX 1085  5650.00        5.306062E+13   1.1223E-06   1.1223E-06   0.99998
FLUX 1086  5670.00        5.287346E+13   1.1148E-06   1.1149E-06   0.99997
FLUX 1087  5690.00        5.268761E+13   1.1070E-06   1.1075E-06   0.99956
FLUX 1088  5710.00        5.250306E+13   1.0764E-06   1.1002E-06   0.97839
FLUX 1089  5730.00        5.231981E+13   1.0917E-06   1.0929E-06   0.99894
FLUX 1090  5750.00        5.213783E+13   1.0857E-06   1.0857E-06   0.99999
FLUX 1091  5770.00        5.195711E+13   1.0786E-06   1.0786E-06   0.99998
FLUX 1092  5790.00        5.177763E+13   1.0715E-06   1.0716E-06   0.99997
FLUX 1093  5810.00        5.159940E+13   1.0646E-06   1.0646E-06   0.99999
FLUX 1094  5830.00        5.142238E+13   1.0571E-06   1.0577E-06   0.99942
FLUX 1095  5850.00        5.124658E+13   1.0505E-06   1.0533E-06   0.99728
FLUX 1096  5870.00        5.107198E+13   1.0436E-06   1.0465E-06   0.99717
FLUX 1097  5890.00        5.089856E+13   1.0354E-06   1.0398E-06   0.99573
FLUX 1098  5910.00        5.072631E+13   1.0042E-06   1.0331E-06   0.97195
FLUX 1099  5930.00        5.055523E+13   1.0226E-06   1.0265E-06   0.99612
FLUX 1100  5950.00        5.038529E+13   9.9569E-07   1.0200E-06   0.97616
FLUX 1101  5970.00        5.021650E+13   1.0063E-06   1.0135E-06   0.99285
FLUX 1102  5990.00        5.004883E+13   1.0045E-06   1.0071E-06   0.99738
FLUX 1103  6010.00        4.988228E+13   9.9839E-07   1.0008E-06   0.99763
FLUX 1104  6030.00        4.971683E+13   9.9221E-07   9.9447E-07   0.99773
FLUX 1105  6050.00        4.955248E+13   9.8604E-07   9.8823E-07   0.99778
FLUX 1106  6070.00        4.938921E+13   9.7990E-07   9.8205E-07   0.99780
FLUX 1107  6090.00        4.922701E+13   9.7381E-07   9.7594E-07   0.99782
FLUX 1108  6110.00        4.906588E+13   9.6772E-07   9.6987E-07   0.99778
FLUX 1109  6130.00        4.890579E+13   9.6183E-07   9.6387E-07   0.99789
FLUX 1110  6150.00        4.874675E+13   9.5591E-07   9.5792E-07   0.99791
FLUX 1111  6170.00        4.858874E+13   9.5005E-07   9.5202E-07   0.99793
FLUX 1112  6190.00        4.843174E+13   9.4421E-07   9.4618E-07   0.99792
FLUX 1113  6210.00        4.827576E+13   9.3866E-07   9.4039E-07   0.99815
FLUX 1114  6230.00        4.812079E+13   9.3285E-07   9.3466E-07   0.99806
FLUX 1115  6250.00        4.796680E+13   9.2690E-07   9.2898E-07   0.99776
FLUX 1116  6270.00        4.781380E+13   9.2054E-07   9.2335E-07   0.99697
FLUX 1117  6290.00        4.766176E+13   8.9313E-07   9.1777E-07   0.97316
FLUX 1118  6310.00        4.751070E+13   9.0868E-07   9.1224E-07   0.99610
FLUX 1119  6330.00        4.736058E+13   9.0536E-07   9.0676E-07   0.99845
FLUX 1120  6350.00        4.721142E+13   8.9968E-07   9.0133E-07   0.99817
FLUX 1121  6370.00        4.706319E+13   8.9558E-07   8.9595E-07   0.99959
FLUX 1122  6390.00        4.691588E+13   8.8934E-07   8.9061E-07   0.99857
FLUX 1123  6420.00        4.669665E+13   8.8215E-07   8.8270E-07   0.99938
FLUX 1124  6460.00        4.640751E+13   8.7146E-07   8.7232E-07   0.99901
FLUX 1125  6500.00        4.612192E+13   8.6099E-07   8.6211E-07   0.99869
FLUX 1126  6540.00        4.583983E+13   8.5173E-07   8.5209E-07   0.99957
FLUX 1127  6580.00        4.556117E+13   8.4122E-07   8.4224E-07   0.99879
FLUX 1128  6620.00        4.528588E+13   8.3152E-07   8.3256E-07   0.99876
FLUX 1129  6660.00        4.501389E+13   8.2239E-07   8.2304E-07   0.99921
FLUX 1130  6700.00        4.474515E+13   8.1313E-07   8.1369E-07   0.99932
FLUX 1131  6740.00        4.447960E+13   8.0243E-07   8.0450E-07   0.99744
FLUX 1132  6780.00        4.421718E+13   7.8401E-07   7.9546E-07   0.98560
FLUX 1133  6820.00        4.395784E+13   7.8430E-07   7.8657E-07   0.99711
FLUX 1134  6860.00        4.370153E+13   7.7775E-07   7.7783E-07   0.99990
FLUX 1135  6900.00        4.344819E+13   7.6914E-07   7.6923E-07   0.99988
FLUX 1136  6940.00        4.319777E+13   7.5808E-07   7.6078E-07   0.99645
FLUX 1137  6980.00        4.295021E+13   7.5237E-07   7.5246E-07   0.99988
FLUX 1138  7020.00        4.270548E+13   7.4421E-07   7.4428E-07   0.99991
FLUX 1139  7060.00        4.246353E+13   7.3613E-07   7.3623E-07   0.99986
FLUX 1140  7100.00        4.222430E+13   7.2509E-07   7.2831E-07   0.99557
FLUX 1141  7140.00        4.198775E+13   7.2047E-07   7.2052E-07   0.99992
FLUX 1142  7180.00        4.175383E+13   7.1280E-07   7.1285E-07   0.99992
FLUX 1143  7220.00        4.152251E+13   7.0514E-07   7.0531E-07   0.99977
FLUX 1144  7260.00        4.129373E+13   6.9404E-07   6.9788E-07   0.99450
FLUX 1145  7300.00        4.106747E+13   6.9025E-07   6.9057E-07   0.99955
FLUX 1146  7340.00        4.084366E+13   6.8333E-07   6.8337E-07   0.99994
FLUX 1147  7380.00        4.062229E+13   6.7621E-07   6.7628E-07   0.99989
FLUX 1148  7420.00        4.040330E+13   6.6827E-07   6.6933E-07   0.99842
FLUX 1149  7460.00        4.018666E+13   6.5187E-07   6.6248E-07   0.98398
FLUX 1150  7500.00        3.997233E+13   6.3699E-07   6.5574E-07   0.97141
FLUX 1151  7540.00        3.976028E+13   6.4759E-07   6.4909E-07   0.99769
FLUX 1152  7580.00        3.955046E+13   6.4247E-07   6.4255E-07   0.99988
FLUX 1153  7620.00        3.934285E+13   6.3605E-07   6.3611E-07   0.99991
FLUX 1154  7660.00        3.913740E+13   6.2970E-07   6.2976E-07   0.99990
FLUX 1155  7700.00        3.893409E+13   6.2349E-07   6.2351E-07   0.99997
FLUX 1156  7740.00        3.873288E+13   6.1722E-07   6.1734E-07   0.99980
FLUX 1157  7780.00        3.853374E+13   6.0493E-07   6.1127E-07   0.98963
FLUX 1158  7820.00        3.833664E+13   6.0517E-07   6.0529E-07   0.99980
FLUX 1159  7860.00        3.814154E+13   5.9938E-07   5.9940E-07   0.99997
FLUX 1160  7900.00        3.794842E+13   5.9358E-07   5.9359E-07   0.99998
FLUX 1161  7940.00        3.775724E+13   5.8785E-07   5.8786E-07   0.99998
FLUX 1162  7980.00        3.756798E+13   5.8220E-07   5.8222E-07   0.99997
FLUX 1163  8020.00        3.738061E+13   5.7664E-07   5.7666E-07   0.99997
FLUX 1164  8060.00        3.719510E+13   5.7116E-07   5.7118E-07   0.99997
FLUX 1165  8100.00        3.701142E+13   5.6576E-07   5.6577E-07   0.99997
FLUX 1166  8140.00        3.682955E+13   5.5460E-07   5.6044E-07   0.98957
FLUX 1167  8180.00        3.664945E+13   5.5401E-07   5.5519E-07   0.99788
FLUX 1168  8220.00        3.647111E+13   5.4999E-07   5.5001E-07   0.99997
FLUX 1169  8260.00        3.629449E+13   5.4488E-07   5.4490E-07   0.99998
FLUX 1170  8300.00        3.611958E+13   5.3984E-07   5.3986E-07   0.99997
FLUX 1171  8340.00        3.594634E+13   5.3483E-07   5.3489E-07   0.99990
FLUX 1172  8380.00        3.577476E+13   5.2985E-07   5.2999E-07   0.99975
FLUX 1173  8420.00        3.560481E+13   5.2510E-07   5.2515E-07   0.99990
FLUX 1174  8460.00        3.543647E+13   5.2037E-07   5.2038E-07   0.99997
FLUX 1175  8500.00        3.526971E+13   5.1547E-07   5.1568E-07   0.99960
FLUX 1176  8540.00        3.510451E+13   5.1102E-07   5.1104E-07   0.99998
FLUX 1177  8580.00        3.494085E+13   5.0611E-07   5.0646E-07   0.99932
FLUX 1178  8620.00        3.477871E+13   5.0189E-07   5.0194E-07   0.99990
FLUX 1179  8660.00        3.461807E+13   4.9073E-07   4.9748E-07   0.98643
FLUX 1180  8700.00        3.445891E+13   4.9269E-07   4.9308E-07   0.99921
FLUX 1181  8740.00        3.430120E+13   4.8488E-07   4.8874E-07   0.99210
FLUX 1182  8780.00        3.414493E+13   4.8090E-07   4.8445E-07   0.99266
FLUX 1183  8820.00        3.399008E+13   4.8021E-07   4.8023E-07   0.99998
FLUX 1184  8860.00        3.383663E+13   4.7536E-07   4.7605E-07   0.99855
FLUX 1185  8900.00        3.368455E+13   4.7192E-07   4.7193E-07   0.99997
FLUX 1186  8940.00        3.353384E+13   4.6786E-07   4.6787E-07   0.99999
FLUX 1187  8980.00        3.338447E+13   4.6384E-07   4.6385E-07   0.99998
FLUX 1188  9020.00        3.323642E+13   4.5980E-07   4.5989E-07   0.99980
FLUX 1189  9060.00        3.308968E+13   4.5515E-07   4.5597E-07   0.99819
FLUX 1190  9100.00        3.294423E+13   4.5210E-07   4.5211E-07   0.99998
FLUX 1191  9140.00        3.280005E+13   4.4828E-07   4.4830E-07   0.99997
FLUX 1192  9180.00        3.265714E+13   4.4452E-07   4.4453E-07   0.99998
FLUX 1193  9220.00        3.251546E+13   4.4080E-07   4.4081E-07   0.99997
FLUX 1194  9260.00        3.237500E+13   4.3562E-07   4.3714E-07   0.99653
FLUX 1195  9300.00        3.223575E+13   4.3350E-07   4.3351E-07   0.99997
FLUX 1196  9340.00        3.209770E+13   4.2992E-07   4.2993E-07   0.99997
FLUX 1197  9380.00        3.196082E+13   4.2060E-07   4.2639E-07   0.98641
FLUX 1198  9420.00        3.182511E+13   4.2218E-07   4.2290E-07   0.99829
FLUX 1199  9460.00        3.169054E+13   4.1944E-07   4.1945E-07   0.99997
FLUX 1200  9500.00        3.155711E+13   4.1535E-07   4.1604E-07   0.99834
FLUX 1201  9540.00        3.142479E+13   4.1146E-07   4.1267E-07   0.99707
FLUX 1202  9580.00        3.129358E+13   4.0933E-07   4.0934E-07   0.99998
FLUX 1203  9620.00        3.116346E+13   4.0604E-07   4.0605E-07   0.99997
FLUX 1204  9660.00        3.103442E+13   4.0280E-07   4.0280E-07   0.99998
FLUX 1205  9700.00        3.090644E+13   3.9959E-07   3.9959E-07   0.99998
FLUX 1206  9740.00        3.077952E+13   3.9641E-07   3.9642E-07   0.99997
FLUX 1207  9780.00        3.065363E+13   3.9328E-07   3.9329E-07   0.99998
FLUX 1208  9820.00        3.052877E+13   3.8986E-07   3.9019E-07   0.99915
FLUX 1209  9860.00        3.040492E+13   3.8512E-07   3.8713E-07   0.99481
FLUX 1210  9900.00        3.028207E+13   3.8410E-07   3.8410E-07   0.99998
FLUX 1211  9940.00        3.016021E+13   3.8111E-07   3.8111E-07   0.99998
FLUX 1212  9980.00        3.003933E+13   3.7815E-07   3.7816E-07   0.99998
FLUX 1213 10020.00        2.991941E+13   3.7523E-07   3.7524E-07   0.99998
FLUX 1214 20000.00        1.498963E+13   9.6713E-08   9.6714E-08   1.00000
FLUX 1215 40000.00        7.494813E+12   2.4259E-08   2.4259E-08   1.00000
FLUX 1216 60000.00        4.996542E+12   1.0726E-08   1.0726E-08   1.00000
FLUX 1217 80000.00        3.747406E+12   5.9976E-09   5.9976E-09   1.00000
FLUX 1218100000.00        2.997925E+12   3.8167E-09   3.8167E-09   1.00000
FLUX 1219120000.00        2.498271E+12   2.6369E-09   2.6369E-09   1.00000
FLUX 1220140000.00        2.141375E+12   1.9283E-09   1.9283E-09   1.00000
FLUX 1221160000.00        1.873703E+12   1.4701E-09   1.4701E-09   1.00000
FLUX
