TEFF   5750.  GRAVITY 2.00000 LTE 
TITLE  [-1.0] VTURB=2  L/H=1.25 NOVER NEW ODF                                   
FLUX    1     9.09        3.298047E+16   2.0339-180   2.0339-180   0.99998
FLUX    2     9.35        3.206337E+16   1.8076-175   1.8076-175   0.99998
FLUX    3     9.61        3.119589E+16   8.6416-171   8.6418-171   0.99998
FLUX    4     9.77        3.068501E+16   4.9164-168   4.9165-168   0.99998
FLUX    5     9.96        3.009965E+16   7.0423-165   7.0425-165   0.99998
FLUX    6    10.20        2.939142E+16   4.6182-161   4.6183-161   0.99998
FLUX    7    10.38        2.888174E+16   2.5731-158   2.5731-158   0.99998
FLUX    8    10.56        2.838944E+16   1.1536-155   1.1536-155   0.99998
FLUX    9    10.77        2.783589E+16   1.1024-152   1.1024-152   0.99998
FLUX   10    11.04        2.715512E+16   5.0864-149   5.0865-149   0.99998
FLUX   11    11.40        2.629759E+16   2.0852-144   2.0852-144   0.99998
FLUX   12    11.78        2.544928E+16   7.5831-140   7.5832-140   0.99998
FLUX   13    12.13        2.471496E+16   6.6873-136   6.6874-136   0.99998
FLUX   14    12.48        2.402183E+16   3.5228-132   3.5229-132   0.99998
FLUX   15    12.71        2.358714E+16   7.5848-130   7.5850-130   0.99998
FLUX   16    12.84        2.334833E+16   1.4501-128   1.4501-128   0.99998
FLUX   17    13.05        2.297261E+16   1.5030-126   1.5030-126   0.99998
FLUX   18    13.24        2.264294E+16   8.8043-125   8.8044-125   0.99998
FLUX   19    13.39        2.238928E+16   2.0163-123   2.0163-123   0.99998
FLUX   20    13.66        2.194674E+16   4.7449-121   4.7450-121   0.99998
FLUX   21    13.98        2.144438E+16   2.3298-118   2.3298-118   0.99998
FLUX   22    14.33        2.092062E+16   1.4823-115   1.4824-115   0.99998
FLUX   23    14.72        2.036634E+16   1.3686-112   1.3686-112   0.99998
FLUX   24    15.10        1.985381E+16   7.5267-110   7.5268-110   0.99998
FLUX   25    15.52        1.931653E+16   5.5904-107   5.5905-107   0.99998
FLUX   26    15.88        1.887862E+16   1.2171-104   1.2171-104   0.99998
FLUX   27    16.20        1.850571E+16   1.1889-102   1.1890-102   0.99998
FLUX   28    16.60        1.805979E+16   2.8395-100   2.8395-100   0.99998
FLUX   29    17.03        1.760379E+16   7.6460E-98   7.6461E-98   0.99998
FLUX   30    17.34        1.728907E+16   3.6263E-96   3.6264E-96   0.99998
FLUX   31    17.68        1.695659E+16   2.1341E-94   2.1341E-94   0.99998
FLUX   32    18.02        1.663665E+16   1.0746E-92   1.0746E-92   0.99998
FLUX   33    18.17        1.649931E+16   5.7750E-92   5.7751E-92   0.99998
FLUX   34    18.61        1.610922E+16   6.8425E-90   6.8426E-90   0.99998
FLUX   35    19.10        1.569594E+16   1.0720E-87   1.0720E-87   0.99998
FLUX   36    19.39        1.546119E+16   1.8850E-86   1.8850E-86   0.99998
FLUX   37    19.84        1.511051E+16   1.3627E-84   1.3627E-84   0.99998
FLUX   38    20.18        1.485592E+16   3.0477E-83   3.0477E-83   0.99998
FLUX   39    20.50        1.462402E+16   5.1666E-82   5.1667E-82   0.99998
FLUX   40    21.05        1.424192E+16   5.4371E-80   5.4372E-80   0.99998
FLUX   41    21.62        1.386644E+16   5.2583E-78   5.2584E-78   0.99998
FLUX   42    21.98        1.363933E+16   8.3353E-77   8.3355E-77   0.99998
FLUX   43    22.30        1.344361E+16   8.9889E-76   8.9891E-76   0.99998
FLUX   44    22.68        1.321836E+16   1.3872E-74   1.3872E-74   0.99998
FLUX   45    23.00        1.303446E+16   1.2954E-73   1.2954E-73   0.99998
FLUX   46    23.40        1.281165E+16   1.9328E-72   1.9328E-72   0.99998
FLUX   47    24.00        1.249135E+16   9.3811E-71   9.3813E-71   0.99998
FLUX   48    24.65        1.216197E+16   5.0670E-69   5.0671E-69   0.99998
FLUX   49    25.24        1.187767E+16   1.5801E-67   1.5801E-67   0.99998
FLUX   50    25.68        1.167416E+16   1.8503E-66   1.8503E-66   0.99998
FLUX   51    26.00        1.153048E+16   1.0500E-65   1.0500E-65   0.99998
FLUX   52    26.40        1.135578E+16   8.6580E-65   8.6582E-65   0.99998
FLUX   53    26.85        1.116546E+16   8.5941E-64   8.5943E-64   0.99998
FLUX   54    27.35        1.096133E+16   1.0053E-62   1.0053E-62   0.99998
FLUX   55    27.85        1.076454E+16   1.0759E-61   1.0760E-61   0.99998
FLUX   56    28.40        1.055607E+16   1.3215E-60   1.3215E-60   0.99998
FLUX   57    29.00        1.033767E+16   1.8235E-59   1.8236E-59   0.99998
FLUX   58    29.60        1.012813E+16   2.2530E-58   2.2531E-58   0.99998
FLUX   59    30.10        9.959884E+15   1.6953E-57   1.6953E-57   0.99997
FLUX   60    30.80        9.733523E+15   2.5533E-56   2.5533E-56   0.99998
FLUX   61    31.80        9.427437E+15   9.9367E-55   9.9369E-55   0.99998
FLUX   62    32.80        9.140015E+15   3.0751E-53   3.0751E-53   0.99998
FLUX   63    33.80        8.869601E+15   7.7161E-52   7.7162E-52   0.99998
FLUX   64    34.80        8.614727E+15   1.6011E-50   1.6011E-50   0.99998
FLUX   65    35.70        8.397549E+15   2.1100E-49   2.1101E-49   0.99998
FLUX   66    36.60        8.191052E+15   2.4440E-48   2.4440E-48   0.99998
FLUX   67    37.50        7.994467E+15   2.5049E-47   2.5049E-47   0.99998
FLUX   68    38.50        7.786818E+15   2.9150E-46   2.9151E-46   0.99998
FLUX   69    39.50        7.589684E+15   2.9814E-45   2.9815E-45   0.99998
FLUX   70    40.50        7.402284E+15   2.7082E-44   2.7083E-44   0.99998
FLUX   71    41.40        7.241365E+15   1.7961E-43   1.7961E-43   0.99998
FLUX   72    42.20        7.104088E+15   8.9945E-43   8.9946E-43   0.99998
FLUX   73    43.00        6.971919E+15   4.2331E-42   4.2332E-42   0.99998
FLUX   74    44.10        6.798016E+15   3.2380E-41   3.2381E-41   0.99998
FLUX   75    45.10        6.647284E+15   1.8814E-40   1.8815E-40   0.99998
FLUX   76    46.00        6.517228E+15   8.5667E-40   8.5668E-40   0.99998
FLUX   77    47.00        6.378564E+15   4.3020E-39   4.3021E-39   0.99998
FLUX   78    48.00        6.245677E+15   2.0133E-38   2.0133E-38   0.99998
FLUX   79    49.00        6.118214E+15   8.8277E-38   8.8278E-38   0.99998
FLUX   80    50.00        5.995850E+15   3.6358E-37   3.6358E-37   0.99998
FLUX   81    50.60        5.924753E+15   1.0989E-36   1.2546E-36   0.87596
FLUX   82    51.20        5.855322E+15   2.7495E-36   2.7837E-36   0.98773
FLUX   83    52.00        5.765240E+15   7.7415E-36   7.8176E-36   0.99027
FLUX   84    53.00        5.656462E+15   2.7141E-35   2.7142E-35   0.99998
FLUX   85    54.00        5.551713E+15   8.9275E-35   8.9786E-35   0.99431
FLUX   86    55.00        5.450773E+15   2.8389E-34   2.8389E-34   0.99998
FLUX   87    56.00        5.353438E+15   8.5956E-34   8.5958E-34   0.99998
FLUX   88    57.00        5.259518E+15   2.4981E-33   2.4981E-33   0.99998
FLUX   89    58.00        5.168836E+15   6.9079E-33   6.9837E-33   0.98914
FLUX   90    59.00        5.081229E+15   1.8816E-32   1.8817E-32   0.99992
FLUX   91    60.00        4.996542E+15   4.8955E-32   4.8959E-32   0.99991
FLUX   92    61.00        4.914631E+15   1.2322E-31   1.2322E-31   0.99998
FLUX   93    62.00        4.835363E+15   3.0048E-31   3.0050E-31   0.99993
FLUX   94    63.00        4.758611E+15   7.1112E-31   7.1114E-31   0.99997
FLUX   95    64.00        4.684258E+15   1.6363E-30   1.6364E-30   0.99997
FLUX   96    65.00        4.612192E+15   3.6644E-30   3.6644E-30   0.99998
FLUX   97    65.80        4.556117E+15   6.8539E-30   6.8540E-30   0.99998
FLUX   98    66.50        4.508158E+15   1.1698E-29   1.1700E-29   0.99987
FLUX   99    67.50        4.441370E+15   2.4602E-29   2.4605E-29   0.99989
FLUX  100    68.50        4.376533E+15   5.0559E-29   5.0561E-29   0.99997
FLUX  101    69.50        4.313561E+15   1.0162E-28   1.0162E-28   0.99998
FLUX  102    70.50        4.252376E+15   1.9987E-28   1.9997E-28   0.99952
FLUX  103    71.60        4.187046E+15   4.1130E-28   4.1131E-28   0.99998
FLUX  104    72.60        4.129373E+15   7.7639E-28   7.7640E-28   0.99998
FLUX  105    73.50        4.078810E+15   1.3540E-27   1.3541E-27   0.99997
FLUX  106    74.50        4.024060E+15   2.4700E-27   2.4703E-27   0.99990
FLUX  107    75.50        3.970762E+15   4.4298E-27   4.4302E-27   0.99989
FLUX  108    76.50        3.918856E+15   7.8150E-27   7.8157E-27   0.99991
FLUX  109    77.50        3.868290E+15   1.3571E-26   1.3572E-26   0.99989
FLUX  110    78.50        3.819013E+15   2.3214E-26   2.3215E-26   0.99998
FLUX  111    79.50        3.770975E+15   3.9069E-26   3.9132E-26   0.99840
FLUX  112    80.50        3.724130E+15   6.5014E-26   6.5045E-26   0.99952
FLUX  113    81.50        3.678436E+15   1.0666E-25   1.0667E-25   0.99991
FLUX  114    82.50        3.633848E+15   1.7269E-25   1.7269E-25   0.99997
FLUX  115    83.50        3.590329E+15   2.7616E-25   2.7616E-25   0.99998
FLUX  116    84.50        3.547840E+15   4.3632E-25   4.3633E-25   0.99998
FLUX  117    85.50        3.506345E+15   6.8142E-25   6.8143E-25   0.99998
FLUX  118    86.50        3.465809E+15   1.0523E-24   1.0523E-24   0.99998
FLUX  119    87.50        3.426200E+15   1.6072E-24   1.6076E-24   0.99971
FLUX  120    88.50        3.387486E+15   2.4307E-24   2.4307E-24   0.99998
FLUX  121    89.50        3.349637E+15   3.6384E-24   3.6385E-24   0.99998
FLUX  122    90.50        3.312624E+15   5.3928E-24   5.3935E-24   0.99988
FLUX  123    91.50        3.276421E+15   5.6203E-20   1.4256E-19   0.39423
FLUX  124    92.50        3.241000E+15   2.0186E-19   2.1565E-19   0.93602
FLUX  125    93.50        3.206337E+15   3.0015E-19   3.2291E-19   0.92954
FLUX  126    94.50        3.172407E+15   4.4826E-19   4.7905E-19   0.93572
FLUX  127    95.50        3.139188E+15   6.8677E-19   7.0545E-19   0.97351
FLUX  128    96.50        3.106658E+15   1.0013E-18   1.0258E-18   0.97615
FLUX  129    97.50        3.074795E+15   1.4372E-18   1.4736E-18   0.97528
FLUX  130    98.50        3.043579E+15   2.0794E-18   2.1364E-18   0.97335
FLUX  131    99.50        3.012990E+15   2.9532E-18   3.0413E-18   0.97104
FLUX  132   100.50        2.983010E+15   4.2709E-18   4.2941E-18   0.99460
FLUX  133   101.50        2.953621E+15   5.9616E-18   5.9903E-18   0.99520
FLUX  134   102.50        2.924805E+15   8.2248E-18   8.4272E-18   0.97599
FLUX  135   103.50        2.896546E+15   1.1604E-17   1.1653E-17   0.99582
FLUX  136   104.50        2.868828E+15   1.6013E-17   1.6066E-17   0.99672
FLUX  137   105.50        2.841635E+15   2.1921E-17   2.1995E-17   0.99659
FLUX  138   106.50        2.814953E+15   2.9758E-17   2.9926E-17   0.99440
FLUX  139   107.50        2.788767E+15   4.0319E-17   4.0477E-17   0.99611
FLUX  140   108.50        2.763065E+15   5.4271E-17   5.4431E-17   0.99707
FLUX  141   109.50        2.737831E+15   7.2393E-17   7.2775E-17   0.99474
FLUX  142   110.50        2.713054E+15   1.9201E-16   1.0493E-15   0.18299
FLUX  143   111.50        2.688722E+15   6.4817E-16   1.4487E-15   0.44741
FLUX  144   112.50        2.664822E+15   9.9030E-16   1.9061E-15   0.51953
FLUX  145   113.50        2.641344E+15   1.4927E-15   2.3776E-15   0.62782
FLUX  146   114.50        2.618275E+15   1.9018E-15   2.8145E-15   0.67570
FLUX  147   115.50        2.595606E+15   2.0436E-15   3.1354E-15   0.65177
FLUX  148   116.50        2.573326E+15   2.5273E-15   3.2556E-15   0.77630
FLUX  149   117.50        2.551426E+15   2.6865E-15   3.1110E-15   0.86357
FLUX  150   118.50        2.529895E+15   4.2430E-15   1.1655E-14   0.36406
FLUX  151   119.50        2.508724E+15   1.4359E-15   1.4483E-14   0.09915
FLUX  152   120.50        2.487905E+15   1.3541E-15   1.7864E-14   0.07580
FLUX  153   121.50        2.467428E+15   9.0496E-16   2.1897E-14   0.04133
FLUX  154   122.50        2.447286E+15   2.0863E-15   2.7138E-14   0.07688
FLUX  155   123.50        2.427470E+15   3.8105E-15   3.2930E-14   0.11571
FLUX  156   124.50        2.407972E+15   7.5335E-15   8.6061E-15   0.87536
FLUX  157   125.50        2.388785E+15   1.5323E-14   1.7788E-14   0.86145
FLUX  158   126.50        2.369901E+15   2.2076E-14   3.1869E-14   0.69272
FLUX  159   127.50        2.351314E+15   3.6002E-14   4.8686E-14   0.73947
FLUX  160   128.50        2.333016E+15   5.7844E-14   7.3255E-14   0.78962
FLUX  161   129.50        2.315000E+15   8.2358E-14   1.0194E-13   0.80794
FLUX  162   130.50        2.297261E+15   9.6154E-14   1.3955E-13   0.68904
FLUX  163   131.50        2.279791E+15   1.4591E-13   1.8384E-13   0.79369
FLUX  164   132.50        2.262585E+15   1.9210E-13   2.3808E-13   0.80686
FLUX  165   133.50        2.245637E+15   2.4245E-13   3.0164E-13   0.80380
FLUX  166   134.50        2.228941E+15   3.1096E-13   3.7675E-13   0.82538
FLUX  167   135.50        2.212491E+15   3.6938E-13   4.6483E-13   0.79465
FLUX  168   136.50        2.196282E+15   4.5864E-13   5.6944E-13   0.80542
FLUX  169   137.50        2.180309E+15   5.3615E-13   6.9052E-13   0.77644
FLUX  170   138.50        2.164567E+15   6.3156E-13   8.3103E-13   0.75997
FLUX  171   139.50        2.149050E+15   7.5948E-13   9.9191E-13   0.76567
FLUX  172   140.50        2.133754E+15   9.1582E-13   1.1776E-12   0.77773
FLUX  173   141.50        2.118675E+15   1.0667E-12   1.3882E-12   0.76840
FLUX  174   142.50        2.103807E+15   1.2089E-12   1.6303E-12   0.74151
FLUX  175   143.50        2.089146E+15   1.3880E-12   1.9027E-12   0.72947
FLUX  176   144.20        2.079005E+15   1.7156E-12   2.1162E-12   0.81068
FLUX  177   144.70        2.071821E+15   1.7060E-12   2.2936E-12   0.74382
FLUX  178   145.50        2.060430E+15   2.0176E-12   2.5776E-12   0.78274
FLUX  179   146.50        2.046365E+15   2.3034E-12   2.9751E-12   0.77422
FLUX  180   147.50        2.032492E+15   2.5517E-12   3.4216E-12   0.74574
FLUX  181   148.50        2.018805E+15   2.9774E-12   3.9221E-12   0.75913
FLUX  182   149.50        2.005301E+15   3.7536E-12   4.4841E-12   0.83710
FLUX  183   150.50        1.991977E+15   4.4405E-12   5.1092E-12   0.86913
FLUX  184   151.20        1.982755E+15   4.2731E-12   5.5904E-12   0.76437
FLUX  185   151.70        1.976220E+15   4.9580E-12   7.1416E-12   0.69424
FLUX  186   152.50        1.965852E+15   6.0617E-12   1.3779E-11   0.43992
FLUX  187   153.50        1.953046E+15   1.1023E-11   2.5289E-11   0.43589
FLUX  188   154.50        1.940405E+15   1.3120E-11   2.9129E-11   0.45041
FLUX  189   155.50        1.927926E+15   1.5985E-11   3.3386E-11   0.47880
FLUX  190   156.50        1.915607E+15   1.5866E-11   3.8196E-11   0.41539
FLUX  191   157.50        1.903444E+15   2.2720E-11   4.4905E-11   0.50595
FLUX  192   158.50        1.891435E+15   2.6828E-11   5.1108E-11   0.52494
FLUX  193   159.50        1.879577E+15   3.1879E-11   5.8061E-11   0.54905
FLUX  194   160.50        1.867866E+15   3.3949E-11   6.5741E-11   0.51640
FLUX  195   161.50        1.856300E+15   3.9416E-11   7.4220E-11   0.53107
FLUX  196   162.50        1.844877E+15   4.3767E-11   8.4380E-11   0.51869
FLUX  197   163.50        1.833593E+15   5.5843E-11   9.4837E-11   0.58883
FLUX  198   164.50        1.822447E+15   7.2497E-11   1.0635E-10   0.68167
FLUX  199   165.50        1.811435E+15   5.0649E-11   1.1906E-10   0.42540
FLUX  200   166.50        1.800556E+15   8.8489E-11   1.3292E-10   0.66573
FLUX  201   167.20        1.793017E+15   6.4159E-11   1.4340E-10   0.44741
FLUX  202   167.70        1.787671E+15   9.9968E-11   1.9458E-10   0.51376
FLUX  203   168.50        1.779184E+15   1.4020E-10   1.4022E-09   0.09998
FLUX  204   169.50        1.768687E+15   1.7028E-10   1.6363E-09   0.10406
FLUX  205   170.50        1.758314E+15   2.0977E-10   1.9225E-09   0.10912
FLUX  206   171.50        1.748061E+15   3.4082E-10   3.5764E-09   0.09530
FLUX  207   172.50        1.737928E+15   5.1603E-10   4.0800E-09   0.12648
FLUX  208   173.50        1.727911E+15   7.5549E-10   4.6138E-09   0.16375
FLUX  209   174.50        1.718009E+15   8.5315E-10   5.2227E-09   0.16335
FLUX  210   175.50        1.708219E+15   1.3796E-09   5.7967E-09   0.23799
FLUX  211   176.50        1.698541E+15   1.2175E-09   6.3921E-09   0.19047
FLUX  212   177.50        1.688972E+15   1.6155E-09   7.0729E-09   0.22841
FLUX  213   178.50        1.679510E+15   1.8227E-09   7.8043E-09   0.23355
FLUX  214   179.50        1.670153E+15   3.1313E-09   8.6516E-09   0.36193
FLUX  215   180.50        1.660900E+15   2.1227E-09   9.4621E-09   0.22434
FLUX  216   181.50        1.651749E+15   2.6671E-09   1.0252E-08   0.26015
FLUX  217   182.50        1.642699E+15   2.6507E-09   1.1057E-08   0.23974
FLUX  218   183.50        1.633747E+15   3.5939E-09   1.1862E-08   0.30297
FLUX  219   184.50        1.624892E+15   2.9231E-09   1.2726E-08   0.22969
FLUX  220   185.50        1.616132E+15   4.2551E-09   1.3662E-08   0.31147
FLUX  221   186.50        1.607466E+15   5.7878E-09   1.4593E-08   0.39662
FLUX  222   187.50        1.598893E+15   5.8669E-09   1.6532E-08   0.35488
FLUX  223   188.50        1.590411E+15   6.6855E-09   1.7563E-08   0.38065
FLUX  224   189.50        1.582018E+15   8.3118E-09   1.8583E-08   0.44728
FLUX  225   190.50        1.573714E+15   7.9172E-09   1.9546E-08   0.40506
FLUX  226   191.50        1.565496E+15   8.6959E-09   2.0531E-08   0.42355
FLUX  227   192.50        1.557364E+15   7.4788E-09   2.1548E-08   0.34708
FLUX  228   193.50        1.549315E+15   3.6892E-09   2.2578E-08   0.16340
FLUX  229   194.50        1.541350E+15   1.1498E-08   2.3638E-08   0.48642
FLUX  230   195.50        1.533465E+15   1.3023E-08   2.4710E-08   0.52702
FLUX  231   196.70        1.524110E+15   1.6212E-08   2.6032E-08   0.62277
FLUX  232   197.60        1.517169E+15   1.5471E-08   2.9794E-08   0.51927
FLUX  233   198.40        1.511051E+15   1.5600E-08   3.0957E-08   0.50392
FLUX  234   199.50        1.502719E+15   1.7484E-08   3.4132E-08   0.51223
FLUX  235   200.50        1.495224E+15   1.7956E-08   3.5819E-08   0.50128
FLUX  236   201.50        1.487804E+15   1.8295E-08   3.7657E-08   0.48583
FLUX  237   202.50        1.480457E+15   1.5950E-08   3.9515E-08   0.40363
FLUX  238   203.50        1.473182E+15   2.2928E-08   4.1365E-08   0.55429
FLUX  239   204.50        1.465978E+15   2.6753E-08   4.3343E-08   0.61725
FLUX  240   205.50        1.458844E+15   2.4663E-08   4.5311E-08   0.54430
FLUX  241   206.50        1.451780E+15   2.3369E-08   4.7270E-08   0.49437
FLUX  242   207.40        1.445480E+15   3.0451E-08   4.9026E-08   0.62112
FLUX  243   207.80        1.442697E+15   4.5002E-08   1.0184E-07   0.44190
FLUX  244   208.50        1.437854E+15   4.5514E-08   1.0532E-07   0.43214
FLUX  245   209.50        1.430990E+15   5.0017E-08   1.1041E-07   0.45301
FLUX  246   210.50        1.424192E+15   5.2968E-08   1.1554E-07   0.45843
FLUX  247   211.50        1.417459E+15   6.0992E-08   1.2062E-07   0.50564
FLUX  248   212.50        1.410788E+15   5.3230E-08   1.2574E-07   0.42335
FLUX  249   213.50        1.404180E+15   4.7225E-08   1.3090E-07   0.36077
FLUX  250   214.50        1.397634E+15   6.3733E-08   1.3610E-07   0.46828
FLUX  251   215.50        1.391148E+15   6.8214E-08   1.4139E-07   0.48244
FLUX  252   216.50        1.384723E+15   6.2053E-08   1.4681E-07   0.42267
FLUX  253   217.50        1.378356E+15   6.6604E-08   1.5229E-07   0.43736
FLUX  254   218.50        1.372048E+15   7.6737E-08   1.5792E-07   0.48591
FLUX  255   219.50        1.365797E+15   8.7629E-08   1.6370E-07   0.53529
FLUX  256   220.50        1.359603E+15   8.3744E-08   1.6965E-07   0.49363
FLUX  257   221.50        1.353465E+15   6.5370E-08   1.7575E-07   0.37194
FLUX  258   222.50        1.347382E+15   7.2143E-08   1.8265E-07   0.39497
FLUX  259   223.50        1.341353E+15   9.9013E-08   1.8897E-07   0.52397
FLUX  260   224.50        1.335379E+15   9.3726E-08   1.9543E-07   0.47960
FLUX  261   225.50        1.329457E+15   7.0225E-08   2.0632E-07   0.34037
FLUX  262   226.50        1.323587E+15   7.0546E-08   2.1296E-07   0.33126
FLUX  263   227.50        1.317769E+15   9.2206E-08   2.1974E-07   0.41962
FLUX  264   228.50        1.312002E+15   1.0373E-07   2.2652E-07   0.45792
FLUX  265   229.50        1.306285E+15   9.3921E-08   2.3335E-07   0.40248
FLUX  266   230.50        1.300618E+15   1.1228E-07   2.4028E-07   0.46728
FLUX  267   231.50        1.295000E+15   1.0300E-07   2.4732E-07   0.41647
FLUX  268   232.50        1.289430E+15   9.8091E-08   2.5448E-07   0.38545
FLUX  269   233.50        1.283908E+15   5.6310E-08   2.6282E-07   0.21425
FLUX  270   234.50        1.278433E+15   3.5709E-08   2.7006E-07   0.13223
FLUX  271   235.50        1.273004E+15   8.4310E-08   2.7739E-07   0.30393
FLUX  272   236.50        1.267622E+15   3.8445E-08   2.8484E-07   0.13497
FLUX  273   237.50        1.262284E+15   6.2018E-08   2.9239E-07   0.21211
FLUX  274   238.50        1.256992E+15   2.5026E-08   3.0009E-07   0.08340
FLUX  275   239.50        1.251743E+15   3.8270E-08   3.0789E-07   0.12430
FLUX  276   240.50        1.246538E+15   3.7445E-08   3.1569E-07   0.11861
FLUX  277   241.50        1.241377E+15   6.2671E-08   3.2356E-07   0.19369
FLUX  278   242.50        1.236258E+15   1.2828E-07   3.3155E-07   0.38691
FLUX  279   243.50        1.231181E+15   1.3345E-07   3.3965E-07   0.39290
FLUX  280   244.50        1.226145E+15   1.5804E-07   3.4957E-07   0.45209
FLUX  281   245.50        1.221151E+15   1.6114E-07   3.5783E-07   0.45033
FLUX  282   246.50        1.216197E+15   1.5506E-07   3.6617E-07   0.42347
FLUX  283   247.50        1.211283E+15   1.3737E-07   3.7450E-07   0.36681
FLUX  284   248.50        1.206408E+15   1.1074E-07   3.8292E-07   0.28920
FLUX  285   249.50        1.201573E+15   1.2208E-07   3.9145E-07   0.31186
FLUX  286   250.50        1.196776E+15   1.8530E-07   4.0146E-07   0.46157
FLUX  287   251.30        1.192967E+15   1.1729E-07   4.0839E-07   0.28721
FLUX  288   251.80        1.190598E+15   1.0353E-07   4.7532E-07   0.21781
FLUX  289   252.50        1.187297E+15   8.4052E-08   4.8264E-07   0.17415
FLUX  290   253.50        1.182613E+15   1.0514E-07   4.9315E-07   0.21319
FLUX  291   254.50        1.177967E+15   1.2925E-07   5.0367E-07   0.25662
FLUX  292   255.50        1.173356E+15   1.7568E-07   5.1430E-07   0.34160
FLUX  293   256.50        1.168782E+15   1.3986E-07   5.2505E-07   0.26638
FLUX  294   257.50        1.164243E+15   1.6938E-07   5.3593E-07   0.31604
FLUX  295   258.50        1.159739E+15   1.4143E-07   5.4693E-07   0.25859
FLUX  296   259.50        1.155270E+15   1.2292E-07   5.5805E-07   0.22026
FLUX  297   260.50        1.150835E+15   9.4287E-08   5.6927E-07   0.16563
FLUX  298   261.50        1.146434E+15   8.7323E-08   5.8045E-07   0.15044
FLUX  299   262.50        1.142067E+15   1.3156E-07   5.9175E-07   0.22232
FLUX  300   263.50        1.137732E+15   2.2444E-07   6.0374E-07   0.37175
FLUX  301   264.50        1.133431E+15   3.4376E-07   6.1524E-07   0.55874
FLUX  302   265.50        1.129162E+15   3.9562E-07   6.2686E-07   0.63111
FLUX  303   266.50        1.124925E+15   2.9991E-07   6.3856E-07   0.46967
FLUX  304   267.50        1.120720E+15   3.4457E-07   6.5038E-07   0.52980
FLUX  305   268.50        1.116546E+15   3.6560E-07   6.6222E-07   0.55208
FLUX  306   269.50        1.112403E+15   3.0193E-07   6.7407E-07   0.44791
FLUX  307   270.50        1.108290E+15   3.5069E-07   6.8670E-07   0.51069
FLUX  308   271.50        1.104208E+15   2.7588E-07   6.9873E-07   0.39483
FLUX  309   272.50        1.100156E+15   2.7782E-07   7.1087E-07   0.39082
FLUX  310   273.50        1.096133E+15   3.0670E-07   7.2310E-07   0.42415
FLUX  311   274.50        1.092140E+15   1.4850E-07   7.3543E-07   0.20192
FLUX  312   275.50        1.088176E+15   2.1375E-07   7.4786E-07   0.28581
FLUX  313   276.50        1.084241E+15   2.7408E-07   7.6032E-07   0.36048
FLUX  314   277.50        1.080333E+15   3.3021E-07   7.7277E-07   0.42730
FLUX  315   278.50        1.076454E+15   2.0001E-07   7.8533E-07   0.25468
FLUX  316   279.50        1.072603E+15   4.9105E-08   7.9798E-07   0.06154
FLUX  317   280.50        1.068779E+15   6.7909E-08   8.1073E-07   0.08376
FLUX  318   281.50        1.064982E+15   3.0121E-07   8.2357E-07   0.36573
FLUX  319   282.50        1.061212E+15   4.5134E-07   8.3652E-07   0.53954
FLUX  320   283.50        1.057469E+15   4.4537E-07   8.4955E-07   0.52424
FLUX  321   284.50        1.053752E+15   4.2738E-07   8.6264E-07   0.49543
FLUX  322   285.50        1.050061E+15   2.9720E-07   8.7571E-07   0.33938
FLUX  323   286.50        1.046396E+15   4.8101E-07   8.8883E-07   0.54117
FLUX  324   287.50        1.042757E+15   5.0508E-07   9.0202E-07   0.55994
FLUX  325   288.50        1.039142E+15   4.9507E-07   9.1530E-07   0.54088
FLUX  326   289.50        1.035553E+15   4.9691E-07   9.2866E-07   0.53508
FLUX  327   291.00        1.030215E+15   6.2975E-07   9.4929E-07   0.66339
FLUX  328   293.00        1.023183E+15   6.0270E-07   9.7644E-07   0.61724
FLUX  329   295.00        1.016246E+15   6.0299E-07   1.0038E-06   0.60070
FLUX  330   297.00        1.009402E+15   6.7345E-07   1.0312E-06   0.65305
FLUX  331   299.00        1.002651E+15   6.8281E-07   1.0590E-06   0.64479
FLUX  332   301.00        9.959884E+14   7.3520E-07   1.0870E-06   0.67637
FLUX  333   303.00        9.894142E+14   7.4510E-07   1.1153E-06   0.66807
FLUX  334   305.00        9.829262E+14   7.8928E-07   1.1437E-06   0.69013
FLUX  335   307.00        9.765228E+14   7.7906E-07   1.1723E-06   0.66459
FLUX  336   309.00        9.702023E+14   8.2569E-07   1.2015E-06   0.68723
FLUX  337   311.00        9.639630E+14   8.2620E-07   1.2305E-06   0.67145
FLUX  338   313.00        9.578035E+14   8.3019E-07   1.2598E-06   0.65898
FLUX  339   315.00        9.517222E+14   8.5366E-07   1.2891E-06   0.66222
FLUX  340   317.00        9.457177E+14   9.0412E-07   1.3185E-06   0.68573
FLUX  341   319.00        9.397884E+14   8.4153E-07   1.3481E-06   0.62425
FLUX  342   321.00        9.339330E+14   9.3450E-07   1.3778E-06   0.67824
FLUX  343   323.00        9.281502E+14   8.4743E-07   1.4079E-06   0.60191
FLUX  344   325.00        9.224385E+14   9.9700E-07   1.4380E-06   0.69333
FLUX  345   327.00        9.167966E+14   1.1007E-06   1.4681E-06   0.74978
FLUX  346   329.00        9.112234E+14   1.1131E-06   1.4984E-06   0.74289
FLUX  347   331.00        9.057175E+14   1.1584E-06   1.5287E-06   0.75780
FLUX  348   333.00        9.002778E+14   1.1493E-06   1.5592E-06   0.73709
FLUX  349   335.00        8.949030E+14   1.1522E-06   1.5898E-06   0.72477
FLUX  350   337.00        8.895920E+14   1.0785E-06   1.6206E-06   0.66551
FLUX  351   339.00        8.843437E+14   1.1816E-06   1.6514E-06   0.71554
FLUX  352   341.00        8.791569E+14   1.2213E-06   1.6822E-06   0.72601
FLUX  353   343.00        8.740306E+14   1.3016E-06   1.7131E-06   0.75982
FLUX  354   345.00        8.689638E+14   1.3245E-06   1.7442E-06   0.75937
FLUX  355   347.00        8.639553E+14   1.3262E-06   1.7754E-06   0.74696
FLUX  356   349.00        8.590043E+14   1.3604E-06   1.8067E-06   0.75294
FLUX  357   351.00        8.541097E+14   1.4334E-06   1.8381E-06   0.77981
FLUX  358   353.00        8.492705E+14   1.4044E-06   1.8695E-06   0.75122
FLUX  359   355.00        8.444859E+14   1.5673E-06   1.9010E-06   0.82450
FLUX  360   357.00        8.397549E+14   1.4278E-06   1.9327E-06   0.73879
FLUX  361   359.00        8.350766E+14   1.4443E-06   1.9645E-06   0.73519
FLUX  362   361.00        8.304501E+14   1.5047E-06   1.9964E-06   0.75370
FLUX  363   363.00        8.258747E+14   1.5530E-06   2.0284E-06   0.76563
FLUX  364   364.00        8.236058E+14   1.5457E-06   2.0444E-06   0.75608
FLUX  365   365.00        8.213493E+14   1.6814E-06   3.7990E-06   0.44259
FLUX  366   367.00        8.168733E+14   1.6714E-06   3.8422E-06   0.43501
FLUX  367   369.00        8.124458E+14   1.7316E-06   3.8853E-06   0.44569
FLUX  368   371.00        8.080660E+14   2.0540E-06   3.9282E-06   0.52288
FLUX  369   373.00        8.037332E+14   2.1738E-06   3.9709E-06   0.54742
FLUX  370   375.00        7.994467E+14   2.4921E-06   4.0134E-06   0.62093
FLUX  371   377.00        7.952056E+14   2.6645E-06   4.0587E-06   0.65649
FLUX  372   379.00        7.910092E+14   2.8818E-06   4.1011E-06   0.70270
FLUX  373   381.00        7.868570E+14   3.1324E-06   4.1431E-06   0.75607
FLUX  374   383.00        7.827480E+14   2.7351E-06   4.1847E-06   0.65360
FLUX  375   385.00        7.786818E+14   3.2177E-06   4.2265E-06   0.76131
FLUX  376   387.00        7.746576E+14   3.3389E-06   4.2677E-06   0.78236
FLUX  377   389.00        7.706748E+14   2.9564E-06   4.3091E-06   0.68608
FLUX  378   391.00        7.667327E+14   3.2790E-06   4.3503E-06   0.75375
FLUX  379   393.00        7.628308E+14   2.0547E-06   4.3913E-06   0.46791
FLUX  380   395.00        7.589684E+14   3.1728E-06   4.4320E-06   0.71589
FLUX  381   397.00        7.551448E+14   2.2700E-06   4.4724E-06   0.50757
FLUX  382   399.00        7.513596E+14   3.6567E-06   4.5124E-06   0.81035
FLUX  383   401.00        7.476122E+14   3.8671E-06   4.5526E-06   0.84941
FLUX  384   403.00        7.439020E+14   3.8889E-06   4.5926E-06   0.84677
FLUX  385   405.00        7.402284E+14   3.9000E-06   4.6322E-06   0.84192
FLUX  386   407.00        7.365909E+14   3.8930E-06   4.6716E-06   0.83333
FLUX  387   409.00        7.329890E+14   4.0634E-06   4.7107E-06   0.86260
FLUX  388   411.00        7.294221E+14   3.7757E-06   4.7496E-06   0.79496
FLUX  389   413.00        7.258898E+14   4.1333E-06   4.7883E-06   0.86322
FLUX  390   415.00        7.223916E+14   4.2645E-06   4.8268E-06   0.88351
FLUX  391   417.00        7.189269E+14   4.2475E-06   4.8650E-06   0.87308
FLUX  392   419.00        7.154952E+14   4.2608E-06   4.9028E-06   0.86905
FLUX  393   421.00        7.120962E+14   4.2761E-06   4.9404E-06   0.86552
FLUX  394   423.00        7.087293E+14   4.2271E-06   4.9778E-06   0.84919
FLUX  395   425.00        7.053941E+14   4.3372E-06   5.0148E-06   0.86488
FLUX  396   427.00        7.020902E+14   4.3514E-06   5.0516E-06   0.86140
FLUX  397   429.00        6.988170E+14   4.1686E-06   5.0881E-06   0.81928
FLUX  398   431.00        6.955742E+14   3.8441E-06   5.1244E-06   0.75015
FLUX  399   433.00        6.923614E+14   4.3842E-06   5.1605E-06   0.84958
FLUX  400   435.00        6.891782E+14   4.1717E-06   5.1962E-06   0.80284
FLUX  401   437.00        6.860240E+14   4.6951E-06   5.2315E-06   0.89747
FLUX  402   439.00        6.828986E+14   4.5882E-06   5.2667E-06   0.87118
FLUX  403   441.00        6.798016E+14   4.6558E-06   5.3015E-06   0.87821
FLUX  404   443.00        6.767325E+14   4.8003E-06   5.3362E-06   0.89958
FLUX  405   445.00        6.736910E+14   4.8035E-06   5.3705E-06   0.89442
FLUX  406   447.00        6.706767E+14   4.8891E-06   5.4046E-06   0.90461
FLUX  407   449.00        6.676893E+14   4.9892E-06   5.4385E-06   0.91739
FLUX  408   451.00        6.647284E+14   5.2065E-06   5.4722E-06   0.95144
FLUX  409   453.00        6.617936E+14   4.9802E-06   5.5057E-06   0.90455
FLUX  410   455.00        6.588846E+14   5.0479E-06   5.5389E-06   0.91135
FLUX  411   457.00        6.560011E+14   5.3056E-06   5.5717E-06   0.95224
FLUX  412   459.00        6.531427E+14   5.1818E-06   5.6043E-06   0.92462
FLUX  413   461.00        6.503091E+14   5.3508E-06   5.6367E-06   0.94929
FLUX  414   463.00        6.475000E+14   5.3289E-06   5.6688E-06   0.94005
FLUX  415   465.00        6.447151E+14   5.4021E-06   5.7007E-06   0.94761
FLUX  416   467.00        6.419540E+14   5.5100E-06   5.7325E-06   0.96119
FLUX  417   469.00        6.392164E+14   5.5227E-06   5.7640E-06   0.95814
FLUX  418   471.00        6.365021E+14   5.4304E-06   5.7953E-06   0.93703
FLUX  419   473.00        6.338108E+14   5.6095E-06   5.8264E-06   0.96277
FLUX  420   475.00        6.311421E+14   5.6830E-06   5.8573E-06   0.97024
FLUX  421   477.00        6.284958E+14   5.6876E-06   5.8880E-06   0.96597
FLUX  422   479.00        6.258716E+14   5.7064E-06   5.9185E-06   0.96416
FLUX  423   481.00        6.232692E+14   5.7594E-06   5.9487E-06   0.96819
FLUX  424   483.00        6.206884E+14   5.7786E-06   5.9786E-06   0.96655
FLUX  425   485.00        6.181289E+14   5.5834E-06   6.0084E-06   0.92927
FLUX  426   487.00        6.155903E+14   5.0455E-06   6.0379E-06   0.83564
FLUX  427   489.00        6.130726E+14   5.7800E-06   6.0672E-06   0.95265
FLUX  428   491.00        6.105754E+14   5.8280E-06   6.0964E-06   0.95597
FLUX  429   493.00        6.080984E+14   5.7674E-06   6.1253E-06   0.94157
FLUX  430   495.00        6.056414E+14   5.9206E-06   6.1540E-06   0.96207
FLUX  431   497.00        6.032042E+14   6.0320E-06   6.1825E-06   0.97566
FLUX  432   499.00        6.007866E+14   5.8324E-06   6.2108E-06   0.93907
FLUX  433   501.00        5.983882E+14   5.7318E-06   6.2388E-06   0.91873
FLUX  434   503.00        5.960089E+14   5.9969E-06   6.2667E-06   0.95695
FLUX  435   505.00        5.936485E+14   5.9980E-06   6.2943E-06   0.95293
FLUX  436   507.00        5.913067E+14   6.1428E-06   6.3216E-06   0.97172
FLUX  437   509.00        5.889833E+14   6.0753E-06   6.3486E-06   0.95696
FLUX  438   511.00        5.866781E+14   6.1369E-06   6.3754E-06   0.96260
FLUX  439   513.00        5.843908E+14   6.0811E-06   6.4020E-06   0.94989
FLUX  440   515.00        5.821214E+14   6.0374E-06   6.4283E-06   0.93919
FLUX  441   517.00        5.798694E+14   5.9903E-06   6.4544E-06   0.92810
FLUX  442   519.00        5.776349E+14   6.0227E-06   6.4803E-06   0.92938
FLUX  443   521.00        5.754175E+14   6.0715E-06   6.5060E-06   0.93321
FLUX  444   523.00        5.732170E+14   6.1773E-06   6.5315E-06   0.94576
FLUX  445   525.00        5.710333E+14   6.3364E-06   6.5568E-06   0.96639
FLUX  446   527.00        5.688662E+14   6.0430E-06   6.5819E-06   0.91813
FLUX  447   529.00        5.667155E+14   6.3692E-06   6.6067E-06   0.96406
FLUX  448   531.00        5.645810E+14   6.4299E-06   6.6313E-06   0.96963
FLUX  449   533.00        5.624625E+14   6.2544E-06   6.6558E-06   0.93969
FLUX  450   535.00        5.603598E+14   6.4887E-06   6.6800E-06   0.97136
FLUX  451   537.00        5.582728E+14   6.4812E-06   6.7040E-06   0.96677
FLUX  452   539.00        5.562013E+14   6.4898E-06   6.7277E-06   0.96464
FLUX  453   541.00        5.541451E+14   6.4442E-06   6.7513E-06   0.95451
FLUX  454   543.00        5.521041E+14   6.5178E-06   6.7746E-06   0.96209
FLUX  455   545.00        5.500780E+14   6.6291E-06   6.7978E-06   0.97519
FLUX  456   547.00        5.480667E+14   6.6301E-06   6.8208E-06   0.97204
FLUX  457   549.00        5.460701E+14   6.6749E-06   6.8436E-06   0.97534
FLUX  458   551.00        5.440880E+14   6.6959E-06   6.8662E-06   0.97520
FLUX  459   553.00        5.421203E+14   6.7332E-06   6.8887E-06   0.97743
FLUX  460   555.00        5.401667E+14   6.8294E-06   6.9109E-06   0.98820
FLUX  461   557.00        5.382271E+14   6.7618E-06   6.9330E-06   0.97531
FLUX  462   559.00        5.363014E+14   6.7550E-06   6.9549E-06   0.97126
FLUX  463   561.00        5.343895E+14   6.8157E-06   6.9766E-06   0.97693
FLUX  464   563.00        5.324911E+14   6.9071E-06   6.9987E-06   0.98690
FLUX  465   565.00        5.306062E+14   6.8990E-06   7.0200E-06   0.98275
FLUX  466   567.00        5.287346E+14   6.8675E-06   7.0411E-06   0.97535
FLUX  467   569.00        5.268761E+14   6.9627E-06   7.0619E-06   0.98595
FLUX  468   571.00        5.250306E+14   6.9305E-06   7.0825E-06   0.97854
FLUX  469   573.00        5.231981E+14   7.0806E-06   7.1028E-06   0.99688
FLUX  470   575.00        5.213783E+14   7.0562E-06   7.1230E-06   0.99062
FLUX  471   577.00        5.195711E+14   7.0972E-06   7.1429E-06   0.99361
FLUX  472   579.00        5.177763E+14   7.0883E-06   7.1626E-06   0.98963
FLUX  473   581.00        5.159940E+14   7.1385E-06   7.1821E-06   0.99392
FLUX  474   583.00        5.142238E+14   7.1801E-06   7.2015E-06   0.99702
FLUX  475   585.00        5.124658E+14   7.1414E-06   7.2206E-06   0.98903
FLUX  476   587.00        5.107198E+14   7.1888E-06   7.2396E-06   0.99299
FLUX  477   589.00        5.089856E+14   7.0804E-06   7.2583E-06   0.97548
FLUX  478   591.00        5.072631E+14   7.2231E-06   7.2769E-06   0.99261
FLUX  479   593.00        5.055523E+14   7.2440E-06   7.2953E-06   0.99296
FLUX  480   595.00        5.038529E+14   7.2764E-06   7.3135E-06   0.99493
FLUX  481   597.00        5.021650E+14   7.2966E-06   7.3315E-06   0.99523
FLUX  482   599.00        5.004883E+14   7.3002E-06   7.3494E-06   0.99331
FLUX  483   601.00        4.988228E+14   7.2968E-06   7.3670E-06   0.99047
FLUX  484   603.00        4.971683E+14   7.3163E-06   7.3845E-06   0.99076
FLUX  485   605.00        4.955248E+14   7.3816E-06   7.4019E-06   0.99726
FLUX  486   607.00        4.938921E+14   7.3966E-06   7.4191E-06   0.99698
FLUX  487   609.00        4.922701E+14   7.3868E-06   7.4360E-06   0.99338
FLUX  488   611.00        4.906588E+14   7.3786E-06   7.4528E-06   0.99005
FLUX  489   613.00        4.890579E+14   7.3004E-06   7.4694E-06   0.97738
FLUX  490   615.00        4.874675E+14   7.3344E-06   7.4858E-06   0.97978
FLUX  491   617.00        4.858874E+14   7.3233E-06   7.5020E-06   0.97618
FLUX  492   619.00        4.843174E+14   7.4515E-06   7.5180E-06   0.99115
FLUX  493   621.00        4.827576E+14   7.4912E-06   7.5340E-06   0.99432
FLUX  494   623.00        4.812079E+14   7.4419E-06   7.5497E-06   0.98572
FLUX  495   625.00        4.796680E+14   7.3391E-06   7.5652E-06   0.97011
FLUX  496   627.00        4.781380E+14   7.5293E-06   7.5806E-06   0.99324
FLUX  497   629.00        4.766176E+14   7.5502E-06   7.5958E-06   0.99400
FLUX  498   631.00        4.751070E+14   7.4892E-06   7.6108E-06   0.98402
FLUX  499   633.00        4.736058E+14   7.5393E-06   7.6257E-06   0.98867
FLUX  500   635.00        4.721142E+14   7.5881E-06   7.6404E-06   0.99316
FLUX  501   637.00        4.706319E+14   7.5970E-06   7.6549E-06   0.99243
FLUX  502   639.00        4.691588E+14   7.6130E-06   7.6693E-06   0.99266
FLUX  503   641.00        4.676950E+14   7.5587E-06   7.6835E-06   0.98377
FLUX  504   643.00        4.662403E+14   7.6045E-06   7.6975E-06   0.98792
FLUX  505   645.00        4.647946E+14   7.6031E-06   7.7113E-06   0.98596
FLUX  506   647.00        4.633578E+14   7.6354E-06   7.7250E-06   0.98839
FLUX  507   649.00        4.619299E+14   7.5688E-06   7.7386E-06   0.97806
FLUX  508   651.00        4.605108E+14   7.6844E-06   7.7520E-06   0.99128
FLUX  509   653.00        4.591003E+14   7.7207E-06   7.7651E-06   0.99429
FLUX  510   655.00        4.576985E+14   7.5709E-06   7.7790E-06   0.97325
FLUX  511   657.00        4.563052E+14   6.7732E-06   7.7918E-06   0.86928
FLUX  512   659.00        4.549203E+14   7.7007E-06   7.8044E-06   0.98670
FLUX  513   661.00        4.535439E+14   7.7714E-06   7.8169E-06   0.99417
FLUX  514   663.00        4.521757E+14   7.8060E-06   7.8293E-06   0.99702
FLUX  515   665.00        4.508158E+14   7.8113E-06   7.8415E-06   0.99615
FLUX  516   667.00        4.494640E+14   7.7931E-06   7.8535E-06   0.99231
FLUX  517   669.00        4.481203E+14   7.8517E-06   7.8654E-06   0.99825
FLUX  518   671.00        4.467846E+14   7.8379E-06   7.8772E-06   0.99502
FLUX  519   673.00        4.454569E+14   7.8720E-06   7.8888E-06   0.99788
FLUX  520   675.00        4.441370E+14   7.8631E-06   7.9002E-06   0.99530
FLUX  521   677.00        4.428250E+14   7.8850E-06   7.9115E-06   0.99666
FLUX  522   679.00        4.415206E+14   7.8947E-06   7.9226E-06   0.99647
FLUX  523   681.00        4.402239E+14   7.9041E-06   7.9336E-06   0.99627
FLUX  524   683.00        4.389348E+14   7.9202E-06   7.9445E-06   0.99694
FLUX  525   685.00        4.376533E+14   7.9077E-06   7.9552E-06   0.99402
FLUX  526   687.00        4.363792E+14   7.9371E-06   7.9658E-06   0.99640
FLUX  527   689.00        4.351125E+14   7.9603E-06   7.9762E-06   0.99800
FLUX  528   691.00        4.338531E+14   7.9639E-06   7.9865E-06   0.99717
FLUX  529   693.00        4.326010E+14   7.9760E-06   7.9967E-06   0.99742
FLUX  530   695.00        4.313561E+14   7.9813E-06   8.0067E-06   0.99684
FLUX  531   697.00        4.301184E+14   8.0005E-06   8.0165E-06   0.99799
FLUX  532   699.00        4.288877E+14   8.0084E-06   8.0263E-06   0.99777
FLUX  533   701.00        4.276641E+14   7.9741E-06   8.0359E-06   0.99231
FLUX  534   703.00        4.264474E+14   8.0149E-06   8.0454E-06   0.99621
FLUX  535   705.00        4.252376E+14   8.0362E-06   8.0547E-06   0.99770
FLUX  536   707.00        4.240347E+14   8.0386E-06   8.0639E-06   0.99686
FLUX  537   709.00        4.228385E+14   8.0479E-06   8.0730E-06   0.99689
FLUX  538   711.00        4.216491E+14   8.0414E-06   8.0819E-06   0.99500
FLUX  539   713.00        4.204663E+14   8.0404E-06   8.0907E-06   0.99379
FLUX  540   715.00        4.192902E+14   8.0437E-06   8.0993E-06   0.99314
FLUX  541   717.00        4.181206E+14   8.0628E-06   8.1078E-06   0.99445
FLUX  542   719.00        4.169576E+14   8.0236E-06   8.1162E-06   0.98858
FLUX  543   721.00        4.158010E+14   8.0521E-06   8.1245E-06   0.99109
FLUX  544   723.00        4.146508E+14   8.0799E-06   8.1326E-06   0.99352
FLUX  545   725.00        4.135069E+14   8.1126E-06   8.1411E-06   0.99650
FLUX  546   727.00        4.123693E+14   8.1210E-06   8.1489E-06   0.99658
FLUX  547   729.00        4.112380E+14   8.0841E-06   8.1566E-06   0.99111
FLUX  548   731.00        4.101129E+14   8.1088E-06   8.1653E-06   0.99309
FLUX  549   733.00        4.089939E+14   8.1164E-06   8.1727E-06   0.99311
FLUX  550   735.00        4.078810E+14   8.1464E-06   8.1800E-06   0.99589
FLUX  551   737.00        4.067741E+14   8.1699E-06   8.1872E-06   0.99789
FLUX  552   739.00        4.056732E+14   8.1328E-06   8.1943E-06   0.99250
FLUX  553   741.00        4.045783E+14   8.0932E-06   8.2012E-06   0.98682
FLUX  554   743.00        4.034892E+14   8.1375E-06   8.2081E-06   0.99140
FLUX  555   745.00        4.024060E+14   8.1576E-06   8.2148E-06   0.99304
FLUX  556   747.00        4.013286E+14   8.1805E-06   8.2214E-06   0.99503
FLUX  557   749.00        4.002570E+14   8.1706E-06   8.2278E-06   0.99304
FLUX  558   751.00        3.991911E+14   8.1813E-06   8.2342E-06   0.99358
FLUX  559   753.00        3.981308E+14   8.2051E-06   8.2405E-06   0.99571
FLUX  560   755.00        3.970762E+14   8.2309E-06   8.2466E-06   0.99809
FLUX  561   757.00        3.960271E+14   8.2207E-06   8.2527E-06   0.99613
FLUX  562   759.00        3.949835E+14   8.2249E-06   8.2586E-06   0.99592
FLUX  563   761.00        3.939455E+14   8.2345E-06   8.2644E-06   0.99638
FLUX  564   763.00        3.929128E+14   8.2469E-06   8.2701E-06   0.99719
FLUX  565   765.00        3.918856E+14   8.2493E-06   8.2757E-06   0.99681
FLUX  566   767.00        3.908638E+14   8.1983E-06   8.2811E-06   0.99000
FLUX  567   769.00        3.898472E+14   8.2624E-06   8.2865E-06   0.99709
FLUX  568   771.00        3.888359E+14   8.2210E-06   8.2917E-06   0.99147
FLUX  569   773.00        3.878299E+14   8.2527E-06   8.2969E-06   0.99468
FLUX  570   775.00        3.868290E+14   8.2423E-06   8.3019E-06   0.99281
FLUX  571   777.00        3.858333E+14   8.2465E-06   8.3069E-06   0.99273
FLUX  572   779.00        3.848427E+14   8.2916E-06   8.3117E-06   0.99758
FLUX  573   781.00        3.838572E+14   8.3023E-06   8.3165E-06   0.99829
FLUX  574   783.00        3.828768E+14   8.2790E-06   8.3211E-06   0.99494
FLUX  575   785.00        3.819013E+14   8.2870E-06   8.3257E-06   0.99535
FLUX  576   787.00        3.809307E+14   8.3166E-06   8.3301E-06   0.99838
FLUX  577   789.00        3.799651E+14   8.3177E-06   8.3344E-06   0.99799
FLUX  578   791.00        3.790044E+14   8.3131E-06   8.3386E-06   0.99694
FLUX  579   793.00        3.780485E+14   8.2735E-06   8.3428E-06   0.99170
FLUX  580   795.00        3.770975E+14   8.2856E-06   8.3468E-06   0.99266
FLUX  581   797.00        3.761512E+14   8.3415E-06   8.3507E-06   0.99890
FLUX  582   799.00        3.752096E+14   8.3454E-06   8.3545E-06   0.99890
FLUX  583   801.00        3.742728E+14   8.3268E-06   8.3583E-06   0.99624
FLUX  584   803.00        3.733406E+14   8.3388E-06   8.3619E-06   0.99724
FLUX  585   805.00        3.724130E+14   8.3276E-06   8.3654E-06   0.99548
FLUX  586   807.00        3.714901E+14   8.3562E-06   8.3688E-06   0.99849
FLUX  587   809.00        3.705717E+14   8.3305E-06   8.3722E-06   0.99503
FLUX  588   811.00        3.696578E+14   8.3663E-06   8.3754E-06   0.99892
FLUX  589   813.00        3.687485E+14   8.3754E-06   8.3785E-06   0.99963
FLUX  590   815.00        3.678436E+14   8.3743E-06   8.3816E-06   0.99913
FLUX  591   817.00        3.669431E+14   8.3761E-06   8.3846E-06   0.99899
FLUX  592   819.00        3.660470E+14   8.2962E-06   8.3875E-06   0.98911
FLUX  593   821.00        3.651553E+14   8.3456E-06   8.5361E-06   0.97769
FLUX  594   823.00        3.642679E+14   8.3266E-06   8.5390E-06   0.97512
FLUX  595   825.00        3.633848E+14   8.3521E-06   8.5418E-06   0.97779
FLUX  596   827.00        3.625060E+14   8.3943E-06   8.5446E-06   0.98241
FLUX  597   829.00        3.616315E+14   8.3921E-06   8.5472E-06   0.98185
FLUX  598   831.00        3.607611E+14   8.3716E-06   8.5498E-06   0.97916
FLUX  599   833.00        3.598950E+14   8.3094E-06   8.5523E-06   0.97160
FLUX  600   835.00        3.590329E+14   8.3859E-06   8.5547E-06   0.98027
FLUX  601   837.00        3.581750E+14   8.3781E-06   8.5570E-06   0.97909
FLUX  602   839.00        3.573212E+14   8.3277E-06   8.5593E-06   0.97295
FLUX  603   841.00        3.564715E+14   8.3809E-06   8.5614E-06   0.97891
FLUX  604   843.00        3.556257E+14   8.3756E-06   8.5635E-06   0.97805
FLUX  605   845.00        3.547840E+14   8.3672E-06   8.5656E-06   0.97684
FLUX  606   847.00        3.539463E+14   8.3103E-06   8.5675E-06   0.96998
FLUX  607   849.00        3.531125E+14   8.3844E-06   8.5694E-06   0.97842
FLUX  608   851.00        3.522826E+14   8.0302E-06   8.5712E-06   0.93687
FLUX  609   853.00        3.514566E+14   8.4074E-06   8.5730E-06   0.98069
FLUX  610   855.00        3.506345E+14   7.4992E-06   8.5746E-06   0.87458
FLUX  611   857.00        3.498162E+14   8.5003E-06   8.5762E-06   0.99114
FLUX  612   859.00        3.490017E+14   8.4009E-06   8.5778E-06   0.97939
FLUX  613   861.00        3.481911E+14   8.3063E-06   8.5792E-06   0.96819
FLUX  614   863.00        3.473841E+14   8.5235E-06   8.5806E-06   0.99335
FLUX  615   865.00        3.465809E+14   8.4861E-06   8.5819E-06   0.98883
FLUX  616   867.00        3.457814E+14   7.6051E-06   8.5832E-06   0.88605
FLUX  617   869.00        3.449856E+14   8.4399E-06   8.5844E-06   0.98317
FLUX  618   871.00        3.441935E+14   8.5488E-06   8.5855E-06   0.99572
FLUX  619   873.00        3.434049E+14   8.5314E-06   8.5866E-06   0.99357
FLUX  620   875.00        3.426200E+14   8.1764E-06   8.5876E-06   0.95212
FLUX  621   877.00        3.418387E+14   8.5277E-06   8.5885E-06   0.99292
FLUX  622   879.00        3.410609E+14   8.5504E-06   8.5894E-06   0.99546
FLUX  623   881.00        3.402866E+14   8.5012E-06   8.5902E-06   0.98964
FLUX  624   883.00        3.395159E+14   8.5130E-06   8.5910E-06   0.99093
FLUX  625   885.00        3.387486E+14   8.4861E-06   8.5916E-06   0.98772
FLUX  626   887.00        3.379848E+14   8.1707E-06   8.5923E-06   0.95094
FLUX  627   889.00        3.372244E+14   8.5576E-06   8.5928E-06   0.99590
FLUX  628   891.00        3.364675E+14   8.5562E-06   8.5933E-06   0.99568
FLUX  629   893.00        3.357139E+14   8.5278E-06   8.5938E-06   0.99232
FLUX  630   895.00        3.349637E+14   8.5559E-06   8.5942E-06   0.99555
FLUX  631   897.00        3.342168E+14   8.5694E-06   8.5945E-06   0.99708
FLUX  632   899.00        3.334733E+14   8.5638E-06   8.5948E-06   0.99639
FLUX  633   901.00        3.327331E+14   8.1650E-06   8.5950E-06   0.94997
FLUX  634   903.00        3.319961E+14   8.4759E-06   8.5951E-06   0.98613
FLUX  635   905.00        3.312624E+14   8.5855E-06   8.5952E-06   0.99888
FLUX  636   907.00        3.305320E+14   8.4921E-06   8.5952E-06   0.98801
FLUX  637   909.00        3.298047E+14   8.3919E-06   8.5951E-06   0.97635
FLUX  638   911.00        3.290807E+14   8.5139E-06   8.5950E-06   0.99056
FLUX  639   913.00        3.283598E+14   8.5779E-06   8.5949E-06   0.99802
FLUX  640   915.00        3.276421E+14   8.5822E-06   8.5947E-06   0.99855
FLUX  641   917.00        3.269275E+14   8.5788E-06   8.5944E-06   0.99818
FLUX  642   919.00        3.262160E+14   8.5850E-06   8.5941E-06   0.99894
FLUX  643   921.00        3.255076E+14   8.4908E-06   8.5937E-06   0.98802
FLUX  644   923.00        3.248023E+14   8.1080E-06   8.5933E-06   0.94352
FLUX  645   925.00        3.241000E+14   8.4519E-06   8.5929E-06   0.98359
FLUX  646   927.00        3.234008E+14   8.5463E-06   8.5924E-06   0.99463
FLUX  647   929.00        3.227045E+14   8.5770E-06   8.5919E-06   0.99826
FLUX  648   931.00        3.220113E+14   8.5834E-06   8.5914E-06   0.99908
FLUX  649   933.00        3.213210E+14   8.5778E-06   8.5908E-06   0.99849
FLUX  650   935.00        3.206337E+14   8.5751E-06   8.5902E-06   0.99824
FLUX  651   937.00        3.199493E+14   8.5698E-06   8.5895E-06   0.99770
FLUX  652   939.00        3.192678E+14   8.5778E-06   8.5888E-06   0.99872
FLUX  653   941.00        3.185893E+14   8.4269E-06   8.5880E-06   0.98124
FLUX  654   943.00        3.179136E+14   8.5507E-06   8.5872E-06   0.99576
FLUX  655   945.00        3.172407E+14   8.5474E-06   8.5863E-06   0.99547
FLUX  656   947.00        3.165707E+14   8.5767E-06   8.5854E-06   0.99898
FLUX  657   949.00        3.159036E+14   8.5813E-06   8.5845E-06   0.99963
FLUX  658   951.00        3.152392E+14   8.5706E-06   8.5835E-06   0.99849
FLUX  659   953.00        3.145776E+14   8.5280E-06   8.5825E-06   0.99365
FLUX  660   955.00        3.139188E+14   8.1349E-06   8.5814E-06   0.94797
FLUX  661   957.00        3.132628E+14   8.5302E-06   8.5803E-06   0.99417
FLUX  662   959.00        3.126095E+14   8.5699E-06   8.5791E-06   0.99893
FLUX  663   961.00        3.119589E+14   8.5385E-06   8.5779E-06   0.99541
FLUX  664   963.00        3.113110E+14   8.5127E-06   8.5766E-06   0.99254
FLUX  665   965.00        3.106658E+14   8.5370E-06   8.5753E-06   0.99553
FLUX  666   967.00        3.100233E+14   8.4994E-06   8.5740E-06   0.99129
FLUX  667   969.00        3.093834E+14   8.5467E-06   8.5726E-06   0.99697
FLUX  668   971.00        3.087461E+14   8.5607E-06   8.5712E-06   0.99878
FLUX  669   973.00        3.081115E+14   8.5583E-06   8.5698E-06   0.99866
FLUX  670   975.00        3.074795E+14   8.5274E-06   8.5683E-06   0.99522
FLUX  671   977.00        3.068501E+14   8.5505E-06   8.5668E-06   0.99810
FLUX  672   979.00        3.062232E+14   8.5449E-06   8.5652E-06   0.99763
FLUX  673   981.00        3.055989E+14   8.5550E-06   8.5636E-06   0.99899
FLUX  674   983.00        3.049771E+14   8.5526E-06   8.5620E-06   0.99890
FLUX  675   985.00        3.043579E+14   8.5445E-06   8.5604E-06   0.99814
FLUX  676   987.00        3.037411E+14   8.5354E-06   8.5587E-06   0.99728
FLUX  677   989.00        3.031269E+14   8.5182E-06   8.5570E-06   0.99547
FLUX  678   991.00        3.025151E+14   8.5291E-06   8.5552E-06   0.99694
FLUX  679   993.00        3.019058E+14   8.5410E-06   8.5534E-06   0.99855
FLUX  680   995.00        3.012990E+14   8.5429E-06   8.5516E-06   0.99898
FLUX  681   997.00        3.006946E+14   8.5431E-06   8.5498E-06   0.99922
FLUX  682   999.00        3.000926E+14   8.5408E-06   8.5479E-06   0.99917
FLUX  683  1002.50        2.990449E+14   8.4727E-06   8.5446E-06   0.99159
FLUX  684  1007.50        2.975608E+14   8.3622E-06   8.5397E-06   0.97921
FLUX  685  1012.50        2.960914E+14   8.5043E-06   8.5346E-06   0.99645
FLUX  686  1017.50        2.946364E+14   8.4985E-06   8.5295E-06   0.99637
FLUX  687  1022.50        2.931956E+14   8.5054E-06   8.5242E-06   0.99780
FLUX  688  1027.50        2.917689E+14   8.5139E-06   8.5188E-06   0.99942
FLUX  689  1032.50        2.903559E+14   8.4600E-06   8.5133E-06   0.99373
FLUX  690  1037.50        2.889566E+14   8.4845E-06   8.5077E-06   0.99728
FLUX  691  1042.50        2.875707E+14   8.4936E-06   8.5019E-06   0.99903
FLUX  692  1047.50        2.861981E+14   8.4352E-06   8.4959E-06   0.99285
FLUX  693  1052.50        2.848385E+14   8.4730E-06   8.4898E-06   0.99803
FLUX  694  1057.50        2.834917E+14   8.4541E-06   8.4834E-06   0.99654
FLUX  695  1062.50        2.821576E+14   8.4293E-06   8.4770E-06   0.99437
FLUX  696  1067.50        2.808361E+14   8.3420E-06   8.4704E-06   0.98484
FLUX  697  1072.50        2.795268E+14   8.4036E-06   8.4637E-06   0.99290
FLUX  698  1077.50        2.782297E+14   8.3973E-06   8.4570E-06   0.99294
FLUX  699  1082.50        2.769446E+14   8.3634E-06   8.4503E-06   0.98972
FLUX  700  1087.50        2.756713E+14   8.3766E-06   8.4435E-06   0.99207
FLUX  701  1092.50        2.744096E+14   8.1580E-06   8.4366E-06   0.96698
FLUX  702  1097.50        2.731595E+14   8.3392E-06   8.4297E-06   0.98927
FLUX  703  1102.50        2.719206E+14   8.4004E-06   8.4226E-06   0.99736
FLUX  704  1107.50        2.706930E+14   8.4085E-06   8.4154E-06   0.99918
FLUX  705  1112.50        2.694764E+14   8.3873E-06   8.4082E-06   0.99752
FLUX  706  1117.50        2.682707E+14   8.3723E-06   8.4008E-06   0.99660
FLUX  707  1122.50        2.670757E+14   8.3844E-06   8.3935E-06   0.99892
FLUX  708  1127.50        2.658914E+14   8.3290E-06   8.3861E-06   0.99318
FLUX  709  1132.50        2.647174E+14   8.3300E-06   8.3788E-06   0.99417
FLUX  710  1137.50        2.635538E+14   8.3408E-06   8.3714E-06   0.99634
FLUX  711  1142.50        2.624004E+14   8.3008E-06   8.3639E-06   0.99246
FLUX  712  1147.50        2.612571E+14   8.3474E-06   8.3563E-06   0.99892
FLUX  713  1152.50        2.601236E+14   8.3418E-06   8.3487E-06   0.99917
FLUX  714  1157.50        2.590000E+14   8.3214E-06   8.3410E-06   0.99765
FLUX  715  1162.50        2.578860E+14   8.2609E-06   8.3333E-06   0.99131
FLUX  716  1167.50        2.567816E+14   8.2534E-06   8.3256E-06   0.99133
FLUX  717  1172.50        2.556866E+14   8.3119E-06   8.3179E-06   0.99929
FLUX  718  1177.50        2.546008E+14   8.2185E-06   8.3102E-06   0.98897
FLUX  719  1182.50        2.535243E+14   8.2369E-06   8.3025E-06   0.99211
FLUX  720  1187.50        2.524568E+14   8.2073E-06   8.2947E-06   0.98947
FLUX  721  1192.50        2.513983E+14   8.2846E-06   8.2870E-06   0.99972
FLUX  722  1197.50        2.503486E+14   8.1822E-06   8.2792E-06   0.98829
FLUX  723  1202.50        2.493077E+14   8.2318E-06   8.2714E-06   0.99521
FLUX  724  1207.50        2.482754E+14   8.2121E-06   8.2636E-06   0.99377
FLUX  725  1212.50        2.472515E+14   8.2265E-06   8.2557E-06   0.99646
FLUX  726  1217.50        2.462361E+14   8.2434E-06   8.2478E-06   0.99946
FLUX  727  1222.50        2.452290E+14   8.2333E-06   8.2400E-06   0.99919
FLUX  728  1227.50        2.442301E+14   8.2102E-06   8.2321E-06   0.99734
FLUX  729  1232.50        2.432394E+14   8.2148E-06   8.2243E-06   0.99884
FLUX  730  1237.50        2.422566E+14   8.2051E-06   8.2165E-06   0.99861
FLUX  731  1242.50        2.412817E+14   8.2001E-06   8.2087E-06   0.99895
FLUX  732  1247.50        2.403146E+14   8.1961E-06   8.2010E-06   0.99940
FLUX  733  1252.50        2.393553E+14   8.1806E-06   8.1933E-06   0.99846
FLUX  734  1257.50        2.384036E+14   8.1627E-06   8.1855E-06   0.99721
FLUX  735  1262.50        2.374594E+14   8.1551E-06   8.1779E-06   0.99722
FLUX  736  1267.50        2.365227E+14   8.1582E-06   8.1702E-06   0.99853
FLUX  737  1272.50        2.355933E+14   8.1577E-06   8.1626E-06   0.99940
FLUX  738  1277.50        2.346712E+14   8.1288E-06   8.1551E-06   0.99677
FLUX  739  1282.50        2.337563E+14   7.7450E-06   8.1476E-06   0.95058
FLUX  740  1287.50        2.328485E+14   8.1168E-06   8.1402E-06   0.99712
FLUX  741  1292.50        2.319478E+14   8.1172E-06   8.1327E-06   0.99808
FLUX  742  1297.50        2.310539E+14   8.1182E-06   8.1253E-06   0.99912
FLUX  743  1302.50        2.301670E+14   8.1080E-06   8.1179E-06   0.99879
FLUX  744  1307.50        2.292868E+14   8.1064E-06   8.1105E-06   0.99950
FLUX  745  1312.50        2.284133E+14   8.0774E-06   8.1031E-06   0.99683
FLUX  746  1317.50        2.275465E+14   8.0602E-06   8.0957E-06   0.99561
FLUX  747  1322.50        2.266862E+14   8.0824E-06   8.0883E-06   0.99927
FLUX  748  1327.50        2.258324E+14   8.0571E-06   8.0809E-06   0.99705
FLUX  749  1332.50        2.249850E+14   8.0619E-06   8.0736E-06   0.99855
FLUX  750  1337.50        2.241439E+14   8.0528E-06   8.0662E-06   0.99833
FLUX  751  1342.50        2.233091E+14   8.0535E-06   8.0589E-06   0.99932
FLUX  752  1347.50        2.224805E+14   8.0452E-06   8.0516E-06   0.99921
FLUX  753  1352.50        2.216580E+14   8.0335E-06   8.0443E-06   0.99865
FLUX  754  1357.50        2.208416E+14   8.0115E-06   8.0371E-06   0.99682
FLUX  755  1362.50        2.200312E+14   8.0165E-06   8.0299E-06   0.99834
FLUX  756  1367.50        2.192267E+14   8.0085E-06   8.0226E-06   0.99824
FLUX  757  1372.50        2.184281E+14   7.9685E-06   8.0153E-06   0.99416
FLUX  758  1377.50        2.176352E+14   7.9836E-06   8.0080E-06   0.99695
FLUX  759  1382.50        2.168481E+14   7.9781E-06   8.0007E-06   0.99718
FLUX  760  1387.50        2.160667E+14   7.9841E-06   7.9933E-06   0.99885
FLUX  761  1392.50        2.152908E+14   7.9716E-06   7.9859E-06   0.99821
FLUX  762  1397.50        2.145206E+14   7.9658E-06   7.9785E-06   0.99841
FLUX  763  1402.50        2.137558E+14   7.9474E-06   7.9711E-06   0.99702
FLUX  764  1407.50        2.129964E+14   7.9544E-06   7.9637E-06   0.99883
FLUX  765  1412.50        2.122425E+14   7.9302E-06   7.9563E-06   0.99672
FLUX  766  1417.50        2.114938E+14   7.9398E-06   7.9488E-06   0.99887
FLUX  767  1422.50        2.107504E+14   7.9020E-06   7.9413E-06   0.99506
FLUX  768  1427.50        2.100123E+14   7.8834E-06   7.9336E-06   0.99367
FLUX  769  1432.50        2.092792E+14   7.9118E-06   7.9259E-06   0.99822
FLUX  770  1437.50        2.085513E+14   7.9126E-06   7.9180E-06   0.99931
FLUX  771  1442.50        2.078284E+14   7.7955E-06   7.9100E-06   0.98552
FLUX  772  1447.50        2.071105E+14   7.8917E-06   7.9020E-06   0.99870
FLUX  773  1452.50        2.063976E+14   7.8209E-06   7.8938E-06   0.99076
FLUX  774  1457.00        2.057601E+14   7.8520E-06   7.8864E-06   0.99564
FLUX  775  1462.00        2.050564E+14   7.8461E-06   8.0188E-06   0.97846
FLUX  776  1467.50        2.042879E+14   7.8533E-06   8.0117E-06   0.98024
FLUX  777  1472.50        2.035942E+14   7.8199E-06   8.0051E-06   0.97686
FLUX  778  1477.50        2.029052E+14   7.8083E-06   7.9983E-06   0.97624
FLUX  779  1482.50        2.022209E+14   7.8106E-06   7.9914E-06   0.97738
FLUX  780  1487.50        2.015412E+14   7.7514E-06   7.9842E-06   0.97084
FLUX  781  1492.50        2.008660E+14   7.8193E-06   7.9768E-06   0.98026
FLUX  782  1497.50        2.001953E+14   7.7923E-06   7.9692E-06   0.97779
FLUX  783  1502.50        1.995291E+14   7.7286E-06   7.9615E-06   0.97076
FLUX  784  1507.50        1.988673E+14   7.7160E-06   7.9534E-06   0.97015
FLUX  785  1512.50        1.982099E+14   7.7613E-06   7.9450E-06   0.97687
FLUX  786  1517.50        1.975568E+14   7.7543E-06   7.9364E-06   0.97705
FLUX  787  1522.50        1.969080E+14   7.7410E-06   7.9274E-06   0.97648
FLUX  788  1527.50        1.962635E+14   7.7024E-06   7.9181E-06   0.97276
FLUX  789  1532.50        1.956232E+14   7.6870E-06   7.9084E-06   0.97201
FLUX  790  1537.50        1.949870E+14   7.7191E-06   7.8983E-06   0.97730
FLUX  791  1542.50        1.943549E+14   7.6101E-06   7.8878E-06   0.96479
FLUX  792  1547.50        1.937270E+14   7.7042E-06   7.8769E-06   0.97808
FLUX  793  1552.50        1.931031E+14   7.7043E-06   7.8656E-06   0.97950
FLUX  794  1557.50        1.924831E+14   7.5188E-06   7.8537E-06   0.95736
FLUX  795  1562.50        1.918672E+14   7.7313E-06   7.8412E-06   0.98599
FLUX  796  1567.50        1.912552E+14   7.6199E-06   7.8281E-06   0.97340
FLUX  797  1572.50        1.906471E+14   7.4407E-06   7.8145E-06   0.95216
FLUX  798  1577.50        1.900428E+14   7.6329E-06   7.8003E-06   0.97853
FLUX  799  1582.50        1.894423E+14   7.6635E-06   7.7854E-06   0.98435
FLUX  800  1587.50        1.888457E+14   7.2099E-06   7.7697E-06   0.92795
FLUX  801  1592.50        1.882527E+14   7.6100E-06   7.7533E-06   0.98153
FLUX  802  1597.50        1.876635E+14   7.6519E-06   7.7361E-06   0.98912
FLUX  803  1605.00        1.867866E+14   7.5887E-06   7.7086E-06   0.98444
FLUX  804  1615.00        1.856300E+14   7.3444E-06   7.6683E-06   0.95775
FLUX  805  1625.00        1.844877E+14   7.5903E-06   7.6231E-06   0.99570
FLUX  806  1635.00        1.833593E+14   7.4531E-06   7.5704E-06   0.98451
FLUX  807  1645.00        1.822447E+14   7.1795E-06   7.5077E-06   0.95627
FLUX  808  1655.00        1.811435E+14   7.4165E-06   7.4386E-06   0.99702
FLUX  809  1665.00        1.800556E+14   7.3522E-06   7.3704E-06   0.99753
FLUX  810  1675.00        1.789806E+14   7.1999E-06   7.3031E-06   0.98587
FLUX  811  1685.00        1.779184E+14   6.9214E-06   7.2366E-06   0.95645
FLUX  812  1695.00        1.768687E+14   7.1625E-06   7.1710E-06   0.99880
FLUX  813  1705.00        1.758314E+14   7.0786E-06   7.1063E-06   0.99610
FLUX  814  1715.00        1.748061E+14   7.0195E-06   7.0424E-06   0.99674
FLUX  815  1725.00        1.737928E+14   6.9373E-06   6.9793E-06   0.99397
FLUX  816  1735.00        1.727911E+14   6.5623E-06   6.9171E-06   0.94871
FLUX  817  1745.00        1.718009E+14   6.7917E-06   6.8556E-06   0.99067
FLUX  818  1755.00        1.708219E+14   6.7710E-06   6.7949E-06   0.99648
FLUX  819  1765.00        1.698541E+14   6.7048E-06   6.7350E-06   0.99552
FLUX  820  1775.00        1.688972E+14   6.6563E-06   6.6758E-06   0.99709
FLUX  821  1785.00        1.679510E+14   6.6013E-06   6.6173E-06   0.99758
FLUX  822  1795.00        1.670153E+14   6.5533E-06   6.5596E-06   0.99904
FLUX  823  1805.00        1.660900E+14   6.4845E-06   6.5026E-06   0.99723
FLUX  824  1815.00        1.651749E+14   6.1651E-06   6.4463E-06   0.95638
FLUX  825  1825.00        1.642699E+14   6.3310E-06   6.3907E-06   0.99067
FLUX  826  1835.00        1.633747E+14   6.3212E-06   6.3357E-06   0.99772
FLUX  827  1845.00        1.624892E+14   6.2561E-06   6.2814E-06   0.99597
FLUX  828  1855.00        1.616132E+14   6.2113E-06   6.2278E-06   0.99735
FLUX  829  1865.00        1.607466E+14   6.1474E-06   6.1748E-06   0.99557
FLUX  830  1875.00        1.598893E+14   5.7973E-06   6.1224E-06   0.94689
FLUX  831  1885.00        1.590411E+14   6.0338E-06   6.0707E-06   0.99392
FLUX  832  1895.00        1.582018E+14   5.9586E-06   6.0196E-06   0.98986
FLUX  833  1905.00        1.573714E+14   5.9599E-06   5.9692E-06   0.99845
FLUX  834  1915.00        1.565496E+14   5.9065E-06   5.9193E-06   0.99784
FLUX  835  1925.00        1.557364E+14   5.8587E-06   5.8701E-06   0.99806
FLUX  836  1935.00        1.549315E+14   5.7935E-06   5.8214E-06   0.99522
FLUX  837  1945.00        1.541350E+14   5.5054E-06   5.7733E-06   0.95359
FLUX  838  1955.00        1.533465E+14   5.7018E-06   5.7258E-06   0.99581
FLUX  839  1965.00        1.525662E+14   5.6660E-06   5.6789E-06   0.99773
FLUX  840  1975.00        1.517937E+14   5.6025E-06   5.6326E-06   0.99465
FLUX  841  1985.00        1.510290E+14   5.5728E-06   5.5867E-06   0.99750
FLUX  842  1995.00        1.502719E+14   5.5280E-06   5.5415E-06   0.99757
FLUX  843  2005.00        1.495224E+14   5.4913E-06   5.4967E-06   0.99900
FLUX  844  2015.00        1.487804E+14   5.4510E-06   5.4525E-06   0.99972
FLUX  845  2025.00        1.480457E+14   5.3996E-06   5.4089E-06   0.99829
FLUX  846  2035.00        1.473182E+14   5.3468E-06   5.3657E-06   0.99648
FLUX  847  2045.00        1.465978E+14   5.3211E-06   5.3230E-06   0.99965
FLUX  848  2055.00        1.458844E+14   5.2772E-06   5.2809E-06   0.99931
FLUX  849  2065.00        1.451780E+14   5.2259E-06   5.2392E-06   0.99746
FLUX  850  2075.00        1.444783E+14   5.1912E-06   5.1980E-06   0.99870
FLUX  851  2085.00        1.437854E+14   5.1522E-06   5.1572E-06   0.99903
FLUX  852  2095.00        1.430990E+14   5.1032E-06   5.1169E-06   0.99732
FLUX  853  2105.00        1.424192E+14   5.0714E-06   5.0771E-06   0.99887
FLUX  854  2115.00        1.417459E+14   5.0275E-06   5.0377E-06   0.99797
FLUX  855  2125.00        1.410788E+14   4.9887E-06   4.9988E-06   0.99798
FLUX  856  2135.00        1.404180E+14   4.9520E-06   4.9603E-06   0.99835
FLUX  857  2145.00        1.397634E+14   4.9200E-06   4.9222E-06   0.99955
FLUX  858  2155.00        1.391148E+14   4.8783E-06   4.8845E-06   0.99872
FLUX  859  2165.00        1.384723E+14   4.6538E-06   4.8473E-06   0.96008
FLUX  860  2175.00        1.378356E+14   4.7919E-06   4.8105E-06   0.99612
FLUX  861  2185.00        1.372048E+14   4.7630E-06   4.7741E-06   0.99766
FLUX  862  2195.00        1.365797E+14   4.7369E-06   4.7381E-06   0.99974
FLUX  863  2205.00        1.359603E+14   4.6881E-06   4.7025E-06   0.99693
FLUX  864  2215.00        1.353465E+14   4.6591E-06   4.6673E-06   0.99824
FLUX  865  2225.00        1.347382E+14   4.6294E-06   4.6325E-06   0.99931
FLUX  866  2235.00        1.341353E+14   4.5950E-06   4.5981E-06   0.99933
FLUX  867  2245.00        1.335379E+14   4.5615E-06   4.5640E-06   0.99946
FLUX  868  2255.00        1.329457E+14   4.5154E-06   4.5303E-06   0.99670
FLUX  869  2265.00        1.323587E+14   4.4897E-06   4.4970E-06   0.99836
FLUX  870  2275.00        1.317769E+14   4.4603E-06   4.4640E-06   0.99916
FLUX  871  2285.00        1.312002E+14   4.4250E-06   4.4586E-06   0.99246
FLUX  872  2295.00        1.306285E+14   4.3938E-06   4.4260E-06   0.99273
FLUX  873  2305.00        1.300618E+14   4.3667E-06   4.3937E-06   0.99384
FLUX  874  2315.00        1.295000E+14   4.3330E-06   4.3618E-06   0.99340
FLUX  875  2325.00        1.289430E+14   4.3031E-06   4.3302E-06   0.99373
FLUX  876  2335.00        1.283908E+14   4.2704E-06   4.2990E-06   0.99336
FLUX  877  2345.00        1.278433E+14   4.2434E-06   4.2681E-06   0.99421
FLUX  878  2355.00        1.273004E+14   4.2110E-06   4.2375E-06   0.99374
FLUX  879  2365.00        1.267622E+14   4.1830E-06   4.2072E-06   0.99424
FLUX  880  2375.00        1.262284E+14   4.1506E-06   4.1773E-06   0.99362
FLUX  881  2385.00        1.256992E+14   4.1194E-06   4.1476E-06   0.99319
FLUX  882  2395.00        1.251743E+14   4.0935E-06   4.1183E-06   0.99398
FLUX  883  2405.00        1.246538E+14   4.0630E-06   4.0893E-06   0.99358
FLUX  884  2415.00        1.241377E+14   4.0321E-06   4.0606E-06   0.99298
FLUX  885  2425.00        1.236258E+14   4.0098E-06   4.0321E-06   0.99447
FLUX  886  2435.00        1.231181E+14   3.9734E-06   4.0040E-06   0.99236
FLUX  887  2445.00        1.226145E+14   3.9464E-06   3.9762E-06   0.99251
FLUX  888  2455.00        1.221151E+14   3.9216E-06   3.9486E-06   0.99317
FLUX  889  2465.00        1.216197E+14   3.8950E-06   3.9214E-06   0.99329
FLUX  890  2475.00        1.211283E+14   3.8659E-06   3.8944E-06   0.99268
FLUX  891  2485.00        1.206408E+14   3.8396E-06   3.8677E-06   0.99274
FLUX  892  2495.00        1.201573E+14   3.7954E-06   3.8412E-06   0.98806
FLUX  893  2505.00        1.196776E+14   3.8019E-06   3.8151E-06   0.99656
FLUX  894  2515.00        1.192018E+14   3.7760E-06   3.7892E-06   0.99653
FLUX  895  2525.00        1.187297E+14   3.7107E-06   3.7635E-06   0.98597
FLUX  896  2535.00        1.182613E+14   3.7258E-06   3.7381E-06   0.99670
FLUX  897  2545.00        1.177967E+14   3.7060E-06   3.7130E-06   0.99811
FLUX  898  2555.00        1.173356E+14   3.6751E-06   3.6881E-06   0.99646
FLUX  899  2565.00        1.168782E+14   3.5919E-06   3.6635E-06   0.98046
FLUX  900  2575.00        1.164243E+14   3.6324E-06   3.6391E-06   0.99818
FLUX  901  2585.00        1.159739E+14   3.6005E-06   3.6149E-06   0.99601
FLUX  902  2595.00        1.155270E+14   3.5874E-06   3.5910E-06   0.99901
FLUX  903  2605.00        1.150835E+14   3.5554E-06   3.5673E-06   0.99665
FLUX  904  2615.00        1.146434E+14   3.4649E-06   3.5438E-06   0.97773
FLUX  905  2625.00        1.142067E+14   3.3920E-06   3.5206E-06   0.96346
FLUX  906  2635.00        1.137732E+14   3.4852E-06   3.4976E-06   0.99646
FLUX  907  2645.00        1.133431E+14   3.4679E-06   3.4748E-06   0.99802
FLUX  908  2655.00        1.129162E+14   3.4443E-06   3.4522E-06   0.99769
FLUX  909  2665.00        1.124925E+14   3.4097E-06   3.4299E-06   0.99411
FLUX  910  2675.00        1.120720E+14   3.3211E-06   3.4077E-06   0.97457
FLUX  911  2685.00        1.116546E+14   3.3813E-06   3.3858E-06   0.99866
FLUX  912  2695.00        1.112403E+14   3.3630E-06   3.3641E-06   0.99968
FLUX  913  2705.00        1.108290E+14   3.3402E-06   3.3426E-06   0.99928
FLUX  914  2715.00        1.104208E+14   3.3197E-06   3.3213E-06   0.99953
FLUX  915  2725.00        1.100156E+14   3.2986E-06   3.3002E-06   0.99952
FLUX  916  2735.00        1.096133E+14   3.2782E-06   3.2792E-06   0.99968
FLUX  917  2745.00        1.092140E+14   3.2577E-06   3.2585E-06   0.99976
FLUX  918  2755.00        1.088176E+14   3.1598E-06   3.2380E-06   0.97585
FLUX  919  2765.00        1.084241E+14   3.2019E-06   3.2177E-06   0.99510
FLUX  920  2775.00        1.080333E+14   3.1960E-06   3.1976E-06   0.99952
FLUX  921  2785.00        1.076454E+14   3.1764E-06   3.1776E-06   0.99961
FLUX  922  2795.00        1.072603E+14   3.1575E-06   3.1578E-06   0.99989
FLUX  923  2805.00        1.068779E+14   3.1376E-06   3.1383E-06   0.99980
FLUX  924  2815.00        1.064982E+14   3.1184E-06   3.1189E-06   0.99987
FLUX  925  2825.00        1.061212E+14   3.0991E-06   3.0996E-06   0.99982
FLUX  926  2835.00        1.057469E+14   3.0805E-06   3.0806E-06   0.99998
FLUX  927  2845.00        1.053752E+14   3.0597E-06   3.0617E-06   0.99936
FLUX  928  2855.00        1.050061E+14   3.0424E-06   3.0430E-06   0.99980
FLUX  929  2865.00        1.046396E+14   3.0174E-06   3.0244E-06   0.99766
FLUX  930  2875.00        1.042757E+14   2.9280E-06   3.0061E-06   0.97401
FLUX  931  2885.00        1.039142E+14   2.9859E-06   2.9879E-06   0.99935
FLUX  932  2895.00        1.035553E+14   2.9693E-06   2.9698E-06   0.99983
FLUX  933  2905.00        1.031988E+14   2.9513E-06   2.9519E-06   0.99978
FLUX  934  2915.00        1.028448E+14   2.9328E-06   2.9342E-06   0.99953
FLUX  935  2925.00        1.024932E+14   2.9144E-06   2.9167E-06   0.99923
FLUX  936  2935.00        1.021440E+14   2.8987E-06   2.8992E-06   0.99980
FLUX  937  2945.00        1.017971E+14   2.8804E-06   2.8820E-06   0.99946
FLUX  938  2955.00        1.014526E+14   2.8645E-06   2.8649E-06   0.99984
FLUX  939  2965.00        1.011105E+14   2.8475E-06   2.8479E-06   0.99985
FLUX  940  2975.00        1.007706E+14   2.8306E-06   2.8311E-06   0.99979
FLUX  941  2985.00        1.004330E+14   2.8142E-06   2.8145E-06   0.99991
FLUX  942  2995.00        1.000977E+14   2.7969E-06   2.7980E-06   0.99961
FLUX  943  3005.00        9.976456E+13   2.7806E-06   2.7816E-06   0.99962
FLUX  944  3015.00        9.943367E+13   2.7649E-06   2.7654E-06   0.99982
FLUX  945  3025.00        9.910496E+13   2.7485E-06   2.7493E-06   0.99968
FLUX  946  3035.00        9.877842E+13   2.6753E-06   2.7334E-06   0.97875
FLUX  947  3045.00        9.845402E+13   2.6999E-06   2.7176E-06   0.99351
FLUX  948  3055.00        9.813175E+13   2.7009E-06   2.7019E-06   0.99964
FLUX  949  3065.00        9.781158E+13   2.6844E-06   2.6863E-06   0.99930
FLUX  950  3075.00        9.749350E+13   2.6705E-06   2.6708E-06   0.99988
FLUX  951  3085.00        9.717747E+13   2.6533E-06   2.6555E-06   0.99917
FLUX  952  3095.00        9.686349E+13   2.6385E-06   2.6404E-06   0.99929
FLUX  953  3105.00        9.655153E+13   2.6241E-06   2.6253E-06   0.99955
FLUX  954  3115.00        9.624157E+13   2.6027E-06   2.6104E-06   0.99706
FLUX  955  3125.00        9.593360E+13   2.5940E-06   2.5956E-06   0.99939
FLUX  956  3135.00        9.562759E+13   2.5795E-06   2.5809E-06   0.99946
FLUX  957  3145.00        9.532353E+13   2.5651E-06   2.5664E-06   0.99949
FLUX  958  3155.00        9.502139E+13   2.5488E-06   2.5519E-06   0.99878
FLUX  959  3165.00        9.472117E+13   2.5370E-06   2.5376E-06   0.99975
FLUX  960  3175.00        9.442283E+13   2.5215E-06   2.5234E-06   0.99925
FLUX  961  3185.00        9.412637E+13   2.5085E-06   2.5094E-06   0.99967
FLUX  962  3195.00        9.383177E+13   2.4951E-06   2.4954E-06   0.99989
FLUX  963  3210.00        9.339330E+13   2.4736E-06   2.4747E-06   0.99958
FLUX  964  3230.00        9.281502E+13   2.4469E-06   2.4474E-06   0.99976
FLUX  965  3250.00        9.224385E+13   2.4200E-06   2.4207E-06   0.99973
FLUX  966  3270.00        9.167966E+13   2.3935E-06   2.3943E-06   0.99968
FLUX  967  3290.00        9.112234E+13   2.3339E-06   2.3718E-06   0.98405
FLUX  968  3310.00        9.057175E+13   2.3382E-06   2.3462E-06   0.99658
FLUX  969  3330.00        9.002778E+13   2.3163E-06   2.3210E-06   0.99798
FLUX  970  3350.00        8.949030E+13   2.2938E-06   2.2962E-06   0.99892
FLUX  971  3370.00        8.895920E+13   2.2682E-06   2.2718E-06   0.99839
FLUX  972  3390.00        8.843437E+13   2.2434E-06   2.2478E-06   0.99800
FLUX  973  3410.00        8.791569E+13   2.2198E-06   2.2242E-06   0.99801
FLUX  974  3430.00        8.740306E+13   2.1990E-06   2.2010E-06   0.99910
FLUX  975  3450.00        8.689638E+13   2.1768E-06   2.1781E-06   0.99944
FLUX  976  3470.00        8.639553E+13   2.1542E-06   2.1555E-06   0.99938
FLUX  977  3490.00        8.590043E+13   2.1322E-06   2.1333E-06   0.99946
FLUX  978  3510.00        8.541097E+13   2.1099E-06   2.1115E-06   0.99924
FLUX  979  3530.00        8.492705E+13   2.0877E-06   2.0900E-06   0.99892
FLUX  980  3550.00        8.444859E+13   2.0670E-06   2.0688E-06   0.99913
FLUX  981  3570.00        8.397549E+13   2.0448E-06   2.0479E-06   0.99848
FLUX  982  3590.00        8.350766E+13   2.0258E-06   2.0273E-06   0.99924
FLUX  983  3610.00        8.304501E+13   2.0046E-06   2.0071E-06   0.99878
FLUX  984  3630.00        8.258747E+13   1.9866E-06   1.9871E-06   0.99971
FLUX  985  3650.00        8.213493E+13   1.9631E-06   1.9675E-06   0.99777
FLUX  986  3670.00        8.168733E+13   1.9462E-06   1.9481E-06   0.99902
FLUX  987  3690.00        8.124458E+13   1.9218E-06   1.9290E-06   0.99626
FLUX  988  3710.00        8.080660E+13   1.9071E-06   1.9102E-06   0.99836
FLUX  989  3730.00        8.037332E+13   1.8834E-06   1.8917E-06   0.99564
FLUX  990  3750.00        7.994467E+13   1.8486E-06   1.8734E-06   0.98677
FLUX  991  3770.00        7.952056E+13   1.8537E-06   1.8554E-06   0.99909
FLUX  992  3790.00        7.910092E+13   1.8362E-06   1.8377E-06   0.99920
FLUX  993  3810.00        7.868570E+13   1.8145E-06   1.8202E-06   0.99687
FLUX  994  3830.00        7.827480E+13   1.8001E-06   1.8029E-06   0.99846
FLUX  995  3850.00        7.786818E+13   1.7854E-06   1.7859E-06   0.99973
FLUX  996  3870.00        7.746576E+13   1.7676E-06   1.7691E-06   0.99915
FLUX  997  3890.00        7.706748E+13   1.7513E-06   1.7526E-06   0.99926
FLUX  998  3910.00        7.667327E+13   1.7276E-06   1.7363E-06   0.99500
FLUX  999  3930.00        7.628308E+13   1.7197E-06   1.7202E-06   0.99966
FLUX 1000  3950.00        7.589684E+13   1.7032E-06   1.7044E-06   0.99931
FLUX 1001  3970.00        7.551448E+13   1.6883E-06   1.6887E-06   0.99975
FLUX 1002  3990.00        7.513596E+13   1.6710E-06   1.6733E-06   0.99860
FLUX 1003  4010.00        7.476122E+13   1.6539E-06   1.6581E-06   0.99748
FLUX 1004  4030.00        7.439020E+13   1.6347E-06   1.6431E-06   0.99492
FLUX 1005  4050.00        7.402284E+13   1.6098E-06   1.6283E-06   0.98867
FLUX 1006  4070.00        7.365909E+13   1.6127E-06   1.6137E-06   0.99939
FLUX 1007  4090.00        7.329890E+13   1.5982E-06   1.5993E-06   0.99935
FLUX 1008  4110.00        7.294221E+13   1.5847E-06   1.5850E-06   0.99978
FLUX 1009  4130.00        7.258898E+13   1.5708E-06   1.5710E-06   0.99987
FLUX 1010  4150.00        7.223916E+13   1.5564E-06   1.5572E-06   0.99950
FLUX 1011  4170.00        7.189269E+13   1.5322E-06   1.5435E-06   0.99270
FLUX 1012  4190.00        7.154952E+13   1.5293E-06   1.5300E-06   0.99952
FLUX 1013  4210.00        7.120962E+13   1.5143E-06   1.5167E-06   0.99841
FLUX 1014  4230.00        7.087293E+13   1.5035E-06   1.5036E-06   0.99998
FLUX 1015  4250.00        7.053941E+13   1.4901E-06   1.4906E-06   0.99963
FLUX 1016  4270.00        7.020902E+13   1.4777E-06   1.4778E-06   0.99992
FLUX 1017  4290.00        6.988170E+13   1.4643E-06   1.4652E-06   0.99941
FLUX 1018  4310.00        6.955742E+13   1.4508E-06   1.4527E-06   0.99869
FLUX 1019  4330.00        6.923614E+13   1.4381E-06   1.4404E-06   0.99840
FLUX 1020  4350.00        6.891782E+13   1.4248E-06   1.4282E-06   0.99763
FLUX 1021  4370.00        6.860240E+13   1.4016E-06   1.4162E-06   0.98971
FLUX 1022  4390.00        6.828986E+13   1.3997E-06   1.4044E-06   0.99669
FLUX 1023  4410.00        6.798016E+13   1.3867E-06   1.3926E-06   0.99575
FLUX 1024  4430.00        6.767325E+13   1.3755E-06   1.3811E-06   0.99597
FLUX 1025  4450.00        6.736910E+13   1.3640E-06   1.3697E-06   0.99589
FLUX 1026  4470.00        6.706767E+13   1.3524E-06   1.3589E-06   0.99523
FLUX 1027  4490.00        6.676893E+13   1.3418E-06   1.3478E-06   0.99557
FLUX 1028  4510.00        6.647284E+13   1.3303E-06   1.3368E-06   0.99514
FLUX 1029  4530.00        6.617936E+13   1.3195E-06   1.3259E-06   0.99517
FLUX 1030  4550.00        6.588846E+13   1.3092E-06   1.3151E-06   0.99551
FLUX 1031  4570.00        6.560011E+13   1.2990E-06   1.3045E-06   0.99577
FLUX 1032  4590.00        6.531427E+13   1.2879E-06   1.2940E-06   0.99530
FLUX 1033  4610.00        6.503091E+13   1.2788E-06   1.2836E-06   0.99619
FLUX 1034  4630.00        6.475000E+13   1.2684E-06   1.2734E-06   0.99604
FLUX 1035  4650.00        6.447151E+13   1.2469E-06   1.2633E-06   0.98707
FLUX 1036  4670.00        6.419540E+13   1.2398E-06   1.2533E-06   0.98926
FLUX 1037  4690.00        6.392164E+13   1.2397E-06   1.2434E-06   0.99705
FLUX 1038  4710.00        6.365021E+13   1.2303E-06   1.2336E-06   0.99734
FLUX 1039  4730.00        6.338108E+13   1.2212E-06   1.2240E-06   0.99772
FLUX 1040  4750.00        6.311421E+13   1.2114E-06   1.2144E-06   0.99751
FLUX 1041  4770.00        6.284958E+13   1.2022E-06   1.2050E-06   0.99765
FLUX 1042  4790.00        6.258716E+13   1.1932E-06   1.1957E-06   0.99790
FLUX 1043  4810.00        6.232692E+13   1.1836E-06   1.1865E-06   0.99756
FLUX 1044  4830.00        6.206884E+13   1.1749E-06   1.1774E-06   0.99793
FLUX 1045  4850.00        6.181289E+13   1.1656E-06   1.1684E-06   0.99768
FLUX 1046  4870.00        6.155903E+13   1.1568E-06   1.1595E-06   0.99771
FLUX 1047  4890.00        6.130726E+13   1.1479E-06   1.1507E-06   0.99763
FLUX 1048  4910.00        6.105754E+13   1.1395E-06   1.1420E-06   0.99783
FLUX 1049  4930.00        6.080984E+13   1.1306E-06   1.1334E-06   0.99757
FLUX 1050  4950.00        6.056414E+13   1.1223E-06   1.1249E-06   0.99771
FLUX 1051  4970.00        6.032042E+13   1.1135E-06   1.1165E-06   0.99735
FLUX 1052  4990.00        6.007866E+13   1.1061E-06   1.1081E-06   0.99816
FLUX 1053  5010.00        5.983882E+13   1.0973E-06   1.0999E-06   0.99758
FLUX 1054  5030.00        5.960089E+13   1.0894E-06   1.0918E-06   0.99778
FLUX 1055  5050.00        5.936485E+13   1.0810E-06   1.0837E-06   0.99751
FLUX 1056  5070.00        5.913067E+13   1.0734E-06   1.0758E-06   0.99780
FLUX 1057  5090.00        5.889833E+13   1.0655E-06   1.0679E-06   0.99770
FLUX 1058  5110.00        5.866781E+13   1.0577E-06   1.0602E-06   0.99767
FLUX 1059  5130.00        5.843908E+13   1.0428E-06   1.0525E-06   0.99083
FLUX 1060  5150.00        5.821214E+13   1.0427E-06   1.0448E-06   0.99798
FLUX 1061  5170.00        5.798694E+13   1.0350E-06   1.0373E-06   0.99775
FLUX 1062  5190.00        5.776349E+13   1.0279E-06   1.0299E-06   0.99811
FLUX 1063  5210.00        5.754175E+13   1.0205E-06   1.0225E-06   0.99801
FLUX 1064  5230.00        5.732170E+13   1.0132E-06   1.0152E-06   0.99805
FLUX 1065  5250.00        5.710333E+13   1.0064E-06   1.0080E-06   0.99836
FLUX 1066  5270.00        5.688662E+13   9.9845E-07   1.0009E-06   0.99758
FLUX 1067  5290.00        5.667155E+13   9.9208E-07   9.9381E-07   0.99826
FLUX 1068  5310.00        5.645810E+13   9.8544E-07   9.8682E-07   0.99859
FLUX 1069  5330.00        5.624625E+13   9.7840E-07   9.7991E-07   0.99846
FLUX 1070  5350.00        5.603598E+13   9.7178E-07   9.7307E-07   0.99867
FLUX 1071  5370.00        5.582728E+13   9.6402E-07   9.6630E-07   0.99763
FLUX 1072  5390.00        5.562013E+13   9.5779E-07   9.5961E-07   0.99811
FLUX 1073  5410.00        5.541451E+13   9.5191E-07   9.5298E-07   0.99888
FLUX 1074  5430.00        5.521041E+13   9.4502E-07   9.4642E-07   0.99852
FLUX 1075  5450.00        5.500780E+13   9.3893E-07   9.3992E-07   0.99894
FLUX 1076  5470.00        5.480667E+13   9.3188E-07   9.3350E-07   0.99827
FLUX 1077  5490.00        5.460701E+13   9.2606E-07   9.2714E-07   0.99884
FLUX 1078  5510.00        5.440880E+13   9.1997E-07   9.2084E-07   0.99906
FLUX 1079  5530.00        5.421203E+13   9.1205E-07   9.1461E-07   0.99720
FLUX 1080  5550.00        5.401667E+13   9.0760E-07   9.0844E-07   0.99907
FLUX 1081  5570.00        5.382271E+13   9.0173E-07   9.0234E-07   0.99933
FLUX 1082  5590.00        5.363014E+13   8.9500E-07   8.9629E-07   0.99856
FLUX 1083  5610.00        5.343895E+13   8.8963E-07   8.9031E-07   0.99924
FLUX 1084  5630.00        5.324911E+13   8.8361E-07   8.8438E-07   0.99913
FLUX 1085  5650.00        5.306062E+13   8.7806E-07   8.7851E-07   0.99948
FLUX 1086  5670.00        5.287346E+13   8.7228E-07   8.7271E-07   0.99952
FLUX 1087  5690.00        5.268761E+13   8.6636E-07   8.6696E-07   0.99931
FLUX 1088  5710.00        5.250306E+13   8.5846E-07   8.6126E-07   0.99675
FLUX 1089  5730.00        5.231981E+13   8.5525E-07   8.5562E-07   0.99957
FLUX 1090  5750.00        5.213783E+13   8.4968E-07   8.5004E-07   0.99957
FLUX 1091  5770.00        5.195711E+13   8.4413E-07   8.4451E-07   0.99955
FLUX 1092  5790.00        5.177763E+13   8.3867E-07   8.3904E-07   0.99955
FLUX 1093  5810.00        5.159940E+13   8.3329E-07   8.3362E-07   0.99961
FLUX 1094  5830.00        5.142238E+13   8.2798E-07   8.2825E-07   0.99967
FLUX 1095  5850.00        5.124658E+13   8.2281E-07   8.2304E-07   0.99971
FLUX 1096  5870.00        5.107198E+13   8.1747E-07   8.1778E-07   0.99962
FLUX 1097  5890.00        5.089856E+13   8.1200E-07   8.1256E-07   0.99931
FLUX 1098  5910.00        5.072631E+13   8.0186E-07   8.0739E-07   0.99315
FLUX 1099  5930.00        5.055523E+13   8.0201E-07   8.0228E-07   0.99967
FLUX 1100  5950.00        5.038529E+13   7.9350E-07   7.9721E-07   0.99535
FLUX 1101  5970.00        5.021650E+13   7.9177E-07   7.9218E-07   0.99947
FLUX 1102  5990.00        5.004883E+13   7.8700E-07   7.8721E-07   0.99973
FLUX 1103  6010.00        4.988228E+13   7.8200E-07   7.8228E-07   0.99964
FLUX 1104  6030.00        4.971683E+13   7.7725E-07   7.7740E-07   0.99980
FLUX 1105  6050.00        4.955248E+13   7.7243E-07   7.7257E-07   0.99983
FLUX 1106  6070.00        4.938921E+13   7.6758E-07   7.6778E-07   0.99975
FLUX 1107  6090.00        4.922701E+13   7.6276E-07   7.6303E-07   0.99965
FLUX 1108  6110.00        4.906588E+13   7.5783E-07   7.5833E-07   0.99935
FLUX 1109  6130.00        4.890579E+13   7.5349E-07   7.5367E-07   0.99977
FLUX 1110  6150.00        4.874675E+13   7.4898E-07   7.4905E-07   0.99990
FLUX 1111  6170.00        4.858874E+13   7.4439E-07   7.4448E-07   0.99989
FLUX 1112  6190.00        4.843174E+13   7.3986E-07   7.3994E-07   0.99989
FLUX 1113  6210.00        4.827576E+13   7.3538E-07   7.3545E-07   0.99990
FLUX 1114  6230.00        4.812079E+13   7.3055E-07   7.3100E-07   0.99938
FLUX 1115  6250.00        4.796680E+13   7.2644E-07   7.2659E-07   0.99980
FLUX 1116  6270.00        4.781380E+13   7.2206E-07   7.2222E-07   0.99978
FLUX 1117  6290.00        4.766176E+13   7.1470E-07   7.1789E-07   0.99556
FLUX 1118  6310.00        4.751070E+13   7.1332E-07   7.1360E-07   0.99961
FLUX 1119  6330.00        4.736058E+13   7.0930E-07   7.0934E-07   0.99993
FLUX 1120  6350.00        4.721142E+13   7.0507E-07   7.0513E-07   0.99992
FLUX 1121  6370.00        4.706319E+13   7.0086E-07   7.0095E-07   0.99988
FLUX 1122  6390.00        4.691588E+13   6.9670E-07   6.9681E-07   0.99985
FLUX 1123  6420.00        4.669665E+13   6.9062E-07   6.9066E-07   0.99994
FLUX 1124  6460.00        4.640751E+13   6.8248E-07   6.8260E-07   0.99983
FLUX 1125  6500.00        4.612192E+13   6.7452E-07   6.7467E-07   0.99977
FLUX 1126  6540.00        4.583983E+13   6.6686E-07   6.6688E-07   0.99997
FLUX 1127  6580.00        4.556117E+13   6.5921E-07   6.5923E-07   0.99997
FLUX 1128  6620.00        4.528588E+13   6.5166E-07   6.5171E-07   0.99992
FLUX 1129  6660.00        4.501389E+13   6.4430E-07   6.4431E-07   0.99998
FLUX 1130  6700.00        4.474515E+13   6.3699E-07   6.3704E-07   0.99993
FLUX 1131  6740.00        4.447960E+13   6.2980E-07   6.2989E-07   0.99986
FLUX 1132  6780.00        4.421718E+13   6.2141E-07   6.2287E-07   0.99767
FLUX 1133  6820.00        4.395784E+13   6.1591E-07   6.1596E-07   0.99993
FLUX 1134  6860.00        4.370153E+13   6.0913E-07   6.0916E-07   0.99994
FLUX 1135  6900.00        4.344819E+13   6.0243E-07   6.0248E-07   0.99993
FLUX 1136  6940.00        4.319777E+13   5.9580E-07   5.9590E-07   0.99984
FLUX 1137  6980.00        4.295021E+13   5.8942E-07   5.8943E-07   0.99997
FLUX 1138  7020.00        4.270548E+13   5.8297E-07   5.8307E-07   0.99983
FLUX 1139  7060.00        4.246353E+13   5.7677E-07   5.7681E-07   0.99994
FLUX 1140  7100.00        4.222430E+13   5.7059E-07   5.7065E-07   0.99989
FLUX 1141  7140.00        4.198775E+13   5.6457E-07   5.6459E-07   0.99997
FLUX 1142  7180.00        4.175383E+13   5.5859E-07   5.5862E-07   0.99994
FLUX 1143  7220.00        4.152251E+13   5.5269E-07   5.5275E-07   0.99988
FLUX 1144  7260.00        4.129373E+13   5.4681E-07   5.4697E-07   0.99971
FLUX 1145  7300.00        4.106747E+13   5.4128E-07   5.4128E-07   0.99999
FLUX 1146  7340.00        4.084366E+13   5.3563E-07   5.3568E-07   0.99990
FLUX 1147  7380.00        4.062229E+13   5.3016E-07   5.3017E-07   0.99998
FLUX 1148  7420.00        4.040330E+13   5.2470E-07   5.2474E-07   0.99992
FLUX 1149  7460.00        4.018666E+13   5.1740E-07   5.1939E-07   0.99616
FLUX 1150  7500.00        3.997233E+13   5.1113E-07   5.1413E-07   0.99417
FLUX 1151  7540.00        3.976028E+13   5.0890E-07   5.0894E-07   0.99992
FLUX 1152  7580.00        3.955046E+13   5.0382E-07   5.0384E-07   0.99997
FLUX 1153  7620.00        3.934285E+13   4.9878E-07   4.9881E-07   0.99996
FLUX 1154  7660.00        3.913740E+13   4.9384E-07   4.9385E-07   0.99999
FLUX 1155  7700.00        3.893409E+13   4.8893E-07   4.8897E-07   0.99993
FLUX 1156  7740.00        3.873288E+13   4.8415E-07   4.8416E-07   0.99999
FLUX 1157  7780.00        3.853374E+13   4.7911E-07   4.7942E-07   0.99936
FLUX 1158  7820.00        3.833664E+13   4.7474E-07   4.7475E-07   0.99999
FLUX 1159  7860.00        3.814154E+13   4.7014E-07   4.7015E-07   0.99999
FLUX 1160  7900.00        3.794842E+13   4.6561E-07   4.6561E-07   0.99999
FLUX 1161  7940.00        3.775724E+13   4.6113E-07   4.6114E-07   0.99999
FLUX 1162  7980.00        3.756798E+13   4.5673E-07   4.5673E-07   0.99999
FLUX 1163  8020.00        3.738061E+13   4.5236E-07   4.5239E-07   0.99994
FLUX 1164  8060.00        3.719510E+13   4.4808E-07   4.4811E-07   0.99993
FLUX 1165  8100.00        3.701142E+13   4.4388E-07   4.4389E-07   0.99999
FLUX 1166  8140.00        3.682955E+13   4.3927E-07   4.3973E-07   0.99895
FLUX 1167  8180.00        3.664945E+13   4.3558E-07   4.3562E-07   0.99991
FLUX 1168  8220.00        3.647111E+13   4.3157E-07   4.3158E-07   0.99999
FLUX 1169  8260.00        3.629449E+13   4.2758E-07   4.2759E-07   0.99998
FLUX 1170  8300.00        3.611958E+13   4.2365E-07   4.2365E-07   0.99998
FLUX 1171  8340.00        3.594634E+13   4.1973E-07   4.1977E-07   0.99989
FLUX 1172  8380.00        3.577476E+13   4.1591E-07   4.1594E-07   0.99993
FLUX 1173  8420.00        3.560481E+13   4.1216E-07   4.1217E-07   0.99998
FLUX 1174  8460.00        3.543647E+13   4.0844E-07   4.0844E-07   0.99999
FLUX 1175  8500.00        3.526971E+13   4.0477E-07   4.0477E-07   0.99999
FLUX 1176  8540.00        3.510451E+13   4.0114E-07   4.0115E-07   0.99999
FLUX 1177  8580.00        3.494085E+13   3.9756E-07   3.9757E-07   0.99998
FLUX 1178  8620.00        3.477871E+13   3.9403E-07   3.9404E-07   0.99997
FLUX 1179  8660.00        3.461807E+13   3.9005E-07   3.9056E-07   0.99871
FLUX 1180  8700.00        3.445891E+13   3.8712E-07   3.8712E-07   0.99999
FLUX 1181  8740.00        3.430120E+13   3.8330E-07   3.8373E-07   0.99889
FLUX 1182  8780.00        3.414493E+13   3.7992E-07   3.8038E-07   0.99879
FLUX 1183  8820.00        3.399008E+13   3.7706E-07   3.7708E-07   0.99993
FLUX 1184  8860.00        3.383663E+13   3.7379E-07   3.7382E-07   0.99993
FLUX 1185  8900.00        3.368455E+13   3.7058E-07   3.7060E-07   0.99993
FLUX 1186  8940.00        3.353384E+13   3.6741E-07   3.6743E-07   0.99996
FLUX 1187  8980.00        3.338447E+13   3.6425E-07   3.6429E-07   0.99989
FLUX 1188  9020.00        3.323642E+13   3.6117E-07   3.6119E-07   0.99994
FLUX 1189  9060.00        3.308968E+13   3.5813E-07   3.5814E-07   0.99999
FLUX 1190  9100.00        3.294423E+13   3.5508E-07   3.5512E-07   0.99990
FLUX 1191  9140.00        3.280005E+13   3.5211E-07   3.5214E-07   0.99991
FLUX 1192  9180.00        3.265714E+13   3.4919E-07   3.4920E-07   0.99998
FLUX 1193  9220.00        3.251546E+13   3.4629E-07   3.4629E-07   0.99999
FLUX 1194  9260.00        3.237500E+13   3.4341E-07   3.4342E-07   0.99997
FLUX 1195  9300.00        3.223575E+13   3.4059E-07   3.4059E-07   1.00000
FLUX 1196  9340.00        3.209770E+13   3.3778E-07   3.3779E-07   0.99997
FLUX 1197  9380.00        3.196082E+13   3.3450E-07   3.3502E-07   0.99844
FLUX 1198  9420.00        3.182511E+13   3.3229E-07   3.3229E-07   0.99999
FLUX 1199  9460.00        3.169054E+13   3.2958E-07   3.2959E-07   0.99997
FLUX 1200  9500.00        3.155711E+13   3.2692E-07   3.2693E-07   0.99998
FLUX 1201  9540.00        3.142479E+13   3.2426E-07   3.2430E-07   0.99988
FLUX 1202  9580.00        3.129358E+13   3.2168E-07   3.2170E-07   0.99994
FLUX 1203  9620.00        3.116346E+13   3.1911E-07   3.1913E-07   0.99995
FLUX 1204  9660.00        3.103442E+13   3.1657E-07   3.1659E-07   0.99994
FLUX 1205  9700.00        3.090644E+13   3.1408E-07   3.1408E-07   0.99999
FLUX 1206  9740.00        3.077952E+13   3.1156E-07   3.1160E-07   0.99989
FLUX 1207  9780.00        3.065363E+13   3.0911E-07   3.0915E-07   0.99988
FLUX 1208  9820.00        3.052877E+13   3.0672E-07   3.0673E-07   0.99997
FLUX 1209  9860.00        3.040492E+13   3.0428E-07   3.0433E-07   0.99981
FLUX 1210  9900.00        3.028207E+13   3.0196E-07   3.0197E-07   0.99996
FLUX 1211  9940.00        3.016021E+13   2.9960E-07   2.9963E-07   0.99991
FLUX 1212  9980.00        3.003933E+13   2.9731E-07   2.9732E-07   0.99998
FLUX 1213 10020.00        2.991941E+13   2.9503E-07   2.9504E-07   0.99998
FLUX 1214 20000.00        1.498963E+13   7.6696E-08   7.6696E-08   1.00000
FLUX 1215 40000.00        7.494813E+12   1.9413E-08   1.9413E-08   1.00000
FLUX 1216 60000.00        4.996542E+12   8.6205E-09   8.6205E-09   1.00000
FLUX 1217 80000.00        3.747406E+12   4.8325E-09   4.8325E-09   1.00000
FLUX 1218100000.00        2.997925E+12   3.0807E-09   3.0807E-09   1.00000
FLUX 1219120000.00        2.498271E+12   2.1311E-09   2.1311E-09   1.00000
FLUX 1220140000.00        2.141375E+12   1.5601E-09   1.5601E-09   1.00000
FLUX 1221160000.00        1.873703E+12   1.1904E-09   1.1904E-09   1.00000
FLUX
