TEFF   5500.  GRAVITY 0.50000 LTE 
TITLE  [-1.0] VTURB=2  L/H=1.25 NOVER NEW ODF                                   
FLUX    1     9.09        3.298047E+16   6.5485-195   6.5487-195   0.99998
FLUX    2     9.35        3.206337E+16   1.4610-189   1.4611-189   0.99998
FLUX    3     9.61        3.119589E+16   1.6682-184   1.6682-184   0.99998
FLUX    4     9.77        3.068500E+16   1.5849-181   1.5849-181   0.99998
FLUX    5     9.96        3.009965E+16   4.0849-178   4.0849-178   0.99998
FLUX    6    10.20        2.939142E+16   5.4527-174   5.4528-174   0.99998
FLUX    7    10.38        2.888174E+16   5.0668-171   5.0669-171   0.99998
FLUX    8    10.56        2.838944E+16   3.7230-168   3.7231-168   0.99998
FLUX    9    10.77        2.783589E+16   6.2009-165   6.2011-165   0.99998
FLUX   10    11.04        2.715512E+16   5.6653-161   5.6654-161   0.99998
FLUX   11    11.40        2.629759E+16   5.4914-156   5.4916-156   0.99998
FLUX   12    11.78        2.544928E+16   4.6785-151   4.6785-151   0.99998
FLUX   13    12.13        2.471496E+16   8.6206-147   8.6208-147   0.99998
FLUX   14    12.48        2.402184E+16   9.1043-143   9.1044-143   0.99998
FLUX   15    12.71        2.358714E+16   3.0321-140   3.0322-140   0.99998
FLUX   16    12.84        2.334833E+16   7.3668-139   7.3669-139   0.99998
FLUX   17    13.05        2.297260E+16   1.1132-136   1.1132-136   0.99998
FLUX   18    13.24        2.264294E+16   9.0778-135   9.0779-135   0.99998
FLUX   19    13.39        2.238928E+16   2.6815-133   2.6816-133   0.99998
FLUX   20    13.66        2.194674E+16   9.8381-131   9.8383-131   0.99998
FLUX   21    13.98        2.144439E+16   7.9969-128   7.9970-128   0.99998
FLUX   22    14.33        2.092062E+16   8.6060-125   8.6062-125   0.99998
FLUX   23    14.72        2.036634E+16   1.3857-121   1.3857-121   0.99998
FLUX   24    15.10        1.985381E+16   1.2746-118   1.2746-118   0.99998
FLUX   25    15.52        1.931653E+16   1.6230-115   1.6231-115   0.99998
FLUX   26    15.88        1.887862E+16   5.4832-113   5.4833-113   0.99998
FLUX   27    16.20        1.850571E+16   7.7871-111   7.7873-111   0.99998
FLUX   28    16.60        1.805979E+16   2.9092-108   2.9092-108   0.99998
FLUX   29    17.03        1.760379E+16   1.2379-105   1.2379-105   0.99998
FLUX   30    17.34        1.728907E+16   8.0509-104   8.0511-104   0.99998
FLUX   31    17.68        1.695659E+16   6.6140-102   6.6141-102   0.99998
FLUX   32    18.02        1.663665E+16   4.5910-100   4.5911-100   0.99998
FLUX   33    18.17        1.649931E+16   2.8319E-99   2.8319E-99   0.99998
FLUX   34    18.61        1.610921E+16   4.9627E-97   4.9628E-97   0.99998
FLUX   35    19.10        1.569594E+16   1.1770E-94   1.1770E-94   0.99998
FLUX   36    19.39        1.546119E+16   2.6192E-93   2.6193E-93   0.99998
FLUX   37    19.84        1.511051E+16   2.6919E-91   2.6920E-91   0.99998
FLUX   38    20.18        1.485592E+16   7.7728E-90   7.7730E-90   0.99998
FLUX   39    20.50        1.462402E+16   1.6629E-88   1.6629E-88   0.99998
FLUX   40    21.05        1.424192E+16   2.5675E-86   2.5675E-86   0.99998
FLUX   41    21.62        1.386644E+16   3.6191E-84   3.6192E-84   0.99998
FLUX   42    21.98        1.363933E+16   7.2050E-83   7.2051E-83   0.99998
FLUX   43    22.30        1.344361E+16   9.4558E-82   9.4560E-82   0.99998
FLUX   44    22.68        1.321836E+16   1.8292E-80   1.8293E-80   0.99998
FLUX   45    23.00        1.303446E+16   2.0543E-79   2.0543E-79   0.99998
FLUX   46    23.40        1.281165E+16   3.8330E-78   3.8331E-78   0.99998
FLUX   47    24.00        1.249135E+16   2.5654E-76   2.5655E-76   0.99998
FLUX   48    24.65        1.216197E+16   1.9283E-74   1.9283E-74   0.99998
FLUX   49    25.24        1.187767E+16   7.9978E-73   7.9980E-73   0.99998
FLUX   50    25.68        1.167416E+16   1.1487E-71   1.1487E-71   0.99998
FLUX   51    26.00        1.153048E+16   7.5296E-71   7.5297E-71   0.99998
FLUX   52    26.40        1.135578E+16   7.3980E-70   7.3981E-70   0.99998
FLUX   53    26.85        1.116546E+16   8.8883E-69   8.8884E-69   0.99998
FLUX   54    27.35        1.096133E+16   1.2759E-67   1.2760E-67   0.99998
FLUX   55    27.85        1.076454E+16   1.6637E-66   1.6638E-66   0.99998
FLUX   56    28.40        1.055607E+16   2.5187E-65   2.5188E-65   0.99998
FLUX   57    29.00        1.033767E+16   4.3271E-64   4.3272E-64   0.99998
FLUX   58    29.60        1.012812E+16   6.5971E-63   6.5972E-63   0.99998
FLUX   59    30.10        9.959883E+15   5.8766E-62   5.8768E-62   0.99997
FLUX   60    30.80        9.733523E+15   1.1107E-60   1.1107E-60   0.99998
FLUX   61    31.80        9.427437E+15   5.8764E-59   5.8765E-59   0.99998
FLUX   62    32.80        9.140015E+15   2.4263E-57   2.4263E-57   0.99998
FLUX   63    33.80        8.869601E+15   7.9855E-56   7.9856E-56   0.99998
FLUX   64    34.80        8.614727E+15   2.1397E-54   2.1398E-54   0.99998
FLUX   65    35.70        8.397549E+15   3.5064E-53   3.5064E-53   0.99998
FLUX   66    36.60        8.191052E+15   4.9961E-52   4.9962E-52   0.99998
FLUX   67    37.50        7.994467E+15   6.2370E-51   6.2371E-51   0.99998
FLUX   68    38.50        7.786818E+15   8.9391E-50   8.9392E-50   0.99998
FLUX   69    39.50        7.589683E+15   1.1142E-48   1.1142E-48   0.99998
FLUX   70    40.50        7.402284E+15   1.2214E-47   1.2215E-47   0.99998
FLUX   71    41.40        7.241364E+15   9.5196E-47   9.5197E-47   0.99998
FLUX   72    42.20        7.104087E+15   5.4711E-46   5.4712E-46   0.99998
FLUX   73    43.00        6.971919E+15   2.9400E-45   2.9400E-45   0.99998
FLUX   74    44.10        6.798016E+15   2.6775E-44   2.6775E-44   0.99998
FLUX   75    45.10        6.647284E+15   1.8097E-43   1.8097E-43   0.99998
FLUX   76    46.00        6.517228E+15   9.3883E-43   9.3884E-43   0.99998
FLUX   77    47.00        6.378564E+15   5.4181E-42   5.4182E-42   0.99998
FLUX   78    48.00        6.245677E+15   2.8972E-41   2.8973E-41   0.99998
FLUX   79    49.00        6.118214E+15   1.4436E-40   1.4437E-40   0.99998
FLUX   80    50.00        5.995850E+15   6.7223E-40   6.7224E-40   0.99998
FLUX   81    50.60        5.924753E+15   2.1842E-39   2.4907E-39   0.87695
FLUX   82    51.20        5.855322E+15   5.8544E-39   5.9252E-39   0.98805
FLUX   83    52.00        5.765240E+15   1.8041E-38   1.8214E-38   0.99052
FLUX   84    53.00        5.656462E+15   7.0526E-38   7.0528E-38   0.99998
FLUX   85    54.00        5.551713E+15   2.5771E-37   2.5916E-37   0.99443
FLUX   86    55.00        5.450773E+15   9.0672E-37   9.0674E-37   0.99998
FLUX   87    56.00        5.353437E+15   3.0270E-36   3.0271E-36   0.99998
FLUX   88    57.00        5.259517E+15   9.6663E-36   9.6664E-36   0.99998
FLUX   89    58.00        5.168836E+15   2.9279E-35   2.9597E-35   0.98927
FLUX   90    59.00        5.081229E+15   8.7064E-35   8.7072E-35   0.99992
FLUX   91    60.00        4.996542E+15   2.4661E-34   2.4663E-34   0.99990
FLUX   92    61.00        4.914631E+15   6.7390E-34   6.7391E-34   0.99998
FLUX   93    62.00        4.835363E+15   1.7793E-33   1.7795E-33   0.99993
FLUX   94    63.00        4.758611E+15   4.5480E-33   4.5481E-33   0.99997
FLUX   95    64.00        4.684258E+15   1.1276E-32   1.1276E-32   0.99997
FLUX   96    65.00        4.612192E+15   2.7143E-32   2.7144E-32   0.99998
FLUX   97    65.80        4.556117E+15   5.3707E-32   5.3708E-32   0.99998
FLUX   98    66.50        4.508158E+15   9.6185E-32   9.6197E-32   0.99987
FLUX   99    67.50        4.441370E+15   2.1630E-31   2.1632E-31   0.99989
FLUX  100    68.50        4.376533E+15   4.7438E-31   4.7440E-31   0.99997
FLUX  101    69.50        4.313561E+15   1.0156E-30   1.0157E-30   0.99998
FLUX  102    70.50        4.252376E+15   2.1240E-30   2.1251E-30   0.99952
FLUX  103    71.60        4.187046E+15   4.6671E-30   4.6672E-30   0.99998
FLUX  104    72.60        4.129373E+15   9.3343E-30   9.3345E-30   0.99998
FLUX  105    73.50        4.078809E+15   1.7126E-29   1.7127E-29   0.99997
FLUX  106    74.50        4.024060E+15   3.3006E-29   3.3009E-29   0.99990
FLUX  107    75.50        3.970762E+15   6.2443E-29   6.2450E-29   0.99989
FLUX  108    76.50        3.918856E+15   1.1605E-28   1.1606E-28   0.99990
FLUX  109    77.50        3.868290E+15   2.1201E-28   2.1203E-28   0.99989
FLUX  110    78.50        3.819013E+15   3.8104E-28   3.8104E-28   0.99998
FLUX  111    79.50        3.770975E+15   6.7296E-28   6.7402E-28   0.99843
FLUX  112    80.50        3.724130E+15   1.1737E-27   1.1742E-27   0.99952
FLUX  113    81.50        3.678436E+15   2.0158E-27   2.0160E-27   0.99991
FLUX  114    82.50        3.633848E+15   3.4131E-27   3.4132E-27   0.99997
FLUX  115    83.50        3.590329E+15   5.7015E-27   5.7016E-27   0.99998
FLUX  116    84.50        3.547840E+15   9.4005E-27   9.4007E-27   0.99998
FLUX  117    85.50        3.506345E+15   1.5305E-26   1.5306E-26   0.99998
FLUX  118    86.50        3.465809E+15   2.4617E-26   2.4617E-26   0.99998
FLUX  119    87.50        3.426200E+15   3.9120E-26   3.9132E-26   0.99969
FLUX  120    88.50        3.387486E+15   6.1508E-26   6.1510E-26   0.99998
FLUX  121    89.50        3.349637E+15   9.5632E-26   9.5634E-26   0.99998
FLUX  122    90.50        3.312624E+15   1.4710E-25   1.4712E-25   0.99986
FLUX  123    91.50        3.276421E+15   2.0431E-21   5.1403E-21   0.39746
FLUX  124    92.50        3.241000E+15   7.5871E-21   8.0585E-21   0.94150
FLUX  125    93.50        3.206337E+15   1.1711E-20   1.2501E-20   0.93678
FLUX  126    94.50        3.172407E+15   1.8081E-20   1.9204E-20   0.94156
FLUX  127    95.50        3.139188E+15   2.8634E-20   2.9259E-20   0.97864
FLUX  128    96.50        3.106658E+15   4.3142E-20   4.4003E-20   0.98044
FLUX  129    97.50        3.074795E+15   6.4053E-20   6.5356E-20   0.98006
FLUX  130    98.50        3.043579E+15   9.5681E-20   9.7779E-20   0.97854
FLUX  131    99.50        3.012990E+15   1.4032E-19   1.4366E-19   0.97673
FLUX  132   100.50        2.983010E+15   2.0885E-19   2.0924E-19   0.99813
FLUX  133   101.50        2.953621E+15   3.0058E-19   3.0098E-19   0.99865
FLUX  134   102.50        2.924805E+15   4.2732E-19   4.3597E-19   0.98018
FLUX  135   103.50        2.896546E+15   6.1972E-19   6.2069E-19   0.99844
FLUX  136   104.50        2.868828E+15   8.7930E-19   8.8037E-19   0.99879
FLUX  137   105.50        2.841635E+15   1.2381E-18   1.2391E-18   0.99920
FLUX  138   106.50        2.814953E+15   1.7274E-18   1.7321E-18   0.99730
FLUX  139   107.50        2.788767E+15   2.4015E-18   2.4058E-18   0.99821
FLUX  140   108.50        2.763064E+15   3.3163E-18   3.3205E-18   0.99871
FLUX  141   109.50        2.737831E+15   4.5410E-18   4.5547E-18   0.99700
FLUX  142   110.50        2.713054E+15   1.3553E-17   6.7912E-17   0.19957
FLUX  143   111.50        2.688722E+15   5.2221E-17   9.4334E-17   0.55358
FLUX  144   112.50        2.664822E+15   7.9577E-17   1.2460E-16   0.63864
FLUX  145   113.50        2.641344E+15   1.1528E-16   1.5562E-16   0.74074
FLUX  146   114.50        2.618275E+15   1.4652E-16   1.8427E-16   0.79514
FLUX  147   115.50        2.595606E+15   1.5362E-16   2.0524E-16   0.74850
FLUX  148   116.50        2.573326E+15   1.9141E-16   2.1344E-16   0.89680
FLUX  149   117.50        2.551426E+15   1.9483E-16   2.0518E-16   0.94959
FLUX  150   118.50        2.529894E+15   3.9565E-16   9.4592E-16   0.41826
FLUX  151   119.50        2.508724E+15   1.0815E-16   1.2040E-15   0.08983
FLUX  152   120.50        2.487905E+15   1.0780E-16   1.5204E-15   0.07090
FLUX  153   121.50        2.467428E+15   7.6272E-17   1.9071E-15   0.03999
FLUX  154   122.50        2.447286E+15   1.7475E-16   2.4162E-15   0.07232
FLUX  155   123.50        2.427470E+15   3.1024E-16   2.9976E-15   0.10350
FLUX  156   124.50        2.407972E+15   5.6239E-16   5.7801E-16   0.97299
FLUX  157   125.50        2.388785E+15   1.1585E-15   1.2390E-15   0.93504
FLUX  158   126.50        2.369901E+15   1.7546E-15   2.3224E-15   0.75552
FLUX  159   127.50        2.351314E+15   2.9708E-15   3.7058E-15   0.80165
FLUX  160   128.50        2.333016E+15   5.0495E-15   5.8669E-15   0.86069
FLUX  161   129.50        2.315000E+15   7.6845E-15   8.5578E-15   0.89796
FLUX  162   130.50        2.297261E+15   8.7408E-15   1.2326E-14   0.70915
FLUX  163   131.50        2.279791E+15   1.4514E-14   1.7035E-14   0.85198
FLUX  164   132.50        2.262585E+15   1.9852E-14   2.3160E-14   0.85716
FLUX  165   133.50        2.245637E+15   2.6769E-14   3.0731E-14   0.87106
FLUX  166   134.50        2.228940E+15   3.5438E-14   4.0164E-14   0.88234
FLUX  167   135.50        2.212491E+15   4.3685E-14   5.1705E-14   0.84489
FLUX  168   136.50        2.196282E+15   5.5202E-14   6.5927E-14   0.83732
FLUX  169   137.50        2.180309E+15   6.7042E-14   8.3025E-14   0.80750
FLUX  170   138.50        2.164567E+15   8.2402E-14   1.0363E-13   0.79516
FLUX  171   139.50        2.149050E+15   1.0209E-13   1.2798E-13   0.79773
FLUX  172   140.50        2.133754E+15   1.2681E-13   1.5705E-13   0.80744
FLUX  173   141.50        2.118675E+15   1.4852E-13   1.9088E-13   0.77809
FLUX  174   142.50        2.103807E+15   1.7303E-13   2.3101E-13   0.74903
FLUX  175   143.50        2.089146E+15   2.0273E-13   2.7709E-13   0.73164
FLUX  176   144.20        2.079005E+15   2.5596E-13   3.1407E-13   0.81499
FLUX  177   144.70        2.071821E+15   2.5700E-13   3.4517E-13   0.74455
FLUX  178   145.50        2.060430E+15   3.0972E-13   3.9563E-13   0.78285
FLUX  179   146.50        2.046365E+15   3.6096E-13   4.6785E-13   0.77153
FLUX  180   147.50        2.032492E+15   4.0426E-13   5.5059E-13   0.73423
FLUX  181   148.50        2.018805E+15   4.8567E-13   6.4505E-13   0.75292
FLUX  182   149.50        2.005301E+15   6.3369E-13   7.5331E-13   0.84121
FLUX  183   150.50        1.991977E+15   7.6445E-13   8.7548E-13   0.87318
FLUX  184   151.20        1.982755E+15   7.2232E-13   9.7105E-13   0.74385
FLUX  185   151.70        1.976220E+15   8.7452E-13   1.2081E-12   0.72385
FLUX  186   152.50        1.965852E+15   1.1461E-12   2.3237E-12   0.49321
FLUX  187   153.50        1.953046E+15   1.9900E-12   3.9581E-12   0.50277
FLUX  188   154.50        1.940405E+15   2.3410E-12   4.6707E-12   0.50121
FLUX  189   155.50        1.927926E+15   2.8970E-12   5.4771E-12   0.52894
FLUX  190   156.50        1.915607E+15   2.8524E-12   6.4117E-12   0.44488
FLUX  191   157.50        1.903444E+15   4.4478E-12   7.6493E-12   0.58146
FLUX  192   158.50        1.891435E+15   5.5151E-12   8.8907E-12   0.62032
FLUX  193   159.50        1.879577E+15   6.8379E-12   1.0315E-11   0.66290
FLUX  194   160.50        1.867866E+15   7.4282E-12   1.1920E-11   0.62316
FLUX  195   161.50        1.856300E+15   8.3876E-12   1.3731E-11   0.61084
FLUX  196   162.50        1.844877E+15   9.2158E-12   1.5885E-11   0.58015
FLUX  197   163.50        1.833593E+15   1.1503E-11   1.8203E-11   0.63196
FLUX  198   164.50        1.822447E+15   1.4866E-11   2.0808E-11   0.71445
FLUX  199   165.50        1.811435E+15   9.3153E-12   2.3746E-11   0.39229
FLUX  200   166.50        1.800556E+15   1.7231E-11   2.7000E-11   0.63818
FLUX  201   167.20        1.793017E+15   1.1530E-11   2.9500E-11   0.39083
FLUX  202   167.70        1.787671E+15   1.9624E-11   3.5300E-11   0.55591
FLUX  203   168.50        1.779184E+15   2.7740E-11   4.3419E-11   0.63889
FLUX  204   169.50        1.768687E+15   3.2016E-11   4.9643E-11   0.64492
FLUX  205   170.50        1.758314E+15   3.4332E-11   5.6718E-11   0.60532
FLUX  206   171.50        1.748061E+15   4.1718E-11   7.1428E-11   0.58405
FLUX  207   172.50        1.737928E+15   4.9155E-11   8.2508E-11   0.59576
FLUX  208   173.50        1.727911E+15   6.0991E-11   9.5129E-11   0.64115
FLUX  209   174.50        1.718009E+15   6.6462E-11   1.1010E-10   0.60364
FLUX  210   175.50        1.708219E+15   8.5334E-11   1.2749E-10   0.66935
FLUX  211   176.50        1.698541E+15   8.6353E-11   1.4763E-10   0.58493
FLUX  212   177.50        1.688972E+15   1.0040E-10   1.7134E-10   0.58596
FLUX  213   178.50        1.679510E+15   1.1409E-10   1.9751E-10   0.57766
FLUX  214   179.50        1.670153E+15   1.4975E-10   2.2308E-10   0.67130
FLUX  215   180.50        1.660900E+15   1.3349E-10   2.5015E-10   0.53362
FLUX  216   181.50        1.651749E+15   1.6189E-10   2.8404E-10   0.56995
FLUX  217   182.50        1.642699E+15   1.5536E-10   3.2577E-10   0.47689
FLUX  218   183.50        1.633747E+15   2.0992E-10   3.6868E-10   0.56939
FLUX  219   184.50        1.624892E+15   2.0421E-10   4.1189E-10   0.49579
FLUX  220   185.50        1.616132E+15   2.5033E-10   4.5871E-10   0.54572
FLUX  221   186.50        1.607466E+15   2.9685E-10   5.0907E-10   0.58313
FLUX  222   187.50        1.598893E+15   3.2616E-10   5.9523E-10   0.54796
FLUX  223   188.50        1.590411E+15   3.7396E-10   6.5641E-10   0.56970
FLUX  224   189.50        1.582018E+15   4.4030E-10   7.2281E-10   0.60916
FLUX  225   190.50        1.573714E+15   4.3950E-10   7.9260E-10   0.55450
FLUX  226   191.50        1.565496E+15   5.1082E-10   8.6897E-10   0.58784
FLUX  227   192.50        1.557364E+15   5.3128E-10   9.5181E-10   0.55818
FLUX  228   193.50        1.549315E+15   4.6287E-10   1.0415E-09   0.44443
FLUX  229   194.50        1.541350E+15   7.2983E-10   1.1386E-09   0.64098
FLUX  230   195.50        1.533465E+15   8.1972E-10   1.2440E-09   0.65895
FLUX  231   196.70        1.524110E+15   1.0042E-09   1.3830E-09   0.72605
FLUX  232   197.60        1.517168E+15   1.0378E-09   1.6449E-09   0.63090
FLUX  233   198.40        1.511051E+15   1.1053E-09   1.7637E-09   0.62671
FLUX  234   199.50        1.502719E+15   1.2570E-09   2.0385E-09   0.61662
FLUX  235   200.50        1.495224E+15   1.3219E-09   2.2191E-09   0.59569
FLUX  236   201.50        1.487804E+15   1.3636E-09   2.4140E-09   0.56488
FLUX  237   202.50        1.480457E+15   1.2772E-09   2.6237E-09   0.48679
FLUX  238   203.50        1.473182E+15   1.7782E-09   2.8412E-09   0.62587
FLUX  239   204.50        1.465978E+15   2.0642E-09   3.0748E-09   0.67133
FLUX  240   205.50        1.458844E+15   1.8840E-09   3.3231E-09   0.56692
FLUX  241   206.50        1.451780E+15   1.8748E-09   3.5845E-09   0.52303
FLUX  242   207.40        1.445480E+15   2.5688E-09   3.8282E-09   0.67102
FLUX  243   207.80        1.442697E+15   3.4984E-09   9.9066E-09   0.35313
FLUX  244   208.50        1.437854E+15   3.8162E-09   1.0442E-08   0.36547
FLUX  245   209.50        1.430990E+15   4.5268E-09   1.1233E-08   0.40298
FLUX  246   210.50        1.424192E+15   5.0376E-09   1.2063E-08   0.41762
FLUX  247   211.50        1.417459E+15   5.6713E-09   1.2921E-08   0.43892
FLUX  248   212.50        1.410788E+15   4.9603E-09   1.3818E-08   0.35899
FLUX  249   213.50        1.404180E+15   4.5377E-09   1.4762E-08   0.30738
FLUX  250   214.50        1.397634E+15   6.3048E-09   1.5756E-08   0.40016
FLUX  251   215.50        1.391148E+15   7.2515E-09   1.6797E-08   0.43171
FLUX  252   216.50        1.384723E+15   6.1720E-09   1.7908E-08   0.34465
FLUX  253   217.50        1.378356E+15   7.2022E-09   1.9058E-08   0.37791
FLUX  254   218.50        1.372048E+15   8.5783E-09   2.0256E-08   0.42349
FLUX  255   219.50        1.365797E+15   1.0396E-08   2.1529E-08   0.48286
FLUX  256   220.50        1.359603E+15   9.7716E-09   2.2870E-08   0.42727
FLUX  257   221.50        1.353465E+15   7.3509E-09   2.4273E-08   0.30285
FLUX  258   222.50        1.347382E+15   8.3921E-09   2.5912E-08   0.32387
FLUX  259   223.50        1.341353E+15   1.2950E-08   2.7436E-08   0.47200
FLUX  260   224.50        1.335379E+15   1.2032E-08   2.9022E-08   0.41458
FLUX  261   225.50        1.329457E+15   8.4174E-09   3.1758E-08   0.26504
FLUX  262   226.50        1.323587E+15   7.6414E-09   3.3484E-08   0.22821
FLUX  263   227.50        1.317769E+15   1.2345E-08   3.5275E-08   0.34996
FLUX  264   228.50        1.312002E+15   1.3705E-08   3.7091E-08   0.36950
FLUX  265   229.50        1.306285E+15   1.3917E-08   3.8983E-08   0.35701
FLUX  266   230.50        1.300618E+15   1.6404E-08   4.0944E-08   0.40065
FLUX  267   231.50        1.295000E+15   1.4410E-08   4.2975E-08   0.33530
FLUX  268   232.50        1.289430E+15   1.3059E-08   4.5068E-08   0.28977
FLUX  269   233.50        1.283908E+15   6.5470E-09   4.7548E-08   0.13769
FLUX  270   234.50        1.278433E+15   4.9255E-09   4.9770E-08   0.09897
FLUX  271   235.50        1.273004E+15   9.9449E-09   5.2053E-08   0.19105
FLUX  272   236.50        1.267622E+15   5.4159E-09   5.4418E-08   0.09952
FLUX  273   237.50        1.262284E+15   7.7124E-09   5.6869E-08   0.13562
FLUX  274   238.50        1.256992E+15   4.3566E-09   5.9406E-08   0.07334
FLUX  275   239.50        1.251743E+15   6.1045E-09   6.2023E-08   0.09842
FLUX  276   240.50        1.246538E+15   6.0706E-09   6.4672E-08   0.09387
FLUX  277   241.50        1.241377E+15   9.9905E-09   6.7385E-08   0.14826
FLUX  278   242.50        1.236258E+15   2.3452E-08   7.0184E-08   0.33415
FLUX  279   243.50        1.231181E+15   2.5975E-08   7.3085E-08   0.35541
FLUX  280   244.50        1.226145E+15   3.1430E-08   7.6587E-08   0.41038
FLUX  281   245.50        1.221151E+15   3.2697E-08   7.9650E-08   0.41051
FLUX  282   246.50        1.216197E+15   3.0418E-08   8.2795E-08   0.36739
FLUX  283   247.50        1.211283E+15   2.7830E-08   8.5955E-08   0.32378
FLUX  284   248.50        1.206408E+15   2.3239E-08   8.9203E-08   0.26052
FLUX  285   249.50        1.201573E+15   2.7466E-08   9.2538E-08   0.29681
FLUX  286   250.50        1.196776E+15   4.0979E-08   9.6403E-08   0.42508
FLUX  287   251.30        1.192967E+15   2.6120E-08   9.9202E-08   0.26330
FLUX  288   251.80        1.190598E+15   2.4664E-08   1.1996E-07   0.20561
FLUX  289   252.50        1.187297E+15   2.0998E-08   1.2298E-07   0.17075
FLUX  290   253.50        1.182613E+15   2.6415E-08   1.2736E-07   0.20741
FLUX  291   254.50        1.177967E+15   3.1372E-08   1.3175E-07   0.23811
FLUX  292   255.50        1.173356E+15   4.1914E-08   1.3626E-07   0.30760
FLUX  293   256.50        1.168782E+15   2.9648E-08   1.4088E-07   0.21046
FLUX  294   257.50        1.164243E+15   3.6189E-08   1.4561E-07   0.24854
FLUX  295   258.50        1.159739E+15   2.6422E-08   1.5045E-07   0.17562
FLUX  296   259.50        1.155270E+15   2.1665E-08   1.5541E-07   0.13940
FLUX  297   260.50        1.150835E+15   1.6909E-08   1.6050E-07   0.10535
FLUX  298   261.50        1.146434E+15   1.6434E-08   1.6560E-07   0.09924
FLUX  299   262.50        1.142067E+15   2.2822E-08   1.7081E-07   0.13361
FLUX  300   263.50        1.137732E+15   4.6182E-08   1.7635E-07   0.26187
FLUX  301   264.50        1.133431E+15   8.8740E-08   1.8178E-07   0.48818
FLUX  302   265.50        1.129162E+15   1.0483E-07   1.8732E-07   0.55964
FLUX  303   266.50        1.124925E+15   7.8502E-08   1.9297E-07   0.40681
FLUX  304   267.50        1.120720E+15   9.0487E-08   1.9874E-07   0.45531
FLUX  305   268.50        1.116546E+15   9.8266E-08   2.0456E-07   0.48039
FLUX  306   269.50        1.112403E+15   8.4268E-08   2.1042E-07   0.40048
FLUX  307   270.50        1.108290E+15   9.8789E-08   2.1666E-07   0.45596
FLUX  308   271.50        1.104208E+15   7.1196E-08   2.2276E-07   0.31961
FLUX  309   272.50        1.100156E+15   7.0956E-08   2.2898E-07   0.30988
FLUX  310   273.50        1.096133E+15   7.3547E-08   2.3532E-07   0.31254
FLUX  311   274.50        1.092140E+15   3.3113E-08   2.4177E-07   0.13696
FLUX  312   275.50        1.088176E+15   4.7353E-08   2.4834E-07   0.19068
FLUX  313   276.50        1.084240E+15   6.4235E-08   2.5496E-07   0.25194
FLUX  314   277.50        1.080333E+15   7.1552E-08   2.6160E-07   0.27352
FLUX  315   278.50        1.076454E+15   4.3858E-08   2.6835E-07   0.16344
FLUX  316   279.50        1.072603E+15   1.5169E-08   2.7521E-07   0.05512
FLUX  317   280.50        1.068779E+15   1.9574E-08   2.8218E-07   0.06937
FLUX  318   281.50        1.064982E+15   6.2319E-08   2.8927E-07   0.21544
FLUX  319   282.50        1.061212E+15   1.0844E-07   2.9648E-07   0.36575
FLUX  320   283.50        1.057469E+15   1.2153E-07   3.0380E-07   0.40004
FLUX  321   284.50        1.053752E+15   1.2751E-07   3.1124E-07   0.40969
FLUX  322   285.50        1.050061E+15   9.5050E-08   3.1870E-07   0.29824
FLUX  323   286.50        1.046396E+15   1.4700E-07   3.2623E-07   0.45060
FLUX  324   287.50        1.042757E+15   1.6164E-07   3.3387E-07   0.48414
FLUX  325   288.50        1.039142E+15   1.6337E-07   3.4162E-07   0.47822
FLUX  326   289.50        1.035553E+15   1.6837E-07   3.4947E-07   0.48177
FLUX  327   291.00        1.030215E+15   2.1779E-07   3.6164E-07   0.60223
FLUX  328   293.00        1.023183E+15   2.1134E-07   3.7796E-07   0.55916
FLUX  329   295.00        1.016246E+15   2.1126E-07   3.9458E-07   0.53542
FLUX  330   297.00        1.009402E+15   2.4822E-07   4.1140E-07   0.60335
FLUX  331   299.00        1.002650E+15   2.5404E-07   4.2864E-07   0.59266
FLUX  332   301.00        9.959884E+14   2.8266E-07   4.4631E-07   0.63333
FLUX  333   303.00        9.894142E+14   2.9149E-07   4.6439E-07   0.62768
FLUX  334   305.00        9.829262E+14   3.1452E-07   4.8270E-07   0.65160
FLUX  335   307.00        9.765228E+14   3.0350E-07   5.0125E-07   0.60548
FLUX  336   309.00        9.702023E+14   3.4187E-07   5.2037E-07   0.65698
FLUX  337   311.00        9.639630E+14   3.4311E-07   5.3966E-07   0.63580
FLUX  338   313.00        9.578035E+14   3.4926E-07   5.5937E-07   0.62439
FLUX  339   315.00        9.517222E+14   3.7126E-07   5.7925E-07   0.64093
FLUX  340   317.00        9.457177E+14   3.8827E-07   5.9929E-07   0.64788
FLUX  341   319.00        9.397884E+14   3.6214E-07   6.1969E-07   0.58438
FLUX  342   321.00        9.339330E+14   4.1306E-07   6.4044E-07   0.64497
FLUX  343   323.00        9.281501E+14   3.5935E-07   6.6156E-07   0.54319
FLUX  344   325.00        9.224385E+14   4.4216E-07   6.8295E-07   0.64742
FLUX  345   327.00        9.167966E+14   5.0106E-07   7.0440E-07   0.71133
FLUX  346   329.00        9.112234E+14   5.0901E-07   7.2614E-07   0.70098
FLUX  347   331.00        9.057175E+14   5.3920E-07   7.4814E-07   0.72072
FLUX  348   333.00        9.002778E+14   5.3112E-07   7.7045E-07   0.68936
FLUX  349   335.00        8.949030E+14   5.3226E-07   7.9305E-07   0.67116
FLUX  350   337.00        8.895920E+14   5.1286E-07   8.1594E-07   0.62856
FLUX  351   339.00        8.843436E+14   5.6592E-07   8.3887E-07   0.67463
FLUX  352   341.00        8.791569E+14   6.0609E-07   8.6194E-07   0.70317
FLUX  353   343.00        8.740306E+14   6.5252E-07   8.8526E-07   0.73709
FLUX  354   345.00        8.689638E+14   6.6585E-07   9.0886E-07   0.73262
FLUX  355   347.00        8.639553E+14   6.6461E-07   9.3272E-07   0.71255
FLUX  356   349.00        8.590043E+14   6.8205E-07   9.5682E-07   0.71283
FLUX  357   351.00        8.541097E+14   7.3425E-07   9.8107E-07   0.74842
FLUX  358   353.00        8.492705E+14   7.2861E-07   1.0053E-06   0.72477
FLUX  359   355.00        8.444859E+14   8.2054E-07   1.0298E-06   0.79680
FLUX  360   357.00        8.397549E+14   7.4803E-07   1.0545E-06   0.70935
FLUX  361   359.00        8.350766E+14   7.6969E-07   1.0795E-06   0.71301
FLUX  362   361.00        8.304501E+14   7.9962E-07   1.1047E-06   0.72386
FLUX  363   363.00        8.258746E+14   8.4079E-07   1.1300E-06   0.74406
FLUX  364   364.00        8.236058E+14   8.3621E-07   1.1428E-06   0.73174
FLUX  365   365.00        8.213493E+14   9.0173E-07   2.6898E-06   0.33524
FLUX  366   367.00        8.168733E+14   9.2564E-07   2.7318E-06   0.33884
FLUX  367   369.00        8.124458E+14   1.0356E-06   2.7738E-06   0.37335
FLUX  368   371.00        8.080660E+14   1.2775E-06   2.8159E-06   0.45367
FLUX  369   373.00        8.037332E+14   1.4674E-06   2.8578E-06   0.51348
FLUX  370   375.00        7.994467E+14   1.6977E-06   2.8997E-06   0.58546
FLUX  371   377.00        7.952056E+14   1.7849E-06   2.9438E-06   0.60630
FLUX  372   379.00        7.910092E+14   1.9523E-06   2.9858E-06   0.65384
FLUX  373   381.00        7.868569E+14   2.1395E-06   3.0272E-06   0.70675
FLUX  374   383.00        7.827480E+14   1.8852E-06   3.0682E-06   0.61443
FLUX  375   385.00        7.786818E+14   2.1622E-06   3.1094E-06   0.69537
FLUX  376   387.00        7.746576E+14   2.2960E-06   3.1503E-06   0.72884
FLUX  377   389.00        7.706748E+14   2.0406E-06   3.1912E-06   0.63944
FLUX  378   391.00        7.667327E+14   2.1008E-06   3.2320E-06   0.65000
FLUX  379   393.00        7.628308E+14   9.6985E-07   3.2728E-06   0.29634
FLUX  380   395.00        7.589683E+14   1.7788E-06   3.3134E-06   0.53686
FLUX  381   397.00        7.551448E+14   1.1450E-06   3.3536E-06   0.34143
FLUX  382   399.00        7.513596E+14   2.4154E-06   3.3930E-06   0.71188
FLUX  383   401.00        7.476122E+14   2.6905E-06   3.4326E-06   0.78380
FLUX  384   403.00        7.439020E+14   2.7284E-06   3.4720E-06   0.78583
FLUX  385   405.00        7.402284E+14   2.7401E-06   3.5113E-06   0.78036
FLUX  386   407.00        7.365909E+14   2.7282E-06   3.5504E-06   0.76841
FLUX  387   409.00        7.329890E+14   2.9628E-06   3.5894E-06   0.82544
FLUX  388   411.00        7.294221E+14   2.8018E-06   3.6282E-06   0.77224
FLUX  389   413.00        7.258898E+14   2.9762E-06   3.6668E-06   0.81166
FLUX  390   415.00        7.223916E+14   3.1256E-06   3.7051E-06   0.84358
FLUX  391   417.00        7.189269E+14   3.0806E-06   3.7429E-06   0.82304
FLUX  392   419.00        7.154952E+14   3.1269E-06   3.7805E-06   0.82711
FLUX  393   421.00        7.120962E+14   3.1291E-06   3.8179E-06   0.81958
FLUX  394   423.00        7.087293E+14   3.1075E-06   3.8552E-06   0.80606
FLUX  395   425.00        7.053941E+14   3.2288E-06   3.8922E-06   0.82956
FLUX  396   427.00        7.020902E+14   3.2622E-06   3.9291E-06   0.83027
FLUX  397   429.00        6.988170E+14   3.1401E-06   3.9658E-06   0.79179
FLUX  398   431.00        6.955742E+14   2.9120E-06   4.0023E-06   0.72759
FLUX  399   433.00        6.923614E+14   3.3454E-06   4.0386E-06   0.82835
FLUX  400   435.00        6.891782E+14   3.2202E-06   4.0745E-06   0.79033
FLUX  401   437.00        6.860240E+14   3.5833E-06   4.1098E-06   0.87189
FLUX  402   439.00        6.828986E+14   3.4956E-06   4.1450E-06   0.84332
FLUX  403   441.00        6.798016E+14   3.5125E-06   4.1800E-06   0.84031
FLUX  404   443.00        6.767325E+14   3.6330E-06   4.2149E-06   0.86194
FLUX  405   445.00        6.736910E+14   3.6515E-06   4.2496E-06   0.85926
FLUX  406   447.00        6.706767E+14   3.7389E-06   4.2841E-06   0.87274
FLUX  407   449.00        6.676893E+14   3.8417E-06   4.3185E-06   0.88959
FLUX  408   451.00        6.647284E+14   4.0467E-06   4.3527E-06   0.92970
FLUX  409   453.00        6.617936E+14   3.8393E-06   4.3867E-06   0.87521
FLUX  410   455.00        6.588846E+14   3.8939E-06   4.4206E-06   0.88085
FLUX  411   457.00        6.560011E+14   4.1268E-06   4.4539E-06   0.92657
FLUX  412   459.00        6.531427E+14   4.0185E-06   4.4869E-06   0.89562
FLUX  413   461.00        6.503091E+14   4.2077E-06   4.5197E-06   0.93097
FLUX  414   463.00        6.475000E+14   4.1906E-06   4.5522E-06   0.92056
FLUX  415   465.00        6.447150E+14   4.2645E-06   4.5845E-06   0.93021
FLUX  416   467.00        6.419540E+14   4.3508E-06   4.6166E-06   0.94243
FLUX  417   469.00        6.392164E+14   4.3723E-06   4.6485E-06   0.94058
FLUX  418   471.00        6.365021E+14   4.2908E-06   4.6802E-06   0.91680
FLUX  419   473.00        6.338108E+14   4.4678E-06   4.7118E-06   0.94821
FLUX  420   475.00        6.311421E+14   4.5505E-06   4.7433E-06   0.95936
FLUX  421   477.00        6.284958E+14   4.5472E-06   4.7745E-06   0.95240
FLUX  422   479.00        6.258716E+14   4.5726E-06   4.8056E-06   0.95151
FLUX  423   481.00        6.232692E+14   4.6246E-06   4.8362E-06   0.95624
FLUX  424   483.00        6.206884E+14   4.6415E-06   4.8665E-06   0.95376
FLUX  425   485.00        6.181289E+14   4.5112E-06   4.8980E-06   0.92102
FLUX  426   487.00        6.155903E+14   4.0869E-06   4.9280E-06   0.82931
FLUX  427   489.00        6.130726E+14   4.6737E-06   4.9579E-06   0.94269
FLUX  428   491.00        6.105753E+14   4.7155E-06   4.9875E-06   0.94545
FLUX  429   493.00        6.080984E+14   4.6512E-06   5.0170E-06   0.92709
FLUX  430   495.00        6.056414E+14   4.8150E-06   5.0463E-06   0.95416
FLUX  431   497.00        6.032042E+14   4.9096E-06   5.0755E-06   0.96732
FLUX  432   499.00        6.007866E+14   4.7062E-06   5.1044E-06   0.92198
FLUX  433   501.00        5.983882E+14   4.6147E-06   5.1332E-06   0.89899
FLUX  434   503.00        5.960089E+14   4.8665E-06   5.1618E-06   0.94279
FLUX  435   505.00        5.936485E+14   4.8962E-06   5.1902E-06   0.94336
FLUX  436   507.00        5.913067E+14   5.0166E-06   5.2183E-06   0.96136
FLUX  437   509.00        5.889833E+14   4.9606E-06   5.2459E-06   0.94560
FLUX  438   511.00        5.866781E+14   5.0067E-06   5.2734E-06   0.94942
FLUX  439   513.00        5.843908E+14   4.9248E-06   5.3007E-06   0.92908
FLUX  440   515.00        5.821214E+14   4.9211E-06   5.3278E-06   0.92367
FLUX  441   517.00        5.798694E+14   4.8985E-06   5.3548E-06   0.91479
FLUX  442   519.00        5.776349E+14   4.9155E-06   5.3815E-06   0.91340
FLUX  443   521.00        5.754175E+14   4.9617E-06   5.4081E-06   0.91746
FLUX  444   523.00        5.732170E+14   5.0597E-06   5.4344E-06   0.93105
FLUX  445   525.00        5.710333E+14   5.1845E-06   5.4606E-06   0.94943
FLUX  446   527.00        5.688662E+14   4.9321E-06   5.4865E-06   0.89895
FLUX  447   529.00        5.667155E+14   5.2409E-06   5.5121E-06   0.95080
FLUX  448   531.00        5.645810E+14   5.2758E-06   5.5376E-06   0.95272
FLUX  449   533.00        5.624625E+14   5.1412E-06   5.5629E-06   0.92420
FLUX  450   535.00        5.603598E+14   5.3754E-06   5.5880E-06   0.96196
FLUX  451   537.00        5.582728E+14   5.3869E-06   5.6129E-06   0.95974
FLUX  452   539.00        5.562013E+14   5.3765E-06   5.6379E-06   0.95364
FLUX  453   541.00        5.541451E+14   5.3487E-06   5.6621E-06   0.94465
FLUX  454   543.00        5.521040E+14   5.4003E-06   5.6862E-06   0.94971
FLUX  455   545.00        5.500780E+14   5.5310E-06   5.7101E-06   0.96863
FLUX  456   547.00        5.480667E+14   5.5295E-06   5.7339E-06   0.96436
FLUX  457   549.00        5.460701E+14   5.5588E-06   5.7574E-06   0.96550
FLUX  458   551.00        5.440880E+14   5.5795E-06   5.7808E-06   0.96517
FLUX  459   553.00        5.421202E+14   5.6305E-06   5.8041E-06   0.97009
FLUX  460   555.00        5.401667E+14   5.7255E-06   5.8272E-06   0.98256
FLUX  461   557.00        5.382271E+14   5.6827E-06   5.8501E-06   0.97139
FLUX  462   559.00        5.363014E+14   5.6707E-06   5.8728E-06   0.96558
FLUX  463   561.00        5.343895E+14   5.7340E-06   5.8953E-06   0.97263
FLUX  464   563.00        5.324911E+14   5.8152E-06   5.9183E-06   0.98257
FLUX  465   565.00        5.306062E+14   5.7968E-06   5.9405E-06   0.97581
FLUX  466   567.00        5.287346E+14   5.7610E-06   5.9625E-06   0.96620
FLUX  467   569.00        5.268761E+14   5.8686E-06   5.9844E-06   0.98066
FLUX  468   571.00        5.250306E+14   5.8352E-06   6.0059E-06   0.97159
FLUX  469   573.00        5.231981E+14   5.9924E-06   6.0271E-06   0.99424
FLUX  470   575.00        5.213783E+14   5.9678E-06   6.0481E-06   0.98672
FLUX  471   577.00        5.195711E+14   6.0145E-06   6.0690E-06   0.99102
FLUX  472   579.00        5.177763E+14   5.9977E-06   6.0896E-06   0.98490
FLUX  473   581.00        5.159940E+14   6.0465E-06   6.1101E-06   0.98959
FLUX  474   583.00        5.142238E+14   6.0963E-06   6.1304E-06   0.99443
FLUX  475   585.00        5.124658E+14   6.0607E-06   6.1505E-06   0.98539
FLUX  476   587.00        5.107198E+14   6.1130E-06   6.1705E-06   0.99068
FLUX  477   589.00        5.089856E+14   6.0106E-06   6.1903E-06   0.97097
FLUX  478   591.00        5.072631E+14   6.1470E-06   6.2099E-06   0.98986
FLUX  479   593.00        5.055523E+14   6.1666E-06   6.2294E-06   0.98993
FLUX  480   595.00        5.038529E+14   6.2005E-06   6.2489E-06   0.99225
FLUX  481   597.00        5.021650E+14   6.2275E-06   6.2680E-06   0.99353
FLUX  482   599.00        5.004883E+14   6.2241E-06   6.2869E-06   0.99001
FLUX  483   601.00        4.988228E+14   6.2262E-06   6.3057E-06   0.98740
FLUX  484   603.00        4.971683E+14   6.2475E-06   6.3243E-06   0.98786
FLUX  485   605.00        4.955248E+14   6.3111E-06   6.3427E-06   0.99501
FLUX  486   607.00        4.938921E+14   6.3321E-06   6.3610E-06   0.99545
FLUX  487   609.00        4.922701E+14   6.3137E-06   6.3790E-06   0.98976
FLUX  488   611.00        4.906588E+14   6.2992E-06   6.3967E-06   0.98476
FLUX  489   613.00        4.890579E+14   6.2390E-06   6.4143E-06   0.97268
FLUX  490   615.00        4.874675E+14   6.2605E-06   6.4317E-06   0.97338
FLUX  491   617.00        4.858874E+14   6.2634E-06   6.4490E-06   0.97121
FLUX  492   619.00        4.843174E+14   6.3902E-06   6.4661E-06   0.98826
FLUX  493   621.00        4.827576E+14   6.4324E-06   6.4831E-06   0.99218
FLUX  494   623.00        4.812079E+14   6.3731E-06   6.4999E-06   0.98049
FLUX  495   625.00        4.796680E+14   6.2486E-06   6.5165E-06   0.95889
FLUX  496   627.00        4.781380E+14   6.4662E-06   6.5341E-06   0.98961
FLUX  497   629.00        4.766176E+14   6.4844E-06   6.5504E-06   0.98992
FLUX  498   631.00        4.751070E+14   6.4115E-06   6.5666E-06   0.97639
FLUX  499   633.00        4.736058E+14   6.4801E-06   6.5826E-06   0.98443
FLUX  500   635.00        4.721142E+14   6.5340E-06   6.5986E-06   0.99022
FLUX  501   637.00        4.706319E+14   6.5389E-06   6.6142E-06   0.98860
FLUX  502   639.00        4.691588E+14   6.5586E-06   6.6298E-06   0.98927
FLUX  503   641.00        4.676950E+14   6.5058E-06   6.6452E-06   0.97903
FLUX  504   643.00        4.662403E+14   6.5549E-06   6.6604E-06   0.98416
FLUX  505   645.00        4.647946E+14   6.5596E-06   6.6756E-06   0.98263
FLUX  506   647.00        4.633578E+14   6.6006E-06   6.6905E-06   0.98656
FLUX  507   649.00        4.619299E+14   6.5122E-06   6.7053E-06   0.97120
FLUX  508   651.00        4.605107E+14   6.6378E-06   6.7201E-06   0.98776
FLUX  509   653.00        4.591003E+14   6.6920E-06   6.7344E-06   0.99370
FLUX  510   655.00        4.576985E+14   6.5672E-06   6.7493E-06   0.97302
FLUX  511   657.00        4.563052E+14   5.8252E-06   6.7634E-06   0.86128
FLUX  512   659.00        4.549203E+14   6.6764E-06   6.7773E-06   0.98511
FLUX  513   661.00        4.535439E+14   6.7171E-06   6.7910E-06   0.98912
FLUX  514   663.00        4.521757E+14   6.7774E-06   6.8046E-06   0.99600
FLUX  515   665.00        4.508158E+14   6.7768E-06   6.8181E-06   0.99395
FLUX  516   667.00        4.494640E+14   6.7641E-06   6.8314E-06   0.99016
FLUX  517   669.00        4.481203E+14   6.8257E-06   6.8446E-06   0.99724
FLUX  518   671.00        4.467846E+14   6.8096E-06   6.8576E-06   0.99301
FLUX  519   673.00        4.454569E+14   6.8504E-06   6.8704E-06   0.99708
FLUX  520   675.00        4.441370E+14   6.8346E-06   6.8832E-06   0.99295
FLUX  521   677.00        4.428250E+14   6.8625E-06   6.8958E-06   0.99518
FLUX  522   679.00        4.415206E+14   6.8652E-06   6.9082E-06   0.99378
FLUX  523   681.00        4.402239E+14   6.8864E-06   6.9205E-06   0.99507
FLUX  524   683.00        4.389348E+14   6.8973E-06   6.9326E-06   0.99491
FLUX  525   685.00        4.376533E+14   6.8893E-06   6.9447E-06   0.99202
FLUX  526   687.00        4.363792E+14   6.9225E-06   6.9565E-06   0.99511
FLUX  527   689.00        4.351125E+14   6.9490E-06   6.9683E-06   0.99724
FLUX  528   691.00        4.338531E+14   6.9536E-06   6.9799E-06   0.99623
FLUX  529   693.00        4.326010E+14   6.9671E-06   6.9914E-06   0.99654
FLUX  530   695.00        4.313561E+14   6.9711E-06   7.0027E-06   0.99549
FLUX  531   697.00        4.301184E+14   6.9952E-06   7.0139E-06   0.99733
FLUX  532   699.00        4.288877E+14   7.0018E-06   7.0250E-06   0.99670
FLUX  533   701.00        4.276640E+14   6.9600E-06   7.0360E-06   0.98921
FLUX  534   703.00        4.264474E+14   7.0100E-06   7.0467E-06   0.99479
FLUX  535   705.00        4.252376E+14   7.0352E-06   7.0572E-06   0.99688
FLUX  536   707.00        4.240346E+14   7.0346E-06   7.0677E-06   0.99532
FLUX  537   709.00        4.228385E+14   7.0493E-06   7.0780E-06   0.99594
FLUX  538   711.00        4.216491E+14   7.0320E-06   7.0882E-06   0.99207
FLUX  539   713.00        4.204663E+14   7.0425E-06   7.0982E-06   0.99214
FLUX  540   715.00        4.192902E+14   7.0502E-06   7.1082E-06   0.99185
FLUX  541   717.00        4.181206E+14   7.0712E-06   7.1180E-06   0.99343
FLUX  542   719.00        4.169576E+14   7.0224E-06   7.1276E-06   0.98524
FLUX  543   721.00        4.158010E+14   7.0504E-06   7.1372E-06   0.98785
FLUX  544   723.00        4.146508E+14   7.0766E-06   7.1466E-06   0.99021
FLUX  545   725.00        4.135069E+14   7.1231E-06   7.1563E-06   0.99535
FLUX  546   727.00        4.123693E+14   7.1320E-06   7.1655E-06   0.99533
FLUX  547   729.00        4.112380E+14   7.0916E-06   7.1745E-06   0.98846
FLUX  548   731.00        4.101129E+14   7.1037E-06   7.1843E-06   0.98878
FLUX  549   733.00        4.089939E+14   7.1263E-06   7.1930E-06   0.99072
FLUX  550   735.00        4.078809E+14   7.1517E-06   7.2017E-06   0.99305
FLUX  551   737.00        4.067741E+14   7.1892E-06   7.2102E-06   0.99708
FLUX  552   739.00        4.056732E+14   7.1501E-06   7.2186E-06   0.99051
FLUX  553   741.00        4.045783E+14   7.1101E-06   7.2269E-06   0.98383
FLUX  554   743.00        4.034892E+14   7.1521E-06   7.2351E-06   0.98852
FLUX  555   745.00        4.024060E+14   7.1727E-06   7.2432E-06   0.99027
FLUX  556   747.00        4.013286E+14   7.1948E-06   7.2511E-06   0.99224
FLUX  557   749.00        4.002570E+14   7.1907E-06   7.2589E-06   0.99059
FLUX  558   751.00        3.991911E+14   7.2032E-06   7.2667E-06   0.99126
FLUX  559   753.00        3.981308E+14   7.2307E-06   7.2743E-06   0.99401
FLUX  560   755.00        3.970762E+14   7.2631E-06   7.2818E-06   0.99743
FLUX  561   757.00        3.960271E+14   7.2485E-06   7.2892E-06   0.99441
FLUX  562   759.00        3.949835E+14   7.2595E-06   7.2965E-06   0.99492
FLUX  563   761.00        3.939455E+14   7.2721E-06   7.3036E-06   0.99568
FLUX  564   763.00        3.929128E+14   7.2864E-06   7.3106E-06   0.99668
FLUX  565   765.00        3.918856E+14   7.2835E-06   7.3175E-06   0.99535
FLUX  566   767.00        3.908638E+14   7.2388E-06   7.3243E-06   0.98833
FLUX  567   769.00        3.898472E+14   7.3050E-06   7.3310E-06   0.99646
FLUX  568   771.00        3.888359E+14   7.2539E-06   7.3376E-06   0.98860
FLUX  569   773.00        3.878299E+14   7.2844E-06   7.3440E-06   0.99189
FLUX  570   775.00        3.868290E+14   7.2887E-06   7.3504E-06   0.99161
FLUX  571   777.00        3.858333E+14   7.2810E-06   7.3566E-06   0.98971
FLUX  572   779.00        3.848427E+14   7.3390E-06   7.3628E-06   0.99676
FLUX  573   781.00        3.838572E+14   7.3541E-06   7.3689E-06   0.99799
FLUX  574   783.00        3.828768E+14   7.3299E-06   7.3748E-06   0.99390
FLUX  575   785.00        3.819013E+14   7.3315E-06   7.3807E-06   0.99333
FLUX  576   787.00        3.809307E+14   7.3687E-06   7.3865E-06   0.99759
FLUX  577   789.00        3.799651E+14   7.3644E-06   7.3921E-06   0.99626
FLUX  578   791.00        3.790044E+14   7.3647E-06   7.3977E-06   0.99555
FLUX  579   793.00        3.780485E+14   7.3333E-06   7.4032E-06   0.99057
FLUX  580   795.00        3.770975E+14   7.3426E-06   7.4085E-06   0.99110
FLUX  581   797.00        3.761512E+14   7.4043E-06   7.4139E-06   0.99872
FLUX  582   799.00        3.752096E+14   7.4059E-06   7.4191E-06   0.99823
FLUX  583   801.00        3.742728E+14   7.3905E-06   7.4241E-06   0.99547
FLUX  584   803.00        3.733406E+14   7.4028E-06   7.4291E-06   0.99646
FLUX  585   805.00        3.724130E+14   7.3929E-06   7.4340E-06   0.99448
FLUX  586   807.00        3.714901E+14   7.4231E-06   7.4387E-06   0.99790
FLUX  587   809.00        3.705717E+14   7.3992E-06   7.4434E-06   0.99406
FLUX  588   811.00        3.696578E+14   7.4380E-06   7.4480E-06   0.99866
FLUX  589   813.00        3.687485E+14   7.4475E-06   7.4525E-06   0.99933
FLUX  590   815.00        3.678436E+14   7.4477E-06   7.4569E-06   0.99877
FLUX  591   817.00        3.669431E+14   7.4522E-06   7.4613E-06   0.99878
FLUX  592   819.00        3.660470E+14   7.3706E-06   7.4655E-06   0.98729
FLUX  593   821.00        3.651553E+14   7.4233E-06   7.7021E-06   0.96380
FLUX  594   823.00        3.642679E+14   7.4087E-06   7.7063E-06   0.96139
FLUX  595   825.00        3.633848E+14   7.4240E-06   7.7104E-06   0.96286
FLUX  596   827.00        3.625060E+14   7.4753E-06   7.7144E-06   0.96901
FLUX  597   829.00        3.616315E+14   7.4731E-06   7.7183E-06   0.96824
FLUX  598   831.00        3.607611E+14   7.4483E-06   7.7221E-06   0.96454
FLUX  599   833.00        3.598950E+14   7.3802E-06   7.7259E-06   0.95526
FLUX  600   835.00        3.590329E+14   7.4746E-06   7.7295E-06   0.96702
FLUX  601   837.00        3.581750E+14   7.4416E-06   7.7331E-06   0.96230
FLUX  602   839.00        3.573212E+14   7.4156E-06   7.7366E-06   0.95850
FLUX  603   841.00        3.564715E+14   7.4704E-06   7.7401E-06   0.96516
FLUX  604   843.00        3.556257E+14   7.4969E-06   7.7434E-06   0.96816
FLUX  605   845.00        3.547840E+14   7.4729E-06   7.7467E-06   0.96465
FLUX  606   847.00        3.539463E+14   7.4229E-06   7.7499E-06   0.95780
FLUX  607   849.00        3.531125E+14   7.4568E-06   7.7531E-06   0.96178
FLUX  608   851.00        3.522826E+14   7.0899E-06   7.7562E-06   0.91410
FLUX  609   853.00        3.514566E+14   7.4786E-06   7.7592E-06   0.96384
FLUX  610   855.00        3.506345E+14   6.3126E-06   7.7622E-06   0.81326
FLUX  611   857.00        3.498162E+14   7.6634E-06   7.7650E-06   0.98691
FLUX  612   859.00        3.490017E+14   7.5997E-06   7.7678E-06   0.97836
FLUX  613   861.00        3.481911E+14   7.5083E-06   7.7705E-06   0.96626
FLUX  614   863.00        3.473841E+14   7.7118E-06   7.7732E-06   0.99211
FLUX  615   865.00        3.465809E+14   7.6347E-06   7.7757E-06   0.98187
FLUX  616   867.00        3.457814E+14   6.5337E-06   7.7783E-06   0.84000
FLUX  617   869.00        3.449856E+14   7.6175E-06   7.7807E-06   0.97903
FLUX  618   871.00        3.441935E+14   7.7437E-06   7.7831E-06   0.99494
FLUX  619   873.00        3.434049E+14   7.7339E-06   7.7854E-06   0.99338
FLUX  620   875.00        3.426200E+14   7.4410E-06   7.7876E-06   0.95549
FLUX  621   877.00        3.418387E+14   7.7492E-06   7.7898E-06   0.99479
FLUX  622   879.00        3.410609E+14   7.7522E-06   7.7920E-06   0.99490
FLUX  623   881.00        3.402866E+14   7.7064E-06   7.7941E-06   0.98876
FLUX  624   883.00        3.395159E+14   7.7082E-06   7.7961E-06   0.98874
FLUX  625   885.00        3.387486E+14   7.7049E-06   7.7980E-06   0.98806
FLUX  626   887.00        3.379848E+14   7.4457E-06   7.7999E-06   0.95459
FLUX  627   889.00        3.372244E+14   7.7681E-06   7.8017E-06   0.99569
FLUX  628   891.00        3.364674E+14   7.7575E-06   7.8035E-06   0.99411
FLUX  629   893.00        3.357139E+14   7.7308E-06   7.8052E-06   0.99047
FLUX  630   895.00        3.349637E+14   7.7615E-06   7.8068E-06   0.99420
FLUX  631   897.00        3.342168E+14   7.7794E-06   7.8084E-06   0.99628
FLUX  632   899.00        3.334733E+14   7.7742E-06   7.8099E-06   0.99543
FLUX  633   901.00        3.327331E+14   7.4449E-06   7.8113E-06   0.95309
FLUX  634   903.00        3.319961E+14   7.7196E-06   7.8127E-06   0.98808
FLUX  635   905.00        3.312624E+14   7.8063E-06   7.8140E-06   0.99902
FLUX  636   907.00        3.305320E+14   7.6948E-06   7.8153E-06   0.98458
FLUX  637   909.00        3.298047E+14   7.5919E-06   7.8165E-06   0.97126
FLUX  638   911.00        3.290807E+14   7.7254E-06   7.8177E-06   0.98820
FLUX  639   913.00        3.283598E+14   7.7973E-06   7.8187E-06   0.99726
FLUX  640   915.00        3.276421E+14   7.8055E-06   7.8197E-06   0.99818
FLUX  641   917.00        3.269275E+14   7.8017E-06   7.8207E-06   0.99757
FLUX  642   919.00        3.262160E+14   7.8105E-06   7.8216E-06   0.99858
FLUX  643   921.00        3.255076E+14   7.7263E-06   7.8224E-06   0.98770
FLUX  644   923.00        3.248023E+14   7.4073E-06   7.8233E-06   0.94683
FLUX  645   925.00        3.241000E+14   7.6800E-06   7.8240E-06   0.98159
FLUX  646   927.00        3.234008E+14   7.7699E-06   7.8248E-06   0.99299
FLUX  647   929.00        3.227045E+14   7.8064E-06   7.8255E-06   0.99757
FLUX  648   931.00        3.220113E+14   7.8154E-06   7.8261E-06   0.99863
FLUX  649   933.00        3.213210E+14   7.8097E-06   7.8267E-06   0.99782
FLUX  650   935.00        3.206337E+14   7.8087E-06   7.8273E-06   0.99762
FLUX  651   937.00        3.199493E+14   7.8031E-06   7.8278E-06   0.99684
FLUX  652   939.00        3.192678E+14   7.8141E-06   7.8283E-06   0.99819
FLUX  653   941.00        3.185893E+14   7.6523E-06   7.8287E-06   0.97747
FLUX  654   943.00        3.179136E+14   7.7776E-06   7.8291E-06   0.99342
FLUX  655   945.00        3.172407E+14   7.7824E-06   7.8294E-06   0.99399
FLUX  656   947.00        3.165707E+14   7.8191E-06   7.8298E-06   0.99863
FLUX  657   949.00        3.159036E+14   7.8251E-06   7.8300E-06   0.99936
FLUX  658   951.00        3.152392E+14   7.8171E-06   7.8303E-06   0.99831
FLUX  659   953.00        3.145776E+14   7.7958E-06   7.8304E-06   0.99558
FLUX  660   955.00        3.139188E+14   7.4712E-06   7.8305E-06   0.95412
FLUX  661   957.00        3.132628E+14   7.7932E-06   7.8306E-06   0.99523
FLUX  662   959.00        3.126095E+14   7.8222E-06   7.8306E-06   0.99892
FLUX  663   961.00        3.119589E+14   7.7799E-06   7.8306E-06   0.99353
FLUX  664   963.00        3.113110E+14   7.7557E-06   7.8305E-06   0.99044
FLUX  665   965.00        3.106658E+14   7.7820E-06   7.8304E-06   0.99381
FLUX  666   967.00        3.100233E+14   7.7414E-06   7.8303E-06   0.98865
FLUX  667   969.00        3.093834E+14   7.7908E-06   7.8301E-06   0.99498
FLUX  668   971.00        3.087461E+14   7.8167E-06   7.8299E-06   0.99832
FLUX  669   973.00        3.081115E+14   7.8146E-06   7.8296E-06   0.99809
FLUX  670   975.00        3.074795E+14   7.7714E-06   7.8293E-06   0.99261
FLUX  671   977.00        3.068500E+14   7.8108E-06   7.8289E-06   0.99768
FLUX  672   979.00        3.062232E+14   7.8023E-06   7.8285E-06   0.99665
FLUX  673   981.00        3.055989E+14   7.8168E-06   7.8281E-06   0.99855
FLUX  674   983.00        3.049771E+14   7.8177E-06   7.8276E-06   0.99872
FLUX  675   985.00        3.043579E+14   7.8026E-06   7.8271E-06   0.99687
FLUX  676   987.00        3.037411E+14   7.7998E-06   7.8266E-06   0.99658
FLUX  677   989.00        3.031269E+14   7.7791E-06   7.8260E-06   0.99400
FLUX  678   991.00        3.025151E+14   7.7959E-06   7.8254E-06   0.99622
FLUX  679   993.00        3.019058E+14   7.8041E-06   7.8248E-06   0.99736
FLUX  680   995.00        3.012990E+14   7.8114E-06   7.8241E-06   0.99837
FLUX  681   997.00        3.006946E+14   7.8152E-06   7.8234E-06   0.99895
FLUX  682   999.00        3.000926E+14   7.8150E-06   7.8226E-06   0.99902
FLUX  683  1002.50        2.990449E+14   7.7618E-06   7.8213E-06   0.99240
FLUX  684  1007.50        2.975608E+14   7.6761E-06   7.8192E-06   0.98170
FLUX  685  1012.50        2.960914E+14   7.7747E-06   7.8169E-06   0.99460
FLUX  686  1017.50        2.946364E+14   7.7763E-06   7.8144E-06   0.99512
FLUX  687  1022.50        2.931956E+14   7.7862E-06   7.8118E-06   0.99672
FLUX  688  1027.50        2.917689E+14   7.8032E-06   7.8091E-06   0.99924
FLUX  689  1032.50        2.903559E+14   7.7409E-06   7.8062E-06   0.99162
FLUX  690  1037.50        2.889566E+14   7.7761E-06   7.8032E-06   0.99652
FLUX  691  1042.50        2.875707E+14   7.7900E-06   7.8000E-06   0.99872
FLUX  692  1047.50        2.861981E+14   7.7238E-06   7.7966E-06   0.99066
FLUX  693  1052.50        2.848385E+14   7.7688E-06   7.7930E-06   0.99690
FLUX  694  1057.50        2.834917E+14   7.7556E-06   7.7892E-06   0.99569
FLUX  695  1062.50        2.821576E+14   7.7318E-06   7.7853E-06   0.99313
FLUX  696  1067.50        2.808361E+14   7.6441E-06   7.7812E-06   0.98238
FLUX  697  1072.50        2.795268E+14   7.7106E-06   7.7770E-06   0.99147
FLUX  698  1077.50        2.782297E+14   7.7095E-06   7.7727E-06   0.99187
FLUX  699  1082.50        2.769446E+14   7.6772E-06   7.7684E-06   0.98826
FLUX  700  1087.50        2.756713E+14   7.6960E-06   7.7640E-06   0.99124
FLUX  701  1092.50        2.744096E+14   7.5320E-06   7.7595E-06   0.97068
FLUX  702  1097.50        2.731595E+14   7.6789E-06   7.7549E-06   0.99020
FLUX  703  1102.50        2.719206E+14   7.7278E-06   7.7501E-06   0.99712
FLUX  704  1107.50        2.706930E+14   7.7366E-06   7.7452E-06   0.99889
FLUX  705  1112.50        2.694764E+14   7.7131E-06   7.7402E-06   0.99649
FLUX  706  1117.50        2.682707E+14   7.7019E-06   7.7351E-06   0.99570
FLUX  707  1122.50        2.670757E+14   7.7196E-06   7.7300E-06   0.99866
FLUX  708  1127.50        2.658913E+14   7.6607E-06   7.7248E-06   0.99171
FLUX  709  1132.50        2.647174E+14   7.6583E-06   7.7196E-06   0.99206
FLUX  710  1137.50        2.635538E+14   7.6775E-06   7.7143E-06   0.99523
FLUX  711  1142.50        2.624004E+14   7.6352E-06   7.7089E-06   0.99045
FLUX  712  1147.50        2.612571E+14   7.6928E-06   7.7033E-06   0.99863
FLUX  713  1152.50        2.601236E+14   7.6905E-06   7.6977E-06   0.99906
FLUX  714  1157.50        2.590000E+14   7.6702E-06   7.6920E-06   0.99717
FLUX  715  1162.50        2.578860E+14   7.6012E-06   7.6862E-06   0.98894
FLUX  716  1167.50        2.567816E+14   7.5903E-06   7.6804E-06   0.98826
FLUX  717  1172.50        2.556866E+14   7.6673E-06   7.6746E-06   0.99906
FLUX  718  1177.50        2.546008E+14   7.5633E-06   7.6687E-06   0.98626
FLUX  719  1182.50        2.535243E+14   7.5936E-06   7.6628E-06   0.99097
FLUX  720  1187.50        2.524568E+14   7.5529E-06   7.6569E-06   0.98641
FLUX  721  1192.50        2.513983E+14   7.6485E-06   7.6509E-06   0.99968
FLUX  722  1197.50        2.503486E+14   7.5438E-06   7.6448E-06   0.98679
FLUX  723  1202.50        2.493077E+14   7.6000E-06   7.6387E-06   0.99494
FLUX  724  1207.50        2.482754E+14   7.5830E-06   7.6325E-06   0.99351
FLUX  725  1212.50        2.472515E+14   7.5942E-06   7.6263E-06   0.99580
FLUX  726  1217.50        2.462361E+14   7.6136E-06   7.6200E-06   0.99916
FLUX  727  1222.50        2.452290E+14   7.6047E-06   7.6137E-06   0.99881
FLUX  728  1227.50        2.442301E+14   7.5820E-06   7.6074E-06   0.99666
FLUX  729  1232.50        2.432393E+14   7.5887E-06   7.6011E-06   0.99836
FLUX  730  1237.50        2.422566E+14   7.5811E-06   7.5948E-06   0.99819
FLUX  731  1242.50        2.412817E+14   7.5799E-06   7.5885E-06   0.99887
FLUX  732  1247.50        2.403146E+14   7.5762E-06   7.5822E-06   0.99922
FLUX  733  1252.50        2.393553E+14   7.5591E-06   7.5758E-06   0.99780
FLUX  734  1257.50        2.384036E+14   7.5375E-06   7.5694E-06   0.99578
FLUX  735  1262.50        2.374594E+14   7.5343E-06   7.5631E-06   0.99620
FLUX  736  1267.50        2.365227E+14   7.5439E-06   7.5567E-06   0.99830
FLUX  737  1272.50        2.355933E+14   7.5461E-06   7.5503E-06   0.99944
FLUX  738  1277.50        2.346712E+14   7.5343E-06   7.5440E-06   0.99871
FLUX  739  1282.50        2.337563E+14   7.2402E-06   7.5377E-06   0.96053
FLUX  740  1287.50        2.328485E+14   7.5193E-06   7.5314E-06   0.99840
FLUX  741  1292.50        2.319478E+14   7.5074E-06   7.5250E-06   0.99765
FLUX  742  1297.50        2.310539E+14   7.5088E-06   7.5187E-06   0.99869
FLUX  743  1302.50        2.301670E+14   7.5025E-06   7.5122E-06   0.99870
FLUX  744  1307.50        2.292868E+14   7.5007E-06   7.5058E-06   0.99932
FLUX  745  1312.50        2.284133E+14   7.4743E-06   7.4993E-06   0.99667
FLUX  746  1317.50        2.275465E+14   7.4573E-06   7.4928E-06   0.99527
FLUX  747  1322.50        2.266862E+14   7.4792E-06   7.4862E-06   0.99906
FLUX  748  1327.50        2.258324E+14   7.4538E-06   7.4796E-06   0.99655
FLUX  749  1332.50        2.249850E+14   7.4588E-06   7.4730E-06   0.99810
FLUX  750  1337.50        2.241439E+14   7.4529E-06   7.4664E-06   0.99819
FLUX  751  1342.50        2.233091E+14   7.4535E-06   7.4598E-06   0.99916
FLUX  752  1347.50        2.224805E+14   7.4466E-06   7.4532E-06   0.99911
FLUX  753  1352.50        2.216580E+14   7.4328E-06   7.4466E-06   0.99815
FLUX  754  1357.50        2.208416E+14   7.4105E-06   7.4400E-06   0.99603
FLUX  755  1362.50        2.200312E+14   7.4182E-06   7.4334E-06   0.99796
FLUX  756  1367.50        2.192267E+14   7.4118E-06   7.4267E-06   0.99799
FLUX  757  1372.50        2.184280E+14   7.3589E-06   7.4200E-06   0.99177
FLUX  758  1377.50        2.176352E+14   7.3830E-06   7.4132E-06   0.99592
FLUX  759  1382.50        2.168481E+14   7.3786E-06   7.4064E-06   0.99625
FLUX  760  1387.50        2.160667E+14   7.3881E-06   7.3995E-06   0.99845
FLUX  761  1392.50        2.152908E+14   7.3749E-06   7.3926E-06   0.99761
FLUX  762  1397.50        2.145206E+14   7.3725E-06   7.3856E-06   0.99822
FLUX  763  1402.50        2.137558E+14   7.3531E-06   7.3786E-06   0.99654
FLUX  764  1407.50        2.129964E+14   7.3624E-06   7.3715E-06   0.99876
FLUX  765  1412.50        2.122425E+14   7.3393E-06   7.3644E-06   0.99658
FLUX  766  1417.50        2.114938E+14   7.3462E-06   7.3572E-06   0.99851
FLUX  767  1422.50        2.107504E+14   7.3113E-06   7.3499E-06   0.99474
FLUX  768  1427.50        2.100123E+14   7.2942E-06   7.3425E-06   0.99342
FLUX  769  1432.50        2.092792E+14   7.3200E-06   7.3350E-06   0.99796
FLUX  770  1437.50        2.085513E+14   7.3220E-06   7.3273E-06   0.99927
FLUX  771  1442.50        2.078284E+14   7.1929E-06   7.3195E-06   0.98270
FLUX  772  1447.50        2.071105E+14   7.2998E-06   7.3116E-06   0.99838
FLUX  773  1452.50        2.063976E+14   7.2267E-06   7.3037E-06   0.98947
FLUX  774  1457.00        2.057601E+14   7.2627E-06   7.2964E-06   0.99538
FLUX  775  1462.00        2.050564E+14   7.2490E-06   7.4869E-06   0.96823
FLUX  776  1467.50        2.042879E+14   7.2642E-06   7.4804E-06   0.97110
FLUX  777  1472.50        2.035942E+14   7.2268E-06   7.4744E-06   0.96688
FLUX  778  1477.50        2.029052E+14   7.2148E-06   7.4681E-06   0.96609
FLUX  779  1482.50        2.022209E+14   7.2161E-06   7.4616E-06   0.96710
FLUX  780  1487.50        2.015412E+14   7.1626E-06   7.4549E-06   0.96079
FLUX  781  1492.50        2.008660E+14   7.2246E-06   7.4480E-06   0.97001
FLUX  782  1497.50        2.001953E+14   7.2023E-06   7.4409E-06   0.96793
FLUX  783  1502.50        1.995291E+14   7.1272E-06   7.4336E-06   0.95878
FLUX  784  1507.50        1.988673E+14   7.1220E-06   7.4260E-06   0.95907
FLUX  785  1512.50        1.982099E+14   7.1600E-06   7.4181E-06   0.96520
FLUX  786  1517.50        1.975568E+14   7.1540E-06   7.4100E-06   0.96546
FLUX  787  1522.50        1.969080E+14   7.1852E-06   7.4015E-06   0.97077
FLUX  788  1527.50        1.962635E+14   7.0937E-06   7.3927E-06   0.95954
FLUX  789  1532.50        1.956232E+14   7.0873E-06   7.3835E-06   0.95988
FLUX  790  1537.50        1.949870E+14   7.1795E-06   7.3740E-06   0.97363
FLUX  791  1542.50        1.943549E+14   7.0090E-06   7.3640E-06   0.95180
FLUX  792  1547.50        1.937270E+14   7.1750E-06   7.3536E-06   0.97572
FLUX  793  1552.50        1.931031E+14   7.1912E-06   7.3428E-06   0.97935
FLUX  794  1557.50        1.924831E+14   6.9576E-06   7.3315E-06   0.94899
FLUX  795  1562.50        1.918672E+14   7.2160E-06   7.3197E-06   0.98582
FLUX  796  1567.50        1.912552E+14   7.1317E-06   7.3075E-06   0.97594
FLUX  797  1572.50        1.906471E+14   6.9286E-06   7.2947E-06   0.94981
FLUX  798  1577.50        1.900428E+14   7.1333E-06   7.2813E-06   0.97966
FLUX  799  1582.50        1.894423E+14   7.1700E-06   7.2674E-06   0.98661
FLUX  800  1587.50        1.888457E+14   6.7642E-06   7.2527E-06   0.93264
FLUX  801  1592.50        1.882527E+14   7.1449E-06   7.2374E-06   0.98722
FLUX  802  1597.50        1.876635E+14   7.1614E-06   7.2215E-06   0.99168
FLUX  803  1605.00        1.867866E+14   7.1174E-06   7.1960E-06   0.98907
FLUX  804  1615.00        1.856300E+14   6.9151E-06   7.1588E-06   0.96596
FLUX  805  1625.00        1.844877E+14   7.0918E-06   7.1173E-06   0.99643
FLUX  806  1635.00        1.833593E+14   6.9977E-06   7.0691E-06   0.98990
FLUX  807  1645.00        1.822447E+14   6.7712E-06   7.0122E-06   0.96564
FLUX  808  1655.00        1.811435E+14   6.9285E-06   6.9496E-06   0.99697
FLUX  809  1665.00        1.800556E+14   6.8695E-06   6.8877E-06   0.99735
FLUX  810  1675.00        1.789806E+14   6.7697E-06   6.8267E-06   0.99165
FLUX  811  1685.00        1.779184E+14   6.5406E-06   6.7664E-06   0.96663
FLUX  812  1695.00        1.768687E+14   6.7001E-06   6.7069E-06   0.99898
FLUX  813  1705.00        1.758314E+14   6.6165E-06   6.6481E-06   0.99525
FLUX  814  1715.00        1.748061E+14   6.5687E-06   6.5901E-06   0.99675
FLUX  815  1725.00        1.737928E+14   6.4923E-06   6.5328E-06   0.99379
FLUX  816  1735.00        1.727911E+14   6.2259E-06   6.4762E-06   0.96135
FLUX  817  1745.00        1.718009E+14   6.3663E-06   6.4203E-06   0.99159
FLUX  818  1755.00        1.708219E+14   6.3364E-06   6.3650E-06   0.99550
FLUX  819  1765.00        1.698541E+14   6.2731E-06   6.3105E-06   0.99408
FLUX  820  1775.00        1.688972E+14   6.2328E-06   6.2565E-06   0.99620
FLUX  821  1785.00        1.679510E+14   6.1816E-06   6.2033E-06   0.99650
FLUX  822  1795.00        1.670153E+14   6.1442E-06   6.1507E-06   0.99894
FLUX  823  1805.00        1.660900E+14   6.0810E-06   6.0988E-06   0.99709
FLUX  824  1815.00        1.651749E+14   5.8559E-06   6.0474E-06   0.96833
FLUX  825  1825.00        1.642699E+14   5.9592E-06   5.9967E-06   0.99373
FLUX  826  1835.00        1.633747E+14   5.9322E-06   5.9466E-06   0.99758
FLUX  827  1845.00        1.624892E+14   5.8731E-06   5.8970E-06   0.99594
FLUX  828  1855.00        1.616132E+14   5.8293E-06   5.8481E-06   0.99678
FLUX  829  1865.00        1.607466E+14   5.7799E-06   5.7997E-06   0.99657
FLUX  830  1875.00        1.598893E+14   5.5076E-06   5.7520E-06   0.95752
FLUX  831  1885.00        1.590411E+14   5.6747E-06   5.7048E-06   0.99472
FLUX  832  1895.00        1.582018E+14   5.5915E-06   5.6581E-06   0.98822
FLUX  833  1905.00        1.573714E+14   5.6032E-06   5.6120E-06   0.99844
FLUX  834  1915.00        1.565496E+14   5.5542E-06   5.5665E-06   0.99781
FLUX  835  1925.00        1.557364E+14   5.5100E-06   5.5214E-06   0.99793
FLUX  836  1935.00        1.549315E+14   5.4558E-06   5.4769E-06   0.99615
FLUX  837  1945.00        1.541350E+14   5.2479E-06   5.4329E-06   0.96595
FLUX  838  1955.00        1.533465E+14   5.3718E-06   5.3894E-06   0.99673
FLUX  839  1965.00        1.525662E+14   5.3340E-06   5.3464E-06   0.99769
FLUX  840  1975.00        1.517937E+14   5.2729E-06   5.3038E-06   0.99416
FLUX  841  1985.00        1.510290E+14   5.2474E-06   5.2618E-06   0.99726
FLUX  842  1995.00        1.502719E+14   5.2067E-06   5.2202E-06   0.99742
FLUX  843  2005.00        1.495224E+14   5.1738E-06   5.1791E-06   0.99896
FLUX  844  2015.00        1.487804E+14   5.1369E-06   5.1385E-06   0.99969
FLUX  845  2025.00        1.480457E+14   5.0890E-06   5.0984E-06   0.99816
FLUX  846  2035.00        1.473182E+14   5.0403E-06   5.0587E-06   0.99636
FLUX  847  2045.00        1.465978E+14   5.0176E-06   5.0194E-06   0.99963
FLUX  848  2055.00        1.458844E+14   4.9772E-06   4.9806E-06   0.99932
FLUX  849  2065.00        1.451780E+14   4.9291E-06   4.9423E-06   0.99733
FLUX  850  2075.00        1.444783E+14   4.8969E-06   4.9043E-06   0.99847
FLUX  851  2085.00        1.437854E+14   4.8618E-06   4.8669E-06   0.99896
FLUX  852  2095.00        1.430990E+14   4.8165E-06   4.8298E-06   0.99726
FLUX  853  2105.00        1.424192E+14   4.7864E-06   4.7931E-06   0.99859
FLUX  854  2115.00        1.417459E+14   4.7443E-06   4.7569E-06   0.99735
FLUX  855  2125.00        1.410788E+14   4.7086E-06   4.7210E-06   0.99737
FLUX  856  2135.00        1.404180E+14   4.6751E-06   4.6855E-06   0.99778
FLUX  857  2145.00        1.397634E+14   4.6480E-06   4.6504E-06   0.99949
FLUX  858  2155.00        1.391148E+14   4.6133E-06   4.6157E-06   0.99947
FLUX  859  2165.00        1.384723E+14   4.4483E-06   4.5814E-06   0.97094
FLUX  860  2175.00        1.378356E+14   4.5369E-06   4.5474E-06   0.99769
FLUX  861  2185.00        1.372048E+14   4.5031E-06   4.5138E-06   0.99764
FLUX  862  2195.00        1.365797E+14   4.4793E-06   4.4806E-06   0.99973
FLUX  863  2205.00        1.359603E+14   4.4332E-06   4.4477E-06   0.99674
FLUX  864  2215.00        1.353465E+14   4.4035E-06   4.4151E-06   0.99737
FLUX  865  2225.00        1.347382E+14   4.3796E-06   4.3830E-06   0.99923
FLUX  866  2235.00        1.341353E+14   4.3478E-06   4.3511E-06   0.99925
FLUX  867  2245.00        1.335379E+14   4.3172E-06   4.3196E-06   0.99943
FLUX  868  2255.00        1.329457E+14   4.2689E-06   4.2885E-06   0.99543
FLUX  869  2265.00        1.323587E+14   4.2490E-06   4.2576E-06   0.99798
FLUX  870  2275.00        1.317769E+14   4.2225E-06   4.2271E-06   0.99890
FLUX  871  2285.00        1.312002E+14   4.1911E-06   4.2374E-06   0.98906
FLUX  872  2295.00        1.306285E+14   4.1601E-06   4.2070E-06   0.98884
FLUX  873  2305.00        1.300618E+14   4.1371E-06   4.1769E-06   0.99046
FLUX  874  2315.00        1.295000E+14   4.1058E-06   4.1472E-06   0.99002
FLUX  875  2325.00        1.289430E+14   4.0774E-06   4.1177E-06   0.99022
FLUX  876  2335.00        1.283908E+14   4.0473E-06   4.0885E-06   0.98991
FLUX  877  2345.00        1.278433E+14   4.0218E-06   4.0597E-06   0.99067
FLUX  878  2355.00        1.273004E+14   3.9913E-06   4.0311E-06   0.99011
FLUX  879  2365.00        1.267622E+14   3.9647E-06   4.0029E-06   0.99048
FLUX  880  2375.00        1.262284E+14   3.9366E-06   3.9749E-06   0.99036
FLUX  881  2385.00        1.256992E+14   3.9060E-06   3.9472E-06   0.98956
FLUX  882  2395.00        1.251743E+14   3.8813E-06   3.9198E-06   0.99018
FLUX  883  2405.00        1.246538E+14   3.8519E-06   3.8927E-06   0.98952
FLUX  884  2415.00        1.241377E+14   3.8215E-06   3.8658E-06   0.98852
FLUX  885  2425.00        1.236258E+14   3.8112E-06   3.8393E-06   0.99270
FLUX  886  2435.00        1.231181E+14   3.7651E-06   3.8129E-06   0.98744
FLUX  887  2445.00        1.226145E+14   3.7387E-06   3.7869E-06   0.98728
FLUX  888  2455.00        1.221151E+14   3.7302E-06   3.7611E-06   0.99177
FLUX  889  2465.00        1.216197E+14   3.6979E-06   3.7356E-06   0.98991
FLUX  890  2475.00        1.211283E+14   3.6720E-06   3.7103E-06   0.98969
FLUX  891  2485.00        1.206408E+14   3.6555E-06   3.6853E-06   0.99191
FLUX  892  2495.00        1.201573E+14   3.5957E-06   3.6605E-06   0.98230
FLUX  893  2505.00        1.196776E+14   3.6218E-06   3.6360E-06   0.99611
FLUX  894  2515.00        1.192018E+14   3.5971E-06   3.6117E-06   0.99596
FLUX  895  2525.00        1.187297E+14   3.5207E-06   3.5876E-06   0.98135
FLUX  896  2535.00        1.182613E+14   3.5511E-06   3.5638E-06   0.99643
FLUX  897  2545.00        1.177967E+14   3.5322E-06   3.5402E-06   0.99773
FLUX  898  2555.00        1.173356E+14   3.5049E-06   3.5168E-06   0.99660
FLUX  899  2565.00        1.168782E+14   3.4164E-06   3.4937E-06   0.97786
FLUX  900  2575.00        1.164243E+14   3.4651E-06   3.4708E-06   0.99837
FLUX  901  2585.00        1.159739E+14   3.4326E-06   3.4481E-06   0.99549
FLUX  902  2595.00        1.155270E+14   3.4222E-06   3.4257E-06   0.99899
FLUX  903  2605.00        1.150835E+14   3.3969E-06   3.4034E-06   0.99809
FLUX  904  2615.00        1.146434E+14   3.3085E-06   3.3814E-06   0.97845
FLUX  905  2625.00        1.142067E+14   3.2618E-06   3.3596E-06   0.97089
FLUX  906  2635.00        1.137732E+14   3.3309E-06   3.3379E-06   0.99788
FLUX  907  2645.00        1.133431E+14   3.3099E-06   3.3165E-06   0.99800
FLUX  908  2655.00        1.129162E+14   3.2860E-06   3.2953E-06   0.99718
FLUX  909  2665.00        1.124925E+14   3.2542E-06   3.2743E-06   0.99385
FLUX  910  2675.00        1.120720E+14   3.1818E-06   3.2535E-06   0.97798
FLUX  911  2685.00        1.116546E+14   3.2306E-06   3.2329E-06   0.99930
FLUX  912  2695.00        1.112403E+14   3.2113E-06   3.2125E-06   0.99965
FLUX  913  2705.00        1.108290E+14   3.1886E-06   3.1922E-06   0.99886
FLUX  914  2715.00        1.104208E+14   3.1706E-06   3.1722E-06   0.99951
FLUX  915  2725.00        1.100156E+14   3.1507E-06   3.1523E-06   0.99949
FLUX  916  2735.00        1.096133E+14   3.1314E-06   3.1327E-06   0.99960
FLUX  917  2745.00        1.092140E+14   3.1128E-06   3.1132E-06   0.99988
FLUX  918  2755.00        1.088176E+14   3.0320E-06   3.0938E-06   0.98002
FLUX  919  2765.00        1.084240E+14   3.0658E-06   3.0747E-06   0.99709
FLUX  920  2775.00        1.080333E+14   3.0543E-06   3.0558E-06   0.99951
FLUX  921  2785.00        1.076454E+14   3.0357E-06   3.0370E-06   0.99959
FLUX  922  2795.00        1.072603E+14   3.0180E-06   3.0184E-06   0.99988
FLUX  923  2805.00        1.068779E+14   2.9993E-06   2.9999E-06   0.99979
FLUX  924  2815.00        1.064982E+14   2.9811E-06   2.9816E-06   0.99982
FLUX  925  2825.00        1.061212E+14   2.9628E-06   2.9635E-06   0.99975
FLUX  926  2835.00        1.057469E+14   2.9455E-06   2.9455E-06   0.99997
FLUX  927  2845.00        1.053752E+14   2.9255E-06   2.9277E-06   0.99923
FLUX  928  2855.00        1.050061E+14   2.9095E-06   2.9101E-06   0.99980
FLUX  929  2865.00        1.046396E+14   2.8896E-06   2.8926E-06   0.99896
FLUX  930  2875.00        1.042757E+14   2.8162E-06   2.8753E-06   0.97944
FLUX  931  2885.00        1.039142E+14   2.8568E-06   2.8581E-06   0.99955
FLUX  932  2895.00        1.035553E+14   2.8404E-06   2.8411E-06   0.99975
FLUX  933  2905.00        1.031988E+14   2.8235E-06   2.8242E-06   0.99976
FLUX  934  2915.00        1.028448E+14   2.8052E-06   2.8074E-06   0.99921
FLUX  935  2925.00        1.024932E+14   2.7885E-06   2.7909E-06   0.99916
FLUX  936  2935.00        1.021440E+14   2.7738E-06   2.7744E-06   0.99978
FLUX  937  2945.00        1.017971E+14   2.7564E-06   2.7581E-06   0.99938
FLUX  938  2955.00        1.014526E+14   2.7415E-06   2.7420E-06   0.99983
FLUX  939  2965.00        1.011105E+14   2.7254E-06   2.7260E-06   0.99981
FLUX  940  2975.00        1.007706E+14   2.7095E-06   2.7101E-06   0.99978
FLUX  941  2985.00        1.004330E+14   2.6941E-06   2.6943E-06   0.99990
FLUX  942  2995.00        1.000977E+14   2.6776E-06   2.6787E-06   0.99957
FLUX  943  3005.00        9.976456E+13   2.6621E-06   2.6633E-06   0.99958
FLUX  944  3015.00        9.943366E+13   2.6472E-06   2.6479E-06   0.99971
FLUX  945  3025.00        9.910496E+13   2.6320E-06   2.6327E-06   0.99972
FLUX  946  3035.00        9.877842E+13   2.5726E-06   2.6176E-06   0.98281
FLUX  947  3045.00        9.845402E+13   2.5930E-06   2.6027E-06   0.99630
FLUX  948  3055.00        9.813175E+13   2.5868E-06   2.5878E-06   0.99961
FLUX  949  3065.00        9.781158E+13   2.5711E-06   2.5731E-06   0.99924
FLUX  950  3075.00        9.749349E+13   2.5580E-06   2.5584E-06   0.99984
FLUX  951  3085.00        9.717747E+13   2.5411E-06   2.5440E-06   0.99887
FLUX  952  3095.00        9.686349E+13   2.5273E-06   2.5296E-06   0.99909
FLUX  953  3105.00        9.655153E+13   2.5135E-06   2.5153E-06   0.99926
FLUX  954  3115.00        9.624157E+13   2.4927E-06   2.5012E-06   0.99660
FLUX  955  3125.00        9.593360E+13   2.4850E-06   2.4872E-06   0.99913
FLUX  956  3135.00        9.562759E+13   2.4713E-06   2.4733E-06   0.99919
FLUX  957  3145.00        9.532353E+13   2.4574E-06   2.4595E-06   0.99917
FLUX  958  3155.00        9.502139E+13   2.4426E-06   2.4458E-06   0.99871
FLUX  959  3165.00        9.472117E+13   2.4316E-06   2.4322E-06   0.99974
FLUX  960  3175.00        9.442283E+13   2.4165E-06   2.4188E-06   0.99904
FLUX  961  3185.00        9.412637E+13   2.4046E-06   2.4055E-06   0.99966
FLUX  962  3195.00        9.383177E+13   2.3919E-06   2.3922E-06   0.99986
FLUX  963  3210.00        9.339330E+13   2.3715E-06   2.3726E-06   0.99953
FLUX  964  3230.00        9.281501E+13   2.3462E-06   2.3468E-06   0.99975
FLUX  965  3250.00        9.224385E+13   2.3207E-06   2.3214E-06   0.99972
FLUX  966  3270.00        9.167966E+13   2.2956E-06   2.2964E-06   0.99966
FLUX  967  3290.00        9.112234E+13   2.2464E-06   2.2775E-06   0.98636
FLUX  968  3310.00        9.057175E+13   2.2446E-06   2.2531E-06   0.99619
FLUX  969  3330.00        9.002778E+13   2.2207E-06   2.2292E-06   0.99619
FLUX  970  3350.00        8.949030E+13   2.1991E-06   2.2056E-06   0.99706
FLUX  971  3370.00        8.895920E+13   2.1742E-06   2.1824E-06   0.99625
FLUX  972  3390.00        8.843436E+13   2.1507E-06   2.1596E-06   0.99591
FLUX  973  3410.00        8.791569E+13   2.1285E-06   2.1371E-06   0.99598
FLUX  974  3430.00        8.740306E+13   2.1095E-06   2.1149E-06   0.99740
FLUX  975  3450.00        8.689638E+13   2.0891E-06   2.0932E-06   0.99808
FLUX  976  3470.00        8.639553E+13   2.0684E-06   2.0717E-06   0.99840
FLUX  977  3490.00        8.590043E+13   2.0474E-06   2.0505E-06   0.99845
FLUX  978  3510.00        8.541097E+13   2.0269E-06   2.0297E-06   0.99861
FLUX  979  3530.00        8.492705E+13   2.0054E-06   2.0092E-06   0.99813
FLUX  980  3550.00        8.444859E+13   1.9850E-06   1.9890E-06   0.99799
FLUX  981  3570.00        8.397549E+13   1.9636E-06   1.9691E-06   0.99722
FLUX  982  3590.00        8.350766E+13   1.9478E-06   1.9495E-06   0.99914
FLUX  983  3610.00        8.304501E+13   1.9252E-06   1.9301E-06   0.99744
FLUX  984  3630.00        8.258746E+13   1.9105E-06   1.9111E-06   0.99967
FLUX  985  3650.00        8.213493E+13   1.8853E-06   1.8923E-06   0.99631
FLUX  986  3670.00        8.168733E+13   1.8717E-06   1.8738E-06   0.99884
FLUX  987  3690.00        8.124458E+13   1.8455E-06   1.8556E-06   0.99456
FLUX  988  3710.00        8.080660E+13   1.8343E-06   1.8377E-06   0.99814
FLUX  989  3730.00        8.037332E+13   1.8133E-06   1.8200E-06   0.99636
FLUX  990  3750.00        7.994467E+13   1.7779E-06   1.8025E-06   0.98631
FLUX  991  3770.00        7.952056E+13   1.7834E-06   1.7853E-06   0.99891
FLUX  992  3790.00        7.910092E+13   1.7668E-06   1.7684E-06   0.99910
FLUX  993  3810.00        7.868569E+13   1.7434E-06   1.7517E-06   0.99526
FLUX  994  3830.00        7.827480E+13   1.7322E-06   1.7352E-06   0.99827
FLUX  995  3850.00        7.786818E+13   1.7184E-06   1.7189E-06   0.99966
FLUX  996  3870.00        7.746576E+13   1.7009E-06   1.7029E-06   0.99882
FLUX  997  3890.00        7.706748E+13   1.6857E-06   1.6871E-06   0.99918
FLUX  998  3910.00        7.667327E+13   1.6610E-06   1.6715E-06   0.99371
FLUX  999  3930.00        7.628308E+13   1.6555E-06   1.6561E-06   0.99959
FLUX 1000  3950.00        7.589683E+13   1.6398E-06   1.6410E-06   0.99926
FLUX 1001  3970.00        7.551448E+13   1.6255E-06   1.6260E-06   0.99970
FLUX 1002  3990.00        7.513596E+13   1.6084E-06   1.6113E-06   0.99823
FLUX 1003  4010.00        7.476122E+13   1.5931E-06   1.5967E-06   0.99771
FLUX 1004  4030.00        7.439020E+13   1.5731E-06   1.5824E-06   0.99415
FLUX 1005  4050.00        7.402284E+13   1.5521E-06   1.5682E-06   0.98974
FLUX 1006  4070.00        7.365909E+13   1.5532E-06   1.5542E-06   0.99934
FLUX 1007  4090.00        7.329890E+13   1.5392E-06   1.5404E-06   0.99917
FLUX 1008  4110.00        7.294221E+13   1.5265E-06   1.5268E-06   0.99978
FLUX 1009  4130.00        7.258898E+13   1.5132E-06   1.5134E-06   0.99985
FLUX 1010  4150.00        7.223916E+13   1.4993E-06   1.5001E-06   0.99944
FLUX 1011  4170.00        7.189269E+13   1.4769E-06   1.4871E-06   0.99317
FLUX 1012  4190.00        7.154952E+13   1.4733E-06   1.4741E-06   0.99944
FLUX 1013  4210.00        7.120962E+13   1.4589E-06   1.4614E-06   0.99827
FLUX 1014  4230.00        7.087293E+13   1.4488E-06   1.4488E-06   0.99997
FLUX 1015  4250.00        7.053941E+13   1.4358E-06   1.4364E-06   0.99958
FLUX 1016  4270.00        7.020902E+13   1.4240E-06   1.4241E-06   0.99991
FLUX 1017  4290.00        6.988170E+13   1.4107E-06   1.4120E-06   0.99906
FLUX 1018  4310.00        6.955742E+13   1.3969E-06   1.4000E-06   0.99777
FLUX 1019  4330.00        6.923614E+13   1.3847E-06   1.3882E-06   0.99744
FLUX 1020  4350.00        6.891782E+13   1.3713E-06   1.3766E-06   0.99614
FLUX 1021  4370.00        6.860240E+13   1.3502E-06   1.3651E-06   0.98912
FLUX 1022  4390.00        6.828986E+13   1.3465E-06   1.3537E-06   0.99471
FLUX 1023  4410.00        6.798016E+13   1.3332E-06   1.3425E-06   0.99313
FLUX 1024  4430.00        6.767325E+13   1.3224E-06   1.3314E-06   0.99323
FLUX 1025  4450.00        6.736910E+13   1.3110E-06   1.3204E-06   0.99288
FLUX 1026  4470.00        6.706767E+13   1.2996E-06   1.3106E-06   0.99167
FLUX 1027  4490.00        6.676893E+13   1.2898E-06   1.2999E-06   0.99226
FLUX 1028  4510.00        6.647284E+13   1.2783E-06   1.2893E-06   0.99148
FLUX 1029  4530.00        6.617936E+13   1.2679E-06   1.2788E-06   0.99142
FLUX 1030  4550.00        6.588846E+13   1.2585E-06   1.2685E-06   0.99213
FLUX 1031  4570.00        6.560011E+13   1.2490E-06   1.2583E-06   0.99262
FLUX 1032  4590.00        6.531427E+13   1.2379E-06   1.2482E-06   0.99176
FLUX 1033  4610.00        6.503091E+13   1.2299E-06   1.2383E-06   0.99320
FLUX 1034  4630.00        6.475000E+13   1.2197E-06   1.2284E-06   0.99292
FLUX 1035  4650.00        6.447150E+13   1.2024E-06   1.2187E-06   0.98658
FLUX 1036  4670.00        6.419540E+13   1.1954E-06   1.2091E-06   0.98868
FLUX 1037  4690.00        6.392164E+13   1.1933E-06   1.1996E-06   0.99475
FLUX 1038  4710.00        6.365021E+13   1.1844E-06   1.1902E-06   0.99512
FLUX 1039  4730.00        6.338108E+13   1.1761E-06   1.1810E-06   0.99589
FLUX 1040  4750.00        6.311421E+13   1.1664E-06   1.1718E-06   0.99544
FLUX 1041  4770.00        6.284958E+13   1.1578E-06   1.1627E-06   0.99573
FLUX 1042  4790.00        6.258716E+13   1.1493E-06   1.1538E-06   0.99613
FLUX 1043  4810.00        6.232692E+13   1.1396E-06   1.1449E-06   0.99535
FLUX 1044  4830.00        6.206884E+13   1.1317E-06   1.1362E-06   0.99609
FLUX 1045  4850.00        6.181289E+13   1.1227E-06   1.1275E-06   0.99572
FLUX 1046  4870.00        6.155903E+13   1.1143E-06   1.1190E-06   0.99588
FLUX 1047  4890.00        6.130726E+13   1.1055E-06   1.1105E-06   0.99552
FLUX 1048  4910.00        6.105753E+13   1.0979E-06   1.1021E-06   0.99614
FLUX 1049  4930.00        6.080984E+13   1.0886E-06   1.0939E-06   0.99523
FLUX 1050  4950.00        6.056414E+13   1.0813E-06   1.0857E-06   0.99597
FLUX 1051  4970.00        6.032042E+13   1.0721E-06   1.0776E-06   0.99489
FLUX 1052  4990.00        6.007866E+13   1.0659E-06   1.0696E-06   0.99652
FLUX 1053  5010.00        5.983882E+13   1.0571E-06   1.0617E-06   0.99565
FLUX 1054  5030.00        5.960089E+13   1.0492E-06   1.0539E-06   0.99560
FLUX 1055  5050.00        5.936485E+13   1.0413E-06   1.0461E-06   0.99537
FLUX 1056  5070.00        5.913067E+13   1.0342E-06   1.0385E-06   0.99591
FLUX 1057  5090.00        5.889833E+13   1.0263E-06   1.0309E-06   0.99548
FLUX 1058  5110.00        5.866781E+13   1.0193E-06   1.0234E-06   0.99592
FLUX 1059  5130.00        5.843908E+13   1.0068E-06   1.0160E-06   0.99091
FLUX 1060  5150.00        5.821214E+13   1.0051E-06   1.0087E-06   0.99637
FLUX 1061  5170.00        5.798694E+13   9.9699E-07   1.0015E-06   0.99553
FLUX 1062  5190.00        5.776349E+13   9.9090E-07   9.9430E-07   0.99658
FLUX 1063  5210.00        5.754175E+13   9.8377E-07   9.8721E-07   0.99652
FLUX 1064  5230.00        5.732170E+13   9.7682E-07   9.8019E-07   0.99656
FLUX 1065  5250.00        5.710333E+13   9.7042E-07   9.7325E-07   0.99710
FLUX 1066  5270.00        5.688662E+13   9.6199E-07   9.6638E-07   0.99546
FLUX 1067  5290.00        5.667155E+13   9.5658E-07   9.5958E-07   0.99687
FLUX 1068  5310.00        5.645810E+13   9.5047E-07   9.5286E-07   0.99750
FLUX 1069  5330.00        5.624625E+13   9.4358E-07   9.4620E-07   0.99723
FLUX 1070  5350.00        5.603598E+13   9.3742E-07   9.3962E-07   0.99766
FLUX 1071  5370.00        5.582728E+13   9.2932E-07   9.3310E-07   0.99594
FLUX 1072  5390.00        5.562013E+13   9.2383E-07   9.2665E-07   0.99695
FLUX 1073  5410.00        5.541451E+13   9.1844E-07   9.2027E-07   0.99801
FLUX 1074  5430.00        5.521040E+13   9.1169E-07   9.1395E-07   0.99753
FLUX 1075  5450.00        5.500780E+13   9.0600E-07   9.0770E-07   0.99813
FLUX 1076  5470.00        5.480667E+13   8.9919E-07   9.0151E-07   0.99742
FLUX 1077  5490.00        5.460701E+13   8.9362E-07   8.9539E-07   0.99803
FLUX 1078  5510.00        5.440880E+13   8.8793E-07   8.8932E-07   0.99844
FLUX 1079  5530.00        5.421202E+13   8.7938E-07   8.8332E-07   0.99554
FLUX 1080  5550.00        5.401667E+13   8.7595E-07   8.7738E-07   0.99837
FLUX 1081  5570.00        5.382271E+13   8.7041E-07   8.7149E-07   0.99876
FLUX 1082  5590.00        5.363014E+13   8.6383E-07   8.6567E-07   0.99787
FLUX 1083  5610.00        5.343895E+13   8.5877E-07   8.5991E-07   0.99868
FLUX 1084  5630.00        5.324911E+13   8.5300E-07   8.5420E-07   0.99860
FLUX 1085  5650.00        5.306062E+13   8.4774E-07   8.4855E-07   0.99905
FLUX 1086  5670.00        5.287346E+13   8.4220E-07   8.4295E-07   0.99911
FLUX 1087  5690.00        5.268761E+13   8.3650E-07   8.3741E-07   0.99891
FLUX 1088  5710.00        5.250306E+13   8.2813E-07   8.3192E-07   0.99544
FLUX 1089  5730.00        5.231981E+13   8.2585E-07   8.2649E-07   0.99923
FLUX 1090  5750.00        5.213783E+13   8.2048E-07   8.2111E-07   0.99923
FLUX 1091  5770.00        5.195711E+13   8.1516E-07   8.1578E-07   0.99923
FLUX 1092  5790.00        5.177763E+13   8.0989E-07   8.1051E-07   0.99923
FLUX 1093  5810.00        5.159940E+13   8.0474E-07   8.0528E-07   0.99932
FLUX 1094  5830.00        5.142238E+13   7.9967E-07   8.0011E-07   0.99945
FLUX 1095  5850.00        5.124658E+13   7.9481E-07   7.9519E-07   0.99952
FLUX 1096  5870.00        5.107198E+13   7.8959E-07   7.9011E-07   0.99934
FLUX 1097  5890.00        5.089856E+13   7.8437E-07   7.8508E-07   0.99910
FLUX 1098  5910.00        5.072631E+13   7.7549E-07   7.8010E-07   0.99409
FLUX 1099  5930.00        5.055523E+13   7.7470E-07   7.7516E-07   0.99941
FLUX 1100  5950.00        5.038529E+13   7.6597E-07   7.7027E-07   0.99441
FLUX 1101  5970.00        5.021650E+13   7.6498E-07   7.6543E-07   0.99941
FLUX 1102  5990.00        5.004883E+13   7.6033E-07   7.6063E-07   0.99960
FLUX 1103  6010.00        4.988228E+13   7.5552E-07   7.5588E-07   0.99952
FLUX 1104  6030.00        4.971683E+13   7.5094E-07   7.5117E-07   0.99969
FLUX 1105  6050.00        4.955248E+13   7.4630E-07   7.4651E-07   0.99972
FLUX 1106  6070.00        4.938921E+13   7.4161E-07   7.4189E-07   0.99963
FLUX 1107  6090.00        4.922701E+13   7.3698E-07   7.3731E-07   0.99955
FLUX 1108  6110.00        4.906588E+13   7.3214E-07   7.3277E-07   0.99914
FLUX 1109  6130.00        4.890579E+13   7.2804E-07   7.2827E-07   0.99968
FLUX 1110  6150.00        4.874675E+13   7.2367E-07   7.2382E-07   0.99979
FLUX 1111  6170.00        4.858874E+13   7.1925E-07   7.1941E-07   0.99978
FLUX 1112  6190.00        4.843174E+13   7.1487E-07   7.1503E-07   0.99977
FLUX 1113  6210.00        4.827576E+13   7.1060E-07   7.1070E-07   0.99986
FLUX 1114  6230.00        4.812079E+13   7.0590E-07   7.0641E-07   0.99928
FLUX 1115  6250.00        4.796680E+13   7.0194E-07   7.0215E-07   0.99970
FLUX 1116  6270.00        4.781380E+13   6.9771E-07   6.9793E-07   0.99969
FLUX 1117  6290.00        4.766176E+13   6.9066E-07   6.9375E-07   0.99554
FLUX 1118  6310.00        4.751070E+13   6.8929E-07   6.8961E-07   0.99954
FLUX 1119  6330.00        4.736058E+13   6.8543E-07   6.8551E-07   0.99989
FLUX 1120  6350.00        4.721142E+13   6.8135E-07   6.8144E-07   0.99987
FLUX 1121  6370.00        4.706319E+13   6.7730E-07   6.7741E-07   0.99985
FLUX 1122  6390.00        4.691588E+13   6.7323E-07   6.7341E-07   0.99974
FLUX 1123  6420.00        4.669665E+13   6.6742E-07   6.6748E-07   0.99992
FLUX 1124  6460.00        4.640751E+13   6.5955E-07   6.5970E-07   0.99978
FLUX 1125  6500.00        4.612192E+13   6.5182E-07   6.5205E-07   0.99966
FLUX 1126  6540.00        4.583983E+13   6.4448E-07   6.4453E-07   0.99993
FLUX 1127  6580.00        4.556117E+13   6.3708E-07   6.3714E-07   0.99990
FLUX 1128  6620.00        4.528588E+13   6.2975E-07   6.2988E-07   0.99980
FLUX 1129  6660.00        4.501389E+13   6.2272E-07   6.2274E-07   0.99997
FLUX 1130  6700.00        4.474515E+13   6.1567E-07   6.1572E-07   0.99991
FLUX 1131  6740.00        4.447960E+13   6.0864E-07   6.0882E-07   0.99970
FLUX 1132  6780.00        4.421718E+13   6.0076E-07   6.0204E-07   0.99788
FLUX 1133  6820.00        4.395784E+13   5.9521E-07   5.9537E-07   0.99973
FLUX 1134  6860.00        4.370153E+13   5.8876E-07   5.8881E-07   0.99993
FLUX 1135  6900.00        4.344819E+13   5.8229E-07   5.8235E-07   0.99990
FLUX 1136  6940.00        4.319777E+13   5.7569E-07   5.7600E-07   0.99946
FLUX 1137  6980.00        4.295021E+13   5.6972E-07   5.6976E-07   0.99993
FLUX 1138  7020.00        4.270548E+13   5.6350E-07   5.6361E-07   0.99981
FLUX 1139  7060.00        4.246353E+13   5.5751E-07   5.5756E-07   0.99990
FLUX 1140  7100.00        4.222430E+13   5.5139E-07   5.5161E-07   0.99959
FLUX 1141  7140.00        4.198774E+13   5.4573E-07   5.4576E-07   0.99995
FLUX 1142  7180.00        4.175383E+13   5.3994E-07   5.4000E-07   0.99990
FLUX 1143  7220.00        4.152251E+13   5.3423E-07   5.3432E-07   0.99982
FLUX 1144  7260.00        4.129373E+13   5.2835E-07   5.2874E-07   0.99927
FLUX 1145  7300.00        4.106747E+13   5.2324E-07   5.2324E-07   0.99998
FLUX 1146  7340.00        4.084366E+13   5.1777E-07   5.1783E-07   0.99988
FLUX 1147  7380.00        4.062229E+13   5.1249E-07   5.1251E-07   0.99997
FLUX 1148  7420.00        4.040330E+13   5.0721E-07   5.0726E-07   0.99990
FLUX 1149  7460.00        4.018666E+13   5.0036E-07   5.0210E-07   0.99655
FLUX 1150  7500.00        3.997233E+13   4.9425E-07   4.9701E-07   0.99444
FLUX 1151  7540.00        3.976028E+13   4.9195E-07   4.9200E-07   0.99990
FLUX 1152  7580.00        3.955046E+13   4.8704E-07   4.8707E-07   0.99994
FLUX 1153  7620.00        3.934285E+13   4.8218E-07   4.8221E-07   0.99995
FLUX 1154  7660.00        3.913740E+13   4.7741E-07   4.7742E-07   0.99998
FLUX 1155  7700.00        3.893409E+13   4.7267E-07   4.7270E-07   0.99993
FLUX 1156  7740.00        3.873288E+13   4.6804E-07   4.6805E-07   0.99998
FLUX 1157  7780.00        3.853374E+13   4.6299E-07   4.6347E-07   0.99896
FLUX 1158  7820.00        3.833664E+13   4.5896E-07   4.5896E-07   0.99999
FLUX 1159  7860.00        3.814154E+13   4.5451E-07   4.5451E-07   0.99999
FLUX 1160  7900.00        3.794842E+13   4.5013E-07   4.5013E-07   0.99999
FLUX 1161  7940.00        3.775724E+13   4.4580E-07   4.4581E-07   0.99998
FLUX 1162  7980.00        3.756798E+13   4.4155E-07   4.4155E-07   0.99998
FLUX 1163  8020.00        3.738061E+13   4.3733E-07   4.3736E-07   0.99993
FLUX 1164  8060.00        3.719510E+13   4.3318E-07   4.3322E-07   0.99992
FLUX 1165  8100.00        3.701142E+13   4.2913E-07   4.2914E-07   0.99999
FLUX 1166  8140.00        3.682955E+13   4.2452E-07   4.2512E-07   0.99859
FLUX 1167  8180.00        3.664945E+13   4.2111E-07   4.2115E-07   0.99990
FLUX 1168  8220.00        3.647111E+13   4.1723E-07   4.1724E-07   0.99998
FLUX 1169  8260.00        3.629449E+13   4.1337E-07   4.1338E-07   0.99998
FLUX 1170  8300.00        3.611958E+13   4.0957E-07   4.0958E-07   0.99997
FLUX 1171  8340.00        3.594634E+13   4.0577E-07   4.0583E-07   0.99986
FLUX 1172  8380.00        3.577476E+13   4.0208E-07   4.0213E-07   0.99989
FLUX 1173  8420.00        3.560481E+13   3.9845E-07   3.9848E-07   0.99995
FLUX 1174  8460.00        3.543647E+13   3.9487E-07   3.9487E-07   0.99998
FLUX 1175  8500.00        3.526971E+13   3.9132E-07   3.9132E-07   0.99998
FLUX 1176  8540.00        3.510451E+13   3.8781E-07   3.8782E-07   0.99998
FLUX 1177  8580.00        3.494085E+13   3.8434E-07   3.8436E-07   0.99994
FLUX 1178  8620.00        3.477871E+13   3.8093E-07   3.8095E-07   0.99995
FLUX 1179  8660.00        3.461807E+13   3.7703E-07   3.7758E-07   0.99855
FLUX 1180  8700.00        3.445891E+13   3.7425E-07   3.7426E-07   0.99999
FLUX 1181  8740.00        3.430120E+13   3.7064E-07   3.7098E-07   0.99909
FLUX 1182  8780.00        3.414493E+13   3.6738E-07   3.6774E-07   0.99902
FLUX 1183  8820.00        3.399008E+13   3.6452E-07   3.6455E-07   0.99992
FLUX 1184  8860.00        3.383662E+13   3.6135E-07   3.6140E-07   0.99987
FLUX 1185  8900.00        3.368455E+13   3.5826E-07   3.5829E-07   0.99992
FLUX 1186  8940.00        3.353384E+13   3.5520E-07   3.5522E-07   0.99995
FLUX 1187  8980.00        3.338447E+13   3.5214E-07   3.5218E-07   0.99987
FLUX 1188  9020.00        3.323642E+13   3.4917E-07   3.4919E-07   0.99993
FLUX 1189  9060.00        3.308968E+13   3.4620E-07   3.4623E-07   0.99990
FLUX 1190  9100.00        3.294423E+13   3.4328E-07   3.4332E-07   0.99988
FLUX 1191  9140.00        3.280005E+13   3.4040E-07   3.4043E-07   0.99990
FLUX 1192  9180.00        3.265713E+13   3.3758E-07   3.3759E-07   0.99998
FLUX 1193  9220.00        3.251546E+13   3.3477E-07   3.3478E-07   0.99999
FLUX 1194  9260.00        3.237500E+13   3.3193E-07   3.3200E-07   0.99977
FLUX 1195  9300.00        3.223575E+13   3.2926E-07   3.2926E-07   0.99999
FLUX 1196  9340.00        3.209770E+13   3.2655E-07   3.2656E-07   0.99997
FLUX 1197  9380.00        3.196082E+13   3.2338E-07   3.2388E-07   0.99845
FLUX 1198  9420.00        3.182511E+13   3.2124E-07   3.2124E-07   0.99998
FLUX 1199  9460.00        3.169054E+13   3.1862E-07   3.1863E-07   0.99997
FLUX 1200  9500.00        3.155710E+13   3.1605E-07   3.1606E-07   0.99997
FLUX 1201  9540.00        3.142479E+13   3.1340E-07   3.1351E-07   0.99966
FLUX 1202  9580.00        3.129358E+13   3.1098E-07   3.1099E-07   0.99995
FLUX 1203  9620.00        3.116346E+13   3.0849E-07   3.0851E-07   0.99994
FLUX 1204  9660.00        3.103442E+13   3.0603E-07   3.0605E-07   0.99994
FLUX 1205  9700.00        3.090644E+13   3.0362E-07   3.0363E-07   0.99999
FLUX 1206  9740.00        3.077952E+13   3.0119E-07   3.0123E-07   0.99987
FLUX 1207  9780.00        3.065363E+13   2.9882E-07   2.9886E-07   0.99988
FLUX 1208  9820.00        3.052877E+13   2.9650E-07   2.9652E-07   0.99995
FLUX 1209  9860.00        3.040492E+13   2.9408E-07   2.9420E-07   0.99960
FLUX 1210  9900.00        3.028207E+13   2.9190E-07   2.9191E-07   0.99996
FLUX 1211  9940.00        3.016021E+13   2.8963E-07   2.8965E-07   0.99991
FLUX 1212  9980.00        3.003933E+13   2.8741E-07   2.8742E-07   0.99997
FLUX 1213 10020.00        2.991941E+13   2.8520E-07   2.8521E-07   0.99997
FLUX 1214 20000.00        1.498962E+13   7.4016E-08   7.4016E-08   1.00000
FLUX 1215 40000.00        7.494812E+12   1.8697E-08   1.8697E-08   1.00000
FLUX 1216 60000.00        4.996542E+12   8.2973E-09   8.2973E-09   1.00000
FLUX 1217 80000.00        3.747406E+12   4.6505E-09   4.6505E-09   1.00000
FLUX 1218100000.00        2.997925E+12   2.9646E-09   2.9646E-09   1.00000
FLUX 1219120000.00        2.498271E+12   2.0509E-09   2.0509E-09   1.00000
FLUX 1220140000.00        2.141375E+12   1.5013E-09   1.5013E-09   1.00000
FLUX 1221160000.00        1.873703E+12   1.1456E-09   1.1456E-09   1.00000
FLUX
