TEFF   5250.  GRAVITY 1.50000 LTE 
TITLE  [-1.0] VTURB=2  L/H=1.25 NOVER NEW ODF                                   
FLUX    1     9.09        3.298047E+16   5.5025-204   5.5026-204   0.99998
FLUX    2     9.35        3.206337E+16   2.1618-198   2.1619-198   0.99998
FLUX    3     9.61        3.119589E+16   4.2154-193   4.2155-193   0.99998
FLUX    4     9.77        3.068500E+16   5.4889-190   5.4890-190   0.99998
FLUX    5     9.96        3.009965E+16   2.0301-186   2.0301-186   0.99998
FLUX    6    10.20        2.939142E+16   4.1948-182   4.1949-182   0.99998
FLUX    7    10.38        2.888174E+16   5.3383-179   5.3384-179   0.99998
FLUX    8    10.56        2.838944E+16   5.3146-176   5.3147-176   0.99998
FLUX    9    10.77        2.783589E+16   1.2455-172   1.2455-172   0.99998
FLUX   10    11.04        2.715512E+16   1.7319-168   1.7319-168   0.99998
FLUX   11    11.40        2.629759E+16   2.8493-163   2.8494-163   0.99998
FLUX   12    11.78        2.544928E+16   4.0968-158   4.0969-158   0.99998
FLUX   13    12.13        2.471496E+16   1.1875-153   1.1875-153   0.99998
FLUX   14    12.48        2.402184E+16   1.9232-149   1.9233-149   0.99998
FLUX   15    12.71        2.358714E+16   8.3753-147   8.3755-147   0.99998
FLUX   16    12.84        2.334833E+16   2.3578-145   2.3579-145   0.99998
FLUX   17    13.05        2.297260E+16   4.4923-143   4.4924-143   0.99998
FLUX   18    13.24        2.264294E+16   4.4895-141   4.4896-141   0.99998
FLUX   19    13.39        2.238928E+16   1.5508-139   1.5508-139   0.99998
FLUX   20    13.66        2.194674E+16   7.4756-137   7.4758-137   0.99998
FLUX   21    13.98        2.144439E+16   8.2841-134   8.2843-134   0.99998
FLUX   22    14.33        2.092062E+16   1.2315-130   1.2316-130   0.99998
FLUX   23    14.72        2.036634E+16   2.7913-127   2.7914-127   0.99998
FLUX   24    15.10        1.985381E+16   3.5222-124   3.5222-124   0.99998
FLUX   25    15.52        1.931653E+16   6.2477-121   6.2478-121   0.99998
FLUX   26    15.88        1.887862E+16   2.7653-118   2.7653-118   0.99998
FLUX   27    16.20        1.850571E+16   4.9429-116   4.9430-116   0.99998
FLUX   28    16.60        1.805979E+16   2.4313-113   2.4313-113   0.99998
FLUX   29    17.03        1.760379E+16   1.3706-110   1.3706-110   0.99998
FLUX   30    17.34        1.728907E+16   1.0824-108   1.0824-108   0.99998
FLUX   31    17.68        1.695659E+16   1.0916-106   1.0916-106   0.99998
FLUX   32    18.02        1.663665E+16   9.2304-105   9.2306-105   0.99998
FLUX   33    18.17        1.649931E+16   6.1969-104   6.1970-104   0.99998
FLUX   34    18.61        1.610921E+16   1.3814-101   1.3814-101   0.99998
FLUX   35    19.10        1.569594E+16   4.2274E-99   4.2275E-99   0.99998
FLUX   36    19.39        1.546119E+16   1.0874E-97   1.0874E-97   0.99998
FLUX   37    19.84        1.511051E+16   1.3874E-95   1.3874E-95   0.99998
FLUX   38    20.18        1.485592E+16   4.6873E-94   4.6874E-94   0.99998
FLUX   39    20.50        1.462402E+16   1.1570E-92   1.1570E-92   0.99998
FLUX   40    21.05        1.424192E+16   2.2611E-90   2.2612E-90   0.99998
FLUX   41    21.62        1.386644E+16   4.0179E-88   4.0180E-88   0.99998
FLUX   42    21.98        1.363933E+16   9.2018E-87   9.2019E-87   0.99998
FLUX   43    22.30        1.344361E+16   1.3626E-85   1.3626E-85   0.99998
FLUX   44    22.68        1.321836E+16   3.0288E-84   3.0289E-84   0.99998
FLUX   45    23.00        1.303446E+16   3.8100E-83   3.8101E-83   0.99998
FLUX   46    23.40        1.281165E+16   8.1562E-82   8.1564E-82   0.99998
FLUX   47    24.00        1.249135E+16   6.6514E-80   6.6515E-80   0.99998
FLUX   48    24.65        1.216197E+16   6.1257E-78   6.1258E-78   0.99998
FLUX   49    25.24        1.187767E+16   3.0276E-76   3.0277E-76   0.99998
FLUX   50    25.68        1.167416E+16   4.9301E-75   4.9302E-75   0.99998
FLUX   51    26.00        1.153048E+16   3.5311E-74   3.5311E-74   0.99998
FLUX   52    26.40        1.135578E+16   3.8640E-73   3.8641E-73   0.99998
FLUX   53    26.85        1.116546E+16   5.2207E-72   5.2208E-72   0.99998
FLUX   54    27.35        1.096133E+16   8.4999E-71   8.5001E-71   0.99998
FLUX   55    27.85        1.076454E+16   1.2514E-69   1.2514E-69   0.99998
FLUX   56    28.40        1.055607E+16   2.1544E-68   2.1544E-68   0.99998
FLUX   57    29.00        1.033767E+16   4.2349E-67   4.2349E-67   0.99998
FLUX   58    29.60        1.012812E+16   7.3472E-66   7.3473E-66   0.99998
FLUX   59    30.10        9.959883E+15   7.2604E-65   7.2606E-65   0.99997
FLUX   60    30.80        9.733523E+15   1.5779E-63   1.5779E-63   0.99998
FLUX   61    31.80        9.427437E+15   1.0082E-61   1.0083E-61   0.99998
FLUX   62    32.80        9.140015E+15   4.9703E-60   4.9704E-60   0.99998
FLUX   63    33.80        8.869601E+15   1.9327E-58   1.9328E-58   0.99998
FLUX   64    34.80        8.614727E+15   6.0604E-57   6.0605E-57   0.99998
FLUX   65    35.70        8.397549E+15   1.1355E-55   1.1355E-55   0.99998
FLUX   66    36.60        8.191052E+15   1.8376E-54   1.8376E-54   0.99998
FLUX   67    37.50        7.994467E+15   2.5897E-53   2.5898E-53   0.99998
FLUX   68    38.50        7.786818E+15   4.2188E-52   4.2188E-52   0.99998
FLUX   69    39.50        7.589683E+15   5.9382E-51   5.9383E-51   0.99998
FLUX   70    40.50        7.402284E+15   7.3074E-50   7.3075E-50   0.99998
FLUX   71    41.40        7.241364E+15   6.2894E-49   6.2895E-49   0.99998
FLUX   72    42.20        7.104087E+15   3.9340E-48   3.9341E-48   0.99998
FLUX   73    43.00        6.971919E+15   2.2935E-47   2.2935E-47   0.99998
FLUX   74    44.10        6.798016E+15   2.3252E-46   2.3252E-46   0.99998
FLUX   75    45.10        6.647284E+15   1.7247E-45   1.7247E-45   0.99998
FLUX   76    46.00        6.517228E+15   9.6946E-45   9.6948E-45   0.99998
FLUX   77    47.00        6.378564E+15   6.0945E-44   6.0946E-44   0.99998
FLUX   78    48.00        6.245677E+15   3.5372E-43   3.5372E-43   0.99998
FLUX   79    49.00        6.118214E+15   1.9067E-42   1.9067E-42   0.99998
FLUX   80    50.00        5.995850E+15   9.5742E-42   9.5744E-42   0.99998
FLUX   81    50.60        5.924753E+15   3.2530E-41   3.7064E-41   0.87766
FLUX   82    51.20        5.855322E+15   9.0947E-41   9.2030E-41   0.98823
FLUX   83    52.00        5.765240E+15   2.9627E-40   2.9906E-40   0.99066
FLUX   84    53.00        5.656462E+15   1.2383E-39   1.2384E-39   0.99998
FLUX   85    54.00        5.551713E+15   4.8274E-39   4.8541E-39   0.99450
FLUX   86    55.00        5.450773E+15   1.8074E-38   1.8074E-38   0.99998
FLUX   87    56.00        5.353437E+15   6.4071E-38   6.4072E-38   0.99998
FLUX   88    57.00        5.259517E+15   2.1680E-37   2.1681E-37   0.99998
FLUX   89    58.00        5.168836E+15   6.9452E-37   7.0200E-37   0.98935
FLUX   90    59.00        5.081229E+15   2.1797E-36   2.1799E-36   0.99992
FLUX   91    60.00        4.996542E+15   6.5051E-36   6.5056E-36   0.99991
FLUX   92    61.00        4.914631E+15   1.8697E-35   1.8697E-35   0.99998
FLUX   93    62.00        4.835363E+15   5.1840E-35   5.1843E-35   0.99993
FLUX   94    63.00        4.758611E+15   1.3892E-34   1.3893E-34   0.99997
FLUX   95    64.00        4.684258E+15   3.6060E-34   3.6060E-34   0.99998
FLUX   96    65.00        4.612192E+15   9.0748E-34   9.0750E-34   0.99998
FLUX   97    65.80        4.556117E+15   1.8588E-33   1.8588E-33   0.99998
FLUX   98    66.50        4.508158E+15   3.4289E-33   3.4293E-33   0.99987
FLUX   99    67.50        4.441370E+15   8.0350E-33   8.0359E-33   0.99989
FLUX  100    68.50        4.376533E+15   1.8341E-32   1.8342E-32   0.99998
FLUX  101    69.50        4.313561E+15   4.0822E-32   4.0823E-32   0.99998
FLUX  102    70.50        4.252376E+15   8.8658E-32   8.8700E-32   0.99953
FLUX  103    71.60        4.187046E+15   2.0281E-31   2.0281E-31   0.99998
FLUX  104    72.60        4.129373E+15   4.2031E-31   4.2032E-31   0.99998
FLUX  105    73.50        4.078809E+15   7.9559E-31   7.9561E-31   0.99997
FLUX  106    74.50        4.024060E+15   1.5860E-30   1.5861E-30   0.99990
FLUX  107    75.50        3.970762E+15   3.1007E-30   3.1010E-30   0.99989
FLUX  108    76.50        3.918856E+15   5.9504E-30   5.9506E-30   0.99997
FLUX  109    77.50        3.868290E+15   1.1214E-29   1.1216E-29   0.99989
FLUX  110    78.50        3.819013E+15   2.0777E-29   2.0777E-29   0.99998
FLUX  111    79.50        3.770975E+15   3.7801E-29   3.7857E-29   0.99850
FLUX  112    80.50        3.724130E+15   6.7856E-29   6.7887E-29   0.99954
FLUX  113    81.50        3.678436E+15   1.1987E-28   1.1988E-28   0.99991
FLUX  114    82.50        3.633848E+15   2.0862E-28   2.0862E-28   0.99997
FLUX  115    83.50        3.590329E+15   3.5798E-28   3.5798E-28   0.99998
FLUX  116    84.50        3.547840E+15   6.0589E-28   6.0590E-28   0.99998
FLUX  117    85.50        3.506345E+15   1.0120E-27   1.0121E-27   0.99998
FLUX  118    86.50        3.465809E+15   1.6689E-27   1.6690E-27   0.99998
FLUX  119    87.50        3.426200E+15   2.7180E-27   2.7186E-27   0.99976
FLUX  120    88.50        3.387486E+15   4.3765E-27   4.3766E-27   0.99998
FLUX  121    89.50        3.349637E+15   6.9651E-27   6.9653E-27   0.99998
FLUX  122    90.50        3.312624E+15   1.0963E-26   1.0963E-26   0.99997
FLUX  123    91.50        3.276421E+15   2.5542E-22   6.4254E-22   0.39751
FLUX  124    92.50        3.241000E+15   9.7333E-22   1.0305E-21   0.94448
FLUX  125    93.50        3.206337E+15   1.5406E-21   1.6353E-21   0.94208
FLUX  126    94.50        3.172407E+15   2.4254E-21   2.5687E-21   0.94423
FLUX  127    95.50        3.139188E+15   3.9139E-21   3.9995E-21   0.97862
FLUX  128    96.50        3.106658E+15   6.0233E-21   6.1480E-21   0.97972
FLUX  129    97.50        3.074795E+15   9.1485E-21   9.3355E-21   0.97996
FLUX  130    98.50        3.043579E+15   1.3932E-20   1.4235E-20   0.97875
FLUX  131    99.50        3.012990E+15   2.0886E-20   2.1343E-20   0.97860
FLUX  132   100.50        2.983010E+15   3.1616E-20   3.1713E-20   0.99694
FLUX  133   101.50        2.953621E+15   4.6442E-20   4.6566E-20   0.99734
FLUX  134   102.50        2.924805E+15   6.5073E-20   6.8635E-20   0.94811
FLUX  135   103.50        2.896546E+15   9.9359E-20   9.9586E-20   0.99771
FLUX  136   104.50        2.868828E+15   1.4354E-19   1.4381E-19   0.99813
FLUX  137   105.50        2.841635E+15   2.0554E-19   2.0601E-19   0.99772
FLUX  138   106.50        2.814953E+15   2.9230E-19   2.9299E-19   0.99763
FLUX  139   107.50        2.788767E+15   4.1307E-19   4.1385E-19   0.99812
FLUX  140   108.50        2.763064E+15   5.7983E-19   5.8069E-19   0.99853
FLUX  141   109.50        2.737831E+15   8.0785E-19   8.0951E-19   0.99795
FLUX  142   110.50        2.713054E+15   2.3706E-18   1.7370E-17   0.13647
FLUX  143   111.50        2.688722E+15   8.9077E-18   2.3763E-17   0.37486
FLUX  144   112.50        2.664822E+15   1.4276E-17   3.1025E-17   0.46013
FLUX  145   113.50        2.641344E+15   2.2404E-17   3.8534E-17   0.58141
FLUX  146   114.50        2.618275E+15   2.9015E-17   4.5640E-17   0.63574
FLUX  147   115.50        2.595606E+15   3.1602E-17   5.1047E-17   0.61908
FLUX  148   116.50        2.573326E+15   3.9128E-17   5.3293E-17   0.73421
FLUX  149   117.50        2.551426E+15   4.2423E-17   5.1113E-17   0.82999
FLUX  150   118.50        2.529894E+15   6.9952E-17   2.0611E-16   0.33940
FLUX  151   119.50        2.508724E+15   2.0648E-17   2.6001E-16   0.07941
FLUX  152   120.50        2.487905E+15   2.1929E-17   3.2590E-16   0.06729
FLUX  153   121.50        2.467428E+15   1.3926E-17   4.0626E-16   0.03428
FLUX  154   122.50        2.447286E+15   3.7085E-17   5.0829E-16   0.07296
FLUX  155   123.50        2.427470E+15   6.2068E-17   6.2792E-16   0.09885
FLUX  156   124.50        2.407972E+15   1.3939E-16   1.5875E-16   0.87808
FLUX  157   125.50        2.388785E+15   2.7929E-16   3.2371E-16   0.86279
FLUX  158   126.50        2.369901E+15   3.9689E-16   5.6579E-16   0.70147
FLUX  159   127.50        2.351314E+15   6.3406E-16   8.4949E-16   0.74640
FLUX  160   128.50        2.333016E+15   9.4243E-16   1.2439E-15   0.75766
FLUX  161   129.50        2.315000E+15   1.3386E-15   1.6997E-15   0.78753
FLUX  162   130.50        2.297261E+15   1.4841E-15   2.2783E-15   0.65142
FLUX  163   131.50        2.279791E+15   2.1759E-15   2.9577E-15   0.73566
FLUX  164   132.50        2.262585E+15   2.5879E-15   3.7791E-15   0.68479
FLUX  165   133.50        2.245637E+15   3.2318E-15   4.7446E-15   0.68116
FLUX  166   134.50        2.228940E+15   3.8974E-15   5.8872E-15   0.66201
FLUX  167   135.50        2.212491E+15   4.7538E-15   7.2536E-15   0.65537
FLUX  168   136.50        2.196282E+15   5.4455E-15   8.9187E-15   0.61057
FLUX  169   137.50        2.180309E+15   6.3819E-15   1.0883E-14   0.58642
FLUX  170   138.50        2.164567E+15   7.6211E-15   1.3201E-14   0.57732
FLUX  171   139.50        2.149050E+15   8.9931E-15   1.5916E-14   0.56505
FLUX  172   140.50        2.133754E+15   1.1143E-14   1.9103E-14   0.58330
FLUX  173   141.50        2.118675E+15   1.3122E-14   2.2813E-14   0.57521
FLUX  174   142.50        2.103807E+15   1.5105E-14   2.7149E-14   0.55638
FLUX  175   143.50        2.089146E+15   1.8194E-14   3.2167E-14   0.56560
FLUX  176   144.20        2.079005E+15   2.3958E-14   3.6159E-14   0.66258
FLUX  177   144.70        2.071821E+15   2.2102E-14   3.9300E-14   0.56239
FLUX  178   145.50        2.060430E+15   2.6622E-14   4.4757E-14   0.59480
FLUX  179   146.50        2.046365E+15   3.3255E-14   5.2530E-14   0.63307
FLUX  180   147.50        2.032492E+15   3.3939E-14   6.1468E-14   0.55214
FLUX  181   148.50        2.018805E+15   4.1816E-14   7.1724E-14   0.58301
FLUX  182   149.50        2.005301E+15   5.6503E-14   8.3484E-14   0.67681
FLUX  183   150.50        1.991977E+15   7.1520E-14   9.6903E-14   0.73806
FLUX  184   151.20        1.982755E+15   5.7704E-14   1.0742E-13   0.53720
FLUX  185   151.70        1.976220E+15   7.8823E-14   1.4536E-13   0.54226
FLUX  186   152.50        1.965852E+15   1.1869E-13   4.4675E-13   0.26568
FLUX  187   153.50        1.953046E+15   3.4157E-13   1.4388E-12   0.23740
FLUX  188   154.50        1.940405E+15   3.3693E-13   1.6887E-12   0.19952
FLUX  189   155.50        1.927926E+15   5.3576E-13   1.9718E-12   0.27172
FLUX  190   156.50        1.915607E+15   5.1684E-13   2.2977E-12   0.22494
FLUX  191   157.50        1.903444E+15   9.0834E-13   2.8720E-12   0.31628
FLUX  192   158.50        1.891435E+15   1.1714E-12   3.3269E-12   0.35211
FLUX  193   159.50        1.879577E+15   1.4232E-12   3.8451E-12   0.37014
FLUX  194   160.50        1.867866E+15   1.5951E-12   4.4270E-12   0.36031
FLUX  195   161.50        1.856300E+15   1.9111E-12   5.0794E-12   0.37624
FLUX  196   162.50        1.844877E+15   2.3230E-12   5.9202E-12   0.39238
FLUX  197   163.50        1.833593E+15   2.6787E-12   6.7618E-12   0.39615
FLUX  198   164.50        1.822447E+15   4.0211E-12   7.7029E-12   0.52202
FLUX  199   165.50        1.811435E+15   2.1644E-12   8.7567E-12   0.24717
FLUX  200   166.50        1.800556E+15   4.8038E-12   9.9247E-12   0.48402
FLUX  201   167.20        1.793017E+15   3.0600E-12   1.0819E-11   0.28283
FLUX  202   167.70        1.787671E+15   5.2496E-12   1.6205E-11   0.32395
FLUX  203   168.50        1.779184E+15   8.6812E-12   2.4028E-11   0.36129
FLUX  204   169.50        1.768687E+15   1.2214E-11   2.7437E-11   0.44518
FLUX  205   170.50        1.758314E+15   1.3547E-11   3.1291E-11   0.43293
FLUX  206   171.50        1.748061E+15   1.3388E-11   3.8776E-11   0.34528
FLUX  207   172.50        1.737928E+15   1.7404E-11   4.4529E-11   0.39084
FLUX  208   173.50        1.727911E+15   2.0879E-11   5.1170E-11   0.40802
FLUX  209   174.50        1.718009E+15   2.6707E-11   5.9385E-11   0.44972
FLUX  210   175.50        1.708219E+15   3.5562E-11   6.8088E-11   0.52229
FLUX  211   176.50        1.698541E+15   3.7093E-11   7.7437E-11   0.47900
FLUX  212   177.50        1.688972E+15   4.0030E-11   8.8231E-11   0.45370
FLUX  213   178.50        1.679510E+15   5.0162E-11   1.0040E-10   0.49961
FLUX  214   179.50        1.670153E+15   6.0404E-11   1.1345E-10   0.53241
FLUX  215   180.50        1.660900E+15   6.1200E-11   1.2830E-10   0.47700
FLUX  216   181.50        1.651749E+15   6.8302E-11   1.4484E-10   0.47157
FLUX  217   182.50        1.642699E+15   7.4005E-11   1.6280E-10   0.45457
FLUX  218   183.50        1.633747E+15   9.6480E-11   1.8214E-10   0.52969
FLUX  219   184.50        1.624892E+15   8.5719E-11   2.0406E-10   0.42007
FLUX  220   185.50        1.616132E+15   1.1117E-10   2.2818E-10   0.48721
FLUX  221   186.50        1.607466E+15   1.2846E-10   2.5395E-10   0.50586
FLUX  222   187.50        1.598893E+15   1.4547E-10   2.9737E-10   0.48917
FLUX  223   188.50        1.590411E+15   1.6401E-10   3.2907E-10   0.49841
FLUX  224   189.50        1.582018E+15   2.0186E-10   3.6400E-10   0.55456
FLUX  225   190.50        1.573714E+15   2.0288E-10   3.9953E-10   0.50778
FLUX  226   191.50        1.565496E+15   2.4002E-10   4.3742E-10   0.54872
FLUX  227   192.50        1.557364E+15   2.6415E-10   4.7699E-10   0.55378
FLUX  228   193.50        1.549315E+15   2.3027E-10   5.1801E-10   0.44453
FLUX  229   194.50        1.541350E+15   3.4777E-10   5.6283E-10   0.61789
FLUX  230   195.50        1.533465E+15   3.7615E-10   6.1047E-10   0.61617
FLUX  231   196.70        1.524110E+15   4.7361E-10   6.7186E-10   0.70492
FLUX  232   197.60        1.517168E+15   4.8367E-10   7.9775E-10   0.60629
FLUX  233   198.40        1.511051E+15   5.2225E-10   8.5445E-10   0.61122
FLUX  234   199.50        1.502719E+15   5.8611E-10   9.9114E-10   0.59135
FLUX  235   200.50        1.495224E+15   6.2865E-10   1.0857E-09   0.57901
FLUX  236   201.50        1.487804E+15   6.8201E-10   1.1958E-09   0.57035
FLUX  237   202.50        1.480457E+15   6.2843E-10   1.3130E-09   0.47862
FLUX  238   203.50        1.473182E+15   8.6688E-10   1.4368E-09   0.60335
FLUX  239   204.50        1.465978E+15   1.0260E-09   1.5778E-09   0.65028
FLUX  240   205.50        1.458844E+15   1.0033E-09   1.7247E-09   0.58175
FLUX  241   206.50        1.451780E+15   1.0190E-09   1.8774E-09   0.54279
FLUX  242   207.40        1.445480E+15   1.2627E-09   2.0206E-09   0.62493
FLUX  243   207.80        1.442697E+15   1.7611E-09   9.2407E-09   0.19058
FLUX  244   208.50        1.437854E+15   2.0534E-09   9.9819E-09   0.20571
FLUX  245   209.50        1.430990E+15   2.9965E-09   1.1063E-08   0.27085
FLUX  246   210.50        1.424192E+15   3.8142E-09   1.2132E-08   0.31438
FLUX  247   211.50        1.417459E+15   4.4176E-09   1.3210E-08   0.33441
FLUX  248   212.50        1.410788E+15   3.5727E-09   1.4309E-08   0.24969
FLUX  249   213.50        1.404180E+15   3.5649E-09   1.5430E-08   0.23104
FLUX  250   214.50        1.397634E+15   5.2930E-09   1.6537E-08   0.32006
FLUX  251   215.50        1.391148E+15   6.0324E-09   1.7674E-08   0.34132
FLUX  252   216.50        1.384723E+15   5.3460E-09   1.8856E-08   0.28352
FLUX  253   217.50        1.378356E+15   6.1771E-09   2.0084E-08   0.30756
FLUX  254   218.50        1.372048E+15   7.8112E-09   2.1409E-08   0.36485
FLUX  255   219.50        1.365797E+15   8.8741E-09   2.2796E-08   0.38929
FLUX  256   220.50        1.359603E+15   8.5506E-09   2.4243E-08   0.35270
FLUX  257   221.50        1.353465E+15   6.0400E-09   2.5780E-08   0.23429
FLUX  258   222.50        1.347382E+15   7.7793E-09   2.7798E-08   0.27985
FLUX  259   223.50        1.341353E+15   1.1894E-08   2.9549E-08   0.40253
FLUX  260   224.50        1.335379E+15   1.1331E-08   3.1362E-08   0.36130
FLUX  261   225.50        1.329457E+15   7.7056E-09   3.5529E-08   0.21689
FLUX  262   226.50        1.323587E+15   7.1061E-09   3.7474E-08   0.18963
FLUX  263   227.50        1.317769E+15   1.1158E-08   3.9472E-08   0.28267
FLUX  264   228.50        1.312002E+15   1.3281E-08   4.1490E-08   0.32011
FLUX  265   229.50        1.306285E+15   1.2461E-08   4.3565E-08   0.28602
FLUX  266   230.50        1.300618E+15   1.5896E-08   4.5669E-08   0.34807
FLUX  267   231.50        1.295000E+15   1.2834E-08   4.7834E-08   0.26831
FLUX  268   232.50        1.289430E+15   1.1638E-08   5.0066E-08   0.23246
FLUX  269   233.50        1.283908E+15   5.6427E-09   5.3029E-08   0.10641
FLUX  270   234.50        1.278433E+15   3.6876E-09   5.5382E-08   0.06659
FLUX  271   235.50        1.273004E+15   9.4135E-09   5.7785E-08   0.16291
FLUX  272   236.50        1.267622E+15   4.1269E-09   6.0255E-08   0.06849
FLUX  273   237.50        1.262284E+15   6.2975E-09   6.2790E-08   0.10029
FLUX  274   238.50        1.256992E+15   3.0351E-09   6.5402E-08   0.04641
FLUX  275   239.50        1.251743E+15   4.3798E-09   6.8090E-08   0.06432
FLUX  276   240.50        1.246538E+15   4.3076E-09   7.0797E-08   0.06085
FLUX  277   241.50        1.241377E+15   8.2489E-09   7.3556E-08   0.11214
FLUX  278   242.50        1.236258E+15   2.0867E-08   7.6394E-08   0.27315
FLUX  279   243.50        1.231181E+15   2.3482E-08   7.9311E-08   0.29607
FLUX  280   244.50        1.226145E+15   2.9527E-08   8.3418E-08   0.35397
FLUX  281   245.50        1.221151E+15   3.0846E-08   8.6456E-08   0.35679
FLUX  282   246.50        1.216197E+15   2.7235E-08   8.9553E-08   0.30412
FLUX  283   247.50        1.211283E+15   2.4264E-08   9.2655E-08   0.26188
FLUX  284   248.50        1.206408E+15   1.4482E-08   9.5831E-08   0.15112
FLUX  285   249.50        1.201573E+15   2.1438E-08   9.9083E-08   0.21636
FLUX  286   250.50        1.196776E+15   3.3707E-08   1.0338E-07   0.32606
FLUX  287   251.30        1.192967E+15   1.6611E-08   1.0609E-07   0.15658
FLUX  288   251.80        1.190598E+15   1.1613E-08   1.5285E-07   0.07597
FLUX  289   252.50        1.187297E+15   1.1487E-08   1.5641E-07   0.07344
FLUX  290   253.50        1.182613E+15   1.9476E-08   1.6153E-07   0.12057
FLUX  291   254.50        1.177967E+15   2.6404E-08   1.6667E-07   0.15843
FLUX  292   255.50        1.173356E+15   4.2019E-08   1.7192E-07   0.24441
FLUX  293   256.50        1.168782E+15   2.8597E-08   1.7728E-07   0.16131
FLUX  294   257.50        1.164243E+15   3.5285E-08   1.8276E-07   0.19307
FLUX  295   258.50        1.159739E+15   2.4744E-08   1.8834E-07   0.13137
FLUX  296   259.50        1.155270E+15   1.9437E-08   1.9405E-07   0.10016
FLUX  297   260.50        1.150835E+15   1.3458E-08   1.9985E-07   0.06734
FLUX  298   261.50        1.146434E+15   1.2926E-08   2.0564E-07   0.06286
FLUX  299   262.50        1.142067E+15   1.9593E-08   2.1155E-07   0.09262
FLUX  300   263.50        1.137732E+15   4.9080E-08   2.1815E-07   0.22498
FLUX  301   264.50        1.133431E+15   8.9184E-08   2.2429E-07   0.39763
FLUX  302   265.50        1.129162E+15   1.1299E-07   2.3055E-07   0.49009
FLUX  303   266.50        1.124925E+15   7.9842E-08   2.3691E-07   0.33701
FLUX  304   267.50        1.120720E+15   9.2636E-08   2.4339E-07   0.38061
FLUX  305   268.50        1.116546E+15   1.0351E-07   2.4989E-07   0.41424
FLUX  306   269.50        1.112403E+15   8.1636E-08   2.5643E-07   0.31835
FLUX  307   270.50        1.108290E+15   1.0019E-07   2.6376E-07   0.37985
FLUX  308   271.50        1.104208E+15   6.8926E-08   2.7047E-07   0.25483
FLUX  309   272.50        1.100156E+15   6.3974E-08   2.7730E-07   0.23071
FLUX  310   273.50        1.096133E+15   7.2365E-08   2.8422E-07   0.25461
FLUX  311   274.50        1.092140E+15   2.8903E-08   2.9125E-07   0.09924
FLUX  312   275.50        1.088176E+15   4.5576E-08   2.9838E-07   0.15275
FLUX  313   276.50        1.084240E+15   6.4944E-08   3.0554E-07   0.21256
FLUX  314   277.50        1.080333E+15   7.1408E-08   3.1271E-07   0.22835
FLUX  315   278.50        1.076454E+15   3.5343E-08   3.2000E-07   0.11045
FLUX  316   279.50        1.072603E+15   1.0785E-08   3.2740E-07   0.03294
FLUX  317   280.50        1.068779E+15   1.4031E-08   3.3490E-07   0.04190
FLUX  318   281.50        1.064982E+15   5.5220E-08   3.4251E-07   0.16122
FLUX  319   282.50        1.061212E+15   1.0866E-07   3.5023E-07   0.31026
FLUX  320   283.50        1.057469E+15   1.1797E-07   3.5806E-07   0.32947
FLUX  321   284.50        1.053752E+15   1.1068E-07   3.6599E-07   0.30242
FLUX  322   285.50        1.050061E+15   6.2676E-08   3.7391E-07   0.16762
FLUX  323   286.50        1.046396E+15   1.3786E-07   3.8188E-07   0.36101
FLUX  324   287.50        1.042757E+15   1.6170E-07   3.8994E-07   0.41468
FLUX  325   288.50        1.039142E+15   1.5269E-07   3.9810E-07   0.38354
FLUX  326   289.50        1.035553E+15   1.6374E-07   4.0635E-07   0.40296
FLUX  327   291.00        1.030215E+15   2.1718E-07   4.1938E-07   0.51786
FLUX  328   293.00        1.023183E+15   2.0770E-07   4.3639E-07   0.47594
FLUX  329   295.00        1.016246E+15   2.0832E-07   4.5372E-07   0.45915
FLUX  330   297.00        1.009402E+15   2.3859E-07   4.7110E-07   0.50646
FLUX  331   299.00        1.002650E+15   2.4322E-07   4.8883E-07   0.49756
FLUX  332   301.00        9.959884E+14   2.6819E-07   5.0693E-07   0.52904
FLUX  333   303.00        9.894142E+14   2.7780E-07   5.2537E-07   0.52878
FLUX  334   305.00        9.829262E+14   3.0304E-07   5.4390E-07   0.55716
FLUX  335   307.00        9.765228E+14   2.7956E-07   5.6258E-07   0.49693
FLUX  336   309.00        9.702023E+14   2.9864E-07   5.8199E-07   0.51314
FLUX  337   311.00        9.639630E+14   3.1248E-07   6.0115E-07   0.51980
FLUX  338   313.00        9.578035E+14   3.0304E-07   6.2067E-07   0.48825
FLUX  339   315.00        9.517222E+14   3.0339E-07   6.4015E-07   0.47393
FLUX  340   317.00        9.457177E+14   3.3610E-07   6.5964E-07   0.50951
FLUX  341   319.00        9.397884E+14   3.1378E-07   6.7941E-07   0.46185
FLUX  342   321.00        9.339330E+14   3.6361E-07   6.9944E-07   0.51986
FLUX  343   323.00        9.281501E+14   3.1373E-07   7.1979E-07   0.43587
FLUX  344   325.00        9.224385E+14   4.1712E-07   7.4016E-07   0.56355
FLUX  345   327.00        9.167966E+14   4.8522E-07   7.6052E-07   0.63801
FLUX  346   329.00        9.112234E+14   4.8335E-07   7.8116E-07   0.61876
FLUX  347   331.00        9.057175E+14   4.8959E-07   8.0188E-07   0.61055
FLUX  348   333.00        9.002778E+14   4.8836E-07   8.2275E-07   0.59357
FLUX  349   335.00        8.949030E+14   4.8503E-07   8.4376E-07   0.57485
FLUX  350   337.00        8.895920E+14   4.1413E-07   8.6513E-07   0.47868
FLUX  351   339.00        8.843436E+14   4.9256E-07   8.8649E-07   0.55563
FLUX  352   341.00        8.791569E+14   5.3445E-07   9.0786E-07   0.58869
FLUX  353   343.00        8.740306E+14   5.8794E-07   9.2936E-07   0.63263
FLUX  354   345.00        8.689638E+14   6.1362E-07   9.5113E-07   0.64515
FLUX  355   347.00        8.639553E+14   6.2087E-07   9.7327E-07   0.63792
FLUX  356   349.00        8.590043E+14   6.5018E-07   9.9557E-07   0.65308
FLUX  357   351.00        8.541097E+14   6.9836E-07   1.0179E-06   0.68605
FLUX  358   353.00        8.492705E+14   6.7209E-07   1.0403E-06   0.64607
FLUX  359   355.00        8.444859E+14   7.7719E-07   1.0630E-06   0.73115
FLUX  360   357.00        8.397549E+14   6.7582E-07   1.0862E-06   0.62219
FLUX  361   359.00        8.350766E+14   6.8713E-07   1.1096E-06   0.61926
FLUX  362   361.00        8.304501E+14   7.3326E-07   1.1332E-06   0.64708
FLUX  363   363.00        8.258746E+14   7.6007E-07   1.1569E-06   0.65700
FLUX  364   364.00        8.236058E+14   7.5815E-07   1.1688E-06   0.64865
FLUX  365   365.00        8.213493E+14   8.3188E-07   1.8235E-06   0.45620
FLUX  366   367.00        8.168733E+14   8.4520E-07   1.8553E-06   0.45557
FLUX  367   369.00        8.124458E+14   8.9511E-07   1.8871E-06   0.47434
FLUX  368   371.00        8.080660E+14   1.0477E-06   1.9190E-06   0.54597
FLUX  369   373.00        8.037332E+14   1.0409E-06   1.9508E-06   0.53358
FLUX  370   375.00        7.994467E+14   1.1544E-06   1.9828E-06   0.58219
FLUX  371   377.00        7.952056E+14   1.2456E-06   2.0174E-06   0.61744
FLUX  372   379.00        7.910092E+14   1.3186E-06   2.0503E-06   0.64310
FLUX  373   381.00        7.868569E+14   1.3972E-06   2.0829E-06   0.67081
FLUX  374   383.00        7.827480E+14   1.1871E-06   2.1153E-06   0.56122
FLUX  375   385.00        7.786818E+14   1.3413E-06   2.1479E-06   0.62448
FLUX  376   387.00        7.746576E+14   1.3422E-06   2.1803E-06   0.61563
FLUX  377   389.00        7.706748E+14   1.3127E-06   2.2132E-06   0.59311
FLUX  378   391.00        7.667327E+14   1.3958E-06   2.2463E-06   0.62135
FLUX  379   393.00        7.628308E+14   7.0190E-07   2.2793E-06   0.30794
FLUX  380   395.00        7.589683E+14   1.2673E-06   2.3122E-06   0.54807
FLUX  381   397.00        7.551448E+14   8.5170E-07   2.3449E-06   0.36321
FLUX  382   399.00        7.513596E+14   1.6743E-06   2.3773E-06   0.70430
FLUX  383   401.00        7.476122E+14   1.8409E-06   2.4102E-06   0.76379
FLUX  384   403.00        7.439020E+14   1.8580E-06   2.4432E-06   0.76046
FLUX  385   405.00        7.402284E+14   1.8623E-06   2.4760E-06   0.75213
FLUX  386   407.00        7.365909E+14   1.8596E-06   2.5087E-06   0.74128
FLUX  387   409.00        7.329890E+14   2.0527E-06   2.5412E-06   0.80778
FLUX  388   411.00        7.294221E+14   2.0131E-06   2.5736E-06   0.78223
FLUX  389   413.00        7.258898E+14   2.0581E-06   2.6058E-06   0.78982
FLUX  390   415.00        7.223916E+14   2.1316E-06   2.6382E-06   0.80796
FLUX  391   417.00        7.189269E+14   2.1259E-06   2.6703E-06   0.79614
FLUX  392   419.00        7.154952E+14   2.1091E-06   2.7022E-06   0.78052
FLUX  393   421.00        7.120962E+14   2.1167E-06   2.7338E-06   0.77426
FLUX  394   423.00        7.087293E+14   2.0836E-06   2.7653E-06   0.75346
FLUX  395   425.00        7.053941E+14   2.1176E-06   2.7966E-06   0.75721
FLUX  396   427.00        7.020902E+14   2.0945E-06   2.8276E-06   0.74072
FLUX  397   429.00        6.988170E+14   1.9092E-06   2.8586E-06   0.66789
FLUX  398   431.00        6.955742E+14   1.6067E-06   2.8895E-06   0.55605
FLUX  399   433.00        6.923614E+14   2.2594E-06   2.9201E-06   0.77372
FLUX  400   435.00        6.891782E+14   2.2036E-06   2.9505E-06   0.74685
FLUX  401   437.00        6.860240E+14   2.3642E-06   2.9806E-06   0.79320
FLUX  402   439.00        6.828986E+14   2.2789E-06   3.0105E-06   0.75698
FLUX  403   441.00        6.798016E+14   2.4235E-06   3.0403E-06   0.79713
FLUX  404   443.00        6.767325E+14   2.5829E-06   3.0699E-06   0.84135
FLUX  405   445.00        6.736910E+14   2.5842E-06   3.0995E-06   0.83374
FLUX  406   447.00        6.706767E+14   2.6798E-06   3.1289E-06   0.85646
FLUX  407   449.00        6.676893E+14   2.7641E-06   3.1582E-06   0.87522
FLUX  408   451.00        6.647284E+14   2.9376E-06   3.1873E-06   0.92166
FLUX  409   453.00        6.617936E+14   2.7696E-06   3.2164E-06   0.86108
FLUX  410   455.00        6.588846E+14   2.8395E-06   3.2453E-06   0.87495
FLUX  411   457.00        6.560011E+14   3.0151E-06   3.2739E-06   0.92096
FLUX  412   459.00        6.531427E+14   2.9322E-06   3.3023E-06   0.88792
FLUX  413   461.00        6.503091E+14   3.0588E-06   3.3306E-06   0.91839
FLUX  414   463.00        6.475000E+14   3.0621E-06   3.3587E-06   0.91169
FLUX  415   465.00        6.447150E+14   3.1103E-06   3.3867E-06   0.91839
FLUX  416   467.00        6.419540E+14   3.1919E-06   3.4146E-06   0.93478
FLUX  417   469.00        6.392164E+14   3.2136E-06   3.4424E-06   0.93354
FLUX  418   471.00        6.365021E+14   3.1680E-06   3.4701E-06   0.91295
FLUX  419   473.00        6.338108E+14   3.2824E-06   3.4976E-06   0.93846
FLUX  420   475.00        6.311421E+14   3.3451E-06   3.5250E-06   0.94894
FLUX  421   477.00        6.284958E+14   3.3517E-06   3.5524E-06   0.94352
FLUX  422   479.00        6.258716E+14   3.3710E-06   3.5796E-06   0.94173
FLUX  423   481.00        6.232692E+14   3.4101E-06   3.6065E-06   0.94555
FLUX  424   483.00        6.206884E+14   3.4332E-06   3.6332E-06   0.94495
FLUX  425   485.00        6.181289E+14   3.3718E-06   3.6612E-06   0.92095
FLUX  426   487.00        6.155903E+14   3.1315E-06   3.6877E-06   0.84918
FLUX  427   489.00        6.130726E+14   3.4630E-06   3.7141E-06   0.93239
FLUX  428   491.00        6.105753E+14   3.4876E-06   3.7404E-06   0.93240
FLUX  429   493.00        6.080984E+14   3.4595E-06   3.7666E-06   0.91849
FLUX  430   495.00        6.056414E+14   3.5819E-06   3.7926E-06   0.94444
FLUX  431   497.00        6.032042E+14   3.6579E-06   3.8185E-06   0.95793
FLUX  432   499.00        6.007866E+14   3.5045E-06   3.8443E-06   0.91160
FLUX  433   501.00        5.983882E+14   3.4370E-06   3.8700E-06   0.88812
FLUX  434   503.00        5.960089E+14   3.6275E-06   3.8956E-06   0.93118
FLUX  435   505.00        5.936485E+14   3.6512E-06   3.9210E-06   0.93118
FLUX  436   507.00        5.913067E+14   3.7648E-06   3.9462E-06   0.95402
FLUX  437   509.00        5.889833E+14   3.7052E-06   3.9712E-06   0.93302
FLUX  438   511.00        5.866781E+14   3.7554E-06   3.9961E-06   0.93977
FLUX  439   513.00        5.843908E+14   3.7111E-06   4.0208E-06   0.92299
FLUX  440   515.00        5.821214E+14   3.6875E-06   4.0454E-06   0.91154
FLUX  441   517.00        5.798694E+14   3.6644E-06   4.0699E-06   0.90036
FLUX  442   519.00        5.776349E+14   3.6992E-06   4.0942E-06   0.90351
FLUX  443   521.00        5.754175E+14   3.7454E-06   4.1185E-06   0.90942
FLUX  444   523.00        5.732170E+14   3.8325E-06   4.1426E-06   0.92515
FLUX  445   525.00        5.710333E+14   3.9315E-06   4.1666E-06   0.94358
FLUX  446   527.00        5.688662E+14   3.7327E-06   4.1904E-06   0.89078
FLUX  447   529.00        5.667155E+14   3.9861E-06   4.2141E-06   0.94590
FLUX  448   531.00        5.645810E+14   4.0541E-06   4.2377E-06   0.95669
FLUX  449   533.00        5.624625E+14   3.9135E-06   4.2611E-06   0.91844
FLUX  450   535.00        5.603598E+14   4.1031E-06   4.2844E-06   0.95768
FLUX  451   537.00        5.582728E+14   4.1151E-06   4.3076E-06   0.95531
FLUX  452   539.00        5.562013E+14   4.1104E-06   4.3310E-06   0.94905
FLUX  453   541.00        5.541451E+14   4.0883E-06   4.3538E-06   0.93902
FLUX  454   543.00        5.521040E+14   4.1368E-06   4.3764E-06   0.94526
FLUX  455   545.00        5.500780E+14   4.2435E-06   4.3988E-06   0.96468
FLUX  456   547.00        5.480667E+14   4.2421E-06   4.4212E-06   0.95950
FLUX  457   549.00        5.460701E+14   4.2716E-06   4.4434E-06   0.96135
FLUX  458   551.00        5.440880E+14   4.2933E-06   4.4654E-06   0.96145
FLUX  459   553.00        5.421202E+14   4.3403E-06   4.4874E-06   0.96721
FLUX  460   555.00        5.401667E+14   4.4160E-06   4.5093E-06   0.97933
FLUX  461   557.00        5.382271E+14   4.3685E-06   4.5310E-06   0.96415
FLUX  462   559.00        5.363014E+14   4.3582E-06   4.5525E-06   0.95730
FLUX  463   561.00        5.343895E+14   4.4252E-06   4.5740E-06   0.96746
FLUX  464   563.00        5.324911E+14   4.4955E-06   4.5959E-06   0.97816
FLUX  465   565.00        5.306062E+14   4.4951E-06   4.6171E-06   0.97357
FLUX  466   567.00        5.287346E+14   4.4650E-06   4.6381E-06   0.96266
FLUX  467   569.00        5.268761E+14   4.5527E-06   4.6591E-06   0.97718
FLUX  468   571.00        5.250306E+14   4.5099E-06   4.6797E-06   0.96371
FLUX  469   573.00        5.231981E+14   4.6703E-06   4.7002E-06   0.99364
FLUX  470   575.00        5.213783E+14   4.6429E-06   4.7206E-06   0.98355
FLUX  471   577.00        5.195711E+14   4.6872E-06   4.7408E-06   0.98870
FLUX  472   579.00        5.177763E+14   4.6679E-06   4.7608E-06   0.98047
FLUX  473   581.00        5.159940E+14   4.7255E-06   4.7808E-06   0.98843
FLUX  474   583.00        5.142238E+14   4.7744E-06   4.8006E-06   0.99456
FLUX  475   585.00        5.124658E+14   4.7402E-06   4.8202E-06   0.98340
FLUX  476   587.00        5.107198E+14   4.7838E-06   4.8397E-06   0.98844
FLUX  477   589.00        5.089856E+14   4.6877E-06   4.8591E-06   0.96473
FLUX  478   591.00        5.072631E+14   4.8161E-06   4.8784E-06   0.98723
FLUX  479   593.00        5.055523E+14   4.8377E-06   4.8975E-06   0.98780
FLUX  480   595.00        5.038529E+14   4.8682E-06   4.9167E-06   0.99014
FLUX  481   597.00        5.021650E+14   4.8944E-06   4.9355E-06   0.99167
FLUX  482   599.00        5.004883E+14   4.8988E-06   4.9542E-06   0.98881
FLUX  483   601.00        4.988228E+14   4.8922E-06   4.9728E-06   0.98380
FLUX  484   603.00        4.971683E+14   4.9213E-06   4.9913E-06   0.98598
FLUX  485   605.00        4.955248E+14   4.9888E-06   5.0097E-06   0.99584
FLUX  486   607.00        4.938921E+14   4.9949E-06   5.0279E-06   0.99343
FLUX  487   609.00        4.922701E+14   4.9837E-06   5.0459E-06   0.98768
FLUX  488   611.00        4.906588E+14   4.9780E-06   5.0637E-06   0.98307
FLUX  489   613.00        4.890579E+14   4.9135E-06   5.0815E-06   0.96695
FLUX  490   615.00        4.874675E+14   4.9606E-06   5.0991E-06   0.97284
FLUX  491   617.00        4.858874E+14   4.9368E-06   5.1165E-06   0.96488
FLUX  492   619.00        4.843174E+14   5.0591E-06   5.1339E-06   0.98544
FLUX  493   621.00        4.827576E+14   5.0952E-06   5.1511E-06   0.98914
FLUX  494   623.00        4.812079E+14   5.0498E-06   5.1682E-06   0.97710
FLUX  495   625.00        4.796680E+14   4.9625E-06   5.1852E-06   0.95705
FLUX  496   627.00        4.781380E+14   5.1321E-06   5.2031E-06   0.98636
FLUX  497   629.00        4.766176E+14   5.1561E-06   5.2198E-06   0.98779
FLUX  498   631.00        4.751070E+14   5.1002E-06   5.2364E-06   0.97400
FLUX  499   633.00        4.736058E+14   5.1557E-06   5.2528E-06   0.98151
FLUX  500   635.00        4.721142E+14   5.2110E-06   5.2692E-06   0.98895
FLUX  501   637.00        4.706319E+14   5.2220E-06   5.2854E-06   0.98799
FLUX  502   639.00        4.691588E+14   5.2351E-06   5.3015E-06   0.98748
FLUX  503   641.00        4.676950E+14   5.1920E-06   5.3174E-06   0.97642
FLUX  504   643.00        4.662403E+14   5.2396E-06   5.3332E-06   0.98244
FLUX  505   645.00        4.647946E+14   5.2505E-06   5.3489E-06   0.98160
FLUX  506   647.00        4.633578E+14   5.2725E-06   5.3645E-06   0.98285
FLUX  507   649.00        4.619299E+14   5.2144E-06   5.3799E-06   0.96924
FLUX  508   651.00        4.605107E+14   5.3279E-06   5.3953E-06   0.98751
FLUX  509   653.00        4.591003E+14   5.3783E-06   5.4104E-06   0.99408
FLUX  510   655.00        4.576985E+14   5.3222E-06   5.4260E-06   0.98085
FLUX  511   657.00        4.563052E+14   4.9045E-06   5.4409E-06   0.90142
FLUX  512   659.00        4.549203E+14   5.3756E-06   5.4556E-06   0.98534
FLUX  513   661.00        4.535439E+14   5.4159E-06   5.4702E-06   0.99008
FLUX  514   663.00        4.521757E+14   5.4534E-06   5.4846E-06   0.99430
FLUX  515   665.00        4.508158E+14   5.4560E-06   5.4990E-06   0.99219
FLUX  516   667.00        4.494640E+14   5.4445E-06   5.5132E-06   0.98753
FLUX  517   669.00        4.481203E+14   5.5102E-06   5.5273E-06   0.99691
FLUX  518   671.00        4.467846E+14   5.4887E-06   5.5413E-06   0.99050
FLUX  519   673.00        4.454569E+14   5.5348E-06   5.5552E-06   0.99634
FLUX  520   675.00        4.441370E+14   5.5247E-06   5.5689E-06   0.99205
FLUX  521   677.00        4.428250E+14   5.5437E-06   5.5826E-06   0.99304
FLUX  522   679.00        4.415206E+14   5.5587E-06   5.5961E-06   0.99331
FLUX  523   681.00        4.402239E+14   5.5691E-06   5.6095E-06   0.99280
FLUX  524   683.00        4.389348E+14   5.5954E-06   5.6228E-06   0.99513
FLUX  525   685.00        4.376533E+14   5.5766E-06   5.6359E-06   0.98947
FLUX  526   687.00        4.363792E+14   5.6082E-06   5.6490E-06   0.99279
FLUX  527   689.00        4.351125E+14   5.6416E-06   5.6619E-06   0.99641
FLUX  528   691.00        4.338531E+14   5.6433E-06   5.6748E-06   0.99446
FLUX  529   693.00        4.326010E+14   5.6602E-06   5.6875E-06   0.99520
FLUX  530   695.00        4.313561E+14   5.6623E-06   5.7001E-06   0.99337
FLUX  531   697.00        4.301184E+14   5.6911E-06   5.7126E-06   0.99624
FLUX  532   699.00        4.288877E+14   5.6962E-06   5.7250E-06   0.99496
FLUX  533   701.00        4.276640E+14   5.6613E-06   5.7373E-06   0.98676
FLUX  534   703.00        4.264474E+14   5.7096E-06   5.7494E-06   0.99308
FLUX  535   705.00        4.252376E+14   5.7344E-06   5.7614E-06   0.99531
FLUX  536   707.00        4.240346E+14   5.7350E-06   5.7733E-06   0.99336
FLUX  537   709.00        4.228385E+14   5.7479E-06   5.7850E-06   0.99358
FLUX  538   711.00        4.216491E+14   5.7609E-06   5.7967E-06   0.99383
FLUX  539   713.00        4.204663E+14   5.7470E-06   5.8082E-06   0.98946
FLUX  540   715.00        4.192902E+14   5.7540E-06   5.8197E-06   0.98871
FLUX  541   717.00        4.181206E+14   5.7785E-06   5.8310E-06   0.99099
FLUX  542   719.00        4.169576E+14   5.7281E-06   5.8422E-06   0.98046
FLUX  543   721.00        4.158010E+14   5.7683E-06   5.8533E-06   0.98548
FLUX  544   723.00        4.146508E+14   5.8033E-06   5.8643E-06   0.98960
FLUX  545   725.00        4.135069E+14   5.8399E-06   5.8756E-06   0.99392
FLUX  546   727.00        4.123693E+14   5.8483E-06   5.8864E-06   0.99353
FLUX  547   729.00        4.112380E+14   5.8097E-06   5.8970E-06   0.98520
FLUX  548   731.00        4.101129E+14   5.8423E-06   5.9085E-06   0.98880
FLUX  549   733.00        4.089939E+14   5.8574E-06   5.9189E-06   0.98961
FLUX  550   735.00        4.078809E+14   5.8830E-06   5.9292E-06   0.99220
FLUX  551   737.00        4.067741E+14   5.9158E-06   5.9394E-06   0.99601
FLUX  552   739.00        4.056732E+14   5.8751E-06   5.9496E-06   0.98748
FLUX  553   741.00        4.045783E+14   5.8389E-06   5.9596E-06   0.97975
FLUX  554   743.00        4.034892E+14   5.8914E-06   5.9695E-06   0.98692
FLUX  555   745.00        4.024060E+14   5.9160E-06   5.9793E-06   0.98941
FLUX  556   747.00        4.013286E+14   5.9459E-06   5.9890E-06   0.99280
FLUX  557   749.00        4.002570E+14   5.9370E-06   5.9986E-06   0.98974
FLUX  558   751.00        3.991911E+14   5.9527E-06   6.0081E-06   0.99077
FLUX  559   753.00        3.981308E+14   5.9739E-06   6.0176E-06   0.99275
FLUX  560   755.00        3.970762E+14   6.0049E-06   6.0269E-06   0.99635
FLUX  561   757.00        3.960271E+14   5.9966E-06   6.0361E-06   0.99346
FLUX  562   759.00        3.949835E+14   6.0014E-06   6.0453E-06   0.99274
FLUX  563   761.00        3.939455E+14   6.0171E-06   6.0543E-06   0.99386
FLUX  564   763.00        3.929128E+14   6.0333E-06   6.0632E-06   0.99507
FLUX  565   765.00        3.918856E+14   6.0425E-06   6.0720E-06   0.99515
FLUX  566   767.00        3.908638E+14   5.9904E-06   6.0807E-06   0.98515
FLUX  567   769.00        3.898472E+14   6.0648E-06   6.0893E-06   0.99597
FLUX  568   771.00        3.888359E+14   6.0188E-06   6.0979E-06   0.98704
FLUX  569   773.00        3.878299E+14   6.0491E-06   6.1063E-06   0.99063
FLUX  570   775.00        3.868290E+14   6.0450E-06   6.1147E-06   0.98862
FLUX  571   777.00        3.858333E+14   6.0861E-06   6.1229E-06   0.99399
FLUX  572   779.00        3.848427E+14   6.1009E-06   6.1311E-06   0.99507
FLUX  573   781.00        3.838572E+14   6.1222E-06   6.1392E-06   0.99723
FLUX  574   783.00        3.828768E+14   6.1008E-06   6.1472E-06   0.99245
FLUX  575   785.00        3.819013E+14   6.1145E-06   6.1551E-06   0.99341
FLUX  576   787.00        3.809307E+14   6.1496E-06   6.1629E-06   0.99783
FLUX  577   789.00        3.799651E+14   6.1496E-06   6.1707E-06   0.99659
FLUX  578   791.00        3.790044E+14   6.1392E-06   6.1783E-06   0.99367
FLUX  579   793.00        3.780485E+14   6.1114E-06   6.1859E-06   0.98796
FLUX  580   795.00        3.770975E+14   6.1212E-06   6.1933E-06   0.98836
FLUX  581   797.00        3.761512E+14   6.1834E-06   6.2008E-06   0.99719
FLUX  582   799.00        3.752096E+14   6.1917E-06   6.2081E-06   0.99736
FLUX  583   801.00        3.742728E+14   6.1733E-06   6.2153E-06   0.99325
FLUX  584   803.00        3.733406E+14   6.1912E-06   6.2224E-06   0.99499
FLUX  585   805.00        3.724130E+14   6.1764E-06   6.2294E-06   0.99149
FLUX  586   807.00        3.714901E+14   6.2146E-06   6.2363E-06   0.99652
FLUX  587   809.00        3.705717E+14   6.1842E-06   6.2432E-06   0.99054
FLUX  588   811.00        3.696578E+14   6.2282E-06   6.2500E-06   0.99651
FLUX  589   813.00        3.687485E+14   6.2428E-06   6.2567E-06   0.99779
FLUX  590   815.00        3.678436E+14   6.2456E-06   6.2633E-06   0.99718
FLUX  591   817.00        3.669431E+14   6.2515E-06   6.2698E-06   0.99709
FLUX  592   819.00        3.660470E+14   6.1840E-06   6.2763E-06   0.98530
FLUX  593   821.00        3.651553E+14   6.2235E-06   6.3279E-06   0.98349
FLUX  594   823.00        3.642679E+14   6.2162E-06   6.3343E-06   0.98136
FLUX  595   825.00        3.633848E+14   6.2474E-06   6.3406E-06   0.98529
FLUX  596   827.00        3.625060E+14   6.2880E-06   6.3469E-06   0.99072
FLUX  597   829.00        3.616315E+14   6.2877E-06   6.3531E-06   0.98971
FLUX  598   831.00        3.607611E+14   6.2671E-06   6.3591E-06   0.98553
FLUX  599   833.00        3.598950E+14   6.2267E-06   6.3651E-06   0.97825
FLUX  600   835.00        3.590329E+14   6.2916E-06   6.3711E-06   0.98753
FLUX  601   837.00        3.581750E+14   6.2927E-06   6.3769E-06   0.98679
FLUX  602   839.00        3.573212E+14   6.2452E-06   6.3827E-06   0.97845
FLUX  603   841.00        3.564715E+14   6.3090E-06   6.3884E-06   0.98757
FLUX  604   843.00        3.556257E+14   6.2813E-06   6.3941E-06   0.98236
FLUX  605   845.00        3.547840E+14   6.3090E-06   6.3997E-06   0.98583
FLUX  606   847.00        3.539463E+14   6.2732E-06   6.4052E-06   0.97940
FLUX  607   849.00        3.531125E+14   6.2668E-06   6.4106E-06   0.97757
FLUX  608   851.00        3.522826E+14   6.0161E-06   6.4160E-06   0.93767
FLUX  609   853.00        3.514566E+14   6.2778E-06   6.4213E-06   0.97766
FLUX  610   855.00        3.506345E+14   5.4682E-06   6.4266E-06   0.85088
FLUX  611   857.00        3.498162E+14   6.3881E-06   6.4318E-06   0.99322
FLUX  612   859.00        3.490017E+14   6.3483E-06   6.4369E-06   0.98624
FLUX  613   861.00        3.481911E+14   6.3111E-06   6.4419E-06   0.97970
FLUX  614   863.00        3.473841E+14   6.4080E-06   6.4469E-06   0.99397
FLUX  615   865.00        3.465809E+14   6.3732E-06   6.4518E-06   0.98783
FLUX  616   867.00        3.457814E+14   5.6318E-06   6.4566E-06   0.87224
FLUX  617   869.00        3.449856E+14   6.3467E-06   6.4614E-06   0.98224
FLUX  618   871.00        3.441935E+14   6.4257E-06   6.4661E-06   0.99375
FLUX  619   873.00        3.434049E+14   6.4307E-06   6.4708E-06   0.99380
FLUX  620   875.00        3.426200E+14   6.2968E-06   6.4754E-06   0.97241
FLUX  621   877.00        3.418387E+14   6.4545E-06   6.4799E-06   0.99607
FLUX  622   879.00        3.410609E+14   6.4422E-06   6.4844E-06   0.99349
FLUX  623   881.00        3.402866E+14   6.4003E-06   6.4888E-06   0.98636
FLUX  624   883.00        3.395159E+14   6.4246E-06   6.4932E-06   0.98943
FLUX  625   885.00        3.387486E+14   6.4409E-06   6.4975E-06   0.99129
FLUX  626   887.00        3.379848E+14   6.3138E-06   6.5017E-06   0.97109
FLUX  627   889.00        3.372244E+14   6.4839E-06   6.5059E-06   0.99661
FLUX  628   891.00        3.364674E+14   6.4837E-06   6.5100E-06   0.99596
FLUX  629   893.00        3.357139E+14   6.4571E-06   6.5141E-06   0.99125
FLUX  630   895.00        3.349637E+14   6.4685E-06   6.5181E-06   0.99239
FLUX  631   897.00        3.342168E+14   6.4923E-06   6.5221E-06   0.99543
FLUX  632   899.00        3.334733E+14   6.5013E-06   6.5259E-06   0.99622
FLUX  633   901.00        3.327331E+14   6.3122E-06   6.5298E-06   0.96668
FLUX  634   903.00        3.319961E+14   6.4859E-06   6.5335E-06   0.99271
FLUX  635   905.00        3.312624E+14   6.5311E-06   6.5372E-06   0.99907
FLUX  636   907.00        3.305320E+14   6.4684E-06   6.5409E-06   0.98893
FLUX  637   909.00        3.298047E+14   6.3808E-06   6.5444E-06   0.97500
FLUX  638   911.00        3.290807E+14   6.4739E-06   6.5480E-06   0.98869
FLUX  639   913.00        3.283598E+14   6.5287E-06   6.5514E-06   0.99653
FLUX  640   915.00        3.276421E+14   6.5283E-06   6.5549E-06   0.99595
FLUX  641   917.00        3.269275E+14   6.5259E-06   6.5582E-06   0.99507
FLUX  642   919.00        3.262160E+14   6.5406E-06   6.5615E-06   0.99681
FLUX  643   921.00        3.255076E+14   6.4769E-06   6.5648E-06   0.98660
FLUX  644   923.00        3.248023E+14   6.3466E-06   6.5680E-06   0.96628
FLUX  645   925.00        3.241000E+14   6.4619E-06   6.5712E-06   0.98337
FLUX  646   927.00        3.234008E+14   6.5275E-06   6.5743E-06   0.99288
FLUX  647   929.00        3.227045E+14   6.5436E-06   6.5774E-06   0.99486
FLUX  648   931.00        3.220113E+14   6.5598E-06   6.5805E-06   0.99685
FLUX  649   933.00        3.213210E+14   6.5582E-06   6.5835E-06   0.99616
FLUX  650   935.00        3.206337E+14   6.5569E-06   6.5865E-06   0.99550
FLUX  651   937.00        3.199493E+14   6.5466E-06   6.5894E-06   0.99351
FLUX  652   939.00        3.192678E+14   6.5672E-06   6.5923E-06   0.99620
FLUX  653   941.00        3.185893E+14   6.4500E-06   6.5952E-06   0.97798
FLUX  654   943.00        3.179136E+14   6.5513E-06   6.5980E-06   0.99293
FLUX  655   945.00        3.172407E+14   6.5435E-06   6.6007E-06   0.99133
FLUX  656   947.00        3.165707E+14   6.5808E-06   6.6034E-06   0.99658
FLUX  657   949.00        3.159036E+14   6.5890E-06   6.6061E-06   0.99742
FLUX  658   951.00        3.152392E+14   6.5872E-06   6.6087E-06   0.99675
FLUX  659   953.00        3.145776E+14   6.5804E-06   6.6113E-06   0.99533
FLUX  660   955.00        3.139188E+14   6.4292E-06   6.6138E-06   0.97209
FLUX  661   957.00        3.132628E+14   6.5787E-06   6.6163E-06   0.99431
FLUX  662   959.00        3.126095E+14   6.6027E-06   6.6187E-06   0.99757
FLUX  663   961.00        3.119589E+14   6.5803E-06   6.6211E-06   0.99383
FLUX  664   963.00        3.113110E+14   6.5652E-06   6.6235E-06   0.99120
FLUX  665   965.00        3.106658E+14   6.5689E-06   6.6258E-06   0.99141
FLUX  666   967.00        3.100233E+14   6.5558E-06   6.6281E-06   0.98910
FLUX  667   969.00        3.093834E+14   6.6013E-06   6.6303E-06   0.99563
FLUX  668   971.00        3.087461E+14   6.6092E-06   6.6325E-06   0.99648
FLUX  669   973.00        3.081115E+14   6.6104E-06   6.6346E-06   0.99635
FLUX  670   975.00        3.074795E+14   6.5839E-06   6.6367E-06   0.99204
FLUX  671   977.00        3.068500E+14   6.6103E-06   6.6388E-06   0.99571
FLUX  672   979.00        3.062232E+14   6.6031E-06   6.6408E-06   0.99432
FLUX  673   981.00        3.055989E+14   6.6266E-06   6.6428E-06   0.99756
FLUX  674   983.00        3.049771E+14   6.6289E-06   6.6448E-06   0.99761
FLUX  675   985.00        3.043579E+14   6.6286E-06   6.6467E-06   0.99728
FLUX  676   987.00        3.037411E+14   6.6198E-06   6.6486E-06   0.99567
FLUX  677   989.00        3.031269E+14   6.6145E-06   6.6504E-06   0.99459
FLUX  678   991.00        3.025151E+14   6.6232E-06   6.6523E-06   0.99564
FLUX  679   993.00        3.019058E+14   6.6395E-06   6.6540E-06   0.99782
FLUX  680   995.00        3.012990E+14   6.6444E-06   6.6558E-06   0.99829
FLUX  681   997.00        3.006946E+14   6.6483E-06   6.6575E-06   0.99862
FLUX  682   999.00        3.000926E+14   6.6495E-06   6.6592E-06   0.99855
FLUX  683  1002.50        2.990449E+14   6.6286E-06   6.6621E-06   0.99498
FLUX  684  1007.50        2.975608E+14   6.5873E-06   6.6661E-06   0.98818
FLUX  685  1012.50        2.960914E+14   6.6409E-06   6.6699E-06   0.99565
FLUX  686  1017.50        2.946364E+14   6.6361E-06   6.6735E-06   0.99439
FLUX  687  1022.50        2.931956E+14   6.6512E-06   6.6770E-06   0.99613
FLUX  688  1027.50        2.917689E+14   6.6722E-06   6.6804E-06   0.99877
FLUX  689  1032.50        2.903559E+14   6.6275E-06   6.6837E-06   0.99159
FLUX  690  1037.50        2.889566E+14   6.6545E-06   6.6868E-06   0.99517
FLUX  691  1042.50        2.875707E+14   6.6795E-06   6.6897E-06   0.99847
FLUX  692  1047.50        2.861981E+14   6.6418E-06   6.6925E-06   0.99244
FLUX  693  1052.50        2.848385E+14   6.6789E-06   6.6950E-06   0.99760
FLUX  694  1057.50        2.834917E+14   6.6668E-06   6.6974E-06   0.99544
FLUX  695  1062.50        2.821576E+14   6.6533E-06   6.6996E-06   0.99309
FLUX  696  1067.50        2.808361E+14   6.5986E-06   6.7017E-06   0.98462
FLUX  697  1072.50        2.795268E+14   6.6542E-06   6.7036E-06   0.99262
FLUX  698  1077.50        2.782297E+14   6.6468E-06   6.7056E-06   0.99123
FLUX  699  1082.50        2.769446E+14   6.6230E-06   6.7075E-06   0.98740
FLUX  700  1087.50        2.756713E+14   6.6434E-06   6.7093E-06   0.99017
FLUX  701  1092.50        2.744096E+14   6.5763E-06   6.7110E-06   0.97992
FLUX  702  1097.50        2.731595E+14   6.6319E-06   6.7127E-06   0.98796
FLUX  703  1102.50        2.719206E+14   6.6696E-06   6.7142E-06   0.99337
FLUX  704  1107.50        2.706930E+14   6.6893E-06   6.7155E-06   0.99609
FLUX  705  1112.50        2.694764E+14   6.6769E-06   6.7168E-06   0.99405
FLUX  706  1117.50        2.682707E+14   6.6734E-06   6.7181E-06   0.99335
FLUX  707  1122.50        2.670757E+14   6.6966E-06   6.7192E-06   0.99663
FLUX  708  1127.50        2.658913E+14   6.6562E-06   6.7204E-06   0.99045
FLUX  709  1132.50        2.647174E+14   6.6746E-06   6.7216E-06   0.99302
FLUX  710  1137.50        2.635538E+14   6.6788E-06   6.7227E-06   0.99348
FLUX  711  1142.50        2.624004E+14   6.6526E-06   6.7237E-06   0.98942
FLUX  712  1147.50        2.612571E+14   6.7072E-06   6.7246E-06   0.99740
FLUX  713  1152.50        2.601236E+14   6.7115E-06   6.7255E-06   0.99792
FLUX  714  1157.50        2.590000E+14   6.6947E-06   6.7263E-06   0.99530
FLUX  715  1162.50        2.578860E+14   6.6515E-06   6.7271E-06   0.98875
FLUX  716  1167.50        2.567816E+14   6.6667E-06   6.7279E-06   0.99091
FLUX  717  1172.50        2.556866E+14   6.7195E-06   6.7286E-06   0.99865
FLUX  718  1177.50        2.546008E+14   6.6545E-06   6.7294E-06   0.98887
FLUX  719  1182.50        2.535243E+14   6.6689E-06   6.7302E-06   0.99090
FLUX  720  1187.50        2.524568E+14   6.6488E-06   6.7310E-06   0.98779
FLUX  721  1192.50        2.513983E+14   6.7260E-06   6.7317E-06   0.99915
FLUX  722  1197.50        2.503486E+14   6.6331E-06   6.7325E-06   0.98524
FLUX  723  1202.50        2.493077E+14   6.6914E-06   6.7332E-06   0.99380
FLUX  724  1207.50        2.482754E+14   6.6830E-06   6.7339E-06   0.99245
FLUX  725  1212.50        2.472515E+14   6.7022E-06   6.7345E-06   0.99520
FLUX  726  1217.50        2.462361E+14   6.7282E-06   6.7352E-06   0.99896
FLUX  727  1222.50        2.452290E+14   6.7278E-06   6.7359E-06   0.99880
FLUX  728  1227.50        2.442301E+14   6.7140E-06   6.7366E-06   0.99665
FLUX  729  1232.50        2.432393E+14   6.7278E-06   6.7374E-06   0.99858
FLUX  730  1237.50        2.422566E+14   6.7242E-06   6.7382E-06   0.99793
FLUX  731  1242.50        2.412817E+14   6.7275E-06   6.7390E-06   0.99830
FLUX  732  1247.50        2.403146E+14   6.7334E-06   6.7399E-06   0.99904
FLUX  733  1252.50        2.393553E+14   6.7281E-06   6.7408E-06   0.99811
FLUX  734  1257.50        2.384036E+14   6.7236E-06   6.7417E-06   0.99731
FLUX  735  1262.50        2.374594E+14   6.7226E-06   6.7427E-06   0.99701
FLUX  736  1267.50        2.365227E+14   6.7282E-06   6.7438E-06   0.99769
FLUX  737  1272.50        2.355933E+14   6.7391E-06   6.7449E-06   0.99914
FLUX  738  1277.50        2.346712E+14   6.7389E-06   6.7461E-06   0.99893
FLUX  739  1282.50        2.337563E+14   6.5375E-06   6.7474E-06   0.96889
FLUX  740  1287.50        2.328485E+14   6.7353E-06   6.7488E-06   0.99800
FLUX  741  1292.50        2.319478E+14   6.7293E-06   6.7502E-06   0.99691
FLUX  742  1297.50        2.310539E+14   6.7431E-06   6.7516E-06   0.99874
FLUX  743  1302.50        2.301670E+14   6.7405E-06   6.7531E-06   0.99812
FLUX  744  1307.50        2.292868E+14   6.7485E-06   6.7547E-06   0.99908
FLUX  745  1312.50        2.284133E+14   6.7256E-06   6.7563E-06   0.99546
FLUX  746  1317.50        2.275465E+14   6.7181E-06   6.7579E-06   0.99411
FLUX  747  1322.50        2.266862E+14   6.7515E-06   6.7595E-06   0.99882
FLUX  748  1327.50        2.258324E+14   6.7255E-06   6.7612E-06   0.99472
FLUX  749  1332.50        2.249850E+14   6.7455E-06   6.7630E-06   0.99742
FLUX  750  1337.50        2.241439E+14   6.7469E-06   6.7648E-06   0.99736
FLUX  751  1342.50        2.233091E+14   6.7598E-06   6.7667E-06   0.99898
FLUX  752  1347.50        2.224805E+14   6.7605E-06   6.7686E-06   0.99880
FLUX  753  1352.50        2.216580E+14   6.7602E-06   6.7707E-06   0.99845
FLUX  754  1357.50        2.208416E+14   6.7418E-06   6.7729E-06   0.99541
FLUX  755  1362.50        2.200312E+14   6.7514E-06   6.7751E-06   0.99650
FLUX  756  1367.50        2.192267E+14   6.7592E-06   6.7774E-06   0.99732
FLUX  757  1372.50        2.184280E+14   6.7409E-06   6.7797E-06   0.99428
FLUX  758  1377.50        2.176352E+14   6.7578E-06   6.7820E-06   0.99643
FLUX  759  1382.50        2.168481E+14   6.7625E-06   6.7843E-06   0.99678
FLUX  760  1387.50        2.160667E+14   6.7681E-06   6.7867E-06   0.99726
FLUX  761  1392.50        2.152908E+14   6.7732E-06   6.7891E-06   0.99767
FLUX  762  1397.50        2.145206E+14   6.7763E-06   6.7916E-06   0.99775
FLUX  763  1402.50        2.137558E+14   6.7613E-06   6.7941E-06   0.99517
FLUX  764  1407.50        2.129964E+14   6.7809E-06   6.7966E-06   0.99769
FLUX  765  1412.50        2.122425E+14   6.7611E-06   6.7991E-06   0.99441
FLUX  766  1417.50        2.114938E+14   6.7843E-06   6.8017E-06   0.99745
FLUX  767  1422.50        2.107504E+14   6.7489E-06   6.8043E-06   0.99186
FLUX  768  1427.50        2.100123E+14   6.7382E-06   6.8068E-06   0.98992
FLUX  769  1432.50        2.092792E+14   6.7838E-06   6.8093E-06   0.99626
FLUX  770  1437.50        2.085513E+14   6.7986E-06   6.8117E-06   0.99808
FLUX  771  1442.50        2.078284E+14   6.7030E-06   6.8140E-06   0.98370
FLUX  772  1447.50        2.071105E+14   6.7987E-06   6.8163E-06   0.99741
FLUX  773  1452.50        2.063976E+14   6.7414E-06   6.8186E-06   0.98868
FLUX  774  1457.00        2.057601E+14   6.7728E-06   6.8206E-06   0.99299
FLUX  775  1462.00        2.050564E+14   6.7808E-06   6.8989E-06   0.98288
FLUX  776  1467.50        2.042879E+14   6.7967E-06   6.9033E-06   0.98456
FLUX  777  1472.50        2.035942E+14   6.7675E-06   6.9071E-06   0.97979
FLUX  778  1477.50        2.029052E+14   6.7760E-06   6.9108E-06   0.98049
FLUX  779  1482.50        2.022209E+14   6.7860E-06   6.9143E-06   0.98144
FLUX  780  1487.50        2.015412E+14   6.7400E-06   6.9177E-06   0.97431
FLUX  781  1492.50        2.008660E+14   6.8177E-06   6.9209E-06   0.98509
FLUX  782  1497.50        2.001953E+14   6.7974E-06   6.9239E-06   0.98172
FLUX  783  1502.50        1.995291E+14   6.7480E-06   6.9268E-06   0.97418
FLUX  784  1507.50        1.988673E+14   6.7384E-06   6.9295E-06   0.97241
FLUX  785  1512.50        1.982099E+14   6.8013E-06   6.9319E-06   0.98117
FLUX  786  1517.50        1.975568E+14   6.8084E-06   6.9340E-06   0.98189
FLUX  787  1522.50        1.969080E+14   6.7967E-06   6.9357E-06   0.97996
FLUX  788  1527.50        1.962635E+14   6.7819E-06   6.9371E-06   0.97763
FLUX  789  1532.50        1.956232E+14   6.7789E-06   6.9381E-06   0.97705
FLUX  790  1537.50        1.949870E+14   6.8107E-06   6.9387E-06   0.98155
FLUX  791  1542.50        1.943549E+14   6.7425E-06   6.9389E-06   0.97171
FLUX  792  1547.50        1.937270E+14   6.8222E-06   6.9386E-06   0.98322
FLUX  793  1552.50        1.931031E+14   6.8239E-06   6.9379E-06   0.98356
FLUX  794  1557.50        1.924831E+14   6.6948E-06   6.9366E-06   0.96513
FLUX  795  1562.50        1.918672E+14   6.8562E-06   6.9347E-06   0.98868
FLUX  796  1567.50        1.912552E+14   6.7858E-06   6.9322E-06   0.97889
FLUX  797  1572.50        1.906471E+14   6.6608E-06   6.9290E-06   0.96130
FLUX  798  1577.50        1.900428E+14   6.7715E-06   6.9251E-06   0.97783
FLUX  799  1582.50        1.894423E+14   6.8156E-06   6.9203E-06   0.98486
FLUX  800  1587.50        1.888457E+14   6.4966E-06   6.9146E-06   0.93954
FLUX  801  1592.50        1.882527E+14   6.8035E-06   6.9080E-06   0.98487
FLUX  802  1597.50        1.876635E+14   6.8240E-06   6.9005E-06   0.98892
FLUX  803  1605.00        1.867866E+14   6.7930E-06   6.8870E-06   0.98635
FLUX  804  1615.00        1.856300E+14   6.6363E-06   6.8643E-06   0.96678
FLUX  805  1625.00        1.844877E+14   6.7944E-06   6.8352E-06   0.99403
FLUX  806  1635.00        1.833593E+14   6.7082E-06   6.7964E-06   0.98702
FLUX  807  1645.00        1.822447E+14   6.5144E-06   6.7447E-06   0.96586
FLUX  808  1655.00        1.811435E+14   6.6574E-06   6.6845E-06   0.99595
FLUX  809  1665.00        1.800556E+14   6.6002E-06   6.6250E-06   0.99627
FLUX  810  1675.00        1.789806E+14   6.4943E-06   6.5662E-06   0.98905
FLUX  811  1685.00        1.779184E+14   6.2922E-06   6.5082E-06   0.96682
FLUX  812  1695.00        1.768687E+14   6.4414E-06   6.4509E-06   0.99853
FLUX  813  1705.00        1.758314E+14   6.3594E-06   6.3943E-06   0.99455
FLUX  814  1715.00        1.748061E+14   6.3068E-06   6.3383E-06   0.99502
FLUX  815  1725.00        1.737928E+14   6.2411E-06   6.2830E-06   0.99332
FLUX  816  1735.00        1.727911E+14   5.9905E-06   6.2284E-06   0.96180
FLUX  817  1745.00        1.718009E+14   6.1232E-06   6.1745E-06   0.99170
FLUX  818  1755.00        1.708219E+14   6.0963E-06   6.1212E-06   0.99593
FLUX  819  1765.00        1.698541E+14   6.0372E-06   6.0685E-06   0.99483
FLUX  820  1775.00        1.688972E+14   5.9936E-06   6.0165E-06   0.99619
FLUX  821  1785.00        1.679510E+14   5.9472E-06   5.9651E-06   0.99700
FLUX  822  1795.00        1.670153E+14   5.9049E-06   5.9143E-06   0.99842
FLUX  823  1805.00        1.660900E+14   5.8453E-06   5.8641E-06   0.99678
FLUX  824  1815.00        1.651749E+14   5.6330E-06   5.8146E-06   0.96877
FLUX  825  1825.00        1.642699E+14   5.7236E-06   5.7656E-06   0.99272
FLUX  826  1835.00        1.633747E+14   5.7006E-06   5.7171E-06   0.99711
FLUX  827  1845.00        1.624892E+14   5.6364E-06   5.6692E-06   0.99421
FLUX  828  1855.00        1.616132E+14   5.6029E-06   5.6219E-06   0.99662
FLUX  829  1865.00        1.607466E+14   5.5465E-06   5.5752E-06   0.99486
FLUX  830  1875.00        1.598893E+14   5.3008E-06   5.5290E-06   0.95872
FLUX  831  1885.00        1.590411E+14   5.4530E-06   5.4833E-06   0.99446
FLUX  832  1895.00        1.582018E+14   5.3686E-06   5.4382E-06   0.98720
FLUX  833  1905.00        1.573714E+14   5.3804E-06   5.3936E-06   0.99755
FLUX  834  1915.00        1.565496E+14   5.3308E-06   5.3496E-06   0.99649
FLUX  835  1925.00        1.557364E+14   5.2911E-06   5.3060E-06   0.99719
FLUX  836  1935.00        1.549315E+14   5.2319E-06   5.2630E-06   0.99409
FLUX  837  1945.00        1.541350E+14   5.0389E-06   5.2204E-06   0.96523
FLUX  838  1955.00        1.533465E+14   5.1532E-06   5.1783E-06   0.99514
FLUX  839  1965.00        1.525662E+14   5.1180E-06   5.1368E-06   0.99635
FLUX  840  1975.00        1.517937E+14   5.0577E-06   5.0957E-06   0.99255
FLUX  841  1985.00        1.510290E+14   5.0338E-06   5.0550E-06   0.99580
FLUX  842  1995.00        1.502719E+14   4.9948E-06   5.0148E-06   0.99601
FLUX  843  2005.00        1.495224E+14   4.9667E-06   4.9751E-06   0.99831
FLUX  844  2015.00        1.487804E+14   4.9331E-06   4.9359E-06   0.99943
FLUX  845  2025.00        1.480457E+14   4.8836E-06   4.8970E-06   0.99725
FLUX  846  2035.00        1.473182E+14   4.8328E-06   4.8587E-06   0.99468
FLUX  847  2045.00        1.465978E+14   4.8178E-06   4.8207E-06   0.99939
FLUX  848  2055.00        1.458844E+14   4.7775E-06   4.7832E-06   0.99881
FLUX  849  2065.00        1.451780E+14   4.7284E-06   4.7461E-06   0.99626
FLUX  850  2075.00        1.444783E+14   4.6992E-06   4.7094E-06   0.99783
FLUX  851  2085.00        1.437854E+14   4.6657E-06   4.6732E-06   0.99841
FLUX  852  2095.00        1.430990E+14   4.6185E-06   4.6373E-06   0.99595
FLUX  853  2105.00        1.424192E+14   4.5952E-06   4.6018E-06   0.99856
FLUX  854  2115.00        1.417459E+14   4.5559E-06   4.5667E-06   0.99764
FLUX  855  2125.00        1.410788E+14   4.5216E-06   4.5320E-06   0.99770
FLUX  856  2135.00        1.404180E+14   4.4892E-06   4.4977E-06   0.99812
FLUX  857  2145.00        1.397634E+14   4.4608E-06   4.4637E-06   0.99935
FLUX  858  2155.00        1.391148E+14   4.4260E-06   4.4301E-06   0.99907
FLUX  859  2165.00        1.384723E+14   4.2740E-06   4.3969E-06   0.97205
FLUX  860  2175.00        1.378356E+14   4.3492E-06   4.3640E-06   0.99661
FLUX  861  2185.00        1.372048E+14   4.3170E-06   4.3315E-06   0.99664
FLUX  862  2195.00        1.365797E+14   4.2972E-06   4.2993E-06   0.99951
FLUX  863  2205.00        1.359603E+14   4.2489E-06   4.2675E-06   0.99563
FLUX  864  2215.00        1.353465E+14   4.2285E-06   4.2361E-06   0.99821
FLUX  865  2225.00        1.347382E+14   4.1992E-06   4.2049E-06   0.99865
FLUX  866  2235.00        1.341353E+14   4.1685E-06   4.1741E-06   0.99865
FLUX  867  2245.00        1.335379E+14   4.1394E-06   4.1437E-06   0.99898
FLUX  868  2255.00        1.329457E+14   4.0979E-06   4.1135E-06   0.99621
FLUX  869  2265.00        1.323587E+14   4.0737E-06   4.0837E-06   0.99756
FLUX  870  2275.00        1.317769E+14   4.0496E-06   4.0542E-06   0.99887
FLUX  871  2285.00        1.312002E+14   4.0155E-06   4.0413E-06   0.99363
FLUX  872  2295.00        1.306285E+14   3.9699E-06   4.0122E-06   0.98946
FLUX  873  2305.00        1.300618E+14   3.9567E-06   3.9834E-06   0.99329
FLUX  874  2315.00        1.295000E+14   3.9284E-06   3.9549E-06   0.99328
FLUX  875  2325.00        1.289430E+14   3.8760E-06   3.9267E-06   0.98708
FLUX  876  2335.00        1.283908E+14   3.8627E-06   3.8989E-06   0.99072
FLUX  877  2345.00        1.278433E+14   3.8468E-06   3.8713E-06   0.99367
FLUX  878  2355.00        1.273004E+14   3.7898E-06   3.8440E-06   0.98592
FLUX  879  2365.00        1.267622E+14   3.7851E-06   3.8169E-06   0.99165
FLUX  880  2375.00        1.262284E+14   3.7612E-06   3.7902E-06   0.99236
FLUX  881  2385.00        1.256992E+14   3.7107E-06   3.7637E-06   0.98590
FLUX  882  2395.00        1.251743E+14   3.7042E-06   3.7376E-06   0.99107
FLUX  883  2405.00        1.246538E+14   3.6815E-06   3.7116E-06   0.99189
FLUX  884  2415.00        1.241377E+14   3.6390E-06   3.6859E-06   0.98727
FLUX  885  2425.00        1.236258E+14   3.6281E-06   3.6605E-06   0.99113
FLUX  886  2435.00        1.231181E+14   3.5991E-06   3.6354E-06   0.99003
FLUX  887  2445.00        1.226145E+14   3.5694E-06   3.6105E-06   0.98862
FLUX  888  2455.00        1.221151E+14   3.5456E-06   3.5858E-06   0.98878
FLUX  889  2465.00        1.216197E+14   3.5329E-06   3.5614E-06   0.99199
FLUX  890  2475.00        1.211283E+14   3.5028E-06   3.5372E-06   0.99026
FLUX  891  2485.00        1.206408E+14   3.4732E-06   3.5133E-06   0.98858
FLUX  892  2495.00        1.201573E+14   3.4466E-06   3.4896E-06   0.98768
FLUX  893  2505.00        1.196776E+14   3.4503E-06   3.4661E-06   0.99544
FLUX  894  2515.00        1.192018E+14   3.4188E-06   3.4429E-06   0.99301
FLUX  895  2525.00        1.187297E+14   3.3749E-06   3.4199E-06   0.98684
FLUX  896  2535.00        1.182613E+14   3.3808E-06   3.3971E-06   0.99519
FLUX  897  2545.00        1.177967E+14   3.3567E-06   3.3746E-06   0.99470
FLUX  898  2555.00        1.173356E+14   3.3322E-06   3.3522E-06   0.99403
FLUX  899  2565.00        1.168782E+14   3.2742E-06   3.3301E-06   0.98322
FLUX  900  2575.00        1.164243E+14   3.2973E-06   3.3082E-06   0.99669
FLUX  901  2585.00        1.159739E+14   3.2605E-06   3.2865E-06   0.99209
FLUX  902  2595.00        1.155270E+14   3.2537E-06   3.2650E-06   0.99652
FLUX  903  2605.00        1.150835E+14   3.2316E-06   3.2438E-06   0.99626
FLUX  904  2615.00        1.146434E+14   3.1692E-06   3.2227E-06   0.98340
FLUX  905  2625.00        1.142067E+14   3.1145E-06   3.2018E-06   0.97274
FLUX  906  2635.00        1.137732E+14   3.1673E-06   3.1812E-06   0.99566
FLUX  907  2645.00        1.133431E+14   3.1474E-06   3.1607E-06   0.99581
FLUX  908  2655.00        1.129162E+14   3.1239E-06   3.1404E-06   0.99474
FLUX  909  2665.00        1.124925E+14   3.0928E-06   3.1203E-06   0.99119
FLUX  910  2675.00        1.120720E+14   3.0461E-06   3.1004E-06   0.98248
FLUX  911  2685.00        1.116546E+14   3.0752E-06   3.0807E-06   0.99821
FLUX  912  2695.00        1.112403E+14   3.0559E-06   3.0611E-06   0.99829
FLUX  913  2705.00        1.108290E+14   3.0356E-06   3.0418E-06   0.99798
FLUX  914  2715.00        1.104208E+14   3.0175E-06   3.0226E-06   0.99832
FLUX  915  2725.00        1.100156E+14   2.9990E-06   3.0036E-06   0.99846
FLUX  916  2735.00        1.096133E+14   2.9806E-06   2.9848E-06   0.99860
FLUX  917  2745.00        1.092140E+14   2.9632E-06   2.9662E-06   0.99901
FLUX  918  2755.00        1.088176E+14   2.9005E-06   2.9477E-06   0.98399
FLUX  919  2765.00        1.084240E+14   2.9195E-06   2.9294E-06   0.99661
FLUX  920  2775.00        1.080333E+14   2.9075E-06   2.9113E-06   0.99870
FLUX  921  2785.00        1.076454E+14   2.8900E-06   2.8933E-06   0.99884
FLUX  922  2795.00        1.072603E+14   2.8728E-06   2.8755E-06   0.99905
FLUX  923  2805.00        1.068779E+14   2.8547E-06   2.8579E-06   0.99889
FLUX  924  2815.00        1.064982E+14   2.8384E-06   2.8404E-06   0.99930
FLUX  925  2825.00        1.061212E+14   2.8210E-06   2.8231E-06   0.99926
FLUX  926  2835.00        1.057469E+14   2.8051E-06   2.8059E-06   0.99970
FLUX  927  2845.00        1.053752E+14   2.7857E-06   2.7889E-06   0.99885
FLUX  928  2855.00        1.050061E+14   2.7701E-06   2.7720E-06   0.99931
FLUX  929  2865.00        1.046396E+14   2.7515E-06   2.7553E-06   0.99860
FLUX  930  2875.00        1.042757E+14   2.6933E-06   2.7388E-06   0.98338
FLUX  931  2885.00        1.039142E+14   2.7201E-06   2.7224E-06   0.99918
FLUX  932  2895.00        1.035553E+14   2.7051E-06   2.7061E-06   0.99963
FLUX  933  2905.00        1.031988E+14   2.6882E-06   2.6900E-06   0.99935
FLUX  934  2915.00        1.028448E+14   2.6723E-06   2.6740E-06   0.99938
FLUX  935  2925.00        1.024932E+14   2.6542E-06   2.6582E-06   0.99853
FLUX  936  2935.00        1.021440E+14   2.6407E-06   2.6425E-06   0.99934
FLUX  937  2945.00        1.017971E+14   2.6236E-06   2.6269E-06   0.99876
FLUX  938  2955.00        1.014526E+14   2.6104E-06   2.6115E-06   0.99959
FLUX  939  2965.00        1.011105E+14   2.5942E-06   2.5962E-06   0.99924
FLUX  940  2975.00        1.007706E+14   2.5796E-06   2.5810E-06   0.99946
FLUX  941  2985.00        1.004330E+14   2.5653E-06   2.5660E-06   0.99975
FLUX  942  2995.00        1.000977E+14   2.5488E-06   2.5511E-06   0.99911
FLUX  943  3005.00        9.976456E+13   2.5337E-06   2.5363E-06   0.99897
FLUX  944  3015.00        9.943366E+13   2.5208E-06   2.5216E-06   0.99966
FLUX  945  3025.00        9.910496E+13   2.5059E-06   2.5071E-06   0.99952
FLUX  946  3035.00        9.877842E+13   2.4581E-06   2.4927E-06   0.98615
FLUX  947  3045.00        9.845402E+13   2.4688E-06   2.4784E-06   0.99615
FLUX  948  3055.00        9.813175E+13   2.4627E-06   2.4642E-06   0.99943
FLUX  949  3065.00        9.781158E+13   2.4473E-06   2.4501E-06   0.99886
FLUX  950  3075.00        9.749349E+13   2.4353E-06   2.4361E-06   0.99969
FLUX  951  3085.00        9.717747E+13   2.4190E-06   2.4222E-06   0.99865
FLUX  952  3095.00        9.686349E+13   2.4051E-06   2.4085E-06   0.99857
FLUX  953  3105.00        9.655153E+13   2.3935E-06   2.3949E-06   0.99942
FLUX  954  3115.00        9.624157E+13   2.3721E-06   2.3814E-06   0.99609
FLUX  955  3125.00        9.593360E+13   2.3662E-06   2.3680E-06   0.99926
FLUX  956  3135.00        9.562759E+13   2.3515E-06   2.3547E-06   0.99865
FLUX  957  3145.00        9.532353E+13   2.3400E-06   2.3415E-06   0.99936
FLUX  958  3155.00        9.502139E+13   2.3236E-06   2.3285E-06   0.99792
FLUX  959  3165.00        9.472117E+13   2.3146E-06   2.3155E-06   0.99959
FLUX  960  3175.00        9.442283E+13   2.2995E-06   2.3027E-06   0.99863
FLUX  961  3185.00        9.412637E+13   2.2878E-06   2.2900E-06   0.99906
FLUX  962  3195.00        9.383177E+13   2.2763E-06   2.2773E-06   0.99957
FLUX  963  3210.00        9.339330E+13   2.2570E-06   2.2586E-06   0.99930
FLUX  964  3230.00        9.281501E+13   2.2319E-06   2.2339E-06   0.99912
FLUX  965  3250.00        9.224385E+13   2.2085E-06   2.2096E-06   0.99948
FLUX  966  3270.00        9.167966E+13   2.1845E-06   2.1858E-06   0.99942
FLUX  967  3290.00        9.112234E+13   2.1429E-06   2.1640E-06   0.99022
FLUX  968  3310.00        9.057175E+13   2.1377E-06   2.1409E-06   0.99851
FLUX  969  3330.00        9.002778E+13   2.1132E-06   2.1181E-06   0.99768
FLUX  970  3350.00        8.949030E+13   2.0933E-06   2.0957E-06   0.99889
FLUX  971  3370.00        8.895920E+13   2.0707E-06   2.0736E-06   0.99864
FLUX  972  3390.00        8.843436E+13   2.0460E-06   2.0518E-06   0.99717
FLUX  973  3410.00        8.791569E+13   2.0259E-06   2.0304E-06   0.99776
FLUX  974  3430.00        8.740306E+13   2.0077E-06   2.0094E-06   0.99918
FLUX  975  3450.00        8.689638E+13   1.9865E-06   1.9886E-06   0.99894
FLUX  976  3470.00        8.639553E+13   1.9669E-06   1.9682E-06   0.99933
FLUX  977  3490.00        8.590043E+13   1.9474E-06   1.9481E-06   0.99964
FLUX  978  3510.00        8.541097E+13   1.9267E-06   1.9283E-06   0.99918
FLUX  979  3530.00        8.492705E+13   1.9061E-06   1.9088E-06   0.99859
FLUX  980  3550.00        8.444859E+13   1.8884E-06   1.8896E-06   0.99937
FLUX  981  3570.00        8.397549E+13   1.8673E-06   1.8706E-06   0.99823
FLUX  982  3590.00        8.350766E+13   1.8495E-06   1.8520E-06   0.99868
FLUX  983  3610.00        8.304501E+13   1.8325E-06   1.8336E-06   0.99940
FLUX  984  3630.00        8.258746E+13   1.8145E-06   1.8155E-06   0.99948
FLUX  985  3650.00        8.213493E+13   1.7941E-06   1.7976E-06   0.99803
FLUX  986  3670.00        8.168733E+13   1.7773E-06   1.7801E-06   0.99844
FLUX  987  3690.00        8.124458E+13   1.7568E-06   1.7627E-06   0.99662
FLUX  988  3710.00        8.080660E+13   1.7416E-06   1.7456E-06   0.99767
FLUX  989  3730.00        8.037332E+13   1.7237E-06   1.7288E-06   0.99703
FLUX  990  3750.00        7.994467E+13   1.6962E-06   1.7122E-06   0.99062
FLUX  991  3770.00        7.952056E+13   1.6935E-06   1.6959E-06   0.99858
FLUX  992  3790.00        7.910092E+13   1.6779E-06   1.6797E-06   0.99893
FLUX  993  3810.00        7.868569E+13   1.6596E-06   1.6639E-06   0.99746
FLUX  994  3830.00        7.827480E+13   1.6461E-06   1.6482E-06   0.99874
FLUX  995  3850.00        7.786818E+13   1.6319E-06   1.6327E-06   0.99950
FLUX  996  3870.00        7.746576E+13   1.6159E-06   1.6175E-06   0.99900
FLUX  997  3890.00        7.706748E+13   1.6007E-06   1.6025E-06   0.99893
FLUX  998  3910.00        7.667327E+13   1.5829E-06   1.5876E-06   0.99702
FLUX  999  3930.00        7.628308E+13   1.5721E-06   1.5730E-06   0.99943
FLUX 1000  3950.00        7.589683E+13   1.5571E-06   1.5586E-06   0.99901
FLUX 1001  3970.00        7.551448E+13   1.5437E-06   1.5444E-06   0.99951
FLUX 1002  3990.00        7.513596E+13   1.5269E-06   1.5304E-06   0.99775
FLUX 1003  4010.00        7.476122E+13   1.5135E-06   1.5165E-06   0.99799
FLUX 1004  4030.00        7.439020E+13   1.4980E-06   1.5029E-06   0.99672
FLUX 1005  4050.00        7.402284E+13   1.4777E-06   1.4894E-06   0.99214
FLUX 1006  4070.00        7.365909E+13   1.4745E-06   1.4761E-06   0.99887
FLUX 1007  4090.00        7.329890E+13   1.4618E-06   1.4630E-06   0.99918
FLUX 1008  4110.00        7.294221E+13   1.4494E-06   1.4501E-06   0.99951
FLUX 1009  4130.00        7.258898E+13   1.4370E-06   1.4373E-06   0.99979
FLUX 1010  4150.00        7.223916E+13   1.4237E-06   1.4247E-06   0.99926
FLUX 1011  4170.00        7.189269E+13   1.4065E-06   1.4123E-06   0.99587
FLUX 1012  4190.00        7.154952E+13   1.3992E-06   1.4000E-06   0.99939
FLUX 1013  4210.00        7.120962E+13   1.3846E-06   1.3879E-06   0.99762
FLUX 1014  4230.00        7.087293E+13   1.3758E-06   1.3759E-06   0.99992
FLUX 1015  4250.00        7.053941E+13   1.3632E-06   1.3641E-06   0.99931
FLUX 1016  4270.00        7.020902E+13   1.3521E-06   1.3525E-06   0.99974
FLUX 1017  4290.00        6.988170E+13   1.3294E-06   1.3410E-06   0.99137
FLUX 1018  4310.00        6.955742E+13   1.3089E-06   1.3296E-06   0.98440
FLUX 1019  4330.00        6.923614E+13   1.3028E-06   1.3184E-06   0.98817
FLUX 1020  4350.00        6.891782E+13   1.2791E-06   1.3073E-06   0.97845
FLUX 1021  4370.00        6.860240E+13   1.2621E-06   1.2964E-06   0.97356
FLUX 1022  4390.00        6.828986E+13   1.2579E-06   1.2855E-06   0.97847
FLUX 1023  4410.00        6.798016E+13   1.2340E-06   1.2749E-06   0.96794
FLUX 1024  4430.00        6.767325E+13   1.2283E-06   1.2643E-06   0.97149
FLUX 1025  4450.00        6.736910E+13   1.2190E-06   1.2539E-06   0.97218
FLUX 1026  4470.00        6.706767E+13   1.1975E-06   1.2439E-06   0.96274
FLUX 1027  4490.00        6.676893E+13   1.1956E-06   1.2337E-06   0.96908
FLUX 1028  4510.00        6.647284E+13   1.1847E-06   1.2237E-06   0.96811
FLUX 1029  4530.00        6.617936E+13   1.1675E-06   1.2138E-06   0.96192
FLUX 1030  4550.00        6.588846E+13   1.1632E-06   1.2040E-06   0.96612
FLUX 1031  4570.00        6.560011E+13   1.1571E-06   1.1943E-06   0.96889
FLUX 1032  4590.00        6.531427E+13   1.1394E-06   1.1847E-06   0.96175
FLUX 1033  4610.00        6.503091E+13   1.1361E-06   1.1753E-06   0.96670
FLUX 1034  4630.00        6.475000E+13   1.1260E-06   1.1659E-06   0.96573
FLUX 1035  4650.00        6.447150E+13   1.1177E-06   1.1567E-06   0.96628
FLUX 1036  4670.00        6.419540E+13   1.1113E-06   1.1476E-06   0.96836
FLUX 1037  4690.00        6.392164E+13   1.1042E-06   1.1386E-06   0.96984
FLUX 1038  4710.00        6.365021E+13   1.0973E-06   1.1297E-06   0.97133
FLUX 1039  4730.00        6.338108E+13   1.0934E-06   1.1209E-06   0.97550
FLUX 1040  4750.00        6.311421E+13   1.0824E-06   1.1122E-06   0.97326
FLUX 1041  4770.00        6.284958E+13   1.0747E-06   1.1036E-06   0.97382
FLUX 1042  4790.00        6.258716E+13   1.0687E-06   1.0951E-06   0.97595
FLUX 1043  4810.00        6.232692E+13   1.0569E-06   1.0867E-06   0.97258
FLUX 1044  4830.00        6.206884E+13   1.0543E-06   1.0784E-06   0.97766
FLUX 1045  4850.00        6.181289E+13   1.0457E-06   1.0702E-06   0.97711
FLUX 1046  4870.00        6.155903E+13   1.0370E-06   1.0620E-06   0.97646
FLUX 1047  4890.00        6.130726E+13   1.0299E-06   1.0540E-06   0.97708
FLUX 1048  4910.00        6.105753E+13   1.0235E-06   1.0461E-06   0.97843
FLUX 1049  4930.00        6.080984E+13   1.0154E-06   1.0382E-06   0.97800
FLUX 1050  4950.00        6.056414E+13   1.0081E-06   1.0305E-06   0.97832
FLUX 1051  4970.00        6.032042E+13   1.0004E-06   1.0228E-06   0.97810
FLUX 1052  4990.00        6.007866E+13   9.9562E-07   1.0152E-06   0.98071
FLUX 1053  5010.00        5.983882E+13   9.8553E-07   1.0077E-06   0.97800
FLUX 1054  5030.00        5.960089E+13   9.8135E-07   1.0003E-06   0.98108
FLUX 1055  5050.00        5.936485E+13   9.7097E-07   9.9294E-07   0.97787
FLUX 1056  5070.00        5.913067E+13   9.6565E-07   9.8568E-07   0.97968
FLUX 1057  5090.00        5.889833E+13   9.6087E-07   9.7850E-07   0.98198
FLUX 1058  5110.00        5.866781E+13   9.5248E-07   9.7140E-07   0.98052
FLUX 1059  5130.00        5.843908E+13   9.4441E-07   9.6437E-07   0.97930
FLUX 1060  5150.00        5.821214E+13   9.3946E-07   9.5742E-07   0.98124
FLUX 1061  5170.00        5.798694E+13   9.3594E-07   9.5055E-07   0.98463
FLUX 1062  5190.00        5.776349E+13   9.2645E-07   9.4374E-07   0.98168
FLUX 1063  5210.00        5.754175E+13   9.1995E-07   9.3701E-07   0.98178
FLUX 1064  5230.00        5.732170E+13   9.1360E-07   9.3036E-07   0.98199
FLUX 1065  5250.00        5.710333E+13   9.0884E-07   9.2377E-07   0.98384
FLUX 1066  5270.00        5.688662E+13   9.0348E-07   9.1725E-07   0.98499
FLUX 1067  5290.00        5.667155E+13   8.9447E-07   9.1080E-07   0.98206
FLUX 1068  5310.00        5.645810E+13   8.9072E-07   9.0442E-07   0.98485
FLUX 1069  5330.00        5.624625E+13   8.8366E-07   8.9811E-07   0.98391
FLUX 1070  5350.00        5.603598E+13   8.7898E-07   8.9186E-07   0.98556
FLUX 1071  5370.00        5.582728E+13   8.7308E-07   8.8567E-07   0.98578
FLUX 1072  5390.00        5.562013E+13   8.6769E-07   8.7955E-07   0.98652
FLUX 1073  5410.00        5.541451E+13   8.6199E-07   8.7350E-07   0.98683
FLUX 1074  5430.00        5.521040E+13   8.5422E-07   8.6750E-07   0.98469
FLUX 1075  5450.00        5.500780E+13   8.5085E-07   8.6157E-07   0.98756
FLUX 1076  5470.00        5.480667E+13   8.4486E-07   8.5570E-07   0.98734
FLUX 1077  5490.00        5.460701E+13   8.3855E-07   8.4988E-07   0.98667
FLUX 1078  5510.00        5.440880E+13   8.3454E-07   8.4413E-07   0.98864
FLUX 1079  5530.00        5.421202E+13   8.2985E-07   8.3843E-07   0.98976
FLUX 1080  5550.00        5.401667E+13   8.2242E-07   8.3280E-07   0.98754
FLUX 1081  5570.00        5.382271E+13   8.1988E-07   8.2722E-07   0.99113
FLUX 1082  5590.00        5.363014E+13   8.1285E-07   8.2169E-07   0.98924
FLUX 1083  5610.00        5.343895E+13   8.0797E-07   8.1622E-07   0.98990
FLUX 1084  5630.00        5.324911E+13   8.0264E-07   8.1080E-07   0.98993
FLUX 1085  5650.00        5.306062E+13   7.9910E-07   8.0544E-07   0.99213
FLUX 1086  5670.00        5.287346E+13   7.9416E-07   8.0013E-07   0.99254
FLUX 1087  5690.00        5.268761E+13   7.8775E-07   7.9488E-07   0.99103
FLUX 1088  5710.00        5.250306E+13   7.8323E-07   7.8967E-07   0.99184
FLUX 1089  5730.00        5.231981E+13   7.7911E-07   7.8452E-07   0.99311
FLUX 1090  5750.00        5.213783E+13   7.7405E-07   7.7941E-07   0.99312
FLUX 1091  5770.00        5.195711E+13   7.6934E-07   7.7436E-07   0.99352
FLUX 1092  5790.00        5.177763E+13   7.6501E-07   7.6935E-07   0.99435
FLUX 1093  5810.00        5.159940E+13   7.5984E-07   7.6439E-07   0.99404
FLUX 1094  5830.00        5.142238E+13   7.5528E-07   7.5948E-07   0.99447
FLUX 1095  5850.00        5.124658E+13   7.5119E-07   7.5466E-07   0.99540
FLUX 1096  5870.00        5.107198E+13   7.4598E-07   7.4985E-07   0.99485
FLUX 1097  5890.00        5.089856E+13   7.4134E-07   7.4507E-07   0.99499
FLUX 1098  5910.00        5.072631E+13   7.3526E-07   7.4035E-07   0.99312
FLUX 1099  5930.00        5.055523E+13   7.3262E-07   7.3567E-07   0.99586
FLUX 1100  5950.00        5.038529E+13   7.2649E-07   7.3103E-07   0.99379
FLUX 1101  5970.00        5.021650E+13   7.2398E-07   7.2644E-07   0.99662
FLUX 1102  5990.00        5.004883E+13   7.1957E-07   7.2189E-07   0.99680
FLUX 1103  6010.00        4.988228E+13   7.1530E-07   7.1738E-07   0.99710
FLUX 1104  6030.00        4.971683E+13   7.1093E-07   7.1291E-07   0.99722
FLUX 1105  6050.00        4.955248E+13   7.0644E-07   7.0849E-07   0.99711
FLUX 1106  6070.00        4.938921E+13   7.0211E-07   7.0410E-07   0.99717
FLUX 1107  6090.00        4.922701E+13   6.9789E-07   6.9976E-07   0.99733
FLUX 1108  6110.00        4.906588E+13   6.9324E-07   6.9546E-07   0.99681
FLUX 1109  6130.00        4.890579E+13   6.8967E-07   6.9119E-07   0.99780
FLUX 1110  6150.00        4.874675E+13   6.8564E-07   6.8697E-07   0.99806
FLUX 1111  6170.00        4.858874E+13   6.8158E-07   6.8279E-07   0.99823
FLUX 1112  6190.00        4.843174E+13   6.7762E-07   6.7864E-07   0.99850
FLUX 1113  6210.00        4.827576E+13   6.7354E-07   6.7453E-07   0.99853
FLUX 1114  6230.00        4.812079E+13   6.6908E-07   6.7045E-07   0.99795
FLUX 1115  6250.00        4.796680E+13   6.6524E-07   6.6642E-07   0.99824
FLUX 1116  6270.00        4.781380E+13   6.6141E-07   6.6242E-07   0.99847
FLUX 1117  6290.00        4.766176E+13   6.5640E-07   6.5845E-07   0.99688
FLUX 1118  6310.00        4.751070E+13   6.5349E-07   6.5453E-07   0.99842
FLUX 1119  6330.00        4.736058E+13   6.5007E-07   6.5063E-07   0.99913
FLUX 1120  6350.00        4.721142E+13   6.4607E-07   6.4677E-07   0.99892
FLUX 1121  6370.00        4.706319E+13   6.4246E-07   6.4295E-07   0.99924
FLUX 1122  6390.00        4.691588E+13   6.3843E-07   6.3916E-07   0.99886
FLUX 1123  6420.00        4.669665E+13   6.3307E-07   6.3354E-07   0.99927
FLUX 1124  6460.00        4.640751E+13   6.2559E-07   6.2615E-07   0.99911
FLUX 1125  6500.00        4.612192E+13   6.1836E-07   6.1890E-07   0.99914
FLUX 1126  6540.00        4.583983E+13   6.1144E-07   6.1177E-07   0.99947
FLUX 1127  6580.00        4.556117E+13   6.0455E-07   6.0476E-07   0.99966
FLUX 1128  6620.00        4.528588E+13   5.9759E-07   5.9787E-07   0.99954
FLUX 1129  6660.00        4.501389E+13   5.9093E-07   5.9110E-07   0.99972
FLUX 1130  6700.00        4.474515E+13   5.8428E-07   5.8445E-07   0.99971
FLUX 1131  6740.00        4.447960E+13   5.7768E-07   5.7790E-07   0.99962
FLUX 1132  6780.00        4.421718E+13   5.7079E-07   5.7147E-07   0.99881
FLUX 1133  6820.00        4.395784E+13   5.6501E-07   5.6514E-07   0.99978
FLUX 1134  6860.00        4.370153E+13   5.5884E-07   5.5891E-07   0.99987
FLUX 1135  6900.00        4.344819E+13   5.5271E-07   5.5279E-07   0.99985
FLUX 1136  6940.00        4.319777E+13   5.4660E-07   5.4677E-07   0.99970
FLUX 1137  6980.00        4.295021E+13   5.4079E-07   5.4084E-07   0.99991
FLUX 1138  7020.00        4.270548E+13   5.3486E-07   5.3501E-07   0.99972
FLUX 1139  7060.00        4.246353E+13   5.2923E-07   5.2928E-07   0.99990
FLUX 1140  7100.00        4.222430E+13   5.2358E-07   5.2364E-07   0.99990
FLUX 1141  7140.00        4.198774E+13   5.1805E-07   5.1808E-07   0.99993
FLUX 1142  7180.00        4.175383E+13   5.1257E-07   5.1262E-07   0.99991
FLUX 1143  7220.00        4.152251E+13   5.0717E-07   5.0723E-07   0.99987
FLUX 1144  7260.00        4.129373E+13   5.0183E-07   5.0194E-07   0.99978
FLUX 1145  7300.00        4.106747E+13   4.9672E-07   4.9673E-07   0.99998
FLUX 1146  7340.00        4.084366E+13   4.9152E-07   4.9159E-07   0.99985
FLUX 1147  7380.00        4.062229E+13   4.8653E-07   4.8654E-07   0.99998
FLUX 1148  7420.00        4.040330E+13   4.8151E-07   4.8156E-07   0.99989
FLUX 1149  7460.00        4.018666E+13   4.7555E-07   4.7666E-07   0.99767
FLUX 1150  7500.00        3.997233E+13   4.7061E-07   4.7184E-07   0.99741
FLUX 1151  7540.00        3.976028E+13   4.6703E-07   4.6708E-07   0.99989
FLUX 1152  7580.00        3.955046E+13   4.6239E-07   4.6240E-07   0.99997
FLUX 1153  7620.00        3.934285E+13   4.5776E-07   4.5779E-07   0.99994
FLUX 1154  7660.00        3.913740E+13   4.5324E-07   4.5325E-07   0.99998
FLUX 1155  7700.00        3.893409E+13   4.4873E-07   4.4877E-07   0.99991
FLUX 1156  7740.00        3.873288E+13   4.4436E-07   4.4436E-07   0.99998
FLUX 1157  7780.00        3.853374E+13   4.3992E-07   4.4002E-07   0.99977
FLUX 1158  7820.00        3.833664E+13   4.3573E-07   4.3574E-07   0.99999
FLUX 1159  7860.00        3.814154E+13   4.3152E-07   4.3152E-07   0.99999
FLUX 1160  7900.00        3.794842E+13   4.2736E-07   4.2736E-07   0.99999
FLUX 1161  7940.00        3.775724E+13   4.2326E-07   4.2326E-07   0.99998
FLUX 1162  7980.00        3.756798E+13   4.1922E-07   4.1923E-07   0.99999
FLUX 1163  8020.00        3.738061E+13   4.1521E-07   4.1524E-07   0.99992
FLUX 1164  8060.00        3.719510E+13   4.1127E-07   4.1132E-07   0.99990
FLUX 1165  8100.00        3.701142E+13   4.0744E-07   4.0745E-07   0.99999
FLUX 1166  8140.00        3.682955E+13   4.0343E-07   4.0363E-07   0.99952
FLUX 1167  8180.00        3.664945E+13   3.9982E-07   3.9987E-07   0.99989
FLUX 1168  8220.00        3.647111E+13   3.9615E-07   3.9615E-07   0.99998
FLUX 1169  8260.00        3.629449E+13   3.9248E-07   3.9250E-07   0.99997
FLUX 1170  8300.00        3.611958E+13   3.8888E-07   3.8889E-07   0.99998
FLUX 1171  8340.00        3.594634E+13   3.8527E-07   3.8533E-07   0.99985
FLUX 1172  8380.00        3.577476E+13   3.8178E-07   3.8182E-07   0.99992
FLUX 1173  8420.00        3.560481E+13   3.7835E-07   3.7835E-07   0.99998
FLUX 1174  8460.00        3.543647E+13   3.7493E-07   3.7494E-07   0.99998
FLUX 1175  8500.00        3.526971E+13   3.7156E-07   3.7157E-07   0.99998
FLUX 1176  8540.00        3.510451E+13   3.6823E-07   3.6824E-07   0.99998
FLUX 1177  8580.00        3.494085E+13   3.6495E-07   3.6496E-07   0.99997
FLUX 1178  8620.00        3.477871E+13   3.6170E-07   3.6172E-07   0.99994
FLUX 1179  8660.00        3.461807E+13   3.5837E-07   3.5853E-07   0.99956
FLUX 1180  8700.00        3.445891E+13   3.5538E-07   3.5538E-07   0.99999
FLUX 1181  8740.00        3.430120E+13   3.5212E-07   3.5227E-07   0.99957
FLUX 1182  8780.00        3.414493E+13   3.4903E-07   3.4920E-07   0.99952
FLUX 1183  8820.00        3.399008E+13   3.4614E-07   3.4617E-07   0.99991
FLUX 1184  8860.00        3.383662E+13   3.4315E-07   3.4318E-07   0.99991
FLUX 1185  8900.00        3.368455E+13   3.4019E-07   3.4023E-07   0.99989
FLUX 1186  8940.00        3.353384E+13   3.3729E-07   3.3731E-07   0.99994
FLUX 1187  8980.00        3.338447E+13   3.3438E-07   3.3443E-07   0.99984
FLUX 1188  9020.00        3.323642E+13   3.3157E-07   3.3159E-07   0.99991
FLUX 1189  9060.00        3.308968E+13   3.2879E-07   3.2879E-07   0.99999
FLUX 1190  9100.00        3.294423E+13   3.2597E-07   3.2602E-07   0.99984
FLUX 1191  9140.00        3.280005E+13   3.2323E-07   3.2329E-07   0.99984
FLUX 1192  9180.00        3.265713E+13   3.2057E-07   3.2059E-07   0.99993
FLUX 1193  9220.00        3.251546E+13   3.1790E-07   3.1792E-07   0.99994
FLUX 1194  9260.00        3.237500E+13   3.1526E-07   3.1529E-07   0.99990
FLUX 1195  9300.00        3.223575E+13   3.1269E-07   3.1269E-07   1.00000
FLUX 1196  9340.00        3.209770E+13   3.1008E-07   3.1012E-07   0.99987
FLUX 1197  9380.00        3.196082E+13   3.0736E-07   3.0758E-07   0.99929
FLUX 1198  9420.00        3.182511E+13   3.0507E-07   3.0508E-07   0.99999
FLUX 1199  9460.00        3.169054E+13   3.0255E-07   3.0260E-07   0.99981
FLUX 1200  9500.00        3.155710E+13   3.0015E-07   3.0016E-07   0.99998
FLUX 1201  9540.00        3.142479E+13   2.9772E-07   2.9774E-07   0.99991
FLUX 1202  9580.00        3.129358E+13   2.9529E-07   2.9535E-07   0.99977
FLUX 1203  9620.00        3.116346E+13   2.9298E-07   2.9300E-07   0.99993
FLUX 1204  9660.00        3.103442E+13   2.9058E-07   2.9067E-07   0.99971
FLUX 1205  9700.00        3.090644E+13   2.8836E-07   2.8836E-07   0.99998
FLUX 1206  9740.00        3.077952E+13   2.8603E-07   2.8609E-07   0.99982
FLUX 1207  9780.00        3.065363E+13   2.8371E-07   2.8384E-07   0.99955
FLUX 1208  9820.00        3.052877E+13   2.8160E-07   2.8162E-07   0.99993
FLUX 1209  9860.00        3.040492E+13   2.7939E-07   2.7942E-07   0.99990
FLUX 1210  9900.00        3.028207E+13   2.7720E-07   2.7725E-07   0.99981
FLUX 1211  9940.00        3.016021E+13   2.7501E-07   2.7510E-07   0.99967
FLUX 1212  9980.00        3.003933E+13   2.7297E-07   2.7298E-07   0.99996
FLUX 1213 10020.00        2.991941E+13   2.7088E-07   2.7089E-07   0.99996
FLUX 1214 20000.00        1.498962E+13   7.0411E-08   7.0411E-08   0.99999
FLUX 1215 40000.00        7.494812E+12   1.7820E-08   1.7820E-08   1.00000
FLUX 1216 60000.00        4.996542E+12   7.9155E-09   7.9155E-09   1.00000
FLUX 1217 80000.00        3.747406E+12   4.4386E-09   4.4386E-09   1.00000
FLUX 1218100000.00        2.997925E+12   2.8302E-09   2.8302E-09   1.00000
FLUX 1219120000.00        2.498271E+12   1.9580E-09   1.9580E-09   1.00000
FLUX 1220140000.00        2.141375E+12   1.4333E-09   1.4333E-09   1.00000
FLUX 1221160000.00        1.873703E+12   1.0935E-09   1.0935E-09   1.00000
FLUX
