TEFF   8500.  GRAVITY 3.50000 LTE 
TITLE  [-1.0] VTURB=2  L/H=1.25 NOVER NEW ODF                                   
FLUX    1     9.09        3.298047E+16   1.0000E-50   0.0000E+00   1.00000
FLUX    2     9.35        3.206337E+16   1.0000E-50   0.0000E+00   1.00000
FLUX    3     9.61        3.119589E+16   1.0000E-50   0.0000E+00   1.00000
FLUX    4     9.77        3.068501E+16   1.0000E-50   0.0000E+00   1.00000
FLUX    5     9.96        3.009965E+16   1.0000E-50   0.0000E+00   1.00000
FLUX    6    10.20        2.939142E+16   1.0000E-50   0.0000E+00   1.00000
FLUX    7    10.38        2.888174E+16   1.0000E-50   0.0000E+00   1.00000
FLUX    8    10.56        2.838944E+16   1.0000E-50   0.0000E+00   1.00000
FLUX    9    10.77        2.783589E+16   1.0000E-50   0.0000E+00   1.00000
FLUX   10    11.04        2.715512E+16   1.0000E-50   0.0000E+00   1.00000
FLUX   11    11.40        2.629759E+16   1.0000E-50   0.0000E+00   1.00000
FLUX   12    11.78        2.544928E+16   1.0000E-50   0.0000E+00   1.00000
FLUX   13    12.13        2.471496E+16   1.0000E-50   0.0000E+00   1.00000
FLUX   14    12.48        2.402183E+16   1.0000E-50   0.0000E+00   1.00000
FLUX   15    12.71        2.358714E+16   1.0000E-50   0.0000E+00   1.00000
FLUX   16    12.84        2.334833E+16   1.0000E-50   0.0000E+00   1.00000
FLUX   17    13.05        2.297261E+16   1.0000E-50   0.0000E+00   1.00000
FLUX   18    13.24        2.264294E+16   1.0000E-50   0.0000E+00   1.00000
FLUX   19    13.39        2.238928E+16   1.0000E-50   0.0000E+00   1.00000
FLUX   20    13.66        2.194674E+16   1.0000E-50   0.0000E+00   1.00000
FLUX   21    13.98        2.144438E+16   1.0000E-50   0.0000E+00   1.00000
FLUX   22    14.33        2.092062E+16   1.0000E-50   0.0000E+00   1.00000
FLUX   23    14.72        2.036634E+16   1.0000E-50   0.0000E+00   1.00000
FLUX   24    15.10        1.985381E+16   1.0000E-50   0.0000E+00   1.00000
FLUX   25    15.52        1.931653E+16   1.0000E-50   0.0000E+00   1.00000
FLUX   26    15.88        1.887862E+16   1.0000E-50   0.0000E+00   1.00000
FLUX   27    16.20        1.850571E+16   1.0000E-50   0.0000E+00   1.00000
FLUX   28    16.60        1.805979E+16   1.0000E-50   0.0000E+00   1.00000
FLUX   29    17.03        1.760379E+16   1.0000E-50   0.0000E+00   1.00000
FLUX   30    17.34        1.728907E+16   1.0000E-50   0.0000E+00   1.00000
FLUX   31    17.68        1.695659E+16   1.0000E-50   0.0000E+00   1.00000
FLUX   32    18.02        1.663665E+16   1.0000E-50   0.0000E+00   1.00000
FLUX   33    18.17        1.649931E+16   1.0000E-50   0.0000E+00   1.00000
FLUX   34    18.61        1.610922E+16   1.0000E-50   0.0000E+00   1.00000
FLUX   35    19.10        1.569594E+16   1.0000E-50   0.0000E+00   1.00000
FLUX   36    19.39        1.546119E+16   1.0000E-50   0.0000E+00   1.00000
FLUX   37    19.84        1.511051E+16   1.0000E-50   0.0000E+00   1.00000
FLUX   38    20.18        1.485592E+16   1.0000E-50   0.0000E+00   1.00000
FLUX   39    20.50        1.462402E+16   1.0000E-50   0.0000E+00   1.00000
FLUX   40    21.05        1.424192E+16   1.0000E-50   0.0000E+00   1.00000
FLUX   41    21.62        1.386644E+16   1.0000E-50   0.0000E+00   1.00000
FLUX   42    21.98        1.363933E+16   1.0000E-50   0.0000E+00   1.00000
FLUX   43    22.30        1.344361E+16   1.0000E-50   0.0000E+00   1.00000
FLUX   44    22.68        1.321836E+16   1.0000E-50   0.0000E+00   1.00000
FLUX   45    23.00        1.303446E+16   1.0000E-50   0.0000E+00   1.00000
FLUX   46    23.40        1.281165E+16   1.0000E-50   0.0000E+00   1.00000
FLUX   47    24.00        1.249135E+16   1.0000E-50   0.0000E+00   1.00000
FLUX   48    24.65        1.216197E+16   1.0000E-50   0.0000E+00   1.00000
FLUX   49    25.24        1.187767E+16   1.0000E-50   0.0000E+00   1.00000
FLUX   50    25.68        1.167416E+16   1.0000E-50   0.0000E+00   1.00000
FLUX   51    26.00        1.153048E+16   1.0000E-50   0.0000E+00   1.00000
FLUX   52    26.40        1.135578E+16   1.0000E-50   0.0000E+00   1.00000
FLUX   53    26.85        1.116546E+16   1.0000E-50   0.0000E+00   1.00000
FLUX   54    27.35        1.096133E+16   1.0000E-50   0.0000E+00   1.00000
FLUX   55    27.85        1.076454E+16   1.0000E-50   0.0000E+00   1.00000
FLUX   56    28.40        1.055607E+16   1.0000E-50   0.0000E+00   1.00000
FLUX   57    29.00        1.033767E+16   1.0000E-50   0.0000E+00   1.00000
FLUX   58    29.60        1.012813E+16   1.0000E-50   0.0000E+00   1.00000
FLUX   59    30.10        9.959884E+15   1.0000E-50   0.0000E+00   1.00000
FLUX   60    30.80        9.733523E+15   1.0000E-50   0.0000E+00   1.00000
FLUX   61    31.80        9.427437E+15   2.5061E-37   2.5061E-37   1.00000
FLUX   62    32.80        9.140015E+15   3.2025E-36   3.2025E-36   1.00000
FLUX   63    33.80        8.869601E+15   3.3768E-35   3.3768E-35   1.00000
FLUX   64    34.80        8.614727E+15   3.1006E-34   3.1006E-34   1.00000
FLUX   65    35.70        8.397549E+15   2.0466E-33   2.0466E-33   1.00000
FLUX   66    36.60        8.191052E+15   1.2301E-32   1.2301E-32   1.00000
FLUX   67    37.50        7.994467E+15   6.7720E-32   6.7720E-32   1.00000
FLUX   68    38.50        7.786818E+15   4.0980E-31   4.0980E-31   1.00000
FLUX   69    39.50        7.589684E+15   2.2597E-30   2.2597E-30   1.00000
FLUX   70    40.50        7.402284E+15   1.1435E-29   1.1435E-29   1.00000
FLUX   71    41.40        7.241365E+15   4.5950E-29   4.5950E-29   1.00000
FLUX   72    42.20        7.104088E+15   1.5037E-28   1.5037E-28   1.00000
FLUX   73    43.00        6.971919E+15   4.7035E-28   4.7035E-28   1.00000
FLUX   74    44.10        6.798016E+15   2.1057E-27   2.1057E-27   1.00000
FLUX   75    45.10        6.647284E+15   7.7090E-27   7.7090E-27   1.00000
FLUX   76    46.00        6.517228E+15   2.3592E-26   2.3592E-26   1.00000
FLUX   77    47.00        6.378564E+15   7.7645E-26   7.7645E-26   1.00000
FLUX   78    48.00        6.245677E+15   2.4287E-25   2.4287E-25   1.00000
FLUX   79    49.00        6.118214E+15   7.2420E-25   7.2420E-25   1.00000
FLUX   80    50.00        5.995850E+15   2.0646E-24   2.0646E-24   1.00000
FLUX   81    50.60        5.924753E+15   3.7349E-24   3.7977E-24   0.98346
FLUX   82    51.20        5.855322E+15   6.8735E-24   6.8737E-24   0.99998
FLUX   83    52.00        5.765240E+15   1.4833E-23   1.4833E-23   0.99998
FLUX   84    53.00        5.656462E+15   3.7514E-23   3.7514E-23   1.00000
FLUX   85    54.00        5.551713E+15   9.1580E-23   9.1580E-23   0.99999
FLUX   86    55.00        5.450773E+15   2.1622E-22   2.1622E-22   1.00000
FLUX   87    56.00        5.353438E+15   4.9459E-22   4.9459E-22   1.00000
FLUX   88    57.00        5.259518E+15   1.0980E-21   1.0980E-21   1.00000
FLUX   89    58.00        5.168836E+15   2.3693E-21   2.3693E-21   1.00000
FLUX   90    59.00        5.081229E+15   4.9766E-21   4.9766E-21   1.00000
FLUX   91    60.00        4.996542E+15   1.0190E-20   1.0190E-20   1.00000
FLUX   92    61.00        4.914631E+15   2.0362E-20   2.0362E-20   1.00000
FLUX   93    62.00        4.835363E+15   3.9759E-20   3.9759E-20   1.00000
FLUX   94    63.00        4.758611E+15   7.5943E-20   7.5943E-20   1.00000
FLUX   95    64.00        4.684258E+15   1.4205E-19   1.4205E-19   1.00000
FLUX   96    65.00        4.612192E+15   2.6045E-19   2.6045E-19   1.00000
FLUX   97    65.80        4.556117E+15   4.1721E-19   4.1721E-19   1.00000
FLUX   98    66.50        4.508158E+15   6.2405E-19   6.2405E-19   1.00000
FLUX   99    67.50        4.441370E+15   1.0927E-18   1.0927E-18   1.00000
FLUX  100    68.50        4.376533E+15   1.8809E-18   1.8809E-18   1.00000
FLUX  101    69.50        4.313561E+15   3.1856E-18   3.1856E-18   1.00000
FLUX  102    70.50        4.252376E+15   5.3121E-18   5.3121E-18   1.00000
FLUX  103    71.60        4.187046E+15   9.1638E-18   9.1638E-18   1.00000
FLUX  104    72.60        4.129373E+15   1.4821E-17   1.4821E-17   1.00000
FLUX  105    73.50        4.078810E+15   2.2579E-17   2.2579E-17   1.00000
FLUX  106    74.50        4.024060E+15   3.5601E-17   3.5601E-17   1.00000
FLUX  107    75.50        3.970762E+15   5.5431E-17   5.5431E-17   1.00000
FLUX  108    76.50        3.918856E+15   8.5267E-17   8.5267E-17   1.00000
FLUX  109    77.50        3.868290E+15   1.2965E-16   1.2965E-16   1.00000
FLUX  110    78.50        3.819013E+15   1.9494E-16   1.9494E-16   1.00000
FLUX  111    79.50        3.770975E+15   2.8998E-16   2.8998E-16   1.00000
FLUX  112    80.50        3.724130E+15   4.2693E-16   4.2693E-16   1.00000
FLUX  113    81.50        3.678436E+15   6.2232E-16   6.2232E-16   1.00000
FLUX  114    82.50        3.633848E+15   8.9849E-16   8.9849E-16   1.00000
FLUX  115    83.50        3.590329E+15   1.2853E-15   1.2853E-15   1.00000
FLUX  116    84.50        3.547840E+15   1.8223E-15   1.8223E-15   1.00000
FLUX  117    85.50        3.506345E+15   2.5617E-15   2.5617E-15   1.00000
FLUX  118    86.50        3.465809E+15   3.5713E-15   3.5713E-15   1.00000
FLUX  119    87.50        3.426200E+15   4.9392E-15   4.9392E-15   1.00000
FLUX  120    88.50        3.387486E+15   6.7786E-15   6.7786E-15   1.00000
FLUX  121    89.50        3.349637E+15   9.2339E-15   9.2339E-15   1.00000
FLUX  122    90.50        3.312624E+15   1.2488E-14   1.2488E-14   1.00000
FLUX  123    91.50        3.276421E+15   1.4068E-13   1.9296E-12   0.07291
FLUX  124    92.50        3.241000E+15   1.0008E-12   2.4736E-12   0.40459
FLUX  125    93.50        3.206337E+15   1.6853E-12   3.1156E-12   0.54094
FLUX  126    94.50        3.172407E+15   2.7258E-12   3.8854E-12   0.70156
FLUX  127    95.50        3.139188E+15   3.9267E-12   4.8440E-12   0.81063
FLUX  128    96.50        3.106658E+15   5.2046E-12   5.8681E-12   0.88693
FLUX  129    97.50        3.074795E+15   4.8029E-12   6.9295E-12   0.69310
FLUX  130    98.50        3.043579E+15   8.0258E-12   8.8833E-12   0.90347
FLUX  131    99.50        3.012990E+15   9.3685E-12   1.0724E-11   0.87360
FLUX  132   100.50        2.983010E+15   1.2050E-11   1.2823E-11   0.93972
FLUX  133   101.50        2.953621E+15   1.3635E-11   1.4881E-11   0.91625
FLUX  134   102.50        2.924805E+15   1.1396E-11   1.8708E-11   0.60913
FLUX  135   103.50        2.896546E+15   1.9651E-11   2.2142E-11   0.88749
FLUX  136   104.50        2.868828E+15   2.5493E-11   2.6610E-11   0.95803
FLUX  137   105.50        2.841635E+15   3.0727E-11   3.1779E-11   0.96690
FLUX  138   106.50        2.814953E+15   3.5788E-11   3.7885E-11   0.94463
FLUX  139   107.50        2.788767E+15   4.3560E-11   4.5115E-11   0.96555
FLUX  140   108.50        2.763065E+15   5.1719E-11   5.3576E-11   0.96534
FLUX  141   109.50        2.737831E+15   5.9416E-11   6.3342E-11   0.93802
FLUX  142   110.50        2.713054E+15   1.1262E-10   9.6946E-10   0.11617
FLUX  143   111.50        2.688722E+15   2.7531E-10   1.7792E-09   0.15474
FLUX  144   112.50        2.664822E+15   3.9766E-10   2.5159E-09   0.15806
FLUX  145   113.50        2.641344E+15   5.2101E-10   3.4287E-09   0.15195
FLUX  146   114.50        2.618275E+15   5.1723E-10   3.1199E-09   0.16578
FLUX  147   115.50        2.595606E+15   4.7368E-10   2.2102E-09   0.21432
FLUX  148   116.50        2.573326E+15   5.1294E-10   1.2093E-09   0.42416
FLUX  149   117.50        2.551426E+15   5.0822E-10   6.6518E-10   0.76404
FLUX  150   118.50        2.529895E+15   6.1147E-10   2.4888E-08   0.02457
FLUX  151   119.50        2.508724E+15   2.7472E-10   2.5791E-08   0.01065
FLUX  152   120.50        2.487905E+15   1.7889E-10   2.6215E-08   0.00682
FLUX  153   121.50        2.467428E+15   4.0959E-11   2.6277E-08   0.00156
FLUX  154   122.50        2.447286E+15   2.0053E-10   3.3092E-08   0.00606
FLUX  155   123.50        2.427470E+15   5.0222E-10   3.2605E-08   0.01540
FLUX  156   124.50        2.407972E+15   8.0099E-10   3.3123E-09   0.24182
FLUX  157   125.50        2.388785E+15   1.3115E-09   3.3378E-08   0.03929
FLUX  158   126.50        2.369901E+15   1.8356E-09   1.0781E-07   0.01703
FLUX  159   127.50        2.351314E+15   4.4502E-09   1.9617E-07   0.02269
FLUX  160   128.50        2.333016E+15   2.0922E-08   3.1932E-07   0.06552
FLUX  161   129.50        2.315000E+15   4.2552E-08   4.3049E-07   0.09885
FLUX  162   130.50        2.297261E+15   5.3807E-08   5.5577E-07   0.09682
FLUX  163   131.50        2.279791E+15   1.1827E-07   6.6564E-07   0.17767
FLUX  164   132.50        2.262585E+15   1.7614E-07   7.7372E-07   0.22766
FLUX  165   133.50        2.245637E+15   2.1813E-07   8.6954E-07   0.25085
FLUX  166   134.50        2.228941E+15   3.1553E-07   9.5803E-07   0.32935
FLUX  167   135.50        2.212491E+15   3.2589E-07   1.0377E-06   0.31406
FLUX  168   136.50        2.196282E+15   3.5416E-07   1.1144E-06   0.31782
FLUX  169   137.50        2.180309E+15   3.5865E-07   1.1823E-06   0.30334
FLUX  170   138.50        2.164567E+15   3.0632E-07   1.2446E-06   0.24612
FLUX  171   139.50        2.149050E+15   3.1787E-07   1.2992E-06   0.24466
FLUX  172   140.50        2.133754E+15   4.8189E-07   1.3501E-06   0.35692
FLUX  173   141.50        2.118675E+15   6.5187E-07   1.3942E-06   0.46757
FLUX  174   142.50        2.103807E+15   7.5166E-07   1.4436E-06   0.52069
FLUX  175   143.50        2.089146E+15   7.0751E-07   1.4799E-06   0.47810
FLUX  176   144.20        2.079005E+15   8.5216E-07   1.5048E-06   0.56630
FLUX  177   144.70        2.071821E+15   8.8056E-07   1.6881E-06   0.52163
FLUX  178   145.50        2.060430E+15   9.9403E-07   1.7146E-06   0.57974
FLUX  179   146.50        2.046365E+15   9.1029E-07   1.7467E-06   0.52114
FLUX  180   147.50        2.032492E+15   9.4895E-07   1.7755E-06   0.53447
FLUX  181   148.50        2.018805E+15   1.0114E-06   1.8012E-06   0.56150
FLUX  182   149.50        2.005301E+15   1.1154E-06   1.8254E-06   0.61106
FLUX  183   150.50        1.991977E+15   1.1907E-06   1.8459E-06   0.64505
FLUX  184   151.20        1.982755E+15   1.1238E-06   1.8598E-06   0.60425
FLUX  185   151.70        1.976220E+15   1.1636E-06   2.1422E-06   0.54320
FLUX  186   152.50        1.965852E+15   1.1852E-06   2.7474E-06   0.43139
FLUX  187   153.50        1.953046E+15   1.3300E-06   3.0360E-06   0.43808
FLUX  188   154.50        1.940405E+15   1.4894E-06   3.0729E-06   0.48468
FLUX  189   155.50        1.927926E+15   1.3587E-06   3.1068E-06   0.43732
FLUX  190   156.50        1.915607E+15   1.1241E-06   3.1402E-06   0.35796
FLUX  191   157.50        1.903444E+15   1.4302E-06   3.1825E-06   0.44939
FLUX  192   158.50        1.891435E+15   1.5199E-06   3.2130E-06   0.47306
FLUX  193   159.50        1.879577E+15   1.6356E-06   3.2428E-06   0.50438
FLUX  194   160.50        1.867866E+15   1.5686E-06   3.2711E-06   0.47955
FLUX  195   161.50        1.856300E+15   1.7305E-06   3.2984E-06   0.52465
FLUX  196   162.50        1.844877E+15   1.7683E-06   3.3298E-06   0.53106
FLUX  197   163.50        1.833593E+15   2.0663E-06   3.3557E-06   0.61575
FLUX  198   164.50        1.822447E+15   2.4892E-06   3.3814E-06   0.73616
FLUX  199   165.50        1.811435E+15   1.9270E-06   3.4069E-06   0.56562
FLUX  200   166.50        1.800556E+15   2.6869E-06   3.4313E-06   0.78304
FLUX  201   167.20        1.793017E+15   1.9567E-06   3.4482E-06   0.56744
FLUX  202   167.70        1.787671E+15   2.5838E-06   3.5507E-06   0.72770
FLUX  203   168.50        1.779184E+15   2.9244E-06   3.6163E-06   0.80868
FLUX  204   169.50        1.768687E+15   2.6891E-06   3.6399E-06   0.73878
FLUX  205   170.50        1.758314E+15   2.6840E-06   3.6632E-06   0.73270
FLUX  206   171.50        1.748061E+15   2.8943E-06   3.6905E-06   0.78427
FLUX  207   172.50        1.737928E+15   2.8860E-06   3.7134E-06   0.77717
FLUX  208   173.50        1.727911E+15   3.1140E-06   3.7359E-06   0.83355
FLUX  209   174.50        1.718009E+15   3.0250E-06   3.7586E-06   0.80483
FLUX  210   175.50        1.708219E+15   3.3223E-06   3.7810E-06   0.87868
FLUX  211   176.50        1.698541E+15   2.8670E-06   3.8031E-06   0.75386
FLUX  212   177.50        1.688972E+15   3.2515E-06   3.8253E-06   0.84999
FLUX  213   178.50        1.679510E+15   3.2651E-06   3.8476E-06   0.84861
FLUX  214   179.50        1.670153E+15   3.5876E-06   3.8696E-06   0.92713
FLUX  215   180.50        1.660900E+15   3.4119E-06   3.8916E-06   0.87672
FLUX  216   181.50        1.651749E+15   3.4442E-06   3.9137E-06   0.88005
FLUX  217   182.50        1.642699E+15   3.2909E-06   3.9358E-06   0.83614
FLUX  218   183.50        1.633747E+15   3.3335E-06   3.9585E-06   0.84210
FLUX  219   184.50        1.624892E+15   3.0947E-06   3.9813E-06   0.77732
FLUX  220   185.50        1.616132E+15   3.2726E-06   4.0041E-06   0.81731
FLUX  221   186.50        1.607466E+15   3.3659E-06   4.0270E-06   0.83585
FLUX  222   187.50        1.598893E+15   3.4748E-06   4.0508E-06   0.85780
FLUX  223   188.50        1.590411E+15   3.5172E-06   4.0739E-06   0.86335
FLUX  224   189.50        1.582018E+15   3.5623E-06   4.0972E-06   0.86945
FLUX  225   190.50        1.573714E+15   3.4014E-06   4.1204E-06   0.82550
FLUX  226   191.50        1.565496E+15   3.6193E-06   4.1437E-06   0.87343
FLUX  227   192.50        1.557364E+15   3.7100E-06   4.1672E-06   0.89029
FLUX  228   193.50        1.549315E+15   3.5310E-06   4.1908E-06   0.84256
FLUX  229   194.50        1.541350E+15   3.8742E-06   4.2144E-06   0.91926
FLUX  230   195.50        1.533465E+15   3.8724E-06   4.2382E-06   0.91369
FLUX  231   196.70        1.524110E+15   4.0051E-06   4.2670E-06   0.93862
FLUX  232   197.60        1.517169E+15   3.9148E-06   4.2910E-06   0.91233
FLUX  233   198.40        1.511051E+15   3.8837E-06   4.3106E-06   0.90097
FLUX  234   199.50        1.502719E+15   3.8394E-06   4.3386E-06   0.88494
FLUX  235   200.50        1.495224E+15   3.7645E-06   4.3633E-06   0.86278
FLUX  236   201.50        1.487804E+15   3.7522E-06   4.3881E-06   0.85507
FLUX  237   202.50        1.480457E+15   3.6430E-06   4.4132E-06   0.82549
FLUX  238   203.50        1.473182E+15   3.8963E-06   4.4382E-06   0.87791
FLUX  239   204.50        1.465978E+15   4.0729E-06   4.4635E-06   0.91249
FLUX  240   205.50        1.458844E+15   3.9505E-06   4.4891E-06   0.88002
FLUX  241   206.50        1.451780E+15   3.9267E-06   4.5149E-06   0.86972
FLUX  242   207.40        1.445480E+15   4.1878E-06   4.5383E-06   0.92277
FLUX  243   207.80        1.442697E+15   4.2753E-06   4.5672E-06   0.93608
FLUX  244   208.50        1.437854E+15   4.2417E-06   4.5858E-06   0.92496
FLUX  245   209.50        1.430990E+15   4.1407E-06   4.6125E-06   0.89770
FLUX  246   210.50        1.424192E+15   4.0862E-06   4.6394E-06   0.88076
FLUX  247   211.50        1.417459E+15   4.1474E-06   4.6665E-06   0.88875
FLUX  248   212.50        1.410788E+15   4.2384E-06   4.6938E-06   0.90298
FLUX  249   213.50        1.404180E+15   3.7113E-06   4.7213E-06   0.78608
FLUX  250   214.50        1.397634E+15   4.1597E-06   4.7489E-06   0.87593
FLUX  251   215.50        1.391148E+15   4.1915E-06   4.7768E-06   0.87747
FLUX  252   216.50        1.384723E+15   4.0385E-06   4.8050E-06   0.84048
FLUX  253   217.50        1.378356E+15   4.0362E-06   4.8334E-06   0.83506
FLUX  254   218.50        1.372048E+15   4.1480E-06   4.8619E-06   0.85316
FLUX  255   219.50        1.365797E+15   4.4185E-06   4.8907E-06   0.90345
FLUX  256   220.50        1.359603E+15   4.2945E-06   4.9197E-06   0.87292
FLUX  257   221.50        1.353465E+15   4.0033E-06   4.9489E-06   0.80892
FLUX  258   222.50        1.347382E+15   4.0677E-06   4.9784E-06   0.81706
FLUX  259   223.50        1.341353E+15   4.5179E-06   5.0080E-06   0.90215
FLUX  260   224.50        1.335379E+15   4.1590E-06   5.0377E-06   0.82556
FLUX  261   225.50        1.329457E+15   4.0937E-06   5.0684E-06   0.80770
FLUX  262   226.50        1.323587E+15   4.0873E-06   5.0985E-06   0.80166
FLUX  263   227.50        1.317769E+15   4.4017E-06   5.1289E-06   0.85822
FLUX  264   228.50        1.312002E+15   4.5543E-06   5.1595E-06   0.88270
FLUX  265   229.50        1.306285E+15   4.3044E-06   5.1902E-06   0.82934
FLUX  266   230.50        1.300618E+15   4.3785E-06   5.2211E-06   0.83861
FLUX  267   231.50        1.295000E+15   4.3684E-06   5.2523E-06   0.83172
FLUX  268   232.50        1.289430E+15   4.3982E-06   5.2836E-06   0.83243
FLUX  269   233.50        1.283908E+15   4.2973E-06   5.3153E-06   0.80847
FLUX  270   234.50        1.278433E+15   3.9361E-06   5.3470E-06   0.73614
FLUX  271   235.50        1.273004E+15   4.5234E-06   5.3789E-06   0.84096
FLUX  272   236.50        1.267622E+15   4.0950E-06   5.4110E-06   0.75680
FLUX  273   237.50        1.262284E+15   4.4124E-06   5.4433E-06   0.81061
FLUX  274   238.50        1.256992E+15   3.8825E-06   5.4757E-06   0.70904
FLUX  275   239.50        1.251743E+15   4.2673E-06   5.5084E-06   0.77468
FLUX  276   240.50        1.246538E+15   4.1568E-06   5.5413E-06   0.75016
FLUX  277   241.50        1.241377E+15   4.2711E-06   5.5743E-06   0.76622
FLUX  278   242.50        1.236258E+15   4.5895E-06   5.6075E-06   0.81845
FLUX  279   243.50        1.231181E+15   4.4550E-06   5.6409E-06   0.78976
FLUX  280   244.50        1.226145E+15   4.7290E-06   5.6746E-06   0.83336
FLUX  281   245.50        1.221151E+15   4.6294E-06   5.7084E-06   0.81098
FLUX  282   246.50        1.216197E+15   4.6398E-06   5.7422E-06   0.80800
FLUX  283   247.50        1.211283E+15   4.4921E-06   5.7763E-06   0.77769
FLUX  284   248.50        1.206408E+15   4.7088E-06   5.8104E-06   0.81040
FLUX  285   249.50        1.201573E+15   4.6161E-06   5.8448E-06   0.78978
FLUX  286   250.50        1.196776E+15   5.0892E-06   5.8795E-06   0.86559
FLUX  287   251.30        1.192967E+15   4.6965E-06   5.9072E-06   0.79504
FLUX  288   251.80        1.190598E+15   4.7532E-06   5.9322E-06   0.80125
FLUX  289   252.50        1.187297E+15   4.4973E-06   5.9566E-06   0.75500
FLUX  290   253.50        1.182613E+15   4.4454E-06   5.9922E-06   0.74186
FLUX  291   254.50        1.177967E+15   4.4959E-06   6.0280E-06   0.74584
FLUX  292   255.50        1.173356E+15   4.8377E-06   6.0638E-06   0.79779
FLUX  293   256.50        1.168782E+15   4.8828E-06   6.0999E-06   0.80048
FLUX  294   257.50        1.164243E+15   5.2148E-06   6.1360E-06   0.84986
FLUX  295   258.50        1.159739E+15   5.2786E-06   6.1723E-06   0.85520
FLUX  296   259.50        1.155270E+15   5.2673E-06   6.2087E-06   0.84837
FLUX  297   260.50        1.150835E+15   5.1040E-06   6.2453E-06   0.81726
FLUX  298   261.50        1.146434E+15   5.0802E-06   6.2819E-06   0.80870
FLUX  299   262.50        1.142067E+15   5.3968E-06   6.3187E-06   0.85411
FLUX  300   263.50        1.137732E+15   5.4696E-06   6.3556E-06   0.86060
FLUX  301   264.50        1.133431E+15   6.0259E-06   6.3927E-06   0.94262
FLUX  302   265.50        1.129162E+15   6.0248E-06   6.4298E-06   0.93702
FLUX  303   266.50        1.124925E+15   5.7022E-06   6.4671E-06   0.88172
FLUX  304   267.50        1.120720E+15   5.9169E-06   6.5045E-06   0.90967
FLUX  305   268.50        1.116546E+15   6.0136E-06   6.5420E-06   0.91924
FLUX  306   269.50        1.112403E+15   5.7784E-06   6.5795E-06   0.87824
FLUX  307   270.50        1.108290E+15   5.9033E-06   6.6173E-06   0.89210
FLUX  308   271.50        1.104208E+15   5.7026E-06   6.6551E-06   0.85688
FLUX  309   272.50        1.100156E+15   5.7771E-06   6.6930E-06   0.86316
FLUX  310   273.50        1.096133E+15   6.1669E-06   6.7310E-06   0.91620
FLUX  311   274.50        1.092140E+15   5.4462E-06   6.7691E-06   0.80456
FLUX  312   275.50        1.088176E+15   5.6067E-06   6.8073E-06   0.82364
FLUX  313   276.50        1.084241E+15   5.8635E-06   6.8456E-06   0.85654
FLUX  314   277.50        1.080333E+15   6.2207E-06   6.8839E-06   0.90365
FLUX  315   278.50        1.076454E+15   6.1636E-06   6.9223E-06   0.89039
FLUX  316   279.50        1.072603E+15   4.9463E-06   6.9609E-06   0.71059
FLUX  317   280.50        1.068779E+15   5.4864E-06   6.9995E-06   0.78383
FLUX  318   281.50        1.064982E+15   6.5811E-06   7.0381E-06   0.93506
FLUX  319   282.50        1.061212E+15   6.6161E-06   7.0769E-06   0.93489
FLUX  320   283.50        1.057469E+15   6.4794E-06   7.1157E-06   0.91057
FLUX  321   284.50        1.053752E+15   6.3568E-06   7.1546E-06   0.88848
FLUX  322   285.50        1.050061E+15   6.2048E-06   7.1936E-06   0.86254
FLUX  323   286.50        1.046396E+15   6.5495E-06   7.2326E-06   0.90556
FLUX  324   287.50        1.042757E+15   6.4789E-06   7.2716E-06   0.89098
FLUX  325   288.50        1.039142E+15   6.6719E-06   7.3108E-06   0.91261
FLUX  326   289.50        1.035553E+15   6.5648E-06   7.3500E-06   0.89317
FLUX  327   291.00        1.030215E+15   7.0999E-06   7.4089E-06   0.95829
FLUX  328   293.00        1.023183E+15   6.9789E-06   7.4876E-06   0.93205
FLUX  329   295.00        1.016246E+15   7.0449E-06   7.5666E-06   0.93106
FLUX  330   297.00        1.009402E+15   7.2050E-06   7.6456E-06   0.94237
FLUX  331   299.00        1.002651E+15   7.3286E-06   7.7248E-06   0.94872
FLUX  332   301.00        9.959884E+14   7.4974E-06   7.8041E-06   0.96071
FLUX  333   303.00        9.894142E+14   7.5734E-06   7.8834E-06   0.96068
FLUX  334   305.00        9.829262E+14   7.6368E-06   7.9628E-06   0.95906
FLUX  335   307.00        9.765228E+14   7.6803E-06   8.0422E-06   0.95500
FLUX  336   309.00        9.702023E+14   7.8524E-06   8.1217E-06   0.96684
FLUX  337   311.00        9.639630E+14   7.8439E-06   8.2013E-06   0.95642
FLUX  338   313.00        9.578035E+14   7.9131E-06   8.2808E-06   0.95559
FLUX  339   315.00        9.517222E+14   8.0980E-06   8.3605E-06   0.96861
FLUX  340   317.00        9.457177E+14   8.1685E-06   8.4404E-06   0.96779
FLUX  341   319.00        9.397884E+14   8.0334E-06   8.5203E-06   0.94287
FLUX  342   321.00        9.339330E+14   8.2510E-06   8.6000E-06   0.95941
FLUX  343   323.00        9.281502E+14   8.2138E-06   8.6797E-06   0.94632
FLUX  344   325.00        9.224385E+14   8.4113E-06   8.7593E-06   0.96027
FLUX  345   327.00        9.167966E+14   8.5632E-06   8.8387E-06   0.96883
FLUX  346   329.00        9.112234E+14   8.7243E-06   8.9179E-06   0.97828
FLUX  347   331.00        9.057175E+14   8.8461E-06   8.9970E-06   0.98323
FLUX  348   333.00        9.002778E+14   8.8142E-06   9.0760E-06   0.97116
FLUX  349   335.00        8.949030E+14   8.7986E-06   9.1547E-06   0.96110
FLUX  350   337.00        8.895920E+14   8.9227E-06   9.2332E-06   0.96637
FLUX  351   339.00        8.843437E+14   8.9766E-06   9.3116E-06   0.96402
FLUX  352   341.00        8.791569E+14   9.1937E-06   9.3898E-06   0.97912
FLUX  353   343.00        8.740306E+14   9.2871E-06   9.4676E-06   0.98093
FLUX  354   345.00        8.689638E+14   9.3451E-06   9.5453E-06   0.97903
FLUX  355   347.00        8.639553E+14   9.3761E-06   9.6226E-06   0.97438
FLUX  356   349.00        8.590043E+14   9.4694E-06   9.6996E-06   0.97627
FLUX  357   351.00        8.541097E+14   9.6391E-06   9.7763E-06   0.98597
FLUX  358   353.00        8.492705E+14   9.7511E-06   9.8527E-06   0.98969
FLUX  359   355.00        8.444859E+14   9.8626E-06   9.9289E-06   0.99333
FLUX  360   357.00        8.397549E+14   9.8263E-06   1.0005E-05   0.98218
FLUX  361   359.00        8.350766E+14   9.9062E-06   1.0080E-05   0.98274
FLUX  362   361.00        8.304501E+14   9.9978E-06   1.0155E-05   0.98448
FLUX  363   363.00        8.258747E+14   1.0104E-05   1.0230E-05   0.98765
FLUX  364   364.00        8.236058E+14   1.0119E-05   1.0268E-05   0.98552
FLUX  365   365.00        8.213493E+14   1.0281E-05   4.4061E-05   0.23333
FLUX  366   367.00        8.168733E+14   1.0340E-05   4.3908E-05   0.23549
FLUX  367   369.00        8.124458E+14   1.0039E-05   4.3757E-05   0.22942
FLUX  368   371.00        8.080660E+14   1.1054E-05   4.3605E-05   0.25350
FLUX  369   373.00        8.037332E+14   1.2076E-05   4.3455E-05   0.27791
FLUX  370   375.00        7.994467E+14   1.6094E-05   4.3305E-05   0.37166
FLUX  371   377.00        7.952056E+14   1.7411E-05   4.3156E-05   0.40344
FLUX  372   379.00        7.910092E+14   2.1832E-05   4.3007E-05   0.50764
FLUX  373   381.00        7.868570E+14   2.6136E-05   4.2859E-05   0.60981
FLUX  374   383.00        7.827480E+14   2.0682E-05   4.2712E-05   0.48423
FLUX  375   385.00        7.786818E+14   2.9782E-05   4.2566E-05   0.69966
FLUX  376   387.00        7.746576E+14   3.4272E-05   4.2421E-05   0.80791
FLUX  377   389.00        7.706748E+14   1.8653E-05   4.2276E-05   0.44122
FLUX  378   391.00        7.667327E+14   3.4891E-05   4.2133E-05   0.82812
FLUX  379   393.00        7.628308E+14   3.6700E-05   4.1990E-05   0.87402
FLUX  380   395.00        7.589684E+14   3.5585E-05   4.1848E-05   0.85034
FLUX  381   397.00        7.551448E+14   1.8599E-05   4.1706E-05   0.44595
FLUX  382   399.00        7.513596E+14   3.4556E-05   4.1566E-05   0.83134
FLUX  383   401.00        7.476122E+14   3.9548E-05   4.1427E-05   0.95464
FLUX  384   403.00        7.439020E+14   4.0036E-05   4.1288E-05   0.96966
FLUX  385   405.00        7.402284E+14   3.9797E-05   4.1150E-05   0.96712
FLUX  386   407.00        7.365909E+14   3.8027E-05   4.1013E-05   0.92718
FLUX  387   409.00        7.329890E+14   2.9070E-05   4.0876E-05   0.71116
FLUX  388   411.00        7.294221E+14   2.2081E-05   4.0741E-05   0.54198
FLUX  389   413.00        7.258898E+14   3.7006E-05   4.0608E-05   0.91130
FLUX  390   415.00        7.223916E+14   3.9256E-05   4.0475E-05   0.96988
FLUX  391   417.00        7.189269E+14   3.9494E-05   4.0343E-05   0.97897
FLUX  392   419.00        7.154952E+14   3.9460E-05   4.0211E-05   0.98131
FLUX  393   421.00        7.120962E+14   3.9354E-05   4.0081E-05   0.98185
FLUX  394   423.00        7.087293E+14   3.8968E-05   3.9951E-05   0.97540
FLUX  395   425.00        7.053941E+14   3.8966E-05   3.9823E-05   0.97848
FLUX  396   427.00        7.020902E+14   3.8590E-05   3.9694E-05   0.97218
FLUX  397   429.00        6.988170E+14   3.8332E-05   3.9566E-05   0.96880
FLUX  398   431.00        6.955742E+14   3.6131E-05   3.9439E-05   0.91611
FLUX  399   433.00        6.923614E+14   2.6848E-05   3.9312E-05   0.68295
FLUX  400   435.00        6.891782E+14   2.2908E-05   3.9187E-05   0.58460
FLUX  401   437.00        6.860240E+14   3.5990E-05   3.9061E-05   0.92137
FLUX  402   439.00        6.828986E+14   3.7503E-05   3.8937E-05   0.96316
FLUX  403   441.00        6.798016E+14   3.7774E-05   3.8813E-05   0.97322
FLUX  404   443.00        6.767325E+14   3.8054E-05   3.8691E-05   0.98353
FLUX  405   445.00        6.736910E+14   3.8096E-05   3.8569E-05   0.98775
FLUX  406   447.00        6.706767E+14   3.8038E-05   3.8447E-05   0.98937
FLUX  407   449.00        6.676893E+14   3.7700E-05   3.8327E-05   0.98365
FLUX  408   451.00        6.647284E+14   3.7820E-05   3.8207E-05   0.98988
FLUX  409   453.00        6.617936E+14   3.7590E-05   3.8087E-05   0.98693
FLUX  410   455.00        6.588846E+14   3.7204E-05   3.7969E-05   0.97986
FLUX  411   457.00        6.560011E+14   3.7532E-05   3.7851E-05   0.99159
FLUX  412   459.00        6.531427E+14   3.7274E-05   3.7733E-05   0.98782
FLUX  413   461.00        6.503091E+14   3.7533E-05   3.7617E-05   0.99777
FLUX  414   463.00        6.475000E+14   3.7138E-05   3.7501E-05   0.99034
FLUX  415   465.00        6.447151E+14   3.7290E-05   3.7385E-05   0.99747
FLUX  416   467.00        6.419540E+14   3.7173E-05   3.7270E-05   0.99739
FLUX  417   469.00        6.392164E+14   3.6840E-05   3.7156E-05   0.99150
FLUX  418   471.00        6.365021E+14   3.6178E-05   3.7042E-05   0.97668
FLUX  419   473.00        6.338108E+14   3.6772E-05   3.6929E-05   0.99574
FLUX  420   475.00        6.311421E+14   3.6652E-05   3.6816E-05   0.99553
FLUX  421   477.00        6.284958E+14   3.6449E-05   3.6704E-05   0.99305
FLUX  422   479.00        6.258716E+14   3.6195E-05   3.6593E-05   0.98912
FLUX  423   481.00        6.232692E+14   3.5676E-05   3.6482E-05   0.97790
FLUX  424   483.00        6.206884E+14   3.4105E-05   3.6372E-05   0.93768
FLUX  425   485.00        6.181289E+14   2.6482E-05   3.6262E-05   0.73030
FLUX  426   487.00        6.155903E+14   2.1476E-05   3.6154E-05   0.59402
FLUX  427   489.00        6.130726E+14   3.2876E-05   3.6045E-05   0.91207
FLUX  428   491.00        6.105754E+14   3.4962E-05   3.5938E-05   0.97285
FLUX  429   493.00        6.080984E+14   3.5057E-05   3.5830E-05   0.97842
FLUX  430   495.00        6.056414E+14   3.5391E-05   3.5724E-05   0.99068
FLUX  431   497.00        6.032042E+14   3.5470E-05   3.5617E-05   0.99585
FLUX  432   499.00        6.007866E+14   3.5324E-05   3.5512E-05   0.99470
FLUX  433   501.00        5.983882E+14   3.4976E-05   3.5406E-05   0.98784
FLUX  434   503.00        5.960089E+14   3.5176E-05   3.5302E-05   0.99645
FLUX  435   505.00        5.936485E+14   3.5001E-05   3.5197E-05   0.99442
FLUX  436   507.00        5.913067E+14   3.5029E-05   3.5094E-05   0.99814
FLUX  437   509.00        5.889833E+14   3.4919E-05   3.4991E-05   0.99795
FLUX  438   511.00        5.866781E+14   3.4833E-05   3.4888E-05   0.99842
FLUX  439   513.00        5.843908E+14   3.4684E-05   3.4786E-05   0.99707
FLUX  440   515.00        5.821214E+14   3.4547E-05   3.4684E-05   0.99603
FLUX  441   517.00        5.798694E+14   3.4005E-05   3.4583E-05   0.98328
FLUX  442   519.00        5.776349E+14   3.4001E-05   3.4482E-05   0.98605
FLUX  443   521.00        5.754175E+14   3.4217E-05   3.4382E-05   0.99518
FLUX  444   523.00        5.732170E+14   3.3931E-05   3.4283E-05   0.98974
FLUX  445   525.00        5.710333E+14   3.4122E-05   3.4184E-05   0.99820
FLUX  446   527.00        5.688662E+14   3.3692E-05   3.4085E-05   0.98847
FLUX  447   529.00        5.667155E+14   3.3900E-05   3.3987E-05   0.99745
FLUX  448   531.00        5.645810E+14   3.3674E-05   3.3889E-05   0.99364
FLUX  449   533.00        5.624625E+14   3.3550E-05   3.3792E-05   0.99284
FLUX  450   535.00        5.603598E+14   3.3638E-05   3.3695E-05   0.99831
FLUX  451   537.00        5.582728E+14   3.3459E-05   3.3599E-05   0.99583
FLUX  452   539.00        5.562013E+14   3.3399E-05   3.3503E-05   0.99690
FLUX  453   541.00        5.541451E+14   3.3227E-05   3.3407E-05   0.99461
FLUX  454   543.00        5.521041E+14   3.3191E-05   3.3312E-05   0.99638
FLUX  455   545.00        5.500780E+14   3.3133E-05   3.3217E-05   0.99745
FLUX  456   547.00        5.480667E+14   3.3053E-05   3.3123E-05   0.99789
FLUX  457   549.00        5.460701E+14   3.2987E-05   3.3029E-05   0.99873
FLUX  458   551.00        5.440880E+14   3.2897E-05   3.2936E-05   0.99881
FLUX  459   553.00        5.421203E+14   3.2746E-05   3.2843E-05   0.99706
FLUX  460   555.00        5.401667E+14   3.2725E-05   3.2750E-05   0.99921
FLUX  461   557.00        5.382271E+14   3.2605E-05   3.2658E-05   0.99835
FLUX  462   559.00        5.363014E+14   3.2501E-05   3.2567E-05   0.99798
FLUX  463   561.00        5.343895E+14   3.2433E-05   3.2475E-05   0.99870
FLUX  464   563.00        5.324911E+14   3.2367E-05   3.2385E-05   0.99944
FLUX  465   565.00        5.306062E+14   3.2263E-05   3.2294E-05   0.99903
FLUX  466   567.00        5.287346E+14   3.2163E-05   3.2204E-05   0.99874
FLUX  467   569.00        5.268761E+14   3.2090E-05   3.2114E-05   0.99924
FLUX  468   571.00        5.250306E+14   3.2001E-05   3.2025E-05   0.99925
FLUX  469   573.00        5.231981E+14   3.1932E-05   3.1936E-05   0.99990
FLUX  470   575.00        5.213783E+14   3.1832E-05   3.1847E-05   0.99952
FLUX  471   577.00        5.195711E+14   3.1748E-05   3.1758E-05   0.99967
FLUX  472   579.00        5.177763E+14   3.1659E-05   3.1670E-05   0.99962
FLUX  473   581.00        5.159940E+14   3.1574E-05   3.1583E-05   0.99971
FLUX  474   583.00        5.142238E+14   3.1488E-05   3.1496E-05   0.99977
FLUX  475   585.00        5.124658E+14   3.1397E-05   3.1409E-05   0.99963
FLUX  476   587.00        5.107198E+14   3.1303E-05   3.1322E-05   0.99938
FLUX  477   589.00        5.089856E+14   3.1019E-05   3.1236E-05   0.99306
FLUX  478   591.00        5.072631E+14   3.1141E-05   3.1150E-05   0.99971
FLUX  479   593.00        5.055523E+14   3.1056E-05   3.1065E-05   0.99971
FLUX  480   595.00        5.038529E+14   3.0965E-05   3.0980E-05   0.99953
FLUX  481   597.00        5.021650E+14   3.0886E-05   3.0895E-05   0.99971
FLUX  482   599.00        5.004883E+14   3.0789E-05   3.0811E-05   0.99930
FLUX  483   601.00        4.988228E+14   3.0698E-05   3.0727E-05   0.99908
FLUX  484   603.00        4.971683E+14   3.0628E-05   3.0643E-05   0.99950
FLUX  485   605.00        4.955248E+14   3.0548E-05   3.0560E-05   0.99960
FLUX  486   607.00        4.938921E+14   3.0473E-05   3.0477E-05   0.99986
FLUX  487   609.00        4.922701E+14   3.0386E-05   3.0395E-05   0.99970
FLUX  488   611.00        4.906588E+14   3.0300E-05   3.0313E-05   0.99956
FLUX  489   613.00        4.890579E+14   3.0196E-05   3.0231E-05   0.99883
FLUX  490   615.00        4.874675E+14   3.0051E-05   3.0150E-05   0.99671
FLUX  491   617.00        4.858874E+14   3.0025E-05   3.0069E-05   0.99853
FLUX  492   619.00        4.843174E+14   2.9981E-05   2.9988E-05   0.99976
FLUX  493   621.00        4.827576E+14   2.9901E-05   2.9908E-05   0.99977
FLUX  494   623.00        4.812079E+14   2.9810E-05   2.9827E-05   0.99941
FLUX  495   625.00        4.796680E+14   2.9662E-05   2.9748E-05   0.99712
FLUX  496   627.00        4.781380E+14   2.9664E-05   2.9668E-05   0.99988
FLUX  497   629.00        4.766176E+14   2.9585E-05   2.9589E-05   0.99987
FLUX  498   631.00        4.751070E+14   2.9484E-05   2.9510E-05   0.99913
FLUX  499   633.00        4.736058E+14   2.9419E-05   2.9431E-05   0.99957
FLUX  500   635.00        4.721142E+14   2.9264E-05   2.9353E-05   0.99697
FLUX  501   637.00        4.706319E+14   2.9219E-05   2.9275E-05   0.99808
FLUX  502   639.00        4.691588E+14   2.9182E-05   2.9197E-05   0.99947
FLUX  503   641.00        4.676950E+14   2.9077E-05   2.9120E-05   0.99853
FLUX  504   643.00        4.662403E+14   2.9003E-05   2.9043E-05   0.99864
FLUX  505   645.00        4.647946E+14   2.8804E-05   2.8966E-05   0.99443
FLUX  506   647.00        4.633578E+14   2.8755E-05   2.8889E-05   0.99537
FLUX  507   649.00        4.619299E+14   2.8565E-05   2.8813E-05   0.99140
FLUX  508   651.00        4.605108E+14   2.8301E-05   2.8737E-05   0.98483
FLUX  509   653.00        4.591003E+14   2.7537E-05   2.8661E-05   0.96079
FLUX  510   655.00        4.576985E+14   2.4024E-05   2.8586E-05   0.84040
FLUX  511   657.00        4.563052E+14   1.9363E-05   2.8510E-05   0.67915
FLUX  512   659.00        4.549203E+14   2.6461E-05   2.8435E-05   0.93055
FLUX  513   661.00        4.535439E+14   2.7752E-05   2.8361E-05   0.97854
FLUX  514   663.00        4.521757E+14   2.8021E-05   2.8286E-05   0.99063
FLUX  515   665.00        4.508158E+14   2.8067E-05   2.8212E-05   0.99486
FLUX  516   667.00        4.494640E+14   2.8043E-05   2.8138E-05   0.99662
FLUX  517   669.00        4.481203E+14   2.8029E-05   2.8065E-05   0.99874
FLUX  518   671.00        4.467846E+14   2.7977E-05   2.7991E-05   0.99950
FLUX  519   673.00        4.454569E+14   2.7906E-05   2.7918E-05   0.99956
FLUX  520   675.00        4.441370E+14   2.7826E-05   2.7845E-05   0.99930
FLUX  521   677.00        4.428250E+14   2.7770E-05   2.7773E-05   0.99992
FLUX  522   679.00        4.415206E+14   2.7697E-05   2.7700E-05   0.99989
FLUX  523   681.00        4.402239E+14   2.7625E-05   2.7628E-05   0.99990
FLUX  524   683.00        4.389348E+14   2.7546E-05   2.7556E-05   0.99961
FLUX  525   685.00        4.376533E+14   2.7478E-05   2.7485E-05   0.99974
FLUX  526   687.00        4.363792E+14   2.7410E-05   2.7413E-05   0.99988
FLUX  527   689.00        4.351125E+14   2.7340E-05   2.7342E-05   0.99991
FLUX  528   691.00        4.338531E+14   2.7269E-05   2.7272E-05   0.99990
FLUX  529   693.00        4.326010E+14   2.7197E-05   2.7201E-05   0.99986
FLUX  530   695.00        4.313561E+14   2.7128E-05   2.7131E-05   0.99989
FLUX  531   697.00        4.301184E+14   2.7057E-05   2.7061E-05   0.99985
FLUX  532   699.00        4.288877E+14   2.6989E-05   2.6991E-05   0.99992
FLUX  533   701.00        4.276641E+14   2.6904E-05   2.6922E-05   0.99932
FLUX  534   703.00        4.264474E+14   2.6843E-05   2.6853E-05   0.99963
FLUX  535   705.00        4.252376E+14   2.6778E-05   2.6784E-05   0.99979
FLUX  536   707.00        4.240347E+14   2.6712E-05   2.6715E-05   0.99989
FLUX  537   709.00        4.228385E+14   2.6646E-05   2.6647E-05   0.99997
FLUX  538   711.00        4.216491E+14   2.6489E-05   2.6578E-05   0.99663
FLUX  539   713.00        4.204663E+14   2.6493E-05   2.6510E-05   0.99936
FLUX  540   715.00        4.192902E+14   2.6429E-05   2.6443E-05   0.99950
FLUX  541   717.00        4.181206E+14   2.6366E-05   2.6375E-05   0.99967
FLUX  542   719.00        4.169576E+14   2.6296E-05   2.6308E-05   0.99954
FLUX  543   721.00        4.158010E+14   2.6230E-05   2.6241E-05   0.99962
FLUX  544   723.00        4.146508E+14   2.6163E-05   2.6174E-05   0.99958
FLUX  545   725.00        4.135069E+14   2.6092E-05   2.6107E-05   0.99942
FLUX  546   727.00        4.123693E+14   2.6036E-05   2.6041E-05   0.99984
FLUX  547   729.00        4.112380E+14   2.5961E-05   2.5974E-05   0.99946
FLUX  548   731.00        4.101129E+14   2.5895E-05   2.5909E-05   0.99946
FLUX  549   733.00        4.089939E+14   2.5831E-05   2.5843E-05   0.99954
FLUX  550   735.00        4.078810E+14   2.5773E-05   2.5778E-05   0.99983
FLUX  551   737.00        4.067741E+14   2.5710E-05   2.5712E-05   0.99991
FLUX  552   739.00        4.056732E+14   2.5639E-05   2.5647E-05   0.99966
FLUX  553   741.00        4.045783E+14   2.5564E-05   2.5582E-05   0.99927
FLUX  554   743.00        4.034892E+14   2.5492E-05   2.5518E-05   0.99900
FLUX  555   745.00        4.024060E+14   2.5434E-05   2.5453E-05   0.99927
FLUX  556   747.00        4.013286E+14   2.5345E-05   2.5389E-05   0.99828
FLUX  557   749.00        4.002570E+14   2.5294E-05   2.5325E-05   0.99878
FLUX  558   751.00        3.991911E+14   2.5246E-05   2.5261E-05   0.99941
FLUX  559   753.00        3.981308E+14   2.5189E-05   2.5197E-05   0.99965
FLUX  560   755.00        3.970762E+14   2.5132E-05   2.5134E-05   0.99993
FLUX  561   757.00        3.960271E+14   2.5067E-05   2.5071E-05   0.99985
FLUX  562   759.00        3.949835E+14   2.5005E-05   2.5008E-05   0.99990
FLUX  563   761.00        3.939455E+14   2.4943E-05   2.4945E-05   0.99991
FLUX  564   763.00        3.929128E+14   2.4879E-05   2.4882E-05   0.99988
FLUX  565   765.00        3.918856E+14   2.4814E-05   2.4820E-05   0.99974
FLUX  566   767.00        3.908638E+14   2.4743E-05   2.4758E-05   0.99941
FLUX  567   769.00        3.898472E+14   2.4688E-05   2.4696E-05   0.99966
FLUX  568   771.00        3.888359E+14   2.4619E-05   2.4634E-05   0.99938
FLUX  569   773.00        3.878299E+14   2.4570E-05   2.4573E-05   0.99991
FLUX  570   775.00        3.868290E+14   2.4505E-05   2.4511E-05   0.99976
FLUX  571   777.00        3.858333E+14   2.4161E-05   2.4450E-05   0.98818
FLUX  572   779.00        3.848427E+14   2.4388E-05   2.4389E-05   0.99994
FLUX  573   781.00        3.838572E+14   2.4326E-05   2.4328E-05   0.99991
FLUX  574   783.00        3.828768E+14   2.4257E-05   2.4268E-05   0.99955
FLUX  575   785.00        3.819013E+14   2.4190E-05   2.4207E-05   0.99927
FLUX  576   787.00        3.809307E+14   2.4111E-05   2.4147E-05   0.99848
FLUX  577   789.00        3.799651E+14   2.4039E-05   2.4087E-05   0.99798
FLUX  578   791.00        3.790044E+14   2.4010E-05   2.4028E-05   0.99925
FLUX  579   793.00        3.780485E+14   2.3951E-05   2.3968E-05   0.99926
FLUX  580   795.00        3.770975E+14   2.3881E-05   2.3909E-05   0.99884
FLUX  581   797.00        3.761512E+14   2.3848E-05   2.3850E-05   0.99993
FLUX  582   799.00        3.752096E+14   2.3739E-05   2.3791E-05   0.99784
FLUX  583   801.00        3.742728E+14   2.3726E-05   2.3732E-05   0.99974
FLUX  584   803.00        3.733406E+14   2.3665E-05   2.3674E-05   0.99963
FLUX  585   805.00        3.724130E+14   2.3611E-05   2.3615E-05   0.99980
FLUX  586   807.00        3.714901E+14   2.3550E-05   2.3557E-05   0.99970
FLUX  587   809.00        3.705717E+14   2.3492E-05   2.3499E-05   0.99970
FLUX  588   811.00        3.696578E+14   2.3439E-05   2.3441E-05   0.99990
FLUX  589   813.00        3.687485E+14   2.3383E-05   2.3383E-05   0.99997
FLUX  590   815.00        3.678436E+14   2.3326E-05   2.3326E-05   0.99998
FLUX  591   817.00        3.669431E+14   2.3268E-05   2.3269E-05   0.99997
FLUX  592   819.00        3.660470E+14   2.3154E-05   2.3212E-05   0.99751
FLUX  593   821.00        3.651553E+14   2.3174E-05   2.8240E-05   0.82061
FLUX  594   823.00        3.642679E+14   2.3122E-05   2.8160E-05   0.82111
FLUX  595   825.00        3.633848E+14   2.3062E-05   2.8080E-05   0.82132
FLUX  596   827.00        3.625060E+14   2.3084E-05   2.8000E-05   0.82442
FLUX  597   829.00        3.616315E+14   2.3038E-05   2.7921E-05   0.82512
FLUX  598   831.00        3.607611E+14   2.2991E-05   2.7841E-05   0.82579
FLUX  599   833.00        3.598950E+14   2.2856E-05   2.7763E-05   0.82327
FLUX  600   835.00        3.590329E+14   2.2872E-05   2.7684E-05   0.82618
FLUX  601   837.00        3.581750E+14   2.2777E-05   2.7606E-05   0.82506
FLUX  602   839.00        3.573212E+14   2.2670E-05   2.7529E-05   0.82349
FLUX  603   841.00        3.564715E+14   2.2552E-05   2.7451E-05   0.82154
FLUX  604   843.00        3.556257E+14   2.2523E-05   2.7374E-05   0.82280
FLUX  605   845.00        3.547840E+14   2.2378E-05   2.7297E-05   0.81978
FLUX  606   847.00        3.539463E+14   2.1896E-05   2.7221E-05   0.80439
FLUX  607   849.00        3.531125E+14   2.2661E-05   2.7145E-05   0.83481
FLUX  608   851.00        3.522826E+14   2.1325E-05   2.7069E-05   0.78780
FLUX  609   853.00        3.514566E+14   2.2869E-05   2.6993E-05   0.84722
FLUX  610   855.00        3.506345E+14   2.0334E-05   2.6918E-05   0.75539
FLUX  611   857.00        3.498162E+14   2.3274E-05   2.6843E-05   0.86703
FLUX  612   859.00        3.490017E+14   2.1553E-05   2.6769E-05   0.80515
FLUX  613   861.00        3.481911E+14   2.1016E-05   2.6695E-05   0.78726
FLUX  614   863.00        3.473841E+14   2.3804E-05   2.6621E-05   0.89421
FLUX  615   865.00        3.465809E+14   2.2896E-05   2.6547E-05   0.86248
FLUX  616   867.00        3.457814E+14   1.8844E-05   2.6474E-05   0.71179
FLUX  617   869.00        3.449856E+14   2.3615E-05   2.6401E-05   0.89449
FLUX  618   871.00        3.441935E+14   2.4554E-05   2.6328E-05   0.93261
FLUX  619   873.00        3.434049E+14   2.3632E-05   2.6256E-05   0.90009
FLUX  620   875.00        3.426200E+14   1.8521E-05   2.6184E-05   0.70735
FLUX  621   877.00        3.418387E+14   2.2631E-05   2.6112E-05   0.86668
FLUX  622   879.00        3.410609E+14   2.4731E-05   2.6040E-05   0.94971
FLUX  623   881.00        3.402866E+14   2.5009E-05   2.5969E-05   0.96302
FLUX  624   883.00        3.395159E+14   2.4472E-05   2.5898E-05   0.94494
FLUX  625   885.00        3.387486E+14   2.1837E-05   2.5828E-05   0.84549
FLUX  626   887.00        3.379848E+14   1.8406E-05   2.5757E-05   0.71458
FLUX  627   889.00        3.372244E+14   2.3505E-05   2.5687E-05   0.91506
FLUX  628   891.00        3.364675E+14   2.4703E-05   2.5618E-05   0.96429
FLUX  629   893.00        3.357139E+14   2.4961E-05   2.5548E-05   0.97701
FLUX  630   895.00        3.349637E+14   2.5027E-05   2.5479E-05   0.98225
FLUX  631   897.00        3.342168E+14   2.4661E-05   2.5410E-05   0.97051
FLUX  632   899.00        3.334733E+14   2.3478E-05   2.5341E-05   0.92647
FLUX  633   901.00        3.327331E+14   1.8669E-05   2.5273E-05   0.73870
FLUX  634   903.00        3.319961E+14   2.0625E-05   2.5205E-05   0.81830
FLUX  635   905.00        3.312624E+14   2.3770E-05   2.5137E-05   0.94560
FLUX  636   907.00        3.305320E+14   2.4273E-05   2.5070E-05   0.96822
FLUX  637   909.00        3.298047E+14   2.4272E-05   2.5002E-05   0.97078
FLUX  638   911.00        3.290807E+14   2.4594E-05   2.4935E-05   0.98632
FLUX  639   913.00        3.283598E+14   2.4664E-05   2.4869E-05   0.99177
FLUX  640   915.00        3.276421E+14   2.4562E-05   2.4802E-05   0.99033
FLUX  641   917.00        3.269275E+14   2.4329E-05   2.4736E-05   0.98355
FLUX  642   919.00        3.262160E+14   2.3780E-05   2.4670E-05   0.96393
FLUX  643   921.00        3.255076E+14   2.2053E-05   2.4604E-05   0.89630
FLUX  644   923.00        3.248023E+14   1.7234E-05   2.4539E-05   0.70230
FLUX  645   925.00        3.241000E+14   2.1415E-05   2.4474E-05   0.87500
FLUX  646   927.00        3.234008E+14   2.3204E-05   2.4409E-05   0.95063
FLUX  647   929.00        3.227045E+14   2.3934E-05   2.4344E-05   0.98315
FLUX  648   931.00        3.220113E+14   2.4068E-05   2.4280E-05   0.99127
FLUX  649   933.00        3.213210E+14   2.4081E-05   2.4216E-05   0.99442
FLUX  650   935.00        3.206337E+14   2.4058E-05   2.4152E-05   0.99612
FLUX  651   937.00        3.199493E+14   2.4012E-05   2.4088E-05   0.99685
FLUX  652   939.00        3.192678E+14   2.3925E-05   2.4025E-05   0.99583
FLUX  653   941.00        3.185893E+14   2.3638E-05   2.3962E-05   0.98651
FLUX  654   943.00        3.179136E+14   2.3777E-05   2.3899E-05   0.99490
FLUX  655   945.00        3.172407E+14   2.3692E-05   2.3836E-05   0.99396
FLUX  656   947.00        3.165707E+14   2.3555E-05   2.3774E-05   0.99080
FLUX  657   949.00        3.159036E+14   2.3302E-05   2.3711E-05   0.98272
FLUX  658   951.00        3.152392E+14   2.2694E-05   2.3649E-05   0.95961
FLUX  659   953.00        3.145776E+14   2.0775E-05   2.3588E-05   0.88076
FLUX  660   955.00        3.139188E+14   1.6730E-05   2.3526E-05   0.71114
FLUX  661   957.00        3.132628E+14   2.1117E-05   2.3465E-05   0.89995
FLUX  662   959.00        3.126095E+14   2.2593E-05   2.3404E-05   0.96534
FLUX  663   961.00        3.119589E+14   2.2934E-05   2.3343E-05   0.98246
FLUX  664   963.00        3.113110E+14   2.2955E-05   2.3283E-05   0.98594
FLUX  665   965.00        3.106658E+14   2.3100E-05   2.3222E-05   0.99473
FLUX  666   967.00        3.100233E+14   2.2950E-05   2.3162E-05   0.99086
FLUX  667   969.00        3.093834E+14   2.3033E-05   2.3102E-05   0.99699
FLUX  668   971.00        3.087461E+14   2.3037E-05   2.3043E-05   0.99976
FLUX  669   973.00        3.081115E+14   2.2976E-05   2.2983E-05   0.99968
FLUX  670   975.00        3.074795E+14   2.2903E-05   2.2924E-05   0.99911
FLUX  671   977.00        3.068501E+14   2.2862E-05   2.2865E-05   0.99987
FLUX  672   979.00        3.062232E+14   2.2802E-05   2.2806E-05   0.99980
FLUX  673   981.00        3.055989E+14   2.2742E-05   2.2748E-05   0.99975
FLUX  674   983.00        3.049771E+14   2.2677E-05   2.2689E-05   0.99948
FLUX  675   985.00        3.043579E+14   2.2602E-05   2.2631E-05   0.99870
FLUX  676   987.00        3.037411E+14   2.2547E-05   2.2573E-05   0.99885
FLUX  677   989.00        3.031269E+14   2.2431E-05   2.2516E-05   0.99623
FLUX  678   991.00        3.025151E+14   2.2389E-05   2.2458E-05   0.99692
FLUX  679   993.00        3.019058E+14   2.2303E-05   2.2401E-05   0.99562
FLUX  680   995.00        3.012990E+14   2.2223E-05   2.2344E-05   0.99457
FLUX  681   997.00        3.006946E+14   2.2102E-05   2.2287E-05   0.99168
FLUX  682   999.00        3.000926E+14   2.1883E-05   2.2230E-05   0.98439
FLUX  683  1002.50        2.990449E+14   1.9947E-05   2.2132E-05   0.90130
FLUX  684  1007.50        2.975608E+14   1.9133E-05   2.1992E-05   0.87000
FLUX  685  1012.50        2.960914E+14   2.1552E-05   2.1853E-05   0.98621
FLUX  686  1017.50        2.946364E+14   2.1639E-05   2.1716E-05   0.99644
FLUX  687  1022.50        2.931956E+14   2.1570E-05   2.1580E-05   0.99953
FLUX  688  1027.50        2.917689E+14   2.1443E-05   2.1445E-05   0.99988
FLUX  689  1032.50        2.903559E+14   2.1302E-05   2.1312E-05   0.99955
FLUX  690  1037.50        2.889566E+14   2.1174E-05   2.1179E-05   0.99974
FLUX  691  1042.50        2.875707E+14   2.1042E-05   2.1048E-05   0.99972
FLUX  692  1047.50        2.861981E+14   2.0860E-05   2.0918E-05   0.99721
FLUX  693  1052.50        2.848385E+14   2.0768E-05   2.0789E-05   0.99896
FLUX  694  1057.50        2.834917E+14   2.0645E-05   2.0662E-05   0.99921
FLUX  695  1062.50        2.821576E+14   2.0516E-05   2.0535E-05   0.99908
FLUX  696  1067.50        2.808361E+14   2.0213E-05   2.0410E-05   0.99039
FLUX  697  1072.50        2.795268E+14   2.0186E-05   2.0285E-05   0.99510
FLUX  698  1077.50        2.782297E+14   2.0105E-05   2.0162E-05   0.99718
FLUX  699  1082.50        2.769446E+14   1.9912E-05   2.0039E-05   0.99366
FLUX  700  1087.50        2.756713E+14   1.9532E-05   1.9918E-05   0.98058
FLUX  701  1092.50        2.744096E+14   1.6638E-05   1.9798E-05   0.84036
FLUX  702  1097.50        2.731595E+14   1.8310E-05   1.9679E-05   0.93041
FLUX  703  1102.50        2.719206E+14   1.9360E-05   1.9561E-05   0.98970
FLUX  704  1107.50        2.706930E+14   1.9382E-05   1.9444E-05   0.99683
FLUX  705  1112.50        2.694764E+14   1.9315E-05   1.9328E-05   0.99932
FLUX  706  1117.50        2.682707E+14   1.9206E-05   1.9213E-05   0.99964
FLUX  707  1122.50        2.670757E+14   1.9096E-05   1.9099E-05   0.99988
FLUX  708  1127.50        2.658914E+14   1.8905E-05   1.8985E-05   0.99577
FLUX  709  1132.50        2.647174E+14   1.8780E-05   1.8873E-05   0.99507
FLUX  710  1137.50        2.635538E+14   1.8744E-05   1.8762E-05   0.99904
FLUX  711  1142.50        2.624004E+14   1.8623E-05   1.8652E-05   0.99846
FLUX  712  1147.50        2.612571E+14   1.8539E-05   1.8542E-05   0.99983
FLUX  713  1152.50        2.601236E+14   1.8433E-05   1.8433E-05   0.99997
FLUX  714  1157.50        2.590000E+14   1.8323E-05   1.8326E-05   0.99986
FLUX  715  1162.50        2.578860E+14   1.8174E-05   1.8219E-05   0.99753
FLUX  716  1167.50        2.567816E+14   1.8013E-05   1.8113E-05   0.99447
FLUX  717  1172.50        2.556866E+14   1.8006E-05   1.8008E-05   0.99991
FLUX  718  1177.50        2.546008E+14   1.7766E-05   1.7904E-05   0.99228
FLUX  719  1182.50        2.535243E+14   1.7737E-05   1.7801E-05   0.99645
FLUX  720  1187.50        2.524568E+14   1.7626E-05   1.7698E-05   0.99593
FLUX  721  1192.50        2.513983E+14   1.7596E-05   1.7596E-05   0.99999
FLUX  722  1197.50        2.503486E+14   1.7441E-05   1.7496E-05   0.99686
FLUX  723  1202.50        2.493077E+14   1.7386E-05   1.7396E-05   0.99944
FLUX  724  1207.50        2.482754E+14   1.7272E-05   1.7296E-05   0.99862
FLUX  725  1212.50        2.472515E+14   1.7181E-05   1.7198E-05   0.99904
FLUX  726  1217.50        2.462361E+14   1.7096E-05   1.7100E-05   0.99978
FLUX  727  1222.50        2.452290E+14   1.6997E-05   1.7003E-05   0.99961
FLUX  728  1227.50        2.442301E+14   1.6891E-05   1.6907E-05   0.99906
FLUX  729  1232.50        2.432394E+14   1.6800E-05   1.6812E-05   0.99933
FLUX  730  1237.50        2.422566E+14   1.6711E-05   1.6717E-05   0.99962
FLUX  731  1242.50        2.412817E+14   1.6622E-05   1.6623E-05   0.99993
FLUX  732  1247.50        2.403146E+14   1.6521E-05   1.6530E-05   0.99945
FLUX  733  1252.50        2.393553E+14   1.6431E-05   1.6438E-05   0.99957
FLUX  734  1257.50        2.384036E+14   1.6313E-05   1.6346E-05   0.99801
FLUX  735  1262.50        2.374594E+14   1.6228E-05   1.6255E-05   0.99834
FLUX  736  1267.50        2.365227E+14   1.6115E-05   1.6165E-05   0.99695
FLUX  737  1272.50        2.355933E+14   1.5947E-05   1.6075E-05   0.99204
FLUX  738  1277.50        2.346712E+14   1.5379E-05   1.5986E-05   0.96201
FLUX  739  1282.50        2.337563E+14   1.3289E-05   1.5898E-05   0.83587
FLUX  740  1287.50        2.328485E+14   1.5355E-05   1.5811E-05   0.97117
FLUX  741  1292.50        2.319478E+14   1.5619E-05   1.5724E-05   0.99330
FLUX  742  1297.50        2.310539E+14   1.5602E-05   1.5638E-05   0.99770
FLUX  743  1302.50        2.301670E+14   1.5549E-05   1.5552E-05   0.99978
FLUX  744  1307.50        2.292868E+14   1.5467E-05   1.5467E-05   0.99997
FLUX  745  1312.50        2.284133E+14   1.5380E-05   1.5383E-05   0.99982
FLUX  746  1317.50        2.275465E+14   1.5287E-05   1.5300E-05   0.99920
FLUX  747  1322.50        2.266862E+14   1.5216E-05   1.5217E-05   0.99993
FLUX  748  1327.50        2.258324E+14   1.5133E-05   1.5134E-05   0.99993
FLUX  749  1332.50        2.249850E+14   1.5052E-05   1.5053E-05   0.99997
FLUX  750  1337.50        2.241439E+14   1.4971E-05   1.4972E-05   0.99994
FLUX  751  1342.50        2.233091E+14   1.4891E-05   1.4891E-05   0.99997
FLUX  752  1347.50        2.224805E+14   1.4810E-05   1.4811E-05   0.99990
FLUX  753  1352.50        2.216580E+14   1.4723E-05   1.4732E-05   0.99941
FLUX  754  1357.50        2.208416E+14   1.4647E-05   1.4653E-05   0.99956
FLUX  755  1362.50        2.200312E+14   1.4573E-05   1.4575E-05   0.99989
FLUX  756  1367.50        2.192267E+14   1.4493E-05   1.4497E-05   0.99973
FLUX  757  1372.50        2.184281E+14   1.4388E-05   1.4420E-05   0.99774
FLUX  758  1377.50        2.176352E+14   1.4337E-05   1.4344E-05   0.99952
FLUX  759  1382.50        2.168481E+14   1.4263E-05   1.4268E-05   0.99962
FLUX  760  1387.50        2.160667E+14   1.4192E-05   1.4193E-05   0.99999
FLUX  761  1392.50        2.152908E+14   1.4111E-05   1.4118E-05   0.99951
FLUX  762  1397.50        2.145206E+14   1.4041E-05   1.4044E-05   0.99984
FLUX  763  1402.50        2.137558E+14   1.3968E-05   1.3970E-05   0.99988
FLUX  764  1407.50        2.129964E+14   1.3896E-05   1.3897E-05   0.99998
FLUX  765  1412.50        2.122425E+14   1.3822E-05   1.3824E-05   0.99984
FLUX  766  1417.50        2.114938E+14   1.3750E-05   1.3752E-05   0.99990
FLUX  767  1422.50        2.107504E+14   1.3678E-05   1.3680E-05   0.99982
FLUX  768  1427.50        2.100123E+14   1.3606E-05   1.3609E-05   0.99976
FLUX  769  1432.50        2.092792E+14   1.3537E-05   1.3538E-05   0.99990
FLUX  770  1437.50        2.085513E+14   1.3468E-05   1.3468E-05   0.99999
FLUX  771  1442.50        2.078284E+14   1.3324E-05   1.3399E-05   0.99441
FLUX  772  1447.50        2.071105E+14   1.3328E-05   1.3330E-05   0.99989
FLUX  773  1452.50        2.063976E+14   1.3223E-05   1.3261E-05   0.99714
FLUX  774  1457.00        2.057601E+14   1.3197E-05   1.3200E-05   0.99981
FLUX  775  1462.00        2.050564E+14   1.3131E-05   1.3967E-05   0.94010
FLUX  776  1467.50        2.042879E+14   1.3074E-05   1.3887E-05   0.94143
FLUX  777  1472.50        2.035942E+14   1.3009E-05   1.3815E-05   0.94165
FLUX  778  1477.50        2.029052E+14   1.2933E-05   1.3743E-05   0.94107
FLUX  779  1482.50        2.022209E+14   1.2881E-05   1.3672E-05   0.94217
FLUX  780  1487.50        2.015412E+14   1.2800E-05   1.3601E-05   0.94116
FLUX  781  1492.50        2.008660E+14   1.2768E-05   1.3530E-05   0.94363
FLUX  782  1497.50        2.001953E+14   1.2701E-05   1.3460E-05   0.94359
FLUX  783  1502.50        1.995291E+14   1.2615E-05   1.3391E-05   0.94206
FLUX  784  1507.50        1.988673E+14   1.2562E-05   1.3322E-05   0.94297
FLUX  785  1512.50        1.982099E+14   1.2501E-05   1.3253E-05   0.94325
FLUX  786  1517.50        1.975568E+14   1.2432E-05   1.3185E-05   0.94288
FLUX  787  1522.50        1.969080E+14   1.2384E-05   1.3117E-05   0.94405
FLUX  788  1527.50        1.962635E+14   1.2271E-05   1.3050E-05   0.94029
FLUX  789  1532.50        1.956232E+14   1.2196E-05   1.2983E-05   0.93935
FLUX  790  1537.50        1.949870E+14   1.2195E-05   1.2917E-05   0.94412
FLUX  791  1542.50        1.943549E+14   1.1979E-05   1.2851E-05   0.93216
FLUX  792  1547.50        1.937270E+14   1.2074E-05   1.2786E-05   0.94434
FLUX  793  1552.50        1.931031E+14   1.2018E-05   1.2720E-05   0.94474
FLUX  794  1557.50        1.924831E+14   1.1643E-05   1.2656E-05   0.92001
FLUX  795  1562.50        1.918672E+14   1.2066E-05   1.2591E-05   0.95829
FLUX  796  1567.50        1.912552E+14   1.1699E-05   1.2528E-05   0.93385
FLUX  797  1572.50        1.906471E+14   1.1374E-05   1.2464E-05   0.91257
FLUX  798  1577.50        1.900428E+14   1.1951E-05   1.2401E-05   0.96370
FLUX  799  1582.50        1.894423E+14   1.1868E-05   1.2338E-05   0.96192
FLUX  800  1587.50        1.888457E+14   1.0786E-05   1.2276E-05   0.87867
FLUX  801  1592.50        1.882527E+14   1.1569E-05   1.2214E-05   0.94720
FLUX  802  1597.50        1.876635E+14   1.1850E-05   1.2152E-05   0.97513
FLUX  803  1605.00        1.867866E+14   1.1556E-05   1.2061E-05   0.95816
FLUX  804  1615.00        1.856300E+14   1.0932E-05   1.1940E-05   0.91565
FLUX  805  1625.00        1.844877E+14   1.1677E-05   1.1820E-05   0.98792
FLUX  806  1635.00        1.833593E+14   1.1202E-05   1.1701E-05   0.95738
FLUX  807  1645.00        1.822447E+14   1.0578E-05   1.1583E-05   0.91322
FLUX  808  1655.00        1.811435E+14   1.1385E-05   1.1466E-05   0.99296
FLUX  809  1665.00        1.800556E+14   1.1290E-05   1.1351E-05   0.99465
FLUX  810  1675.00        1.789806E+14   1.0749E-05   1.1238E-05   0.95653
FLUX  811  1685.00        1.779184E+14   1.0144E-05   1.1126E-05   0.91173
FLUX  812  1695.00        1.768687E+14   1.0950E-05   1.1016E-05   0.99400
FLUX  813  1705.00        1.758314E+14   1.0889E-05   1.0907E-05   0.99835
FLUX  814  1715.00        1.748061E+14   1.0780E-05   1.0800E-05   0.99808
FLUX  815  1725.00        1.737928E+14   1.0583E-05   1.0695E-05   0.98951
FLUX  816  1735.00        1.727911E+14   9.4547E-06   1.0591E-05   0.89268
FLUX  817  1745.00        1.718009E+14   1.0251E-05   1.0489E-05   0.97734
FLUX  818  1755.00        1.708219E+14   1.0351E-05   1.0388E-05   0.99636
FLUX  819  1765.00        1.698541E+14   1.0273E-05   1.0289E-05   0.99844
FLUX  820  1775.00        1.688972E+14   1.0185E-05   1.0191E-05   0.99944
FLUX  821  1785.00        1.679510E+14   1.0087E-05   1.0095E-05   0.99926
FLUX  822  1795.00        1.670153E+14   9.9898E-06   9.9995E-06   0.99902
FLUX  823  1805.00        1.660900E+14   9.8248E-06   9.9057E-06   0.99183
FLUX  824  1815.00        1.651749E+14   8.8697E-06   9.8132E-06   0.90385
FLUX  825  1825.00        1.642699E+14   9.4187E-06   9.7220E-06   0.96880
FLUX  826  1835.00        1.633747E+14   9.5936E-06   9.6321E-06   0.99600
FLUX  827  1845.00        1.624892E+14   9.5358E-06   9.5434E-06   0.99921
FLUX  828  1855.00        1.616132E+14   9.4274E-06   9.4560E-06   0.99697
FLUX  829  1865.00        1.607466E+14   9.2615E-06   9.3697E-06   0.98845
FLUX  830  1875.00        1.598893E+14   8.3293E-06   9.2846E-06   0.89711
FLUX  831  1885.00        1.590411E+14   9.0577E-06   9.2007E-06   0.98445
FLUX  832  1895.00        1.582018E+14   9.0853E-06   9.1179E-06   0.99642
FLUX  833  1905.00        1.573714E+14   9.0352E-06   9.0363E-06   0.99988
FLUX  834  1915.00        1.565496E+14   8.9538E-06   8.9557E-06   0.99978
FLUX  835  1925.00        1.557364E+14   8.8556E-06   8.8763E-06   0.99767
FLUX  836  1935.00        1.549315E+14   8.6797E-06   8.7979E-06   0.98657
FLUX  837  1945.00        1.541350E+14   7.8291E-06   8.7205E-06   0.89779
FLUX  838  1955.00        1.533465E+14   8.5266E-06   8.6442E-06   0.98641
FLUX  839  1965.00        1.525662E+14   8.5538E-06   8.5688E-06   0.99825
FLUX  840  1975.00        1.517937E+14   8.4900E-06   8.4944E-06   0.99948
FLUX  841  1985.00        1.510290E+14   8.4202E-06   8.4210E-06   0.99991
FLUX  842  1995.00        1.502719E+14   8.3478E-06   8.3485E-06   0.99991
FLUX  843  2005.00        1.495224E+14   8.2767E-06   8.2769E-06   0.99997
FLUX  844  2015.00        1.487804E+14   8.2062E-06   8.2063E-06   0.99998
FLUX  845  2025.00        1.480457E+14   8.1359E-06   8.1366E-06   0.99992
FLUX  846  2035.00        1.473182E+14   8.0665E-06   8.0677E-06   0.99986
FLUX  847  2045.00        1.465978E+14   7.9997E-06   7.9997E-06   0.99999
FLUX  848  2055.00        1.458844E+14   7.9325E-06   7.9326E-06   0.99999
FLUX  849  2065.00        1.451780E+14   7.8647E-06   7.8664E-06   0.99979
FLUX  850  2075.00        1.444783E+14   7.8001E-06   7.8009E-06   0.99990
FLUX  851  2085.00        1.437854E+14   7.7361E-06   7.7363E-06   0.99997
FLUX  852  2095.00        1.430990E+14   7.6717E-06   7.6725E-06   0.99989
FLUX  853  2105.00        1.424192E+14   7.6082E-06   7.6095E-06   0.99983
FLUX  854  2115.00        1.417459E+14   7.5423E-06   7.5472E-06   0.99934
FLUX  855  2125.00        1.410788E+14   7.4797E-06   7.4858E-06   0.99919
FLUX  856  2135.00        1.404180E+14   7.4211E-06   7.4250E-06   0.99947
FLUX  857  2145.00        1.397634E+14   7.3510E-06   7.3650E-06   0.99810
FLUX  858  2155.00        1.391148E+14   7.2259E-06   7.3058E-06   0.98907
FLUX  859  2165.00        1.384723E+14   6.5623E-06   7.2472E-06   0.90549
FLUX  860  2175.00        1.378356E+14   7.0596E-06   7.1894E-06   0.98196
FLUX  861  2185.00        1.372048E+14   7.1131E-06   7.1322E-06   0.99732
FLUX  862  2195.00        1.365797E+14   7.0756E-06   7.0758E-06   0.99997
FLUX  863  2205.00        1.359603E+14   7.0182E-06   7.0200E-06   0.99975
FLUX  864  2215.00        1.353465E+14   6.9607E-06   6.9648E-06   0.99941
FLUX  865  2225.00        1.347382E+14   6.9103E-06   6.9103E-06   0.99999
FLUX  866  2235.00        1.341353E+14   6.8564E-06   6.8565E-06   0.99999
FLUX  867  2245.00        1.335379E+14   6.8032E-06   6.8033E-06   0.99999
FLUX  868  2255.00        1.329457E+14   6.7484E-06   6.7507E-06   0.99966
FLUX  869  2265.00        1.323587E+14   6.6983E-06   6.6987E-06   0.99993
FLUX  870  2275.00        1.317769E+14   6.6468E-06   6.6473E-06   0.99992
FLUX  871  2285.00        1.312002E+14   6.5986E-06   6.7431E-06   0.97856
FLUX  872  2295.00        1.306285E+14   6.5488E-06   6.6912E-06   0.97873
FLUX  873  2305.00        1.300618E+14   6.5014E-06   6.6398E-06   0.97916
FLUX  874  2315.00        1.295000E+14   6.4531E-06   6.5890E-06   0.97938
FLUX  875  2325.00        1.289430E+14   6.4060E-06   6.5388E-06   0.97969
FLUX  876  2335.00        1.283908E+14   6.3588E-06   6.4892E-06   0.97991
FLUX  877  2345.00        1.278433E+14   6.3124E-06   6.4401E-06   0.98018
FLUX  878  2355.00        1.273004E+14   6.2663E-06   6.3916E-06   0.98040
FLUX  879  2365.00        1.267622E+14   6.2205E-06   6.3436E-06   0.98059
FLUX  880  2375.00        1.262284E+14   6.1749E-06   6.2962E-06   0.98072
FLUX  881  2385.00        1.256992E+14   6.1292E-06   6.2493E-06   0.98078
FLUX  882  2395.00        1.251743E+14   6.0842E-06   6.2030E-06   0.98084
FLUX  883  2405.00        1.246538E+14   6.0382E-06   6.1571E-06   0.98068
FLUX  884  2415.00        1.241377E+14   5.9915E-06   6.1118E-06   0.98032
FLUX  885  2425.00        1.236258E+14   5.9522E-06   6.0670E-06   0.98108
FLUX  886  2435.00        1.231181E+14   5.9038E-06   6.0226E-06   0.98027
FLUX  887  2445.00        1.226145E+14   5.8552E-06   5.9788E-06   0.97933
FLUX  888  2455.00        1.221151E+14   5.8240E-06   5.9354E-06   0.98123
FLUX  889  2465.00        1.216197E+14   5.7681E-06   5.8925E-06   0.97889
FLUX  890  2475.00        1.211283E+14   5.7281E-06   5.8501E-06   0.97915
FLUX  891  2485.00        1.206408E+14   5.7137E-06   5.8081E-06   0.98375
FLUX  892  2495.00        1.201573E+14   5.5943E-06   5.7666E-06   0.97012
FLUX  893  2505.00        1.196776E+14   5.6382E-06   5.7255E-06   0.98476
FLUX  894  2515.00        1.192018E+14   5.6021E-06   5.6849E-06   0.98545
FLUX  895  2525.00        1.187297E+14   5.4350E-06   5.6447E-06   0.96287
FLUX  896  2535.00        1.182613E+14   5.5152E-06   5.6049E-06   0.98399
FLUX  897  2545.00        1.177967E+14   5.5051E-06   5.5655E-06   0.98915
FLUX  898  2555.00        1.173356E+14   5.4368E-06   5.5266E-06   0.98375
FLUX  899  2565.00        1.168782E+14   5.2197E-06   5.4880E-06   0.95110
FLUX  900  2575.00        1.164243E+14   5.3750E-06   5.4499E-06   0.98625
FLUX  901  2585.00        1.159739E+14   5.3635E-06   5.4122E-06   0.99100
FLUX  902  2595.00        1.155270E+14   5.3245E-06   5.3748E-06   0.99064
FLUX  903  2605.00        1.150835E+14   5.2089E-06   5.3378E-06   0.97585
FLUX  904  2615.00        1.146434E+14   4.9553E-06   5.3012E-06   0.93474
FLUX  905  2625.00        1.142067E+14   4.7523E-06   5.2650E-06   0.90261
FLUX  906  2635.00        1.137732E+14   5.1008E-06   5.2292E-06   0.97545
FLUX  907  2645.00        1.133431E+14   5.1519E-06   5.1937E-06   0.99196
FLUX  908  2655.00        1.129162E+14   5.1251E-06   5.1586E-06   0.99350
FLUX  909  2665.00        1.124925E+14   5.0426E-06   5.1239E-06   0.98414
FLUX  910  2675.00        1.120720E+14   4.6994E-06   5.0895E-06   0.92335
FLUX  911  2685.00        1.116546E+14   4.9757E-06   5.0554E-06   0.98424
FLUX  912  2695.00        1.112403E+14   5.0018E-06   5.0217E-06   0.99603
FLUX  913  2705.00        1.108290E+14   4.9812E-06   4.9883E-06   0.99857
FLUX  914  2715.00        1.104208E+14   4.9548E-06   4.9553E-06   0.99990
FLUX  915  2725.00        1.100156E+14   4.9220E-06   4.9226E-06   0.99989
FLUX  916  2735.00        1.096133E+14   4.8782E-06   4.8902E-06   0.99756
FLUX  917  2745.00        1.092140E+14   4.8143E-06   4.8581E-06   0.99099
FLUX  918  2755.00        1.088176E+14   4.4800E-06   4.8263E-06   0.92824
FLUX  919  2765.00        1.084241E+14   4.6319E-06   4.7949E-06   0.96601
FLUX  920  2775.00        1.080333E+14   4.7391E-06   4.7638E-06   0.99482
FLUX  921  2785.00        1.076454E+14   4.7298E-06   4.7329E-06   0.99933
FLUX  922  2795.00        1.072603E+14   4.7023E-06   4.7024E-06   0.99998
FLUX  923  2805.00        1.068779E+14   4.6721E-06   4.6722E-06   0.99999
FLUX  924  2815.00        1.064982E+14   4.6421E-06   4.6422E-06   0.99998
FLUX  925  2825.00        1.061212E+14   4.6125E-06   4.6126E-06   0.99998
FLUX  926  2835.00        1.057469E+14   4.5831E-06   4.5832E-06   0.99998
FLUX  927  2845.00        1.053752E+14   4.5508E-06   4.5541E-06   0.99928
FLUX  928  2855.00        1.050061E+14   4.5049E-06   4.5253E-06   0.99550
FLUX  929  2865.00        1.046396E+14   4.3811E-06   4.4967E-06   0.97428
FLUX  930  2875.00        1.042757E+14   4.1083E-06   4.4685E-06   0.91940
FLUX  931  2885.00        1.039142E+14   4.3903E-06   4.4405E-06   0.98871
FLUX  932  2895.00        1.035553E+14   4.4020E-06   4.4127E-06   0.99757
FLUX  933  2905.00        1.031988E+14   4.3851E-06   4.3853E-06   0.99997
FLUX  934  2915.00        1.028448E+14   4.3567E-06   4.3580E-06   0.99970
FLUX  935  2925.00        1.024932E+14   4.3308E-06   4.3311E-06   0.99994
FLUX  936  2935.00        1.021440E+14   4.3043E-06   4.3043E-06   0.99999
FLUX  937  2945.00        1.017971E+14   4.2778E-06   4.2779E-06   0.99998
FLUX  938  2955.00        1.014526E+14   4.2516E-06   4.2516E-06   0.99999
FLUX  939  2965.00        1.011105E+14   4.2256E-06   4.2256E-06   0.99999
FLUX  940  2975.00        1.007706E+14   4.1998E-06   4.1999E-06   0.99999
FLUX  941  2985.00        1.004330E+14   4.1743E-06   4.1744E-06   0.99999
FLUX  942  2995.00        1.000977E+14   4.1490E-06   4.1491E-06   0.99997
FLUX  943  3005.00        9.976456E+13   4.1236E-06   4.1240E-06   0.99989
FLUX  944  3015.00        9.943367E+13   4.0925E-06   4.0992E-06   0.99837
FLUX  945  3025.00        9.910496E+13   4.0423E-06   4.0746E-06   0.99208
FLUX  946  3035.00        9.877842E+13   3.7884E-06   4.0502E-06   0.93535
FLUX  947  3045.00        9.845402E+13   3.8530E-06   4.0261E-06   0.95703
FLUX  948  3055.00        9.813175E+13   3.9778E-06   4.0021E-06   0.99392
FLUX  949  3065.00        9.781158E+13   3.9738E-06   3.9784E-06   0.99886
FLUX  950  3075.00        9.749350E+13   3.9545E-06   3.9548E-06   0.99991
FLUX  951  3085.00        9.717747E+13   3.9304E-06   3.9315E-06   0.99973
FLUX  952  3095.00        9.686349E+13   3.9079E-06   3.9084E-06   0.99988
FLUX  953  3105.00        9.655153E+13   3.8849E-06   3.8855E-06   0.99985
FLUX  954  3115.00        9.624157E+13   3.8616E-06   3.8628E-06   0.99969
FLUX  955  3125.00        9.593360E+13   3.8395E-06   3.8403E-06   0.99980
FLUX  956  3135.00        9.562759E+13   3.8174E-06   3.8179E-06   0.99987
FLUX  957  3145.00        9.532353E+13   3.7949E-06   3.7958E-06   0.99974
FLUX  958  3155.00        9.502139E+13   3.7737E-06   3.7739E-06   0.99994
FLUX  959  3165.00        9.472117E+13   3.7521E-06   3.7522E-06   1.00000
FLUX  960  3175.00        9.442283E+13   3.7301E-06   3.7306E-06   0.99986
FLUX  961  3185.00        9.412637E+13   3.7092E-06   3.7093E-06   0.99999
FLUX  962  3195.00        9.383177E+13   3.6880E-06   3.6881E-06   0.99998
FLUX  963  3210.00        9.339330E+13   3.6565E-06   3.6567E-06   0.99997
FLUX  964  3230.00        9.281502E+13   3.6153E-06   3.6154E-06   0.99999
FLUX  965  3250.00        9.224385E+13   3.5747E-06   3.5748E-06   0.99998
FLUX  966  3270.00        9.167966E+13   3.5279E-06   3.5349E-06   0.99802
FLUX  967  3290.00        9.112234E+13   3.3181E-06   3.5269E-06   0.94080
FLUX  968  3310.00        9.057175E+13   3.3993E-06   3.4878E-06   0.97464
FLUX  969  3330.00        9.002778E+13   3.4066E-06   3.4493E-06   0.98763
FLUX  970  3350.00        8.949030E+13   3.3729E-06   3.4115E-06   0.98870
FLUX  971  3370.00        8.895920E+13   3.3361E-06   3.3742E-06   0.98869
FLUX  972  3390.00        8.843437E+13   3.3014E-06   3.3376E-06   0.98914
FLUX  973  3410.00        8.791569E+13   3.2666E-06   3.3016E-06   0.98941
FLUX  974  3430.00        8.740306E+13   3.2325E-06   3.2662E-06   0.98970
FLUX  975  3450.00        8.689638E+13   3.1989E-06   3.2313E-06   0.98999
FLUX  976  3470.00        8.639553E+13   3.1654E-06   3.1970E-06   0.99013
FLUX  977  3490.00        8.590043E+13   3.1324E-06   3.1632E-06   0.99027
FLUX  978  3510.00        8.541097E+13   3.1000E-06   3.1300E-06   0.99041
FLUX  979  3530.00        8.492705E+13   3.0680E-06   3.0973E-06   0.99054
FLUX  980  3550.00        8.444859E+13   3.0360E-06   3.0651E-06   0.99051
FLUX  981  3570.00        8.397549E+13   3.0040E-06   3.0334E-06   0.99032
FLUX  982  3590.00        8.350766E+13   2.9758E-06   3.0022E-06   0.99122
FLUX  983  3610.00        8.304501E+13   2.9418E-06   2.9714E-06   0.99003
FLUX  984  3630.00        8.258747E+13   2.9166E-06   2.9412E-06   0.99162
FLUX  985  3650.00        8.213493E+13   2.8804E-06   2.9114E-06   0.98937
FLUX  986  3670.00        8.168733E+13   2.8602E-06   2.8820E-06   0.99243
FLUX  987  3690.00        8.124458E+13   2.8169E-06   2.8531E-06   0.98729
FLUX  988  3710.00        8.080660E+13   2.7995E-06   2.8247E-06   0.99110
FLUX  989  3730.00        8.037332E+13   2.7099E-06   2.7966E-06   0.96898
FLUX  990  3750.00        7.994467E+13   2.6461E-06   2.7690E-06   0.95561
FLUX  991  3770.00        7.952056E+13   2.7200E-06   2.7418E-06   0.99207
FLUX  992  3790.00        7.910092E+13   2.6994E-06   2.7149E-06   0.99426
FLUX  993  3810.00        7.868570E+13   2.6509E-06   2.6885E-06   0.98599
FLUX  994  3830.00        7.827480E+13   2.6299E-06   2.6625E-06   0.98777
FLUX  995  3850.00        7.786818E+13   2.6251E-06   2.6368E-06   0.99556
FLUX  996  3870.00        7.746576E+13   2.6005E-06   2.6115E-06   0.99579
FLUX  997  3890.00        7.706748E+13   2.5686E-06   2.5866E-06   0.99305
FLUX  998  3910.00        7.667327E+13   2.4981E-06   2.5620E-06   0.97506
FLUX  999  3930.00        7.628308E+13   2.5257E-06   2.5378E-06   0.99527
FLUX 1000  3950.00        7.589684E+13   2.5066E-06   2.5139E-06   0.99709
FLUX 1001  3970.00        7.551448E+13   2.4838E-06   2.4903E-06   0.99739
FLUX 1002  3990.00        7.513596E+13   2.4584E-06   2.4671E-06   0.99649
FLUX 1003  4010.00        7.476122E+13   2.4008E-06   2.4442E-06   0.98223
FLUX 1004  4030.00        7.439020E+13   2.3614E-06   2.4216E-06   0.97513
FLUX 1005  4050.00        7.402284E+13   2.2915E-06   2.3994E-06   0.95504
FLUX 1006  4070.00        7.365909E+13   2.3627E-06   2.3774E-06   0.99381
FLUX 1007  4090.00        7.329890E+13   2.3534E-06   2.3558E-06   0.99901
FLUX 1008  4110.00        7.294221E+13   2.3342E-06   2.3344E-06   0.99992
FLUX 1009  4130.00        7.258898E+13   2.3131E-06   2.3133E-06   0.99989
FLUX 1010  4150.00        7.223916E+13   2.2810E-06   2.2925E-06   0.99495
FLUX 1011  4170.00        7.189269E+13   2.1787E-06   2.2720E-06   0.95891
FLUX 1012  4190.00        7.154952E+13   2.2383E-06   2.2518E-06   0.99399
FLUX 1013  4210.00        7.120962E+13   2.2311E-06   2.2318E-06   0.99968
FLUX 1014  4230.00        7.087293E+13   2.2121E-06   2.2121E-06   0.99999
FLUX 1015  4250.00        7.053941E+13   2.1927E-06   2.1927E-06   0.99999
FLUX 1016  4270.00        7.020902E+13   2.1735E-06   2.1735E-06   0.99999
FLUX 1017  4290.00        6.988170E+13   2.1546E-06   2.1546E-06   0.99999
FLUX 1018  4310.00        6.955742E+13   2.1359E-06   2.1359E-06   0.99999
FLUX 1019  4330.00        6.923614E+13   2.1174E-06   2.1174E-06   0.99997
FLUX 1020  4350.00        6.891782E+13   2.0941E-06   2.0992E-06   0.99755
FLUX 1021  4370.00        6.860240E+13   2.0009E-06   2.0812E-06   0.96140
FLUX 1022  4390.00        6.828986E+13   2.0341E-06   2.0635E-06   0.98574
FLUX 1023  4410.00        6.798016E+13   2.0444E-06   2.0460E-06   0.99925
FLUX 1024  4430.00        6.767325E+13   2.0286E-06   2.0287E-06   0.99997
FLUX 1025  4450.00        6.736910E+13   2.0116E-06   2.0116E-06   0.99997
FLUX 1026  4470.00        6.706767E+13   1.9977E-06   2.0030E-06   0.99735
FLUX 1027  4490.00        6.676893E+13   1.9776E-06   1.9862E-06   0.99568
FLUX 1028  4510.00        6.647284E+13   1.9614E-06   1.9697E-06   0.99578
FLUX 1029  4530.00        6.617936E+13   1.9452E-06   1.9533E-06   0.99581
FLUX 1030  4550.00        6.588846E+13   1.9291E-06   1.9372E-06   0.99582
FLUX 1031  4570.00        6.560011E+13   1.9131E-06   1.9213E-06   0.99573
FLUX 1032  4590.00        6.531427E+13   1.8970E-06   1.9055E-06   0.99550
FLUX 1033  4610.00        6.503091E+13   1.8804E-06   1.8900E-06   0.99496
FLUX 1034  4630.00        6.475000E+13   1.8590E-06   1.8746E-06   0.99167
FLUX 1035  4650.00        6.447151E+13   1.7650E-06   1.8594E-06   0.94922
FLUX 1036  4670.00        6.419540E+13   1.7487E-06   1.8444E-06   0.94810
FLUX 1037  4690.00        6.392164E+13   1.8065E-06   1.8296E-06   0.98736
FLUX 1038  4710.00        6.365021E+13   1.8055E-06   1.8150E-06   0.99477
FLUX 1039  4730.00        6.338108E+13   1.7930E-06   1.8006E-06   0.99583
FLUX 1040  4750.00        6.311421E+13   1.7793E-06   1.7863E-06   0.99611
FLUX 1041  4770.00        6.284958E+13   1.7656E-06   1.7722E-06   0.99631
FLUX 1042  4790.00        6.258716E+13   1.7520E-06   1.7582E-06   0.99645
FLUX 1043  4810.00        6.232692E+13   1.7383E-06   1.7444E-06   0.99650
FLUX 1044  4830.00        6.206884E+13   1.7249E-06   1.7308E-06   0.99658
FLUX 1045  4850.00        6.181289E+13   1.7115E-06   1.7173E-06   0.99658
FLUX 1046  4870.00        6.155903E+13   1.6983E-06   1.7040E-06   0.99663
FLUX 1047  4890.00        6.130726E+13   1.6852E-06   1.6909E-06   0.99661
FLUX 1048  4910.00        6.105754E+13   1.6723E-06   1.6779E-06   0.99665
FLUX 1049  4930.00        6.080984E+13   1.6593E-06   1.6650E-06   0.99657
FLUX 1050  4950.00        6.056414E+13   1.6471E-06   1.6523E-06   0.99681
FLUX 1051  4970.00        6.032042E+13   1.6338E-06   1.6398E-06   0.99634
FLUX 1052  4990.00        6.007866E+13   1.6222E-06   1.6274E-06   0.99685
FLUX 1053  5010.00        5.983882E+13   1.6098E-06   1.6151E-06   0.99670
FLUX 1054  5030.00        5.960089E+13   1.5966E-06   1.6030E-06   0.99602
FLUX 1055  5050.00        5.936485E+13   1.5860E-06   1.5910E-06   0.99691
FLUX 1056  5070.00        5.913067E+13   1.5737E-06   1.5791E-06   0.99659
FLUX 1057  5090.00        5.889833E+13   1.5585E-06   1.5674E-06   0.99436
FLUX 1058  5110.00        5.866781E+13   1.5396E-06   1.5557E-06   0.98965
FLUX 1059  5130.00        5.843908E+13   1.4695E-06   1.5443E-06   0.95157
FLUX 1060  5150.00        5.821214E+13   1.5202E-06   1.5329E-06   0.99169
FLUX 1061  5170.00        5.798694E+13   1.5121E-06   1.5217E-06   0.99366
FLUX 1062  5190.00        5.776349E+13   1.5057E-06   1.5106E-06   0.99673
FLUX 1063  5210.00        5.754175E+13   1.4960E-06   1.4996E-06   0.99758
FLUX 1064  5230.00        5.732170E+13   1.4851E-06   1.4888E-06   0.99757
FLUX 1065  5250.00        5.710333E+13   1.4717E-06   1.4780E-06   0.99572
FLUX 1066  5270.00        5.688662E+13   1.4581E-06   1.4674E-06   0.99366
FLUX 1067  5290.00        5.667155E+13   1.4532E-06   1.4569E-06   0.99748
FLUX 1068  5310.00        5.645810E+13   1.4459E-06   1.4465E-06   0.99959
FLUX 1069  5330.00        5.624625E+13   1.4361E-06   1.4362E-06   0.99990
FLUX 1070  5350.00        5.603598E+13   1.4230E-06   1.4260E-06   0.99787
FLUX 1071  5370.00        5.582728E+13   1.4061E-06   1.4159E-06   0.99302
FLUX 1072  5390.00        5.562013E+13   1.3965E-06   1.4060E-06   0.99325
FLUX 1073  5410.00        5.541451E+13   1.3938E-06   1.3961E-06   0.99836
FLUX 1074  5430.00        5.521041E+13   1.3862E-06   1.3864E-06   0.99990
FLUX 1075  5450.00        5.500780E+13   1.3766E-06   1.3767E-06   0.99991
FLUX 1076  5470.00        5.480667E+13   1.3670E-06   1.3672E-06   0.99990
FLUX 1077  5490.00        5.460701E+13   1.3565E-06   1.3577E-06   0.99912
FLUX 1078  5510.00        5.440880E+13   1.3408E-06   1.3483E-06   0.99444
FLUX 1079  5530.00        5.421203E+13   1.3219E-06   1.3391E-06   0.98714
FLUX 1080  5550.00        5.401667E+13   1.3265E-06   1.3299E-06   0.99740
FLUX 1081  5570.00        5.382271E+13   1.3207E-06   1.3208E-06   0.99989
FLUX 1082  5590.00        5.363014E+13   1.3117E-06   1.3119E-06   0.99988
FLUX 1083  5610.00        5.343895E+13   1.3029E-06   1.3030E-06   0.99997
FLUX 1084  5630.00        5.324911E+13   1.2942E-06   1.2942E-06   0.99998
FLUX 1085  5650.00        5.306062E+13   1.2854E-06   1.2855E-06   0.99998
FLUX 1086  5670.00        5.287346E+13   1.2767E-06   1.2769E-06   0.99990
FLUX 1087  5690.00        5.268761E+13   1.2633E-06   1.2683E-06   0.99605
FLUX 1088  5710.00        5.250306E+13   1.2348E-06   1.2599E-06   0.98011
FLUX 1089  5730.00        5.231981E+13   1.2451E-06   1.2515E-06   0.99487
FLUX 1090  5750.00        5.213783E+13   1.2427E-06   1.2432E-06   0.99961
FLUX 1091  5770.00        5.195711E+13   1.2350E-06   1.2350E-06   0.99998
FLUX 1092  5790.00        5.177763E+13   1.2269E-06   1.2269E-06   0.99997
FLUX 1093  5810.00        5.159940E+13   1.2188E-06   1.2189E-06   0.99998
FLUX 1094  5830.00        5.142238E+13   1.2100E-06   1.2109E-06   0.99929
FLUX 1095  5850.00        5.124658E+13   1.2016E-06   1.2056E-06   0.99674
FLUX 1096  5870.00        5.107198E+13   1.1927E-06   1.1977E-06   0.99582
FLUX 1097  5890.00        5.089856E+13   1.1768E-06   1.1900E-06   0.98896
FLUX 1098  5910.00        5.072631E+13   1.1253E-06   1.1823E-06   0.95182
FLUX 1099  5930.00        5.055523E+13   1.1630E-06   1.1747E-06   0.99002
FLUX 1100  5950.00        5.038529E+13   1.1361E-06   1.1672E-06   0.97340
FLUX 1101  5970.00        5.021650E+13   1.1433E-06   1.1597E-06   0.98590
FLUX 1102  5990.00        5.004883E+13   1.1476E-06   1.1523E-06   0.99587
FLUX 1103  6010.00        4.988228E+13   1.1417E-06   1.1450E-06   0.99711
FLUX 1104  6030.00        4.971683E+13   1.1349E-06   1.1377E-06   0.99748
FLUX 1105  6050.00        4.955248E+13   1.1279E-06   1.1306E-06   0.99765
FLUX 1106  6070.00        4.938921E+13   1.1209E-06   1.1234E-06   0.99775
FLUX 1107  6090.00        4.922701E+13   1.1140E-06   1.1164E-06   0.99781
FLUX 1108  6110.00        4.906588E+13   1.1070E-06   1.1094E-06   0.99784
FLUX 1109  6130.00        4.890579E+13   1.1002E-06   1.1025E-06   0.99792
FLUX 1110  6150.00        4.874675E+13   1.0934E-06   1.0957E-06   0.99794
FLUX 1111  6170.00        4.858874E+13   1.0866E-06   1.0889E-06   0.99796
FLUX 1112  6190.00        4.843174E+13   1.0799E-06   1.0821E-06   0.99795
FLUX 1113  6210.00        4.827576E+13   1.0732E-06   1.0755E-06   0.99790
FLUX 1114  6230.00        4.812079E+13   1.0664E-06   1.0689E-06   0.99767
FLUX 1115  6250.00        4.796680E+13   1.0591E-06   1.0623E-06   0.99697
FLUX 1116  6270.00        4.781380E+13   1.0480E-06   1.0559E-06   0.99255
FLUX 1117  6290.00        4.766176E+13   1.0106E-06   1.0494E-06   0.96299
FLUX 1118  6310.00        4.751070E+13   1.0325E-06   1.0431E-06   0.98986
FLUX 1119  6330.00        4.736058E+13   1.0334E-06   1.0368E-06   0.99672
FLUX 1120  6350.00        4.721142E+13   1.0282E-06   1.0305E-06   0.99774
FLUX 1121  6370.00        4.706319E+13   1.0237E-06   1.0243E-06   0.99939
FLUX 1122  6390.00        4.691588E+13   1.0181E-06   1.0182E-06   0.99990
FLUX 1123  6420.00        4.669665E+13   1.0091E-06   1.0091E-06   0.99997
FLUX 1124  6460.00        4.640751E+13   9.9704E-07   9.9714E-07   0.99990
FLUX 1125  6500.00        4.612192E+13   9.8530E-07   9.8540E-07   0.99990
FLUX 1126  6540.00        4.583983E+13   9.7384E-07   9.7387E-07   0.99997
FLUX 1127  6580.00        4.556117E+13   9.6244E-07   9.6254E-07   0.99990
FLUX 1128  6620.00        4.528588E+13   9.5121E-07   9.5141E-07   0.99980
FLUX 1129  6660.00        4.501389E+13   9.4037E-07   9.4047E-07   0.99989
FLUX 1130  6700.00        4.474515E+13   9.2868E-07   9.2971E-07   0.99890
FLUX 1131  6740.00        4.447960E+13   9.1415E-07   9.1914E-07   0.99457
FLUX 1132  6780.00        4.421718E+13   8.8581E-07   9.0875E-07   0.97475
FLUX 1133  6820.00        4.395784E+13   8.9575E-07   8.9853E-07   0.99691
FLUX 1134  6860.00        4.370153E+13   8.8829E-07   8.8848E-07   0.99978
FLUX 1135  6900.00        4.344819E+13   8.7852E-07   8.7861E-07   0.99990
FLUX 1136  6940.00        4.319777E+13   8.6717E-07   8.6889E-07   0.99802
FLUX 1137  6980.00        4.295021E+13   8.5923E-07   8.5933E-07   0.99989
FLUX 1138  7020.00        4.270548E+13   8.4987E-07   8.4993E-07   0.99992
FLUX 1139  7060.00        4.246353E+13   8.4032E-07   8.4069E-07   0.99957
FLUX 1140  7100.00        4.222430E+13   8.2942E-07   8.3159E-07   0.99739
FLUX 1141  7140.00        4.198775E+13   8.2262E-07   8.2264E-07   0.99997
FLUX 1142  7180.00        4.175383E+13   8.1381E-07   8.1384E-07   0.99997
FLUX 1143  7220.00        4.152251E+13   8.0507E-07   8.0517E-07   0.99987
FLUX 1144  7260.00        4.129373E+13   7.9410E-07   7.9664E-07   0.99680
FLUX 1145  7300.00        4.106747E+13   7.8741E-07   7.8825E-07   0.99893
FLUX 1146  7340.00        4.084366E+13   7.7997E-07   7.7999E-07   0.99997
FLUX 1147  7380.00        4.062229E+13   7.7112E-07   7.7186E-07   0.99904
FLUX 1148  7420.00        4.040330E+13   7.6081E-07   7.6388E-07   0.99598
FLUX 1149  7460.00        4.018666E+13   7.3370E-07   7.5602E-07   0.97048
FLUX 1150  7500.00        3.997233E+13   7.1748E-07   7.4828E-07   0.95885
FLUX 1151  7540.00        3.976028E+13   7.3525E-07   7.4066E-07   0.99270
FLUX 1152  7580.00        3.955046E+13   7.3134E-07   7.3315E-07   0.99752
FLUX 1153  7620.00        3.934285E+13   7.2561E-07   7.2576E-07   0.99980
FLUX 1154  7660.00        3.913740E+13   7.1841E-07   7.1848E-07   0.99991
FLUX 1155  7700.00        3.893409E+13   7.1128E-07   7.1130E-07   0.99997
FLUX 1156  7740.00        3.873288E+13   7.0294E-07   7.0424E-07   0.99816
FLUX 1157  7780.00        3.853374E+13   6.9115E-07   6.9728E-07   0.99121
FLUX 1158  7820.00        3.833664E+13   6.8914E-07   6.9042E-07   0.99815
FLUX 1159  7860.00        3.814154E+13   6.8364E-07   6.8366E-07   0.99997
FLUX 1160  7900.00        3.794842E+13   6.7698E-07   6.7700E-07   0.99998
FLUX 1161  7940.00        3.775724E+13   6.7042E-07   6.7043E-07   0.99998
FLUX 1162  7980.00        3.756798E+13   6.6395E-07   6.6397E-07   0.99997
FLUX 1163  8020.00        3.738061E+13   6.5757E-07   6.5759E-07   0.99997
FLUX 1164  8060.00        3.719510E+13   6.5129E-07   6.5130E-07   0.99997
FLUX 1165  8100.00        3.701142E+13   6.4469E-07   6.4511E-07   0.99935
FLUX 1166  8140.00        3.682955E+13   6.3230E-07   6.3900E-07   0.98952
FLUX 1167  8180.00        3.664945E+13   6.2962E-07   6.3298E-07   0.99469
FLUX 1168  8220.00        3.647111E+13   6.2702E-07   6.2704E-07   0.99997
FLUX 1169  8260.00        3.629449E+13   6.2117E-07   6.2118E-07   0.99998
FLUX 1170  8300.00        3.611958E+13   6.1540E-07   6.1541E-07   0.99998
FLUX 1171  8340.00        3.594634E+13   6.0967E-07   6.0972E-07   0.99992
FLUX 1172  8380.00        3.577476E+13   6.0405E-07   6.0410E-07   0.99991
FLUX 1173  8420.00        3.560481E+13   5.9852E-07   5.9857E-07   0.99993
FLUX 1174  8460.00        3.543647E+13   5.9309E-07   5.9310E-07   0.99998
FLUX 1175  8500.00        3.526971E+13   5.8770E-07   5.8772E-07   0.99998
FLUX 1176  8540.00        3.510451E+13   5.8239E-07   5.8240E-07   0.99998
FLUX 1177  8580.00        3.494085E+13   5.7714E-07   5.7716E-07   0.99997
FLUX 1178  8620.00        3.477871E+13   5.7088E-07   5.7198E-07   0.99806
FLUX 1179  8660.00        3.461807E+13   5.5675E-07   5.6688E-07   0.98213
FLUX 1180  8700.00        3.445891E+13   5.5948E-07   5.6184E-07   0.99579
FLUX 1181  8740.00        3.430120E+13   5.4771E-07   5.5687E-07   0.98354
FLUX 1182  8780.00        3.414493E+13   5.4298E-07   5.5197E-07   0.98372
FLUX 1183  8820.00        3.399008E+13   5.4679E-07   5.4713E-07   0.99938
FLUX 1184  8860.00        3.383663E+13   5.4234E-07   5.4235E-07   0.99997
FLUX 1185  8900.00        3.368455E+13   5.3763E-07   5.3764E-07   0.99998
FLUX 1186  8940.00        3.353384E+13   5.3298E-07   5.3299E-07   0.99999
FLUX 1187  8980.00        3.338447E+13   5.2838E-07   5.2839E-07   0.99998
FLUX 1188  9020.00        3.323642E+13   5.2385E-07   5.2386E-07   0.99998
FLUX 1189  9060.00        3.308968E+13   5.1937E-07   5.1938E-07   0.99997
FLUX 1190  9100.00        3.294423E+13   5.1495E-07   5.1496E-07   0.99998
FLUX 1191  9140.00        3.280005E+13   5.1059E-07   5.1060E-07   0.99997
FLUX 1192  9180.00        3.265714E+13   5.0628E-07   5.0629E-07   0.99998
FLUX 1193  9220.00        3.251546E+13   5.0202E-07   5.0204E-07   0.99997
FLUX 1194  9260.00        3.237500E+13   4.9677E-07   4.9784E-07   0.99787
FLUX 1195  9300.00        3.223575E+13   4.9359E-07   4.9369E-07   0.99980
FLUX 1196  9340.00        3.209770E+13   4.8866E-07   4.8959E-07   0.99809
FLUX 1197  9380.00        3.196082E+13   4.7545E-07   4.8554E-07   0.97921
FLUX 1198  9420.00        3.182511E+13   4.7811E-07   4.8155E-07   0.99287
FLUX 1199  9460.00        3.169054E+13   4.7729E-07   4.7760E-07   0.99936
FLUX 1200  9500.00        3.155711E+13   4.7296E-07   4.7370E-07   0.99843
FLUX 1201  9540.00        3.142479E+13   4.6897E-07   4.6985E-07   0.99814
FLUX 1202  9580.00        3.129358E+13   4.6603E-07   4.6604E-07   0.99998
FLUX 1203  9620.00        3.116346E+13   4.6227E-07   4.6228E-07   0.99998
FLUX 1204  9660.00        3.103442E+13   4.5856E-07   4.5857E-07   0.99998
FLUX 1205  9700.00        3.090644E+13   4.5489E-07   4.5490E-07   0.99998
FLUX 1206  9740.00        3.077952E+13   4.5126E-07   4.5127E-07   0.99998
FLUX 1207  9780.00        3.065363E+13   4.4768E-07   4.4769E-07   0.99998
FLUX 1208  9820.00        3.052877E+13   4.4355E-07   4.4415E-07   0.99865
FLUX 1209  9860.00        3.040492E+13   4.3931E-07   4.4065E-07   0.99696
FLUX 1210  9900.00        3.028207E+13   4.3718E-07   4.3719E-07   0.99997
FLUX 1211  9940.00        3.016021E+13   4.3376E-07   4.3377E-07   0.99998
FLUX 1212  9980.00        3.003933E+13   4.3039E-07   4.3039E-07   0.99998
FLUX 1213 10020.00        2.991941E+13   4.2705E-07   4.2705E-07   0.99998
FLUX 1214 20000.00        1.498963E+13   1.0963E-07   1.0963E-07   1.00000
FLUX 1215 40000.00        7.494813E+12   2.7430E-08   2.7430E-08   1.00000
FLUX 1216 60000.00        4.996542E+12   1.2119E-08   1.2119E-08   1.00000
FLUX 1217 80000.00        3.747406E+12   6.7751E-09   6.7751E-09   1.00000
FLUX 1218100000.00        2.997925E+12   4.3115E-09   4.3115E-09   1.00000
FLUX 1219120000.00        2.498271E+12   2.9790E-09   2.9790E-09   1.00000
FLUX 1220140000.00        2.141375E+12   2.1788E-09   2.1788E-09   1.00000
FLUX 1221160000.00        1.873703E+12   1.6615E-09   1.6615E-09   1.00000
FLUX
