TEFF   6000.  GRAVITY 4.50000 LTE 
TITLE  [-1.0] VTURB=2  L/H=1.25 NOVER NEW ODF                                   
FLUX    1     9.09        3.298047E+16   1.0000E-50   0.0000E+00   1.00000
FLUX    2     9.35        3.206337E+16   1.0000E-50   0.0000E+00   1.00000
FLUX    3     9.61        3.119589E+16   1.0000E-50   0.0000E+00   1.00000
FLUX    4     9.77        3.068501E+16   1.0000E-50   0.0000E+00   1.00000
FLUX    5     9.96        3.009965E+16   1.0000E-50   0.0000E+00   1.00000
FLUX    6    10.20        2.939142E+16   6.0875-148   6.0876-148   0.99998
FLUX    7    10.38        2.888174E+16   2.0400-145   2.0400-145   0.99998
FLUX    8    10.56        2.838944E+16   5.5967-143   5.5968-143   0.99998
FLUX    9    10.77        2.783589E+16   3.0791-140   3.0791-140   0.99998
FLUX   10    11.04        2.715512E+16   7.2037-137   7.2039-137   0.99998
FLUX   11    11.40        2.629759E+16   1.2553-132   1.2554-132   0.99998
FLUX   12    11.78        2.544928E+16   1.9585-128   1.9585-128   0.99998
FLUX   13    12.13        2.471496E+16   8.3014-125   8.3016-125   0.99998
FLUX   14    12.48        2.402183E+16   2.1901-121   2.1901-121   0.99998
FLUX   15    12.71        2.358714E+16   3.0560-119   3.0561-119   0.99998
FLUX   16    12.84        2.334833E+16   4.6039-118   4.6040-118   0.99998
FLUX   17    13.05        2.297261E+16   3.2800-116   3.2801-116   0.99998
FLUX   18    13.24        2.264294E+16   1.3828-114   1.3828-114   0.99998
FLUX   19    13.39        2.238928E+16   2.4587-113   2.4587-113   0.99998
FLUX   20    13.66        2.194674E+16   3.7206-111   3.7206-111   0.99998
FLUX   21    13.98        2.144438E+16   1.1066-108   1.1066-108   0.99998
FLUX   22    14.33        2.092062E+16   4.1750-106   4.1750-106   0.99998
FLUX   23    14.72        2.036634E+16   2.2170-103   2.2170-103   0.99998
FLUX   24    15.10        1.985381E+16   7.3110-101   7.3111-101   0.99998
FLUX   25    15.52        1.931653E+16   3.1766E-98   3.1767E-98   0.99998
FLUX   26    15.88        1.887862E+16   4.4674E-96   4.4675E-96   0.99998
FLUX   27    16.20        1.850571E+16   3.0079E-94   3.0080E-94   0.99998
FLUX   28    16.60        1.805979E+16   4.6033E-92   4.6034E-92   0.99998
FLUX   29    17.03        1.760379E+16   7.8638E-90   7.8639E-90   0.99998
FLUX   30    17.34        1.728907E+16   2.7243E-88   2.7243E-88   0.99998
FLUX   31    17.68        1.695659E+16   1.1505E-86   1.1505E-86   0.99998
FLUX   32    18.02        1.663665E+16   4.2096E-85   4.2096E-85   0.99998
FLUX   33    18.17        1.649931E+16   1.9725E-84   1.9726E-84   0.99998
FLUX   34    18.61        1.610922E+16   1.5834E-82   1.5834E-82   0.99998
FLUX   35    19.10        1.569594E+16   1.6422E-80   1.6422E-80   0.99998
FLUX   36    19.39        1.546119E+16   2.2845E-79   2.2845E-79   0.99998
FLUX   37    19.84        1.511051E+16   1.1637E-77   1.1638E-77   0.99998
FLUX   38    20.18        1.485592E+16   2.0187E-76   2.0188E-76   0.99998
FLUX   39    20.50        1.462402E+16   2.7151E-75   2.7151E-75   0.99998
FLUX   40    21.05        1.424192E+16   1.9512E-73   1.9513E-73   0.99998
FLUX   41    21.62        1.386644E+16   1.2972E-71   1.2972E-71   0.99998
FLUX   42    21.98        1.363933E+16   1.6392E-70   1.6393E-70   0.99998
FLUX   43    22.30        1.344361E+16   1.4540E-69   1.4541E-69   0.99998
FLUX   44    22.68        1.321836E+16   1.7920E-68   1.7921E-68   0.99998
FLUX   45    23.00        1.303446E+16   1.3928E-67   1.3928E-67   0.99998
FLUX   46    23.40        1.281165E+16   1.6637E-66   1.6638E-66   0.99998
FLUX   47    24.00        1.249135E+16   5.8653E-65   5.8654E-65   0.99998
FLUX   48    24.65        1.216197E+16   2.2803E-63   2.2803E-63   0.99998
FLUX   49    25.24        1.187767E+16   5.3537E-62   5.3538E-62   0.99998
FLUX   50    25.68        1.167416E+16   5.1167E-61   5.1167E-61   0.99998
FLUX   51    26.00        1.153048E+16   2.5157E-60   2.5157E-60   0.99998
FLUX   52    26.40        1.135578E+16   1.7423E-59   1.7424E-59   0.99998
FLUX   53    26.85        1.116546E+16   1.4302E-58   1.4302E-58   0.99998
FLUX   54    27.35        1.096133E+16   1.3645E-57   1.3645E-57   0.99998
FLUX   55    27.85        1.076454E+16   1.1999E-56   1.2000E-56   0.99998
FLUX   56    28.40        1.055607E+16   1.1969E-55   1.1969E-55   0.99998
FLUX   57    29.00        1.033767E+16   1.3280E-54   1.3281E-54   0.99998
FLUX   58    29.60        1.012813E+16   1.3311E-53   1.3311E-53   0.99998
FLUX   59    30.10        9.959884E+15   8.4671E-53   8.4673E-53   0.99997
FLUX   60    30.80        9.733523E+15   1.0173E-51   1.0173E-51   0.99998
FLUX   61    31.80        9.427437E+15   2.9165E-50   2.9166E-50   0.99998
FLUX   62    32.80        9.140015E+15   6.7741E-49   6.7742E-49   0.99998
FLUX   63    33.80        8.869601E+15   1.2976E-47   1.2976E-47   0.99998
FLUX   64    34.80        8.614727E+15   2.0875E-46   2.0876E-46   0.99998
FLUX   65    35.70        8.397549E+15   2.2148E-45   2.2149E-45   0.99998
FLUX   66    36.60        8.191052E+15   2.0874E-44   2.0874E-44   0.99998
FLUX   67    37.50        7.994467E+15   1.7581E-43   1.7582E-43   0.99998
FLUX   68    38.50        7.786818E+15   1.6629E-42   1.6629E-42   0.99998
FLUX   69    39.50        7.589684E+15   1.3969E-41   1.3969E-41   0.99998
FLUX   70    40.50        7.402284E+15   1.0524E-40   1.0524E-40   0.99998
FLUX   71    41.40        7.241365E+15   5.9431E-40   5.9432E-40   0.99998
FLUX   72    42.20        7.104088E+15   2.5950E-39   2.5950E-39   0.99998
FLUX   73    43.00        6.971919E+15   1.0703E-38   1.0703E-38   0.99998
FLUX   74    44.10        6.798016E+15   6.8820E-38   6.8821E-38   0.99998
FLUX   75    45.10        6.647284E+15   3.4400E-37   3.4400E-37   0.99998
FLUX   76    46.00        6.517228E+15   1.3756E-36   1.3756E-36   0.99998
FLUX   77    47.00        6.378564E+15   6.0145E-36   6.0146E-36   0.99998
FLUX   78    48.00        6.245677E+15   2.4649E-35   2.4650E-35   0.99998
FLUX   79    49.00        6.118214E+15   9.5165E-35   9.5166E-35   0.99998
FLUX   80    50.00        5.995850E+15   3.4686E-34   3.4687E-34   0.99998
FLUX   81    50.60        5.924753E+15   9.7593E-34   1.1149E-33   0.87537
FLUX   82    51.20        5.855322E+15   2.2789E-33   2.3080E-33   0.98738
FLUX   83    52.00        5.765240E+15   5.8648E-33   5.9242E-33   0.98998
FLUX   84    53.00        5.656462E+15   1.8451E-32   1.8451E-32   0.99998
FLUX   85    54.00        5.551713E+15   5.4654E-32   5.4974E-32   0.99417
FLUX   86    55.00        5.450773E+15   1.5715E-31   1.5715E-31   0.99998
FLUX   87    56.00        5.353438E+15   4.3176E-31   4.3176E-31   0.99998
FLUX   88    57.00        5.259518E+15   1.1424E-30   1.1425E-30   0.99998
FLUX   89    58.00        5.168836E+15   2.8852E-30   2.9174E-30   0.98898
FLUX   90    59.00        5.081229E+15   7.2016E-30   7.2021E-30   0.99992
FLUX   91    60.00        4.996542E+15   1.7218E-29   1.7219E-29   0.99991
FLUX   92    61.00        4.914631E+15   3.9934E-29   3.9935E-29   0.99998
FLUX   93    62.00        4.835363E+15   8.9970E-29   8.9976E-29   0.99993
FLUX   94    63.00        4.758611E+15   1.9721E-28   1.9722E-28   0.99997
FLUX   95    64.00        4.684258E+15   4.2133E-28   4.2134E-28   0.99998
FLUX   96    65.00        4.612192E+15   8.7798E-28   8.7800E-28   0.99998
FLUX   97    65.80        4.556117E+15   1.5528E-27   1.5528E-27   0.99998
FLUX   98    66.50        4.508158E+15   2.5263E-27   2.5266E-27   0.99987
FLUX   99    67.50        4.441370E+15   4.9703E-27   4.9708E-27   0.99989
FLUX  100    68.50        4.376533E+15   9.5738E-27   9.5740E-27   0.99998
FLUX  101    69.50        4.313561E+15   1.8070E-26   1.8070E-26   0.99998
FLUX  102    70.50        4.252376E+15   3.3433E-26   3.3450E-26   0.99952
FLUX  103    71.60        4.187046E+15   6.4456E-26   6.4458E-26   0.99998
FLUX  104    72.60        4.129373E+15   1.1486E-25   1.1486E-25   0.99998
FLUX  105    73.50        4.078810E+15   1.9045E-25   1.9046E-25   0.99997
FLUX  106    74.50        4.024060E+15   3.2894E-25   3.2897E-25   0.99990
FLUX  107    75.50        3.970762E+15   5.5934E-25   5.5940E-25   0.99989
FLUX  108    76.50        3.918856E+15   9.3696E-25   9.3703E-25   0.99993
FLUX  109    77.50        3.868290E+15   1.5469E-24   1.5471E-24   0.99989
FLUX  110    78.50        3.819013E+15   2.5190E-24   2.5191E-24   0.99998
FLUX  111    79.50        3.770975E+15   4.0408E-24   4.0474E-24   0.99836
FLUX  112    80.50        3.724130E+15   6.4170E-24   6.4201E-24   0.99952
FLUX  113    81.50        3.678436E+15   1.0058E-23   1.0059E-23   0.99991
FLUX  114    82.50        3.633848E+15   1.5575E-23   1.5576E-23   0.99997
FLUX  115    83.50        3.590329E+15   2.3848E-23   2.3848E-23   0.99998
FLUX  116    84.50        3.547840E+15   3.6114E-23   3.6114E-23   0.99998
FLUX  117    85.50        3.506345E+15   5.4111E-23   5.4112E-23   0.99998
FLUX  118    86.50        3.465809E+15   8.0248E-23   8.0249E-23   0.99998
FLUX  119    87.50        3.426200E+15   1.1781E-22   1.1784E-22   0.99974
FLUX  120    88.50        3.387486E+15   1.7141E-22   1.7142E-22   0.99998
FLUX  121    89.50        3.349637E+15   2.4706E-22   2.4707E-22   0.99998
FLUX  122    90.50        3.312624E+15   3.5292E-22   3.5295E-22   0.99993
FLUX  123    91.50        3.276421E+15   1.7843E-18   5.4677E-18   0.32633
FLUX  124    92.50        3.241000E+15   6.5046E-18   7.9507E-18   0.81812
FLUX  125    93.50        3.206337E+15   9.1850E-18   1.1427E-17   0.80380
FLUX  126    94.50        3.172407E+15   1.3608E-17   1.6273E-17   0.83624
FLUX  127    95.50        3.139188E+15   1.9876E-17   2.3029E-17   0.86308
FLUX  128    96.50        3.106658E+15   2.8108E-17   3.2134E-17   0.87473
FLUX  129    97.50        3.074795E+15   3.7659E-17   4.4254E-17   0.85098
FLUX  130    98.50        3.043579E+15   5.3640E-17   6.2036E-17   0.86466
FLUX  131    99.50        3.012990E+15   7.3791E-17   8.5032E-17   0.86780
FLUX  132   100.50        2.983010E+15   1.0362E-16   1.1564E-16   0.89609
FLUX  133   101.50        2.953621E+15   1.3855E-16   1.5513E-16   0.89312
FLUX  134   102.50        2.924805E+15   1.7863E-16   2.1153E-16   0.84446
FLUX  135   103.50        2.896546E+15   2.5580E-16   2.8240E-16   0.90580
FLUX  136   104.50        2.868828E+15   3.4779E-16   3.7687E-16   0.92283
FLUX  137   105.50        2.841635E+15   4.5299E-16   4.9977E-16   0.90641
FLUX  138   106.50        2.814953E+15   6.0541E-16   6.5940E-16   0.91813
FLUX  139   107.50        2.788767E+15   8.0040E-16   8.6587E-16   0.92439
FLUX  140   108.50        2.763065E+15   1.0587E-15   1.1312E-15   0.93585
FLUX  141   109.50        2.737831E+15   1.3605E-15   1.4700E-15   0.92553
FLUX  142   110.50        2.713054E+15   3.0091E-15   2.8180E-14   0.10678
FLUX  143   111.50        2.688722E+15   7.3360E-15   3.7131E-14   0.19757
FLUX  144   112.50        2.664822E+15   1.1155E-14   4.7277E-14   0.23595
FLUX  145   113.50        2.641344E+15   1.7468E-14   5.8133E-14   0.30048
FLUX  146   114.50        2.618275E+15   2.2693E-14   6.9066E-14   0.32856
FLUX  147   115.50        2.595606E+15   2.5669E-14   7.8780E-14   0.32583
FLUX  148   116.50        2.573326E+15   3.0858E-14   8.5287E-14   0.36181
FLUX  149   117.50        2.551426E+15   3.7184E-14   8.5946E-14   0.43264
FLUX  150   118.50        2.529895E+15   3.9491E-14   1.9122E-13   0.20652
FLUX  151   119.50        2.508724E+15   2.4842E-14   2.2938E-13   0.10830
FLUX  152   120.50        2.487905E+15   2.0975E-14   2.7369E-13   0.07664
FLUX  153   121.50        2.467428E+15   1.4374E-14   3.2508E-13   0.04422
FLUX  154   122.50        2.447286E+15   2.9350E-14   3.8807E-13   0.07563
FLUX  155   123.50        2.427470E+15   6.3617E-14   4.5757E-13   0.13903
FLUX  156   124.50        2.407972E+15   1.2294E-13   2.2067E-13   0.55713
FLUX  157   125.50        2.388785E+15   1.9789E-13   3.8600E-13   0.51268
FLUX  158   126.50        2.369901E+15   2.6473E-13   5.8178E-13   0.45504
FLUX  159   127.50        2.351314E+15   3.7153E-13   7.7652E-13   0.47846
FLUX  160   128.50        2.333016E+15   5.5167E-13   1.0110E-12   0.54568
FLUX  161   129.50        2.315000E+15   6.8233E-13   1.2561E-12   0.54320
FLUX  162   130.50        2.297261E+15   9.0735E-13   1.5389E-12   0.58962
FLUX  163   131.50        2.279791E+15   1.1249E-12   1.8489E-12   0.60845
FLUX  164   132.50        2.262585E+15   1.3811E-12   2.1994E-12   0.62793
FLUX  165   133.50        2.245637E+15   1.6067E-12   2.5898E-12   0.62041
FLUX  166   134.50        2.228941E+15   1.9655E-12   3.0281E-12   0.64910
FLUX  167   135.50        2.212491E+15   2.2539E-12   3.5282E-12   0.63883
FLUX  168   136.50        2.196282E+15   2.7542E-12   4.1088E-12   0.67031
FLUX  169   137.50        2.180309E+15   3.0835E-12   4.7626E-12   0.64743
FLUX  170   138.50        2.164567E+15   3.4912E-12   5.4993E-12   0.63484
FLUX  171   139.50        2.149050E+15   4.0525E-12   6.3259E-12   0.64062
FLUX  172   140.50        2.133754E+15   4.7100E-12   7.2547E-12   0.64923
FLUX  173   141.50        2.118675E+15   5.6118E-12   8.2931E-12   0.67668
FLUX  174   142.50        2.103807E+15   6.1365E-12   9.4572E-12   0.64887
FLUX  175   143.50        2.089146E+15   7.0618E-12   1.0754E-11   0.65669
FLUX  176   144.20        2.079005E+15   8.5743E-12   1.1750E-11   0.72972
FLUX  177   144.70        2.071821E+15   8.1927E-12   1.2530E-11   0.65382
FLUX  178   145.50        2.060430E+15   9.7014E-12   1.3832E-11   0.70139
FLUX  179   146.50        2.046365E+15   1.0844E-11   1.5621E-11   0.69420
FLUX  180   147.50        2.032492E+15   1.1916E-11   1.7603E-11   0.67695
FLUX  181   148.50        2.018805E+15   1.3543E-11   1.9796E-11   0.68414
FLUX  182   149.50        2.005301E+15   1.6673E-11   2.2219E-11   0.75039
FLUX  183   150.50        1.991977E+15   1.9612E-11   2.4889E-11   0.78797
FLUX  184   151.20        1.982755E+15   1.8962E-11   2.6918E-11   0.70445
FLUX  185   151.70        1.976220E+15   2.1031E-11   3.4081E-11   0.61708
FLUX  186   152.50        1.965852E+15   2.5943E-11   6.3714E-11   0.40718
FLUX  187   153.50        1.953046E+15   4.0738E-11   1.2776E-10   0.31886
FLUX  188   154.50        1.940405E+15   4.3352E-11   1.4267E-10   0.30387
FLUX  189   155.50        1.927926E+15   5.1373E-11   1.5887E-10   0.32337
FLUX  190   156.50        1.915607E+15   5.1884E-11   1.7666E-10   0.29369
FLUX  191   157.50        1.903444E+15   6.6436E-11   2.1230E-10   0.31293
FLUX  192   158.50        1.891435E+15   7.5111E-11   2.3852E-10   0.31490
FLUX  193   159.50        1.879577E+15   8.4649E-11   2.6828E-10   0.31552
FLUX  194   160.50        1.867866E+15   9.0499E-11   3.0111E-10   0.30055
FLUX  195   161.50        1.856300E+15   1.0931E-10   3.3578E-10   0.32553
FLUX  196   162.50        1.844877E+15   1.2624E-10   3.8609E-10   0.32696
FLUX  197   163.50        1.833593E+15   1.6218E-10   4.2831E-10   0.37864
FLUX  198   164.50        1.822447E+15   2.1666E-10   4.7297E-10   0.45809
FLUX  199   165.50        1.811435E+15   1.8792E-10   5.2130E-10   0.36049
FLUX  200   166.50        1.800556E+15   2.9075E-10   5.7450E-10   0.50610
FLUX  201   167.20        1.793017E+15   2.5890E-10   6.1411E-10   0.42158
FLUX  202   167.70        1.787671E+15   3.4009E-10   3.8779E-09   0.08770
FLUX  203   168.50        1.779184E+15   4.5693E-10   2.9565E-08   0.01545
FLUX  204   169.50        1.768687E+15   5.5249E-10   3.2813E-08   0.01684
FLUX  205   170.50        1.758314E+15   8.0546E-10   3.6334E-08   0.02217
FLUX  206   171.50        1.748061E+15   1.5069E-09   4.9036E-08   0.03073
FLUX  207   172.50        1.737928E+15   3.0749E-09   5.3618E-08   0.05735
FLUX  208   173.50        1.727911E+15   5.7989E-09   5.7878E-08   0.10019
FLUX  209   174.50        1.718009E+15   8.4750E-09   6.2404E-08   0.13581
FLUX  210   175.50        1.708219E+15   1.5059E-08   6.6576E-08   0.22620
FLUX  211   176.50        1.698541E+15   1.0269E-08   7.0723E-08   0.14520
FLUX  212   177.50        1.688972E+15   1.6245E-08   7.4870E-08   0.21697
FLUX  213   178.50        1.679510E+15   2.3186E-08   7.8960E-08   0.29364
FLUX  214   179.50        1.670153E+15   3.2940E-08   8.3053E-08   0.39661
FLUX  215   180.50        1.660900E+15   2.5816E-08   8.7216E-08   0.29600
FLUX  216   181.50        1.651749E+15   2.5717E-08   9.1377E-08   0.28144
FLUX  217   182.50        1.642699E+15   2.4916E-08   9.5571E-08   0.26071
FLUX  218   183.50        1.633747E+15   3.2117E-08   9.9612E-08   0.32243
FLUX  219   184.50        1.624892E+15   1.4026E-08   1.0367E-07   0.13529
FLUX  220   185.50        1.616132E+15   3.0193E-08   1.0776E-07   0.28019
FLUX  221   186.50        1.607466E+15   4.7363E-08   1.1156E-07   0.42457
FLUX  222   187.50        1.598893E+15   4.6105E-08   1.1885E-07   0.38792
FLUX  223   188.50        1.590411E+15   4.9875E-08   1.2232E-07   0.40776
FLUX  224   189.50        1.582018E+15   5.8463E-08   1.2555E-07   0.46567
FLUX  225   190.50        1.573714E+15   5.3586E-08   1.2854E-07   0.41687
FLUX  226   191.50        1.565496E+15   6.5633E-08   1.3154E-07   0.49895
FLUX  227   192.50        1.557364E+15   5.7413E-08   1.3442E-07   0.42711
FLUX  228   193.50        1.549315E+15   2.6800E-08   1.3711E-07   0.19547
FLUX  229   194.50        1.541350E+15   7.4363E-08   1.4024E-07   0.53027
FLUX  230   195.50        1.533465E+15   8.1952E-08   1.4343E-07   0.57139
FLUX  231   196.70        1.524110E+15   1.0079E-07   1.4712E-07   0.68511
FLUX  232   197.60        1.517169E+15   8.9341E-08   1.5884E-07   0.56247
FLUX  233   198.40        1.511051E+15   8.4300E-08   1.6264E-07   0.51834
FLUX  234   199.50        1.502719E+15   9.6131E-08   1.7232E-07   0.55787
FLUX  235   200.50        1.495224E+15   8.8311E-08   1.7866E-07   0.49430
FLUX  236   201.50        1.487804E+15   1.0248E-07   1.8620E-07   0.55041
FLUX  237   202.50        1.480457E+15   7.4292E-08   1.9361E-07   0.38372
FLUX  238   203.50        1.473182E+15   1.1929E-07   2.0131E-07   0.59259
FLUX  239   204.50        1.465978E+15   1.3926E-07   2.1010E-07   0.66284
FLUX  240   205.50        1.458844E+15   1.3361E-07   2.1846E-07   0.61157
FLUX  241   206.50        1.451780E+15   1.2983E-07   2.2643E-07   0.57337
FLUX  242   207.40        1.445480E+15   1.6301E-07   2.3344E-07   0.69828
FLUX  243   207.80        1.442697E+15   1.9875E-07   3.6688E-07   0.54174
FLUX  244   208.50        1.437854E+15   1.8629E-07   3.7742E-07   0.49359
FLUX  245   209.50        1.430990E+15   1.8267E-07   3.9221E-07   0.46575
FLUX  246   210.50        1.424192E+15   1.9283E-07   4.0621E-07   0.47470
FLUX  247   211.50        1.417459E+15   2.3102E-07   4.1920E-07   0.55110
FLUX  248   212.50        1.410788E+15   2.0169E-07   4.3221E-07   0.46664
FLUX  249   213.50        1.404180E+15   1.9226E-07   4.4527E-07   0.43178
FLUX  250   214.50        1.397634E+15   2.5282E-07   4.5782E-07   0.55222
FLUX  251   215.50        1.391148E+15   2.5027E-07   4.7030E-07   0.53214
FLUX  252   216.50        1.384723E+15   2.1999E-07   4.8293E-07   0.45554
FLUX  253   217.50        1.378356E+15   2.2830E-07   4.9568E-07   0.46058
FLUX  254   218.50        1.372048E+15   2.8286E-07   5.0895E-07   0.55578
FLUX  255   219.50        1.365797E+15   3.0991E-07   5.2238E-07   0.59327
FLUX  256   220.50        1.359603E+15   2.9127E-07   5.3599E-07   0.54342
FLUX  257   221.50        1.353465E+15   2.3649E-07   5.4983E-07   0.43011
FLUX  258   222.50        1.347382E+15   2.8281E-07   5.6553E-07   0.50009
FLUX  259   223.50        1.341353E+15   3.6261E-07   5.8006E-07   0.62513
FLUX  260   224.50        1.335379E+15   3.3938E-07   5.9471E-07   0.57065
FLUX  261   225.50        1.329457E+15   2.7316E-07   6.1794E-07   0.44206
FLUX  262   226.50        1.323587E+15   2.5545E-07   6.3262E-07   0.40379
FLUX  263   227.50        1.317769E+15   2.8065E-07   6.4738E-07   0.43352
FLUX  264   228.50        1.312002E+15   3.4920E-07   6.6215E-07   0.52738
FLUX  265   229.50        1.306285E+15   2.9198E-07   6.7697E-07   0.43131
FLUX  266   230.50        1.300618E+15   3.5728E-07   6.9168E-07   0.51653
FLUX  267   231.50        1.295000E+15   3.4327E-07   7.0649E-07   0.48588
FLUX  268   232.50        1.289430E+15   3.2582E-07   7.2140E-07   0.45165
FLUX  269   233.50        1.283908E+15   2.5629E-07   7.3843E-07   0.34708
FLUX  270   234.50        1.278433E+15   1.7227E-07   7.5343E-07   0.22865
FLUX  271   235.50        1.273004E+15   3.4643E-07   7.6852E-07   0.45078
FLUX  272   236.50        1.267622E+15   1.9405E-07   7.8371E-07   0.24760
FLUX  273   237.50        1.262284E+15   2.7948E-07   7.9901E-07   0.34978
FLUX  274   238.50        1.256992E+15   1.3837E-07   8.1448E-07   0.16989
FLUX  275   239.50        1.251743E+15   1.9807E-07   8.3004E-07   0.23863
FLUX  276   240.50        1.246538E+15   1.9958E-07   8.4566E-07   0.23600
FLUX  277   241.50        1.241377E+15   2.4030E-07   8.6137E-07   0.27898
FLUX  278   242.50        1.236258E+15   4.1510E-07   8.7720E-07   0.47321
FLUX  279   243.50        1.231181E+15   3.9662E-07   8.9313E-07   0.44408
FLUX  280   244.50        1.226145E+15   4.6568E-07   9.1242E-07   0.51038
FLUX  281   245.50        1.221151E+15   4.7626E-07   9.2844E-07   0.51297
FLUX  282   246.50        1.216197E+15   4.6876E-07   9.4454E-07   0.49628
FLUX  283   247.50        1.211283E+15   4.0382E-07   9.6067E-07   0.42035
FLUX  284   248.50        1.206408E+15   2.6901E-07   9.7691E-07   0.27537
FLUX  285   249.50        1.201573E+15   3.2352E-07   9.9323E-07   0.32572
FLUX  286   250.50        1.196776E+15   4.6660E-07   1.0122E-06   0.46096
FLUX  287   251.30        1.192967E+15   2.7786E-07   1.0253E-06   0.27100
FLUX  288   251.80        1.190598E+15   1.5719E-07   1.1490E-06   0.13680
FLUX  289   252.50        1.187297E+15   1.9310E-07   1.1625E-06   0.16611
FLUX  290   253.50        1.182613E+15   2.5486E-07   1.1817E-06   0.21566
FLUX  291   254.50        1.177967E+15   2.8009E-07   1.2011E-06   0.23320
FLUX  292   255.50        1.173356E+15   4.2432E-07   1.2205E-06   0.34767
FLUX  293   256.50        1.168782E+15   3.8238E-07   1.2400E-06   0.30837
FLUX  294   257.50        1.164243E+15   4.9515E-07   1.2596E-06   0.39309
FLUX  295   258.50        1.159739E+15   4.7105E-07   1.2794E-06   0.36819
FLUX  296   259.50        1.155270E+15   4.3821E-07   1.2992E-06   0.33729
FLUX  297   260.50        1.150835E+15   3.7088E-07   1.3191E-06   0.28116
FLUX  298   261.50        1.146434E+15   3.3180E-07   1.3391E-06   0.24778
FLUX  299   262.50        1.142067E+15   4.6777E-07   1.3591E-06   0.34417
FLUX  300   263.50        1.137732E+15   6.5041E-07   1.3804E-06   0.47119
FLUX  301   264.50        1.133431E+15   8.6170E-07   1.4006E-06   0.61523
FLUX  302   265.50        1.129162E+15   1.0021E-06   1.4210E-06   0.70521
FLUX  303   266.50        1.124925E+15   7.9365E-07   1.4414E-06   0.55060
FLUX  304   267.50        1.120720E+15   8.8826E-07   1.4620E-06   0.60757
FLUX  305   268.50        1.116546E+15   9.7881E-07   1.4826E-06   0.66020
FLUX  306   269.50        1.112403E+15   7.7936E-07   1.5033E-06   0.51845
FLUX  307   270.50        1.108290E+15   8.8763E-07   1.5252E-06   0.58199
FLUX  308   271.50        1.104208E+15   6.9887E-07   1.5459E-06   0.45209
FLUX  309   272.50        1.100156E+15   6.7734E-07   1.5667E-06   0.43234
FLUX  310   273.50        1.096133E+15   7.6681E-07   1.5876E-06   0.48301
FLUX  311   274.50        1.092140E+15   4.7461E-07   1.6086E-06   0.29505
FLUX  312   275.50        1.088176E+15   6.2859E-07   1.6296E-06   0.38573
FLUX  313   276.50        1.084241E+15   8.0087E-07   1.6506E-06   0.48519
FLUX  314   277.50        1.080333E+15   8.6651E-07   1.6717E-06   0.51833
FLUX  315   278.50        1.076454E+15   5.5736E-07   1.6928E-06   0.32925
FLUX  316   279.50        1.072603E+15   1.5654E-07   1.7140E-06   0.09133
FLUX  317   280.50        1.068779E+15   2.2275E-07   1.7353E-06   0.12837
FLUX  318   281.50        1.064982E+15   8.6575E-07   1.7566E-06   0.49286
FLUX  319   282.50        1.061212E+15   1.0985E-06   1.7780E-06   0.61785
FLUX  320   283.50        1.057469E+15   1.0397E-06   1.7995E-06   0.57776
FLUX  321   284.50        1.053752E+15   8.0196E-07   1.8211E-06   0.44038
FLUX  322   285.50        1.050061E+15   3.7689E-07   1.8426E-06   0.20454
FLUX  323   286.50        1.046396E+15   1.0134E-06   1.8643E-06   0.54361
FLUX  324   287.50        1.042757E+15   1.1543E-06   1.8860E-06   0.61204
FLUX  325   288.50        1.039142E+15   1.0786E-06   1.9077E-06   0.56536
FLUX  326   289.50        1.035553E+15   1.1869E-06   1.9295E-06   0.61511
FLUX  327   291.00        1.030215E+15   1.4230E-06   1.9631E-06   0.72487
FLUX  328   293.00        1.023183E+15   1.3500E-06   2.0069E-06   0.67269
FLUX  329   295.00        1.016246E+15   1.3403E-06   2.0509E-06   0.65353
FLUX  330   297.00        1.009402E+15   1.4134E-06   2.0949E-06   0.67471
FLUX  331   299.00        1.002651E+15   1.4211E-06   2.1389E-06   0.66442
FLUX  332   301.00        9.959884E+14   1.4741E-06   2.1831E-06   0.67521
FLUX  333   303.00        9.894142E+14   1.5171E-06   2.2274E-06   0.68112
FLUX  334   305.00        9.829262E+14   1.6081E-06   2.2717E-06   0.70790
FLUX  335   307.00        9.765228E+14   1.6087E-06   2.3160E-06   0.69459
FLUX  336   309.00        9.702023E+14   1.5796E-06   2.3610E-06   0.66904
FLUX  337   311.00        9.639630E+14   1.6416E-06   2.4052E-06   0.68252
FLUX  338   313.00        9.578035E+14   1.6568E-06   2.4495E-06   0.67639
FLUX  339   315.00        9.517222E+14   1.6138E-06   2.4934E-06   0.64721
FLUX  340   317.00        9.457177E+14   1.7363E-06   2.5372E-06   0.68434
FLUX  341   319.00        9.397884E+14   1.6395E-06   2.5810E-06   0.63521
FLUX  342   321.00        9.339330E+14   1.7956E-06   2.6248E-06   0.68409
FLUX  343   323.00        9.281502E+14   1.6843E-06   2.6687E-06   0.63111
FLUX  344   325.00        9.224385E+14   1.9588E-06   2.7123E-06   0.72219
FLUX  345   327.00        9.167966E+14   2.1871E-06   2.7558E-06   0.79364
FLUX  346   329.00        9.112234E+14   2.1973E-06   2.7995E-06   0.78492
FLUX  347   331.00        9.057175E+14   2.2227E-06   2.8429E-06   0.78185
FLUX  348   333.00        9.002778E+14   2.2166E-06   2.8861E-06   0.76802
FLUX  349   335.00        8.949030E+14   2.2126E-06   2.9293E-06   0.75536
FLUX  350   337.00        8.895920E+14   1.9244E-06   2.9726E-06   0.64738
FLUX  351   339.00        8.843437E+14   2.1796E-06   3.0159E-06   0.72270
FLUX  352   341.00        8.791569E+14   2.2118E-06   3.0590E-06   0.72304
FLUX  353   343.00        8.740306E+14   2.3620E-06   3.1019E-06   0.76146
FLUX  354   345.00        8.689638E+14   2.3509E-06   3.1448E-06   0.74753
FLUX  355   347.00        8.639553E+14   2.4362E-06   3.1880E-06   0.76417
FLUX  356   349.00        8.590043E+14   2.5455E-06   3.2311E-06   0.78781
FLUX  357   351.00        8.541097E+14   2.6339E-06   3.2741E-06   0.80446
FLUX  358   353.00        8.492705E+14   2.5497E-06   3.3170E-06   0.76868
FLUX  359   355.00        8.444859E+14   2.8267E-06   3.3601E-06   0.84125
FLUX  360   357.00        8.397549E+14   2.5328E-06   3.4037E-06   0.74414
FLUX  361   359.00        8.350766E+14   2.5232E-06   3.4471E-06   0.73197
FLUX  362   361.00        8.304501E+14   2.6538E-06   3.4904E-06   0.76030
FLUX  363   363.00        8.258747E+14   2.7187E-06   3.5336E-06   0.76938
FLUX  364   364.00        8.236058E+14   2.7680E-06   3.5552E-06   0.77858
FLUX  365   365.00        8.213493E+14   2.9602E-06   4.3120E-06   0.68651
FLUX  366   367.00        8.168733E+14   3.0128E-06   4.3626E-06   0.69061
FLUX  367   369.00        8.124458E+14   2.9541E-06   4.4130E-06   0.66941
FLUX  368   371.00        8.080660E+14   3.0479E-06   4.4632E-06   0.68289
FLUX  369   373.00        8.037332E+14   2.7253E-06   4.5132E-06   0.60384
FLUX  370   375.00        7.994467E+14   2.9935E-06   4.5630E-06   0.65604
FLUX  371   377.00        7.952056E+14   3.3131E-06   4.6153E-06   0.71784
FLUX  372   379.00        7.910092E+14   3.5432E-06   4.6656E-06   0.75944
FLUX  373   381.00        7.868570E+14   3.7453E-06   4.7156E-06   0.79424
FLUX  374   383.00        7.827480E+14   2.9924E-06   4.7653E-06   0.62797
FLUX  375   385.00        7.786818E+14   3.8129E-06   4.8149E-06   0.79190
FLUX  376   387.00        7.746576E+14   3.8215E-06   4.8641E-06   0.78565
FLUX  377   389.00        7.706748E+14   3.5321E-06   4.9137E-06   0.71883
FLUX  378   391.00        7.667327E+14   3.9320E-06   4.9632E-06   0.79223
FLUX  379   393.00        7.628308E+14   2.6885E-06   5.0124E-06   0.53637
FLUX  380   395.00        7.589684E+14   3.9481E-06   5.0612E-06   0.78007
FLUX  381   397.00        7.551448E+14   2.9684E-06   5.1097E-06   0.58094
FLUX  382   399.00        7.513596E+14   4.4620E-06   5.1578E-06   0.86510
FLUX  383   401.00        7.476122E+14   4.6519E-06   5.2063E-06   0.89352
FLUX  384   403.00        7.439020E+14   4.6809E-06   5.2547E-06   0.89081
FLUX  385   405.00        7.402284E+14   4.6600E-06   5.3026E-06   0.87881
FLUX  386   407.00        7.365909E+14   4.6143E-06   5.3501E-06   0.86246
FLUX  387   409.00        7.329890E+14   4.8449E-06   5.3972E-06   0.89766
FLUX  388   411.00        7.294221E+14   4.5261E-06   5.4440E-06   0.83140
FLUX  389   413.00        7.258898E+14   4.9610E-06   5.4902E-06   0.90360
FLUX  390   415.00        7.223916E+14   5.0022E-06   5.5366E-06   0.90349
FLUX  391   417.00        7.189269E+14   5.0890E-06   5.5825E-06   0.91159
FLUX  392   419.00        7.154952E+14   4.9800E-06   5.6280E-06   0.88486
FLUX  393   421.00        7.120962E+14   5.0047E-06   5.6731E-06   0.88217
FLUX  394   423.00        7.087293E+14   4.8838E-06   5.7178E-06   0.85413
FLUX  395   425.00        7.053941E+14   4.9950E-06   5.7621E-06   0.86688
FLUX  396   427.00        7.020902E+14   4.9176E-06   5.8059E-06   0.84701
FLUX  397   429.00        6.988170E+14   4.6996E-06   5.8494E-06   0.80343
FLUX  398   431.00        6.955742E+14   4.2031E-06   5.8925E-06   0.71329
FLUX  399   433.00        6.923614E+14   5.1057E-06   5.9353E-06   0.86022
FLUX  400   435.00        6.891782E+14   4.8701E-06   5.9777E-06   0.81472
FLUX  401   437.00        6.860240E+14   5.4020E-06   6.0197E-06   0.89739
FLUX  402   439.00        6.828986E+14   5.2794E-06   6.0613E-06   0.87100
FLUX  403   441.00        6.798016E+14   5.4660E-06   6.1026E-06   0.89568
FLUX  404   443.00        6.767325E+14   5.6953E-06   6.1435E-06   0.92704
FLUX  405   445.00        6.736910E+14   5.6890E-06   6.1841E-06   0.91993
FLUX  406   447.00        6.706767E+14   5.7934E-06   6.2244E-06   0.93076
FLUX  407   449.00        6.676893E+14   5.9143E-06   6.2643E-06   0.94412
FLUX  408   451.00        6.647284E+14   6.1099E-06   6.3040E-06   0.96922
FLUX  409   453.00        6.617936E+14   5.9272E-06   6.3433E-06   0.93441
FLUX  410   455.00        6.588846E+14   6.0294E-06   6.3823E-06   0.94471
FLUX  411   457.00        6.560011E+14   6.2378E-06   6.4209E-06   0.97148
FLUX  412   459.00        6.531427E+14   6.1700E-06   6.4592E-06   0.95521
FLUX  413   461.00        6.503091E+14   6.2652E-06   6.4972E-06   0.96429
FLUX  414   463.00        6.475000E+14   6.2925E-06   6.5350E-06   0.96289
FLUX  415   465.00        6.447151E+14   6.3402E-06   6.5723E-06   0.96468
FLUX  416   467.00        6.419540E+14   6.4673E-06   6.6094E-06   0.97850
FLUX  417   469.00        6.392164E+14   6.4792E-06   6.6461E-06   0.97488
FLUX  418   471.00        6.365021E+14   6.4069E-06   6.6825E-06   0.95876
FLUX  419   473.00        6.338108E+14   6.5530E-06   6.7186E-06   0.97536
FLUX  420   475.00        6.311421E+14   6.6079E-06   6.7543E-06   0.97832
FLUX  421   477.00        6.284958E+14   6.6497E-06   6.7899E-06   0.97936
FLUX  422   479.00        6.258716E+14   6.6602E-06   6.8251E-06   0.97584
FLUX  423   481.00        6.232692E+14   6.7201E-06   6.8600E-06   0.97961
FLUX  424   483.00        6.206884E+14   6.7330E-06   6.8947E-06   0.97655
FLUX  425   485.00        6.181289E+14   6.5542E-06   6.9290E-06   0.94590
FLUX  426   487.00        6.155903E+14   5.9264E-06   6.9631E-06   0.85111
FLUX  427   489.00        6.130726E+14   6.7330E-06   6.9969E-06   0.96229
FLUX  428   491.00        6.105754E+14   6.8061E-06   7.0303E-06   0.96811
FLUX  429   493.00        6.080984E+14   6.7293E-06   7.0635E-06   0.95268
FLUX  430   495.00        6.056414E+14   6.8582E-06   7.0963E-06   0.96644
FLUX  431   497.00        6.032042E+14   7.0024E-06   7.1289E-06   0.98226
FLUX  432   499.00        6.007866E+14   6.8357E-06   7.1611E-06   0.95456
FLUX  433   501.00        5.983882E+14   6.7512E-06   7.1931E-06   0.93857
FLUX  434   503.00        5.960089E+14   7.0130E-06   7.2248E-06   0.97068
FLUX  435   505.00        5.936485E+14   6.9802E-06   7.2562E-06   0.96196
FLUX  436   507.00        5.913067E+14   7.1385E-06   7.2873E-06   0.97959
FLUX  437   509.00        5.889833E+14   7.0853E-06   7.3181E-06   0.96819
FLUX  438   511.00        5.866781E+14   7.1480E-06   7.3486E-06   0.97270
FLUX  439   513.00        5.843908E+14   7.1416E-06   7.3789E-06   0.96785
FLUX  440   515.00        5.821214E+14   7.0646E-06   7.4089E-06   0.95353
FLUX  441   517.00        5.798694E+14   6.7842E-06   7.4386E-06   0.91203
FLUX  442   519.00        5.776349E+14   6.8624E-06   7.4680E-06   0.91890
FLUX  443   521.00        5.754175E+14   7.0993E-06   7.4972E-06   0.94693
FLUX  444   523.00        5.732170E+14   7.2093E-06   7.5260E-06   0.95792
FLUX  445   525.00        5.710333E+14   7.4140E-06   7.5546E-06   0.98139
FLUX  446   527.00        5.688662E+14   7.0841E-06   7.5828E-06   0.93423
FLUX  447   529.00        5.667155E+14   7.4246E-06   7.6108E-06   0.97553
FLUX  448   531.00        5.645810E+14   7.5206E-06   7.6385E-06   0.98456
FLUX  449   533.00        5.624625E+14   7.2989E-06   7.6660E-06   0.95212
FLUX  450   535.00        5.603598E+14   7.5239E-06   7.6932E-06   0.97800
FLUX  451   537.00        5.582728E+14   7.5103E-06   7.7200E-06   0.97284
FLUX  452   539.00        5.562013E+14   7.5439E-06   7.7467E-06   0.97382
FLUX  453   541.00        5.541451E+14   7.4760E-06   7.7730E-06   0.96178
FLUX  454   543.00        5.521041E+14   7.5892E-06   7.7991E-06   0.97309
FLUX  455   545.00        5.500780E+14   7.6477E-06   7.8249E-06   0.97735
FLUX  456   547.00        5.480667E+14   7.6758E-06   7.8505E-06   0.97774
FLUX  457   549.00        5.460701E+14   7.7459E-06   7.8758E-06   0.98351
FLUX  458   551.00        5.440880E+14   7.7698E-06   7.9008E-06   0.98342
FLUX  459   553.00        5.421203E+14   7.8028E-06   7.9256E-06   0.98451
FLUX  460   555.00        5.401667E+14   7.8903E-06   7.9502E-06   0.99246
FLUX  461   557.00        5.382271E+14   7.8074E-06   7.9745E-06   0.97904
FLUX  462   559.00        5.363014E+14   7.7974E-06   7.9986E-06   0.97485
FLUX  463   561.00        5.343895E+14   7.8621E-06   8.0224E-06   0.98002
FLUX  464   563.00        5.324911E+14   7.9720E-06   8.0465E-06   0.99075
FLUX  465   565.00        5.306062E+14   8.0027E-06   8.0697E-06   0.99170
FLUX  466   567.00        5.287346E+14   7.9674E-06   8.0927E-06   0.98452
FLUX  467   569.00        5.268761E+14   8.0432E-06   8.1155E-06   0.99109
FLUX  468   571.00        5.250306E+14   8.0123E-06   8.1379E-06   0.98456
FLUX  469   573.00        5.231981E+14   8.1463E-06   8.1602E-06   0.99830
FLUX  470   575.00        5.213783E+14   8.1307E-06   8.1822E-06   0.99371
FLUX  471   577.00        5.195711E+14   8.1682E-06   8.2038E-06   0.99566
FLUX  472   579.00        5.177763E+14   8.1712E-06   8.2253E-06   0.99342
FLUX  473   581.00        5.159940E+14   8.2181E-06   8.2465E-06   0.99656
FLUX  474   583.00        5.142238E+14   8.2556E-06   8.2674E-06   0.99857
FLUX  475   585.00        5.124658E+14   8.2320E-06   8.2881E-06   0.99322
FLUX  476   587.00        5.107198E+14   8.2650E-06   8.3086E-06   0.99475
FLUX  477   589.00        5.089856E+14   8.0773E-06   8.3288E-06   0.96980
FLUX  478   591.00        5.072631E+14   8.3061E-06   8.3487E-06   0.99489
FLUX  479   593.00        5.055523E+14   8.3286E-06   8.3685E-06   0.99523
FLUX  480   595.00        5.038529E+14   8.3615E-06   8.3880E-06   0.99684
FLUX  481   597.00        5.021650E+14   8.3794E-06   8.4072E-06   0.99669
FLUX  482   599.00        5.004883E+14   8.3951E-06   8.4263E-06   0.99630
FLUX  483   601.00        4.988228E+14   8.3915E-06   8.4451E-06   0.99366
FLUX  484   603.00        4.971683E+14   8.4032E-06   8.4637E-06   0.99285
FLUX  485   605.00        4.955248E+14   8.4726E-06   8.4821E-06   0.99888
FLUX  486   607.00        4.938921E+14   8.4821E-06   8.5003E-06   0.99786
FLUX  487   609.00        4.922701E+14   8.4875E-06   8.5183E-06   0.99638
FLUX  488   611.00        4.906588E+14   8.4829E-06   8.5360E-06   0.99378
FLUX  489   613.00        4.890579E+14   8.3926E-06   8.5535E-06   0.98119
FLUX  490   615.00        4.874675E+14   8.4758E-06   8.5708E-06   0.98892
FLUX  491   617.00        4.858874E+14   8.4102E-06   8.5879E-06   0.97931
FLUX  492   619.00        4.843174E+14   8.5505E-06   8.6048E-06   0.99369
FLUX  493   621.00        4.827576E+14   8.5898E-06   8.6215E-06   0.99632
FLUX  494   623.00        4.812079E+14   8.5496E-06   8.6379E-06   0.98978
FLUX  495   625.00        4.796680E+14   8.5038E-06   8.6542E-06   0.98263
FLUX  496   627.00        4.781380E+14   8.6338E-06   8.6702E-06   0.99581
FLUX  497   629.00        4.766176E+14   8.6624E-06   8.6860E-06   0.99728
FLUX  498   631.00        4.751070E+14   8.6110E-06   8.7016E-06   0.98959
FLUX  499   633.00        4.736058E+14   8.6475E-06   8.7170E-06   0.99202
FLUX  500   635.00        4.721142E+14   8.7000E-06   8.7322E-06   0.99630
FLUX  501   637.00        4.706319E+14   8.7144E-06   8.7472E-06   0.99624
FLUX  502   639.00        4.691588E+14   8.7197E-06   8.7620E-06   0.99517
FLUX  503   641.00        4.676950E+14   8.6733E-06   8.7766E-06   0.98823
FLUX  504   643.00        4.662403E+14   8.7146E-06   8.7910E-06   0.99130
FLUX  505   645.00        4.647946E+14   8.7046E-06   8.8052E-06   0.98858
FLUX  506   647.00        4.633578E+14   8.7287E-06   8.8192E-06   0.98975
FLUX  507   649.00        4.619299E+14   8.6941E-06   8.8330E-06   0.98428
FLUX  508   651.00        4.605108E+14   8.7956E-06   8.8465E-06   0.99424
FLUX  509   653.00        4.591003E+14   8.8024E-06   8.8599E-06   0.99351
FLUX  510   655.00        4.576985E+14   8.5574E-06   8.8739E-06   0.96434
FLUX  511   657.00        4.563052E+14   7.5703E-06   8.8869E-06   0.85185
FLUX  512   659.00        4.549203E+14   8.7702E-06   8.8997E-06   0.98545
FLUX  513   661.00        4.535439E+14   8.8745E-06   8.9123E-06   0.99576
FLUX  514   663.00        4.521757E+14   8.9031E-06   8.9248E-06   0.99757
FLUX  515   665.00        4.508158E+14   8.9161E-06   8.9370E-06   0.99766
FLUX  516   667.00        4.494640E+14   8.8976E-06   8.9491E-06   0.99425
FLUX  517   669.00        4.481203E+14   8.9527E-06   8.9610E-06   0.99907
FLUX  518   671.00        4.467846E+14   8.9429E-06   8.9727E-06   0.99668
FLUX  519   673.00        4.454569E+14   8.9721E-06   8.9843E-06   0.99865
FLUX  520   675.00        4.441370E+14   8.9745E-06   8.9956E-06   0.99766
FLUX  521   677.00        4.428250E+14   8.9876E-06   9.0068E-06   0.99787
FLUX  522   679.00        4.415206E+14   9.0016E-06   9.0179E-06   0.99819
FLUX  523   681.00        4.402239E+14   9.0057E-06   9.0287E-06   0.99744
FLUX  524   683.00        4.389348E+14   9.0268E-06   9.0394E-06   0.99860
FLUX  525   685.00        4.376533E+14   9.0119E-06   9.0500E-06   0.99580
FLUX  526   687.00        4.363792E+14   9.0388E-06   9.0603E-06   0.99762
FLUX  527   689.00        4.351125E+14   9.0581E-06   9.0705E-06   0.99863
FLUX  528   691.00        4.338531E+14   9.0634E-06   9.0806E-06   0.99811
FLUX  529   693.00        4.326010E+14   9.0755E-06   9.0904E-06   0.99836
FLUX  530   695.00        4.313561E+14   9.0817E-06   9.1001E-06   0.99798
FLUX  531   697.00        4.301184E+14   9.0981E-06   9.1097E-06   0.99873
FLUX  532   699.00        4.288877E+14   9.1058E-06   9.1190E-06   0.99855
FLUX  533   701.00        4.276641E+14   9.0850E-06   9.1282E-06   0.99526
FLUX  534   703.00        4.264474E+14   9.1150E-06   9.1373E-06   0.99756
FLUX  535   705.00        4.252376E+14   9.1328E-06   9.1462E-06   0.99853
FLUX  536   707.00        4.240347E+14   9.1362E-06   9.1550E-06   0.99795
FLUX  537   709.00        4.228385E+14   9.1437E-06   9.1635E-06   0.99783
FLUX  538   711.00        4.216491E+14   9.1555E-06   9.1720E-06   0.99820
FLUX  539   713.00        4.204663E+14   9.1389E-06   9.1802E-06   0.99550
FLUX  540   715.00        4.192902E+14   9.1337E-06   9.1883E-06   0.99405
FLUX  541   717.00        4.181206E+14   9.1572E-06   9.1963E-06   0.99575
FLUX  542   719.00        4.169576E+14   9.1246E-06   9.2041E-06   0.99137
FLUX  543   721.00        4.158010E+14   9.1556E-06   9.2118E-06   0.99390
FLUX  544   723.00        4.146508E+14   9.1897E-06   9.2193E-06   0.99680
FLUX  545   725.00        4.135069E+14   9.2079E-06   9.2271E-06   0.99792
FLUX  546   727.00        4.123693E+14   9.2141E-06   9.2343E-06   0.99782
FLUX  547   729.00        4.112380E+14   9.1804E-06   9.2413E-06   0.99342
FLUX  548   731.00        4.101129E+14   9.2180E-06   9.2492E-06   0.99663
FLUX  549   733.00        4.089939E+14   9.2104E-06   9.2559E-06   0.99508
FLUX  550   735.00        4.078810E+14   9.2445E-06   9.2625E-06   0.99805
FLUX  551   737.00        4.067741E+14   9.2565E-06   9.2690E-06   0.99865
FLUX  552   739.00        4.056732E+14   9.2236E-06   9.2753E-06   0.99442
FLUX  553   741.00        4.045783E+14   9.1901E-06   9.2815E-06   0.99016
FLUX  554   743.00        4.034892E+14   9.2322E-06   9.2875E-06   0.99404
FLUX  555   745.00        4.024060E+14   9.2507E-06   9.2934E-06   0.99540
FLUX  556   747.00        4.013286E+14   9.2791E-06   9.2992E-06   0.99784
FLUX  557   749.00        4.002570E+14   9.2596E-06   9.3048E-06   0.99513
FLUX  558   751.00        3.991911E+14   9.2680E-06   9.3104E-06   0.99545
FLUX  559   753.00        3.981308E+14   9.2906E-06   9.3158E-06   0.99729
FLUX  560   755.00        3.970762E+14   9.3081E-06   9.3211E-06   0.99861
FLUX  561   757.00        3.960271E+14   9.3025E-06   9.3262E-06   0.99746
FLUX  562   759.00        3.949835E+14   9.3037E-06   9.3313E-06   0.99704
FLUX  563   761.00        3.939455E+14   9.3103E-06   9.3362E-06   0.99723
FLUX  564   763.00        3.929128E+14   9.3215E-06   9.3409E-06   0.99793
FLUX  565   765.00        3.918856E+14   9.3260E-06   9.3456E-06   0.99790
FLUX  566   767.00        3.908638E+14   9.2713E-06   9.3501E-06   0.99158
FLUX  567   769.00        3.898472E+14   9.3341E-06   9.3545E-06   0.99782
FLUX  568   771.00        3.888359E+14   9.3105E-06   9.3588E-06   0.99483
FLUX  569   773.00        3.878299E+14   9.3387E-06   9.3630E-06   0.99740
FLUX  570   775.00        3.868290E+14   9.3134E-06   9.3671E-06   0.99427
FLUX  571   777.00        3.858333E+14   9.3440E-06   9.3711E-06   0.99711
FLUX  572   779.00        3.848427E+14   9.3591E-06   9.3749E-06   0.99832
FLUX  573   781.00        3.838572E+14   9.3666E-06   9.3787E-06   0.99872
FLUX  574   783.00        3.828768E+14   9.3431E-06   9.3823E-06   0.99583
FLUX  575   785.00        3.819013E+14   9.3578E-06   9.3858E-06   0.99701
FLUX  576   787.00        3.809307E+14   9.3822E-06   9.3892E-06   0.99925
FLUX  577   789.00        3.799651E+14   9.3856E-06   9.3925E-06   0.99927
FLUX  578   791.00        3.790044E+14   9.3797E-06   9.3957E-06   0.99830
FLUX  579   793.00        3.780485E+14   9.3330E-06   9.3988E-06   0.99300
FLUX  580   795.00        3.770975E+14   9.3442E-06   9.4018E-06   0.99388
FLUX  581   797.00        3.761512E+14   9.3968E-06   9.4046E-06   0.99916
FLUX  582   799.00        3.752096E+14   9.4020E-06   9.4074E-06   0.99943
FLUX  583   801.00        3.742728E+14   9.3781E-06   9.4100E-06   0.99661
FLUX  584   803.00        3.733406E+14   9.3957E-06   9.4126E-06   0.99821
FLUX  585   805.00        3.724130E+14   9.3803E-06   9.4150E-06   0.99631
FLUX  586   807.00        3.714901E+14   9.4096E-06   9.4173E-06   0.99918
FLUX  587   809.00        3.705717E+14   9.3830E-06   9.4196E-06   0.99612
FLUX  588   811.00        3.696578E+14   9.4123E-06   9.4217E-06   0.99900
FLUX  589   813.00        3.687485E+14   9.4211E-06   9.4237E-06   0.99972
FLUX  590   815.00        3.678436E+14   9.4199E-06   9.4257E-06   0.99939
FLUX  591   817.00        3.669431E+14   9.4212E-06   9.4275E-06   0.99933
FLUX  592   819.00        3.660470E+14   9.3367E-06   9.4292E-06   0.99019
FLUX  593   821.00        3.651553E+14   9.3882E-06   9.4649E-06   0.99190
FLUX  594   823.00        3.642679E+14   9.3629E-06   9.4665E-06   0.98906
FLUX  595   825.00        3.633848E+14   9.4082E-06   9.4681E-06   0.99368
FLUX  596   827.00        3.625060E+14   9.4302E-06   9.4696E-06   0.99584
FLUX  597   829.00        3.616315E+14   9.4283E-06   9.4710E-06   0.99549
FLUX  598   831.00        3.607611E+14   9.4109E-06   9.4723E-06   0.99352
FLUX  599   833.00        3.598950E+14   9.3551E-06   9.4735E-06   0.98750
FLUX  600   835.00        3.590329E+14   9.4211E-06   9.4747E-06   0.99435
FLUX  601   837.00        3.581750E+14   9.4305E-06   9.4757E-06   0.99523
FLUX  602   839.00        3.573212E+14   9.3687E-06   9.4767E-06   0.98860
FLUX  603   841.00        3.564715E+14   9.4331E-06   9.4776E-06   0.99531
FLUX  604   843.00        3.556257E+14   9.4103E-06   9.4784E-06   0.99282
FLUX  605   845.00        3.547840E+14   9.4175E-06   9.4791E-06   0.99350
FLUX  606   847.00        3.539463E+14   9.3905E-06   9.4798E-06   0.99058
FLUX  607   849.00        3.531125E+14   9.3722E-06   9.4804E-06   0.98859
FLUX  608   851.00        3.522826E+14   9.1386E-06   9.4809E-06   0.96390
FLUX  609   853.00        3.514566E+14   9.3757E-06   9.4813E-06   0.98887
FLUX  610   855.00        3.506345E+14   8.6306E-06   9.4816E-06   0.91025
FLUX  611   857.00        3.498162E+14   9.4423E-06   9.4819E-06   0.99582
FLUX  612   859.00        3.490017E+14   9.3982E-06   9.4821E-06   0.99116
FLUX  613   861.00        3.481911E+14   9.3785E-06   9.4822E-06   0.98906
FLUX  614   863.00        3.473841E+14   9.4510E-06   9.4822E-06   0.99670
FLUX  615   865.00        3.465809E+14   9.4097E-06   9.4822E-06   0.99235
FLUX  616   867.00        3.457814E+14   8.7131E-06   9.4821E-06   0.91890
FLUX  617   869.00        3.449856E+14   9.3597E-06   9.4820E-06   0.98711
FLUX  618   871.00        3.441935E+14   9.4524E-06   9.4817E-06   0.99691
FLUX  619   873.00        3.434049E+14   9.4362E-06   9.4814E-06   0.99523
FLUX  620   875.00        3.426200E+14   9.2464E-06   9.4810E-06   0.97525
FLUX  621   877.00        3.418387E+14   9.4314E-06   9.4806E-06   0.99481
FLUX  622   879.00        3.410609E+14   9.4458E-06   9.4801E-06   0.99638
FLUX  623   881.00        3.402866E+14   9.3727E-06   9.4795E-06   0.98873
FLUX  624   883.00        3.395159E+14   9.4092E-06   9.4789E-06   0.99265
FLUX  625   885.00        3.387486E+14   9.3942E-06   9.4782E-06   0.99114
FLUX  626   887.00        3.379848E+14   9.1834E-06   9.4774E-06   0.96897
FLUX  627   889.00        3.372244E+14   9.4512E-06   9.4766E-06   0.99732
FLUX  628   891.00        3.364675E+14   9.4578E-06   9.4757E-06   0.99811
FLUX  629   893.00        3.357139E+14   9.4325E-06   9.4747E-06   0.99554
FLUX  630   895.00        3.349637E+14   9.4440E-06   9.4737E-06   0.99686
FLUX  631   897.00        3.342168E+14   9.4545E-06   9.4726E-06   0.99809
FLUX  632   899.00        3.334733E+14   9.4522E-06   9.4715E-06   0.99796
FLUX  633   901.00        3.327331E+14   9.1070E-06   9.4703E-06   0.96164
FLUX  634   903.00        3.319961E+14   9.3612E-06   9.4690E-06   0.98861
FLUX  635   905.00        3.312624E+14   9.4598E-06   9.4676E-06   0.99918
FLUX  636   907.00        3.305320E+14   9.4087E-06   9.4662E-06   0.99393
FLUX  637   909.00        3.298047E+14   9.3270E-06   9.4647E-06   0.98545
FLUX  638   911.00        3.290807E+14   9.4103E-06   9.4632E-06   0.99441
FLUX  639   913.00        3.283598E+14   9.4504E-06   9.4616E-06   0.99882
FLUX  640   915.00        3.276421E+14   9.4503E-06   9.4600E-06   0.99897
FLUX  641   917.00        3.269275E+14   9.4479E-06   9.4583E-06   0.99890
FLUX  642   919.00        3.262160E+14   9.4514E-06   9.4566E-06   0.99945
FLUX  643   921.00        3.255076E+14   9.3702E-06   9.4548E-06   0.99105
FLUX  644   923.00        3.248023E+14   9.0176E-06   9.4529E-06   0.95394
FLUX  645   925.00        3.241000E+14   9.3353E-06   9.4511E-06   0.98775
FLUX  646   927.00        3.234008E+14   9.4213E-06   9.4492E-06   0.99706
FLUX  647   929.00        3.227045E+14   9.4354E-06   9.4472E-06   0.99875
FLUX  648   931.00        3.220113E+14   9.4394E-06   9.4452E-06   0.99938
FLUX  649   933.00        3.213210E+14   9.4330E-06   9.4432E-06   0.99892
FLUX  650   935.00        3.206337E+14   9.4288E-06   9.4411E-06   0.99869
FLUX  651   937.00        3.199493E+14   9.4245E-06   9.4390E-06   0.99846
FLUX  652   939.00        3.192678E+14   9.4290E-06   9.4368E-06   0.99917
FLUX  653   941.00        3.185893E+14   9.2965E-06   9.4346E-06   0.98536
FLUX  654   943.00        3.179136E+14   9.4128E-06   9.4324E-06   0.99792
FLUX  655   945.00        3.172407E+14   9.3991E-06   9.4300E-06   0.99672
FLUX  656   947.00        3.165707E+14   9.4208E-06   9.4277E-06   0.99927
FLUX  657   949.00        3.159036E+14   9.4228E-06   9.4253E-06   0.99973
FLUX  658   951.00        3.152392E+14   9.4116E-06   9.4229E-06   0.99880
FLUX  659   953.00        3.145776E+14   9.3633E-06   9.4204E-06   0.99395
FLUX  660   955.00        3.139188E+14   8.9462E-06   9.4178E-06   0.94992
FLUX  661   957.00        3.132628E+14   9.3668E-06   9.4152E-06   0.99486
FLUX  662   959.00        3.126095E+14   9.4065E-06   9.4126E-06   0.99935
FLUX  663   961.00        3.119589E+14   9.3910E-06   9.4099E-06   0.99799
FLUX  664   963.00        3.113110E+14   9.3712E-06   9.4072E-06   0.99617
FLUX  665   965.00        3.106658E+14   9.3787E-06   9.4044E-06   0.99726
FLUX  666   967.00        3.100233E+14   9.3580E-06   9.4017E-06   0.99536
FLUX  667   969.00        3.093834E+14   9.3892E-06   9.3988E-06   0.99898
FLUX  668   971.00        3.087461E+14   9.3888E-06   9.3959E-06   0.99924
FLUX  669   973.00        3.081115E+14   9.3851E-06   9.3930E-06   0.99915
FLUX  670   975.00        3.074795E+14   9.3652E-06   9.3901E-06   0.99735
FLUX  671   977.00        3.068501E+14   9.3741E-06   9.3871E-06   0.99862
FLUX  672   979.00        3.062232E+14   9.3712E-06   9.3841E-06   0.99863
FLUX  673   981.00        3.055989E+14   9.3741E-06   9.3810E-06   0.99926
FLUX  674   983.00        3.049771E+14   9.3701E-06   9.3779E-06   0.99916
FLUX  675   985.00        3.043579E+14   9.3676E-06   9.3748E-06   0.99923
FLUX  676   987.00        3.037411E+14   9.3542E-06   9.3716E-06   0.99815
FLUX  677   989.00        3.031269E+14   9.3453E-06   9.3684E-06   0.99753
FLUX  678   991.00        3.025151E+14   9.3466E-06   9.3652E-06   0.99801
FLUX  679   993.00        3.019058E+14   9.3573E-06   9.3619E-06   0.99950
FLUX  680   995.00        3.012990E+14   9.3542E-06   9.3587E-06   0.99952
FLUX  681   997.00        3.006946E+14   9.3524E-06   9.3553E-06   0.99969
FLUX  682   999.00        3.000926E+14   9.3462E-06   9.3520E-06   0.99938
FLUX  683  1002.50        2.990449E+14   9.2718E-06   9.3461E-06   0.99205
FLUX  684  1007.50        2.975608E+14   9.1479E-06   9.3375E-06   0.97969
FLUX  685  1012.50        2.960914E+14   9.3153E-06   9.3288E-06   0.99855
FLUX  686  1017.50        2.946364E+14   9.2980E-06   9.3201E-06   0.99763
FLUX  687  1022.50        2.931956E+14   9.3001E-06   9.3112E-06   0.99881
FLUX  688  1027.50        2.917689E+14   9.2981E-06   9.3022E-06   0.99956
FLUX  689  1032.50        2.903559E+14   9.2649E-06   9.2931E-06   0.99696
FLUX  690  1037.50        2.889566E+14   9.2649E-06   9.2839E-06   0.99795
FLUX  691  1042.50        2.875707E+14   9.2696E-06   9.2746E-06   0.99947
FLUX  692  1047.50        2.861981E+14   9.2318E-06   9.2651E-06   0.99641
FLUX  693  1052.50        2.848385E+14   9.2478E-06   9.2554E-06   0.99918
FLUX  694  1057.50        2.834917E+14   9.2181E-06   9.2455E-06   0.99703
FLUX  695  1062.50        2.821576E+14   9.1971E-06   9.2355E-06   0.99583
FLUX  696  1067.50        2.808361E+14   9.1225E-06   9.2255E-06   0.98884
FLUX  697  1072.50        2.795268E+14   9.1747E-06   9.2153E-06   0.99559
FLUX  698  1077.50        2.782297E+14   9.1491E-06   9.2051E-06   0.99391
FLUX  699  1082.50        2.769446E+14   9.1050E-06   9.1950E-06   0.99021
FLUX  700  1087.50        2.756713E+14   9.1135E-06   9.1848E-06   0.99223
FLUX  701  1092.50        2.744096E+14   8.8658E-06   9.1745E-06   0.96635
FLUX  702  1097.50        2.731595E+14   9.0656E-06   9.1642E-06   0.98923
FLUX  703  1102.50        2.719206E+14   9.1277E-06   9.1538E-06   0.99714
FLUX  704  1107.50        2.706930E+14   9.1377E-06   9.1433E-06   0.99939
FLUX  705  1112.50        2.694764E+14   9.1185E-06   9.1327E-06   0.99845
FLUX  706  1117.50        2.682707E+14   9.0996E-06   9.1221E-06   0.99754
FLUX  707  1122.50        2.670757E+14   9.1043E-06   9.1114E-06   0.99922
FLUX  708  1127.50        2.658914E+14   9.0538E-06   9.1008E-06   0.99483
FLUX  709  1132.50        2.647174E+14   9.0647E-06   9.0903E-06   0.99718
FLUX  710  1137.50        2.635538E+14   9.0597E-06   9.0797E-06   0.99780
FLUX  711  1142.50        2.624004E+14   9.0216E-06   9.0690E-06   0.99477
FLUX  712  1147.50        2.612571E+14   9.0523E-06   9.0583E-06   0.99935
FLUX  713  1152.50        2.601236E+14   9.0417E-06   9.0475E-06   0.99936
FLUX  714  1157.50        2.590000E+14   9.0212E-06   9.0366E-06   0.99829
FLUX  715  1162.50        2.578860E+14   8.9729E-06   9.0258E-06   0.99414
FLUX  716  1167.50        2.567816E+14   8.9773E-06   9.0149E-06   0.99583
FLUX  717  1172.50        2.556866E+14   9.0009E-06   9.0041E-06   0.99965
FLUX  718  1177.50        2.546008E+14   8.9341E-06   8.9932E-06   0.99343
FLUX  719  1182.50        2.535243E+14   8.9167E-06   8.9825E-06   0.99268
FLUX  720  1187.50        2.524568E+14   8.9101E-06   8.9717E-06   0.99314
FLUX  721  1192.50        2.513983E+14   8.9590E-06   8.9609E-06   0.99978
FLUX  722  1197.50        2.503486E+14   8.8426E-06   8.9501E-06   0.98799
FLUX  723  1202.50        2.493077E+14   8.8861E-06   8.9394E-06   0.99404
FLUX  724  1207.50        2.482754E+14   8.8657E-06   8.9286E-06   0.99295
FLUX  725  1212.50        2.472515E+14   8.8924E-06   8.9179E-06   0.99715
FLUX  726  1217.50        2.462361E+14   8.9048E-06   8.9071E-06   0.99974
FLUX  727  1222.50        2.452290E+14   8.8936E-06   8.8965E-06   0.99968
FLUX  728  1227.50        2.442301E+14   8.8667E-06   8.8858E-06   0.99785
FLUX  729  1232.50        2.432394E+14   8.8715E-06   8.8753E-06   0.99957
FLUX  730  1237.50        2.422566E+14   8.8579E-06   8.8648E-06   0.99922
FLUX  731  1242.50        2.412817E+14   8.8462E-06   8.8543E-06   0.99908
FLUX  732  1247.50        2.403146E+14   8.8412E-06   8.8439E-06   0.99970
FLUX  733  1252.50        2.393553E+14   8.8278E-06   8.8335E-06   0.99935
FLUX  734  1257.50        2.384036E+14   8.8148E-06   8.8232E-06   0.99905
FLUX  735  1262.50        2.374594E+14   8.8019E-06   8.8129E-06   0.99875
FLUX  736  1267.50        2.365227E+14   8.7926E-06   8.8027E-06   0.99886
FLUX  737  1272.50        2.355933E+14   8.7878E-06   8.7925E-06   0.99947
FLUX  738  1277.50        2.346712E+14   8.7418E-06   8.7824E-06   0.99537
FLUX  739  1282.50        2.337563E+14   8.2819E-06   8.7724E-06   0.94409
FLUX  740  1287.50        2.328485E+14   8.7296E-06   8.7624E-06   0.99626
FLUX  741  1292.50        2.319478E+14   8.7411E-06   8.7524E-06   0.99871
FLUX  742  1297.50        2.310539E+14   8.7390E-06   8.7425E-06   0.99960
FLUX  743  1302.50        2.301670E+14   8.7250E-06   8.7327E-06   0.99912
FLUX  744  1307.50        2.292868E+14   8.7202E-06   8.7229E-06   0.99969
FLUX  745  1312.50        2.284133E+14   8.6818E-06   8.7132E-06   0.99640
FLUX  746  1317.50        2.275465E+14   8.6679E-06   8.7035E-06   0.99591
FLUX  747  1322.50        2.266862E+14   8.6907E-06   8.6938E-06   0.99964
FLUX  748  1327.50        2.258324E+14   8.6651E-06   8.6843E-06   0.99778
FLUX  749  1332.50        2.249850E+14   8.6646E-06   8.6748E-06   0.99883
FLUX  750  1337.50        2.241439E+14   8.6538E-06   8.6654E-06   0.99867
FLUX  751  1342.50        2.233091E+14   8.6530E-06   8.6560E-06   0.99966
FLUX  752  1347.50        2.224805E+14   8.6425E-06   8.6467E-06   0.99952
FLUX  753  1352.50        2.216580E+14   8.6326E-06   8.6375E-06   0.99944
FLUX  754  1357.50        2.208416E+14   8.6093E-06   8.6284E-06   0.99778
FLUX  755  1362.50        2.200312E+14   8.6095E-06   8.6193E-06   0.99885
FLUX  756  1367.50        2.192267E+14   8.5993E-06   8.6103E-06   0.99872
FLUX  757  1372.50        2.184281E+14   8.5826E-06   8.6012E-06   0.99784
FLUX  758  1377.50        2.176352E+14   8.5791E-06   8.5920E-06   0.99850
FLUX  759  1382.50        2.168481E+14   8.5717E-06   8.5828E-06   0.99870
FLUX  760  1387.50        2.160667E+14   8.5668E-06   8.5736E-06   0.99921
FLUX  761  1392.50        2.152908E+14   8.5563E-06   8.5643E-06   0.99907
FLUX  762  1397.50        2.145206E+14   8.5443E-06   8.5551E-06   0.99875
FLUX  763  1402.50        2.137558E+14   8.5271E-06   8.5459E-06   0.99780
FLUX  764  1407.50        2.129964E+14   8.5290E-06   8.5367E-06   0.99909
FLUX  765  1412.50        2.122425E+14   8.5040E-06   8.5276E-06   0.99723
FLUX  766  1417.50        2.114938E+14   8.5131E-06   8.5185E-06   0.99937
FLUX  767  1422.50        2.107504E+14   8.4733E-06   8.5094E-06   0.99576
FLUX  768  1427.50        2.100123E+14   8.4510E-06   8.5002E-06   0.99421
FLUX  769  1432.50        2.092792E+14   8.4797E-06   8.4910E-06   0.99868
FLUX  770  1437.50        2.085513E+14   8.4777E-06   8.4816E-06   0.99953
FLUX  771  1442.50        2.078284E+14   8.3931E-06   8.4723E-06   0.99065
FLUX  772  1447.50        2.071105E+14   8.4555E-06   8.4629E-06   0.99913
FLUX  773  1452.50        2.063976E+14   8.3955E-06   8.4535E-06   0.99314
FLUX  774  1457.00        2.057601E+14   8.4110E-06   8.4449E-06   0.99598
FLUX  775  1462.00        2.050564E+14   8.4168E-06   8.4721E-06   0.99347
FLUX  776  1467.50        2.042879E+14   8.4093E-06   8.4621E-06   0.99376
FLUX  777  1472.50        2.035942E+14   8.3802E-06   8.4529E-06   0.99140
FLUX  778  1477.50        2.029052E+14   8.3717E-06   8.4435E-06   0.99149
FLUX  779  1482.50        2.022209E+14   8.3698E-06   8.4340E-06   0.99238
FLUX  780  1487.50        2.015412E+14   8.2709E-06   8.4243E-06   0.98179
FLUX  781  1492.50        2.008660E+14   8.3676E-06   8.4143E-06   0.99444
FLUX  782  1497.50        2.001953E+14   8.3408E-06   8.4043E-06   0.99246
FLUX  783  1502.50        1.995291E+14   8.2240E-06   8.3940E-06   0.97974
FLUX  784  1507.50        1.988673E+14   8.2567E-06   8.3835E-06   0.98487
FLUX  785  1512.50        1.982099E+14   8.3164E-06   8.3729E-06   0.99326
FLUX  786  1517.50        1.975568E+14   8.3095E-06   8.3619E-06   0.99373
FLUX  787  1522.50        1.969080E+14   8.2752E-06   8.3507E-06   0.99095
FLUX  788  1527.50        1.962635E+14   8.2712E-06   8.3392E-06   0.99185
FLUX  789  1532.50        1.956232E+14   8.2620E-06   8.3273E-06   0.99215
FLUX  790  1537.50        1.949870E+14   8.2455E-06   8.3151E-06   0.99164
FLUX  791  1542.50        1.943549E+14   8.2337E-06   8.3025E-06   0.99172
FLUX  792  1547.50        1.937270E+14   8.2287E-06   8.2895E-06   0.99268
FLUX  793  1552.50        1.931031E+14   8.2077E-06   8.2760E-06   0.99174
FLUX  794  1557.50        1.924831E+14   8.1755E-06   8.2621E-06   0.98952
FLUX  795  1562.50        1.918672E+14   8.1916E-06   8.2477E-06   0.99320
FLUX  796  1567.50        1.912552E+14   8.1465E-06   8.2327E-06   0.98954
FLUX  797  1572.50        1.906471E+14   8.1082E-06   8.2171E-06   0.98675
FLUX  798  1577.50        1.900428E+14   8.0396E-06   8.2010E-06   0.98032
FLUX  799  1582.50        1.894423E+14   8.0976E-06   8.1842E-06   0.98943
FLUX  800  1587.50        1.888457E+14   7.9535E-06   8.1667E-06   0.97390
FLUX  801  1592.50        1.882527E+14   8.0618E-06   8.1485E-06   0.98937
FLUX  802  1597.50        1.876635E+14   8.0524E-06   8.1295E-06   0.99051
FLUX  803  1605.00        1.867866E+14   8.0131E-06   8.0995E-06   0.98932
FLUX  804  1615.00        1.856300E+14   7.9142E-06   8.0560E-06   0.98240
FLUX  805  1625.00        1.844877E+14   7.9646E-06   8.0076E-06   0.99463
FLUX  806  1635.00        1.833593E+14   7.8505E-06   7.9520E-06   0.98723
FLUX  807  1645.00        1.822447E+14   7.7052E-06   7.8868E-06   0.97697
FLUX  808  1655.00        1.811435E+14   7.7951E-06   7.8154E-06   0.99740
FLUX  809  1665.00        1.800556E+14   7.7275E-06   7.7448E-06   0.99776
FLUX  810  1675.00        1.789806E+14   7.5651E-06   7.6751E-06   0.98567
FLUX  811  1685.00        1.779184E+14   7.3879E-06   7.6063E-06   0.97129
FLUX  812  1695.00        1.768687E+14   7.5283E-06   7.5382E-06   0.99869
FLUX  813  1705.00        1.758314E+14   7.4525E-06   7.4711E-06   0.99752
FLUX  814  1715.00        1.748061E+14   7.3730E-06   7.4047E-06   0.99572
FLUX  815  1725.00        1.737928E+14   7.2995E-06   7.3391E-06   0.99461
FLUX  816  1735.00        1.727911E+14   6.9661E-06   7.2742E-06   0.95765
FLUX  817  1745.00        1.718009E+14   7.1446E-06   7.2101E-06   0.99091
FLUX  818  1755.00        1.708219E+14   7.1334E-06   7.1468E-06   0.99813
FLUX  819  1765.00        1.698541E+14   7.0675E-06   7.0843E-06   0.99763
FLUX  820  1775.00        1.688972E+14   7.0116E-06   7.0225E-06   0.99845
FLUX  821  1785.00        1.679510E+14   6.9547E-06   6.9615E-06   0.99902
FLUX  822  1795.00        1.670153E+14   6.8964E-06   6.9012E-06   0.99931
FLUX  823  1805.00        1.660900E+14   6.8247E-06   6.8417E-06   0.99753
FLUX  824  1815.00        1.651749E+14   6.4982E-06   6.7828E-06   0.95803
FLUX  825  1825.00        1.642699E+14   6.6509E-06   6.7247E-06   0.98902
FLUX  826  1835.00        1.633747E+14   6.6545E-06   6.6672E-06   0.99809
FLUX  827  1845.00        1.624892E+14   6.5839E-06   6.6105E-06   0.99598
FLUX  828  1855.00        1.616132E+14   6.5424E-06   6.5544E-06   0.99817
FLUX  829  1865.00        1.607466E+14   6.4624E-06   6.4989E-06   0.99438
FLUX  830  1875.00        1.598893E+14   6.0412E-06   6.4442E-06   0.93746
FLUX  831  1885.00        1.590411E+14   6.3479E-06   6.3901E-06   0.99339
FLUX  832  1895.00        1.582018E+14   6.2910E-06   6.3367E-06   0.99280
FLUX  833  1905.00        1.573714E+14   6.2755E-06   6.2838E-06   0.99867
FLUX  834  1915.00        1.565496E+14   6.2201E-06   6.2316E-06   0.99815
FLUX  835  1925.00        1.557364E+14   6.1690E-06   6.1800E-06   0.99822
FLUX  836  1935.00        1.549315E+14   6.0922E-06   6.1289E-06   0.99401
FLUX  837  1945.00        1.541350E+14   5.7637E-06   6.0785E-06   0.94822
FLUX  838  1955.00        1.533465E+14   5.9965E-06   6.0286E-06   0.99468
FLUX  839  1965.00        1.525662E+14   5.9665E-06   5.9793E-06   0.99785
FLUX  840  1975.00        1.517937E+14   5.9018E-06   5.9306E-06   0.99514
FLUX  841  1985.00        1.510290E+14   5.8698E-06   5.8825E-06   0.99785
FLUX  842  1995.00        1.502719E+14   5.8230E-06   5.8349E-06   0.99797
FLUX  843  2005.00        1.495224E+14   5.7831E-06   5.7878E-06   0.99918
FLUX  844  2015.00        1.487804E+14   5.7405E-06   5.7413E-06   0.99987
FLUX  845  2025.00        1.480457E+14   5.6875E-06   5.6953E-06   0.99863
FLUX  846  2035.00        1.473182E+14   5.6327E-06   5.6498E-06   0.99697
FLUX  847  2045.00        1.465978E+14   5.6033E-06   5.6049E-06   0.99971
FLUX  848  2055.00        1.458844E+14   5.5577E-06   5.5604E-06   0.99951
FLUX  849  2065.00        1.451780E+14   5.4999E-06   5.5165E-06   0.99700
FLUX  850  2075.00        1.444783E+14   5.4672E-06   5.4730E-06   0.99894
FLUX  851  2085.00        1.437854E+14   5.4263E-06   5.4301E-06   0.99931
FLUX  852  2095.00        1.430990E+14   5.3728E-06   5.3876E-06   0.99726
FLUX  853  2105.00        1.424192E+14   5.3421E-06   5.3456E-06   0.99934
FLUX  854  2115.00        1.417459E+14   5.2983E-06   5.3040E-06   0.99892
FLUX  855  2125.00        1.410788E+14   5.2580E-06   5.2630E-06   0.99906
FLUX  856  2135.00        1.404180E+14   5.2169E-06   5.2224E-06   0.99895
FLUX  857  2145.00        1.397634E+14   5.1805E-06   5.1822E-06   0.99968
FLUX  858  2155.00        1.391148E+14   5.1289E-06   5.1424E-06   0.99737
FLUX  859  2165.00        1.384723E+14   4.8557E-06   5.1031E-06   0.95153
FLUX  860  2175.00        1.378356E+14   5.0320E-06   5.0642E-06   0.99365
FLUX  861  2185.00        1.372048E+14   5.0127E-06   5.0257E-06   0.99740
FLUX  862  2195.00        1.365797E+14   4.9869E-06   4.9877E-06   0.99983
FLUX  863  2205.00        1.359603E+14   4.9344E-06   4.9501E-06   0.99683
FLUX  864  2215.00        1.353465E+14   4.9101E-06   4.9129E-06   0.99944
FLUX  865  2225.00        1.347382E+14   4.8734E-06   4.8761E-06   0.99945
FLUX  866  2235.00        1.341353E+14   4.8372E-06   4.8397E-06   0.99948
FLUX  867  2245.00        1.335379E+14   4.8013E-06   4.8037E-06   0.99951
FLUX  868  2255.00        1.329457E+14   4.7608E-06   4.7681E-06   0.99847
FLUX  869  2265.00        1.323587E+14   4.7279E-06   4.7328E-06   0.99896
FLUX  870  2275.00        1.317769E+14   4.6958E-06   4.6980E-06   0.99953
FLUX  871  2285.00        1.312002E+14   4.6608E-06   4.6708E-06   0.99786
FLUX  872  2295.00        1.306285E+14   4.6300E-06   4.6366E-06   0.99858
FLUX  873  2305.00        1.300618E+14   4.6003E-06   4.6028E-06   0.99946
FLUX  874  2315.00        1.295000E+14   4.5642E-06   4.5693E-06   0.99887
FLUX  875  2325.00        1.289430E+14   4.5317E-06   4.5363E-06   0.99901
FLUX  876  2335.00        1.283908E+14   4.4965E-06   4.5035E-06   0.99844
FLUX  877  2345.00        1.278433E+14   4.4690E-06   4.4711E-06   0.99952
FLUX  878  2355.00        1.273004E+14   4.4340E-06   4.4390E-06   0.99887
FLUX  879  2365.00        1.267622E+14   4.4051E-06   4.4073E-06   0.99950
FLUX  880  2375.00        1.262284E+14   4.3693E-06   4.3759E-06   0.99848
FLUX  881  2385.00        1.256992E+14   4.3365E-06   4.3448E-06   0.99808
FLUX  882  2395.00        1.251743E+14   4.3113E-06   4.3141E-06   0.99937
FLUX  883  2405.00        1.246538E+14   4.2796E-06   4.2836E-06   0.99906
FLUX  884  2415.00        1.241377E+14   4.2468E-06   4.2535E-06   0.99844
FLUX  885  2425.00        1.236258E+14   4.2192E-06   4.2236E-06   0.99896
FLUX  886  2435.00        1.231181E+14   4.1879E-06   4.1941E-06   0.99851
FLUX  887  2445.00        1.226145E+14   4.1600E-06   4.1649E-06   0.99884
FLUX  888  2455.00        1.221151E+14   4.1233E-06   4.1360E-06   0.99694
FLUX  889  2465.00        1.216197E+14   4.1034E-06   4.1073E-06   0.99905
FLUX  890  2475.00        1.211283E+14   4.0719E-06   4.0790E-06   0.99825
FLUX  891  2485.00        1.206408E+14   4.0295E-06   4.0509E-06   0.99470
FLUX  892  2495.00        1.201573E+14   4.0154E-06   4.0231E-06   0.99808
FLUX  893  2505.00        1.196776E+14   3.9923E-06   3.9956E-06   0.99918
FLUX  894  2515.00        1.192018E+14   3.9642E-06   3.9684E-06   0.99895
FLUX  895  2525.00        1.187297E+14   3.9325E-06   3.9414E-06   0.99775
FLUX  896  2535.00        1.182613E+14   3.9106E-06   3.9147E-06   0.99896
FLUX  897  2545.00        1.177967E+14   3.8831E-06   3.8883E-06   0.99868
FLUX  898  2555.00        1.173356E+14   3.8551E-06   3.8621E-06   0.99818
FLUX  899  2565.00        1.168782E+14   3.8179E-06   3.8362E-06   0.99522
FLUX  900  2575.00        1.164243E+14   3.8084E-06   3.8105E-06   0.99943
FLUX  901  2585.00        1.159739E+14   3.7725E-06   3.7851E-06   0.99667
FLUX  902  2595.00        1.155270E+14   3.7570E-06   3.7600E-06   0.99921
FLUX  903  2605.00        1.150835E+14   3.7278E-06   3.7351E-06   0.99805
FLUX  904  2615.00        1.146434E+14   3.6827E-06   3.7104E-06   0.99255
FLUX  905  2625.00        1.142067E+14   3.5226E-06   3.6859E-06   0.95570
FLUX  906  2635.00        1.137732E+14   3.6409E-06   3.6617E-06   0.99431
FLUX  907  2645.00        1.133431E+14   3.6291E-06   3.6377E-06   0.99763
FLUX  908  2655.00        1.129162E+14   3.6064E-06   3.6140E-06   0.99789
FLUX  909  2665.00        1.124925E+14   3.5729E-06   3.5905E-06   0.99510
FLUX  910  2675.00        1.120720E+14   3.5385E-06   3.5672E-06   0.99195
FLUX  911  2685.00        1.116546E+14   3.5404E-06   3.5441E-06   0.99895
FLUX  912  2695.00        1.112403E+14   3.5203E-06   3.5213E-06   0.99973
FLUX  913  2705.00        1.108290E+14   3.4974E-06   3.4987E-06   0.99964
FLUX  914  2715.00        1.104208E+14   3.4748E-06   3.4762E-06   0.99958
FLUX  915  2725.00        1.100156E+14   3.4526E-06   3.4540E-06   0.99958
FLUX  916  2735.00        1.096133E+14   3.4307E-06   3.4320E-06   0.99960
FLUX  917  2745.00        1.092140E+14   3.4087E-06   3.4102E-06   0.99955
FLUX  918  2755.00        1.088176E+14   3.3541E-06   3.3886E-06   0.98980
FLUX  919  2765.00        1.084241E+14   3.3534E-06   3.3673E-06   0.99588
FLUX  920  2775.00        1.080333E+14   3.3443E-06   3.3461E-06   0.99947
FLUX  921  2785.00        1.076454E+14   3.3242E-06   3.3251E-06   0.99973
FLUX  922  2795.00        1.072603E+14   3.3040E-06   3.3043E-06   0.99990
FLUX  923  2805.00        1.068779E+14   3.2829E-06   3.2837E-06   0.99977
FLUX  924  2815.00        1.064982E+14   3.2630E-06   3.2633E-06   0.99991
FLUX  925  2825.00        1.061212E+14   3.2426E-06   3.2430E-06   0.99987
FLUX  926  2835.00        1.057469E+14   3.2229E-06   3.2230E-06   0.99998
FLUX  927  2845.00        1.053752E+14   3.2014E-06   3.2031E-06   0.99947
FLUX  928  2855.00        1.050061E+14   3.1826E-06   3.1834E-06   0.99975
FLUX  929  2865.00        1.046396E+14   3.1541E-06   3.1639E-06   0.99690
FLUX  930  2875.00        1.042757E+14   3.0979E-06   3.1446E-06   0.98515
FLUX  931  2885.00        1.039142E+14   3.1227E-06   3.1254E-06   0.99911
FLUX  932  2895.00        1.035553E+14   3.1061E-06   3.1064E-06   0.99989
FLUX  933  2905.00        1.031988E+14   3.0869E-06   3.0876E-06   0.99977
FLUX  934  2915.00        1.028448E+14   3.0684E-06   3.0690E-06   0.99981
FLUX  935  2925.00        1.024932E+14   3.0484E-06   3.0505E-06   0.99931
FLUX  936  2935.00        1.021440E+14   3.0318E-06   3.0322E-06   0.99987
FLUX  937  2945.00        1.017971E+14   3.0126E-06   3.0140E-06   0.99952
FLUX  938  2955.00        1.014526E+14   2.9957E-06   2.9960E-06   0.99988
FLUX  939  2965.00        1.011105E+14   2.9778E-06   2.9782E-06   0.99985
FLUX  940  2975.00        1.007706E+14   2.9600E-06   2.9605E-06   0.99983
FLUX  941  2985.00        1.004330E+14   2.9428E-06   2.9430E-06   0.99993
FLUX  942  2995.00        1.000977E+14   2.9246E-06   2.9256E-06   0.99964
FLUX  943  3005.00        9.976456E+13   2.9074E-06   2.9084E-06   0.99968
FLUX  944  3015.00        9.943367E+13   2.8910E-06   2.8913E-06   0.99990
FLUX  945  3025.00        9.910496E+13   2.8728E-06   2.8744E-06   0.99946
FLUX  946  3035.00        9.877842E+13   2.8127E-06   2.8576E-06   0.98429
FLUX  947  3045.00        9.845402E+13   2.8197E-06   2.8409E-06   0.99253
FLUX  948  3055.00        9.813175E+13   2.8235E-06   2.8244E-06   0.99967
FLUX  949  3065.00        9.781158E+13   2.8064E-06   2.8080E-06   0.99942
FLUX  950  3075.00        9.749350E+13   2.7915E-06   2.7918E-06   0.99992
FLUX  951  3085.00        9.717747E+13   2.7745E-06   2.7756E-06   0.99960
FLUX  952  3095.00        9.686349E+13   2.7582E-06   2.7597E-06   0.99947
FLUX  953  3105.00        9.655153E+13   2.7434E-06   2.7438E-06   0.99985
FLUX  954  3115.00        9.624157E+13   2.7206E-06   2.7281E-06   0.99723
FLUX  955  3125.00        9.593360E+13   2.7118E-06   2.7125E-06   0.99971
FLUX  956  3135.00        9.562759E+13   2.6962E-06   2.6971E-06   0.99969
FLUX  957  3145.00        9.532353E+13   2.6813E-06   2.6818E-06   0.99983
FLUX  958  3155.00        9.502139E+13   2.6623E-06   2.6666E-06   0.99840
FLUX  959  3165.00        9.472117E+13   2.6513E-06   2.6515E-06   0.99990
FLUX  960  3175.00        9.442283E+13   2.6350E-06   2.6366E-06   0.99937
FLUX  961  3185.00        9.412637E+13   2.6210E-06   2.6218E-06   0.99968
FLUX  962  3195.00        9.383177E+13   2.6069E-06   2.6071E-06   0.99990
FLUX  963  3210.00        9.339330E+13   2.5842E-06   2.5853E-06   0.99958
FLUX  964  3230.00        9.281502E+13   2.5560E-06   2.5567E-06   0.99972
FLUX  965  3250.00        9.224385E+13   2.5281E-06   2.5285E-06   0.99983
FLUX  966  3270.00        9.167966E+13   2.5001E-06   2.5008E-06   0.99972
FLUX  967  3290.00        9.112234E+13   2.4398E-06   2.4745E-06   0.98599
FLUX  968  3310.00        9.057175E+13   2.4415E-06   2.4476E-06   0.99748
FLUX  969  3330.00        9.002778E+13   2.4178E-06   2.4212E-06   0.99859
FLUX  970  3350.00        8.949030E+13   2.3943E-06   2.3952E-06   0.99961
FLUX  971  3370.00        8.895920E+13   2.3682E-06   2.3696E-06   0.99940
FLUX  972  3390.00        8.843437E+13   2.3414E-06   2.3445E-06   0.99869
FLUX  973  3410.00        8.791569E+13   2.3167E-06   2.3197E-06   0.99872
FLUX  974  3430.00        8.740306E+13   2.2947E-06   2.2953E-06   0.99972
FLUX  975  3450.00        8.689638E+13   2.2707E-06   2.2713E-06   0.99972
FLUX  976  3470.00        8.639553E+13   2.2472E-06   2.2477E-06   0.99980
FLUX  977  3490.00        8.590043E+13   2.2242E-06   2.2244E-06   0.99990
FLUX  978  3510.00        8.541097E+13   2.2010E-06   2.2015E-06   0.99978
FLUX  979  3530.00        8.492705E+13   2.1780E-06   2.1790E-06   0.99955
FLUX  980  3550.00        8.444859E+13   2.1564E-06   2.1567E-06   0.99983
FLUX  981  3570.00        8.397549E+13   2.1336E-06   2.1349E-06   0.99942
FLUX  982  3590.00        8.350766E+13   2.1123E-06   2.1133E-06   0.99955
FLUX  983  3610.00        8.304501E+13   2.0920E-06   2.0921E-06   0.99997
FLUX  984  3630.00        8.258747E+13   2.0708E-06   2.0711E-06   0.99981
FLUX  985  3650.00        8.213493E+13   2.0495E-06   2.0505E-06   0.99950
FLUX  986  3670.00        8.168733E+13   2.0283E-06   2.0302E-06   0.99907
FLUX  987  3690.00        8.124458E+13   2.0070E-06   2.0102E-06   0.99840
FLUX  988  3710.00        8.080660E+13   1.9883E-06   1.9905E-06   0.99886
FLUX  989  3730.00        8.037332E+13   1.9610E-06   1.9711E-06   0.99488
FLUX  990  3750.00        7.994467E+13   1.9309E-06   1.9520E-06   0.98922
FLUX  991  3770.00        7.952056E+13   1.9320E-06   1.9331E-06   0.99940
FLUX  992  3790.00        7.910092E+13   1.9135E-06   1.9145E-06   0.99946
FLUX  993  3810.00        7.868570E+13   1.8951E-06   1.8962E-06   0.99942
FLUX  994  3830.00        7.827480E+13   1.8776E-06   1.8781E-06   0.99969
FLUX  995  3850.00        7.786818E+13   1.8601E-06   1.8603E-06   0.99986
FLUX  996  3870.00        7.746576E+13   1.8420E-06   1.8428E-06   0.99957
FLUX  997  3890.00        7.706748E+13   1.8246E-06   1.8255E-06   0.99950
FLUX  998  3910.00        7.667327E+13   1.8072E-06   1.8084E-06   0.99933
FLUX  999  3930.00        7.628308E+13   1.7912E-06   1.7916E-06   0.99977
FLUX 1000  3950.00        7.589684E+13   1.7743E-06   1.7750E-06   0.99961
FLUX 1001  3970.00        7.551448E+13   1.7585E-06   1.7586E-06   0.99991
FLUX 1002  3990.00        7.513596E+13   1.7409E-06   1.7425E-06   0.99911
FLUX 1003  4010.00        7.476122E+13   1.7246E-06   1.7266E-06   0.99884
FLUX 1004  4030.00        7.439020E+13   1.7091E-06   1.7109E-06   0.99895
FLUX 1005  4050.00        7.402284E+13   1.6727E-06   1.6954E-06   0.98662
FLUX 1006  4070.00        7.365909E+13   1.6790E-06   1.6801E-06   0.99937
FLUX 1007  4090.00        7.329890E+13   1.6642E-06   1.6650E-06   0.99951
FLUX 1008  4110.00        7.294221E+13   1.6498E-06   1.6501E-06   0.99977
FLUX 1009  4130.00        7.258898E+13   1.6353E-06   1.6355E-06   0.99988
FLUX 1010  4150.00        7.223916E+13   1.6204E-06   1.6210E-06   0.99964
FLUX 1011  4170.00        7.189269E+13   1.6033E-06   1.6067E-06   0.99789
FLUX 1012  4190.00        7.154952E+13   1.5920E-06   1.5926E-06   0.99960
FLUX 1013  4210.00        7.120962E+13   1.5759E-06   1.5787E-06   0.99824
FLUX 1014  4230.00        7.087293E+13   1.5649E-06   1.5649E-06   0.99999
FLUX 1015  4250.00        7.053941E+13   1.5510E-06   1.5514E-06   0.99973
FLUX 1016  4270.00        7.020902E+13   1.5379E-06   1.5380E-06   0.99993
FLUX 1017  4290.00        6.988170E+13   1.5240E-06   1.5248E-06   0.99945
FLUX 1018  4310.00        6.955742E+13   1.5099E-06   1.5118E-06   0.99880
FLUX 1019  4330.00        6.923614E+13   1.4968E-06   1.4989E-06   0.99861
FLUX 1020  4350.00        6.891782E+13   1.4829E-06   1.4862E-06   0.99779
FLUX 1021  4370.00        6.860240E+13   1.4649E-06   1.4736E-06   0.99411
FLUX 1022  4390.00        6.828986E+13   1.4566E-06   1.4612E-06   0.99684
FLUX 1023  4410.00        6.798016E+13   1.4432E-06   1.4490E-06   0.99604
FLUX 1024  4430.00        6.767325E+13   1.4316E-06   1.4369E-06   0.99630
FLUX 1025  4450.00        6.736910E+13   1.4197E-06   1.4250E-06   0.99631
FLUX 1026  4470.00        6.706767E+13   1.4074E-06   1.4133E-06   0.99583
FLUX 1027  4490.00        6.676893E+13   1.3963E-06   1.4017E-06   0.99619
FLUX 1028  4510.00        6.647284E+13   1.3844E-06   1.3902E-06   0.99581
FLUX 1029  4530.00        6.617936E+13   1.3730E-06   1.3788E-06   0.99579
FLUX 1030  4550.00        6.588846E+13   1.3623E-06   1.3676E-06   0.99611
FLUX 1031  4570.00        6.560011E+13   1.3516E-06   1.3565E-06   0.99635
FLUX 1032  4590.00        6.531427E+13   1.3403E-06   1.3456E-06   0.99609
FLUX 1033  4610.00        6.503091E+13   1.3304E-06   1.3348E-06   0.99670
FLUX 1034  4630.00        6.475000E+13   1.3194E-06   1.3241E-06   0.99651
FLUX 1035  4650.00        6.447151E+13   1.2946E-06   1.3135E-06   0.98560
FLUX 1036  4670.00        6.419540E+13   1.2932E-06   1.3031E-06   0.99244
FLUX 1037  4690.00        6.392164E+13   1.2893E-06   1.2928E-06   0.99734
FLUX 1038  4710.00        6.365021E+13   1.2796E-06   1.2826E-06   0.99770
FLUX 1039  4730.00        6.338108E+13   1.2700E-06   1.2725E-06   0.99802
FLUX 1040  4750.00        6.311421E+13   1.2599E-06   1.2626E-06   0.99791
FLUX 1041  4770.00        6.284958E+13   1.2502E-06   1.2527E-06   0.99802
FLUX 1042  4790.00        6.258716E+13   1.2408E-06   1.2430E-06   0.99821
FLUX 1043  4810.00        6.232692E+13   1.2309E-06   1.2334E-06   0.99796
FLUX 1044  4830.00        6.206884E+13   1.2218E-06   1.2239E-06   0.99825
FLUX 1045  4850.00        6.181289E+13   1.2122E-06   1.2145E-06   0.99807
FLUX 1046  4870.00        6.155903E+13   1.2029E-06   1.2052E-06   0.99807
FLUX 1047  4890.00        6.130726E+13   1.1937E-06   1.1961E-06   0.99806
FLUX 1048  4910.00        6.105754E+13   1.1849E-06   1.1870E-06   0.99821
FLUX 1049  4930.00        6.080984E+13   1.1758E-06   1.1780E-06   0.99811
FLUX 1050  4950.00        6.056414E+13   1.1669E-06   1.1692E-06   0.99807
FLUX 1051  4970.00        6.032042E+13   1.1579E-06   1.1604E-06   0.99789
FLUX 1052  4990.00        6.007866E+13   1.1499E-06   1.1517E-06   0.99846
FLUX 1053  5010.00        5.983882E+13   1.1409E-06   1.1432E-06   0.99802
FLUX 1054  5030.00        5.960089E+13   1.1329E-06   1.1347E-06   0.99840
FLUX 1055  5050.00        5.936485E+13   1.1239E-06   1.1263E-06   0.99788
FLUX 1056  5070.00        5.913067E+13   1.1159E-06   1.1180E-06   0.99814
FLUX 1057  5090.00        5.889833E+13   1.1080E-06   1.1098E-06   0.99840
FLUX 1058  5110.00        5.866781E+13   1.0993E-06   1.1017E-06   0.99783
FLUX 1059  5130.00        5.843908E+13   1.0859E-06   1.0937E-06   0.99291
FLUX 1060  5150.00        5.821214E+13   1.0838E-06   1.0858E-06   0.99822
FLUX 1061  5170.00        5.798694E+13   1.0764E-06   1.0779E-06   0.99857
FLUX 1062  5190.00        5.776349E+13   1.0684E-06   1.0702E-06   0.99838
FLUX 1063  5210.00        5.754175E+13   1.0607E-06   1.0625E-06   0.99830
FLUX 1064  5230.00        5.732170E+13   1.0531E-06   1.0549E-06   0.99835
FLUX 1065  5250.00        5.710333E+13   1.0459E-06   1.0474E-06   0.99863
FLUX 1066  5270.00        5.688662E+13   1.0386E-06   1.0399E-06   0.99874
FLUX 1067  5290.00        5.667155E+13   1.0310E-06   1.0326E-06   0.99848
FLUX 1068  5310.00        5.645810E+13   1.0241E-06   1.0253E-06   0.99878
FLUX 1069  5330.00        5.624625E+13   1.0167E-06   1.0181E-06   0.99866
FLUX 1070  5350.00        5.603598E+13   1.0098E-06   1.0110E-06   0.99882
FLUX 1071  5370.00        5.582728E+13   1.0027E-06   1.0039E-06   0.99873
FLUX 1072  5390.00        5.562013E+13   9.9582E-07   9.9696E-07   0.99886
FLUX 1073  5410.00        5.541451E+13   9.8909E-07   9.9006E-07   0.99902
FLUX 1074  5430.00        5.521041E+13   9.8197E-07   9.8323E-07   0.99872
FLUX 1075  5450.00        5.500780E+13   9.7557E-07   9.7647E-07   0.99908
FLUX 1076  5470.00        5.480667E+13   9.6837E-07   9.6978E-07   0.99855
FLUX 1077  5490.00        5.460701E+13   9.6217E-07   9.6316E-07   0.99897
FLUX 1078  5510.00        5.440880E+13   9.5583E-07   9.5660E-07   0.99920
FLUX 1079  5530.00        5.421203E+13   9.4931E-07   9.5011E-07   0.99916
FLUX 1080  5550.00        5.401667E+13   9.4292E-07   9.4369E-07   0.99918
FLUX 1081  5570.00        5.382271E+13   9.3681E-07   9.3734E-07   0.99944
FLUX 1082  5590.00        5.363014E+13   9.2996E-07   9.3104E-07   0.99883
FLUX 1083  5610.00        5.343895E+13   9.2420E-07   9.2481E-07   0.99933
FLUX 1084  5630.00        5.324911E+13   9.1796E-07   9.1865E-07   0.99925
FLUX 1085  5650.00        5.306062E+13   9.1212E-07   9.1254E-07   0.99953
FLUX 1086  5670.00        5.287346E+13   9.0611E-07   9.0650E-07   0.99958
FLUX 1087  5690.00        5.268761E+13   8.9997E-07   9.0051E-07   0.99940
FLUX 1088  5710.00        5.250306E+13   8.9398E-07   8.9459E-07   0.99933
FLUX 1089  5730.00        5.231981E+13   8.8837E-07   8.8872E-07   0.99961
FLUX 1090  5750.00        5.213783E+13   8.8257E-07   8.8291E-07   0.99961
FLUX 1091  5770.00        5.195711E+13   8.7681E-07   8.7715E-07   0.99961
FLUX 1092  5790.00        5.177763E+13   8.7115E-07   8.7146E-07   0.99964
FLUX 1093  5810.00        5.159940E+13   8.6553E-07   8.6582E-07   0.99966
FLUX 1094  5830.00        5.142238E+13   8.5998E-07   8.6023E-07   0.99971
FLUX 1095  5850.00        5.124658E+13   8.5451E-07   8.5473E-07   0.99975
FLUX 1096  5870.00        5.107198E+13   8.4898E-07   8.4925E-07   0.99969
FLUX 1097  5890.00        5.089856E+13   8.4332E-07   8.4382E-07   0.99940
FLUX 1098  5910.00        5.072631E+13   8.3343E-07   8.3844E-07   0.99403
FLUX 1099  5930.00        5.055523E+13   8.3290E-07   8.3312E-07   0.99974
FLUX 1100  5950.00        5.038529E+13   8.2696E-07   8.2784E-07   0.99893
FLUX 1101  5970.00        5.021650E+13   8.2239E-07   8.2262E-07   0.99972
FLUX 1102  5990.00        5.004883E+13   8.1727E-07   8.1745E-07   0.99979
FLUX 1103  6010.00        4.988228E+13   8.1211E-07   8.1232E-07   0.99974
FLUX 1104  6030.00        4.971683E+13   8.0714E-07   8.0724E-07   0.99987
FLUX 1105  6050.00        4.955248E+13   8.0213E-07   8.0221E-07   0.99989
FLUX 1106  6070.00        4.938921E+13   7.9707E-07   7.9723E-07   0.99980
FLUX 1107  6090.00        4.922701E+13   7.9205E-07   7.9229E-07   0.99969
FLUX 1108  6110.00        4.906588E+13   7.8694E-07   7.8740E-07   0.99942
FLUX 1109  6130.00        4.890579E+13   7.8244E-07   7.8256E-07   0.99985
FLUX 1110  6150.00        4.874675E+13   7.7770E-07   7.7776E-07   0.99992
FLUX 1111  6170.00        4.858874E+13   7.7294E-07   7.7300E-07   0.99992
FLUX 1112  6190.00        4.843174E+13   7.6823E-07   7.6829E-07   0.99993
FLUX 1113  6210.00        4.827576E+13   7.6356E-07   7.6362E-07   0.99992
FLUX 1114  6230.00        4.812079E+13   7.5860E-07   7.5899E-07   0.99949
FLUX 1115  6250.00        4.796680E+13   7.5417E-07   7.5440E-07   0.99968
FLUX 1116  6270.00        4.781380E+13   7.4967E-07   7.4986E-07   0.99975
FLUX 1117  6290.00        4.766176E+13   7.4454E-07   7.4536E-07   0.99890
FLUX 1118  6310.00        4.751070E+13   7.4071E-07   7.4089E-07   0.99975
FLUX 1119  6330.00        4.736058E+13   7.3646E-07   7.3647E-07   0.99998
FLUX 1120  6350.00        4.721142E+13   7.3207E-07   7.3209E-07   0.99997
FLUX 1121  6370.00        4.706319E+13   7.2764E-07   7.2774E-07   0.99986
FLUX 1122  6390.00        4.691588E+13   7.2337E-07   7.2344E-07   0.99990
FLUX 1123  6420.00        4.669665E+13   7.1704E-07   7.1705E-07   0.99998
FLUX 1124  6460.00        4.640751E+13   7.0858E-07   7.0867E-07   0.99987
FLUX 1125  6500.00        4.612192E+13   7.0028E-07   7.0043E-07   0.99978
FLUX 1126  6540.00        4.583983E+13   6.9233E-07   6.9234E-07   0.99998
FLUX 1127  6580.00        4.556117E+13   6.8438E-07   6.8438E-07   0.99999
FLUX 1128  6620.00        4.528588E+13   6.7655E-07   6.7656E-07   0.99998
FLUX 1129  6660.00        4.501389E+13   6.6887E-07   6.6888E-07   0.99999
FLUX 1130  6700.00        4.474515E+13   6.6130E-07   6.6132E-07   0.99997
FLUX 1131  6740.00        4.447960E+13   6.5384E-07   6.5390E-07   0.99991
FLUX 1132  6780.00        4.421718E+13   6.4606E-07   6.4659E-07   0.99918
FLUX 1133  6820.00        4.395784E+13   6.3940E-07   6.3941E-07   0.99998
FLUX 1134  6860.00        4.370153E+13   6.3234E-07   6.3235E-07   0.99999
FLUX 1135  6900.00        4.344819E+13   6.2539E-07   6.2540E-07   0.99998
FLUX 1136  6940.00        4.319777E+13   6.1852E-07   6.1857E-07   0.99992
FLUX 1137  6980.00        4.295021E+13   6.1184E-07   6.1185E-07   0.99999
FLUX 1138  7020.00        4.270548E+13   6.0515E-07   6.0524E-07   0.99986
FLUX 1139  7060.00        4.246353E+13   5.9872E-07   5.9873E-07   0.99998
FLUX 1140  7100.00        4.222430E+13   5.9233E-07   5.9233E-07   0.99999
FLUX 1141  7140.00        4.198775E+13   5.8603E-07   5.8604E-07   0.99999
FLUX 1142  7180.00        4.175383E+13   5.7983E-07   5.7984E-07   0.99998
FLUX 1143  7220.00        4.152251E+13   5.7372E-07   5.7374E-07   0.99997
FLUX 1144  7260.00        4.129373E+13   5.6772E-07   5.6773E-07   0.99997
FLUX 1145  7300.00        4.106747E+13   5.6182E-07   5.6182E-07   1.00000
FLUX 1146  7340.00        4.084366E+13   5.5596E-07   5.5601E-07   0.99992
FLUX 1147  7380.00        4.062229E+13   5.5027E-07   5.5028E-07   0.99999
FLUX 1148  7420.00        4.040330E+13   5.4463E-07   5.4464E-07   0.99998
FLUX 1149  7460.00        4.018666E+13   5.3692E-07   5.3908E-07   0.99599
FLUX 1150  7500.00        3.997233E+13   5.3144E-07   5.3362E-07   0.99592
FLUX 1151  7540.00        3.976028E+13   5.2821E-07   5.2823E-07   0.99997
FLUX 1152  7580.00        3.955046E+13   5.2292E-07   5.2293E-07   0.99999
FLUX 1153  7620.00        3.934285E+13   5.1769E-07   5.1770E-07   0.99998
FLUX 1154  7660.00        3.913740E+13   5.1255E-07   5.1255E-07   1.00000
FLUX 1155  7700.00        3.893409E+13   5.0747E-07   5.0748E-07   0.99998
FLUX 1156  7740.00        3.873288E+13   5.0249E-07   5.0249E-07   0.99999
FLUX 1157  7780.00        3.853374E+13   4.9756E-07   4.9757E-07   0.99999
FLUX 1158  7820.00        3.833664E+13   4.9271E-07   4.9272E-07   1.00000
FLUX 1159  7860.00        3.814154E+13   4.8793E-07   4.8794E-07   1.00000
FLUX 1160  7900.00        3.794842E+13   4.8322E-07   4.8323E-07   1.00000
FLUX 1161  7940.00        3.775724E+13   4.7858E-07   4.7858E-07   0.99999
FLUX 1162  7980.00        3.756798E+13   4.7400E-07   4.7401E-07   0.99999
FLUX 1163  8020.00        3.738061E+13   4.6949E-07   4.6950E-07   0.99999
FLUX 1164  8060.00        3.719510E+13   4.6503E-07   4.6505E-07   0.99997
FLUX 1165  8100.00        3.701142E+13   4.6066E-07   4.6067E-07   1.00000
FLUX 1166  8140.00        3.682955E+13   4.5630E-07   4.5634E-07   0.99991
FLUX 1167  8180.00        3.664945E+13   4.5206E-07   4.5208E-07   0.99994
FLUX 1168  8220.00        3.647111E+13   4.4788E-07   4.4788E-07   1.00000
FLUX 1169  8260.00        3.629449E+13   4.4373E-07   4.4374E-07   0.99999
FLUX 1170  8300.00        3.611958E+13   4.3965E-07   4.3965E-07   0.99999
FLUX 1171  8340.00        3.594634E+13   4.3560E-07   4.3562E-07   0.99994
FLUX 1172  8380.00        3.577476E+13   4.3164E-07   4.3165E-07   0.99998
FLUX 1173  8420.00        3.560481E+13   4.2772E-07   4.2773E-07   0.99999
FLUX 1174  8460.00        3.543647E+13   4.2386E-07   4.2386E-07   0.99999
FLUX 1175  8500.00        3.526971E+13   4.2004E-07   4.2004E-07   1.00000
FLUX 1176  8540.00        3.510451E+13   4.1628E-07   4.1628E-07   1.00000
FLUX 1177  8580.00        3.494085E+13   4.1256E-07   4.1257E-07   0.99999
FLUX 1178  8620.00        3.477871E+13   4.0890E-07   4.0890E-07   0.99998
FLUX 1179  8660.00        3.461807E+13   4.0528E-07   4.0529E-07   0.99997
FLUX 1180  8700.00        3.445891E+13   4.0172E-07   4.0172E-07   1.00000
FLUX 1181  8740.00        3.430120E+13   3.9792E-07   3.9820E-07   0.99929
FLUX 1182  8780.00        3.414493E+13   3.9443E-07   3.9473E-07   0.99926
FLUX 1183  8820.00        3.399008E+13   3.9129E-07   3.9130E-07   0.99998
FLUX 1184  8860.00        3.383663E+13   3.8789E-07   3.8791E-07   0.99994
FLUX 1185  8900.00        3.368455E+13   3.8455E-07   3.8457E-07   0.99994
FLUX 1186  8940.00        3.353384E+13   3.8127E-07   3.8127E-07   0.99998
FLUX 1187  8980.00        3.338447E+13   3.7799E-07   3.7802E-07   0.99992
FLUX 1188  9020.00        3.323642E+13   3.7480E-07   3.7481E-07   0.99999
FLUX 1189  9060.00        3.308968E+13   3.7163E-07   3.7163E-07   1.00000
FLUX 1190  9100.00        3.294423E+13   3.6848E-07   3.6850E-07   0.99994
FLUX 1191  9140.00        3.280005E+13   3.6538E-07   3.6541E-07   0.99994
FLUX 1192  9180.00        3.265714E+13   3.6235E-07   3.6235E-07   0.99999
FLUX 1193  9220.00        3.251546E+13   3.5933E-07   3.5934E-07   0.99998
FLUX 1194  9260.00        3.237500E+13   3.5635E-07   3.5636E-07   0.99998
FLUX 1195  9300.00        3.223575E+13   3.5341E-07   3.5341E-07   1.00000
FLUX 1196  9340.00        3.209770E+13   3.5050E-07   3.5051E-07   0.99997
FLUX 1197  9380.00        3.196082E+13   3.4750E-07   3.4764E-07   0.99960
FLUX 1198  9420.00        3.182511E+13   3.4480E-07   3.4480E-07   0.99999
FLUX 1199  9460.00        3.169054E+13   3.4198E-07   3.4200E-07   0.99994
FLUX 1200  9500.00        3.155711E+13   3.3924E-07   3.3924E-07   1.00000
FLUX 1201  9540.00        3.142479E+13   3.3650E-07   3.3650E-07   0.99998
FLUX 1202  9580.00        3.129358E+13   3.3378E-07   3.3380E-07   0.99992
FLUX 1203  9620.00        3.116346E+13   3.3113E-07   3.3114E-07   0.99998
FLUX 1204  9660.00        3.103442E+13   3.2847E-07   3.2850E-07   0.99990
FLUX 1205  9700.00        3.090644E+13   3.2589E-07   3.2590E-07   0.99999
FLUX 1206  9740.00        3.077952E+13   3.2330E-07   3.2332E-07   0.99992
FLUX 1207  9780.00        3.065363E+13   3.2073E-07   3.2078E-07   0.99986
FLUX 1208  9820.00        3.052877E+13   3.1826E-07   3.1826E-07   0.99998
FLUX 1209  9860.00        3.040492E+13   3.1578E-07   3.1578E-07   0.99998
FLUX 1210  9900.00        3.028207E+13   3.1331E-07   3.1333E-07   0.99993
FLUX 1211  9940.00        3.016021E+13   3.1087E-07   3.1090E-07   0.99990
FLUX 1212  9980.00        3.003933E+13   3.0850E-07   3.0850E-07   0.99999
FLUX 1213 10020.00        2.991941E+13   3.0613E-07   3.0613E-07   0.99999
FLUX 1214 20000.00        1.498963E+13   7.9563E-08   7.9563E-08   1.00000
FLUX 1215 40000.00        7.494813E+12   2.0148E-08   2.0148E-08   1.00000
FLUX 1216 60000.00        4.996542E+12   8.9549E-09   8.9549E-09   1.00000
FLUX 1217 80000.00        3.747406E+12   5.0244E-09   5.0244E-09   1.00000
FLUX 1218100000.00        2.997925E+12   3.2055E-09   3.2055E-09   1.00000
FLUX 1219120000.00        2.498271E+12   2.2188E-09   2.2188E-09   1.00000
FLUX 1220140000.00        2.141375E+12   1.6250E-09   1.6250E-09   1.00000
FLUX 1221160000.00        1.873703E+12   1.2404E-09   1.2404E-09   1.00000
FLUX
