TEFF   8250.  GRAVITY 1.00000 LTE 
TITLE  [-1.0] VTURB=2  L/H=1.25 NOVER NEW ODF                                   
FLUX    1     9.09        3.298047E+16   1.0000E-50   0.0000E+00   1.00000
FLUX    2     9.35        3.206337E+16   1.0000E-50   0.0000E+00   1.00000
FLUX    3     9.61        3.119589E+16   1.0000E-50   0.0000E+00   1.00000
FLUX    4     9.77        3.068501E+16   1.0000E-50   0.0000E+00   1.00000
FLUX    5     9.96        3.009965E+16   1.0000E-50   0.0000E+00   1.00000
FLUX    6    10.20        2.939142E+16   1.0000E-50   0.0000E+00   1.00000
FLUX    7    10.38        2.888174E+16   1.0000E-50   0.0000E+00   1.00000
FLUX    8    10.56        2.838944E+16   1.0000E-50   0.0000E+00   1.00000
FLUX    9    10.77        2.783589E+16   1.0000E-50   0.0000E+00   1.00000
FLUX   10    11.04        2.715512E+16   1.0000E-50   0.0000E+00   1.00000
FLUX   11    11.40        2.629759E+16   1.0000E-50   0.0000E+00   1.00000
FLUX   12    11.78        2.544928E+16   1.0000E-50   0.0000E+00   1.00000
FLUX   13    12.13        2.471496E+16   1.0000E-50   0.0000E+00   1.00000
FLUX   14    12.48        2.402183E+16   1.0000E-50   0.0000E+00   1.00000
FLUX   15    12.71        2.358714E+16   1.0000E-50   0.0000E+00   1.00000
FLUX   16    12.84        2.334833E+16   1.0000E-50   0.0000E+00   1.00000
FLUX   17    13.05        2.297261E+16   1.0000E-50   0.0000E+00   1.00000
FLUX   18    13.24        2.264294E+16   1.0000E-50   0.0000E+00   1.00000
FLUX   19    13.39        2.238928E+16   1.0000E-50   0.0000E+00   1.00000
FLUX   20    13.66        2.194674E+16   1.0000E-50   0.0000E+00   1.00000
FLUX   21    13.98        2.144438E+16   1.0000E-50   0.0000E+00   1.00000
FLUX   22    14.33        2.092062E+16   1.0000E-50   0.0000E+00   1.00000
FLUX   23    14.72        2.036634E+16   1.0000E-50   0.0000E+00   1.00000
FLUX   24    15.10        1.985381E+16   1.0000E-50   0.0000E+00   1.00000
FLUX   25    15.52        1.931653E+16   1.0000E-50   0.0000E+00   1.00000
FLUX   26    15.88        1.887862E+16   1.0000E-50   0.0000E+00   1.00000
FLUX   27    16.20        1.850571E+16   1.0000E-50   0.0000E+00   1.00000
FLUX   28    16.60        1.805979E+16   1.0000E-50   0.0000E+00   1.00000
FLUX   29    17.03        1.760379E+16   1.0000E-50   0.0000E+00   1.00000
FLUX   30    17.34        1.728907E+16   1.0000E-50   0.0000E+00   1.00000
FLUX   31    17.68        1.695659E+16   1.0000E-50   0.0000E+00   1.00000
FLUX   32    18.02        1.663665E+16   1.0000E-50   0.0000E+00   1.00000
FLUX   33    18.17        1.649931E+16   1.0000E-50   0.0000E+00   1.00000
FLUX   34    18.61        1.610922E+16   1.0000E-50   0.0000E+00   1.00000
FLUX   35    19.10        1.569594E+16   1.0000E-50   0.0000E+00   1.00000
FLUX   36    19.39        1.546119E+16   1.0000E-50   0.0000E+00   1.00000
FLUX   37    19.84        1.511051E+16   1.0000E-50   0.0000E+00   1.00000
FLUX   38    20.18        1.485592E+16   1.0000E-50   0.0000E+00   1.00000
FLUX   39    20.50        1.462402E+16   1.0000E-50   0.0000E+00   1.00000
FLUX   40    21.05        1.424192E+16   1.0000E-50   0.0000E+00   1.00000
FLUX   41    21.62        1.386644E+16   1.0000E-50   0.0000E+00   1.00000
FLUX   42    21.98        1.363933E+16   1.0000E-50   0.0000E+00   1.00000
FLUX   43    22.30        1.344361E+16   1.0000E-50   0.0000E+00   1.00000
FLUX   44    22.68        1.321836E+16   1.0000E-50   0.0000E+00   1.00000
FLUX   45    23.00        1.303446E+16   1.0000E-50   0.0000E+00   1.00000
FLUX   46    23.40        1.281165E+16   1.0000E-50   0.0000E+00   1.00000
FLUX   47    24.00        1.249135E+16   1.0000E-50   0.0000E+00   1.00000
FLUX   48    24.65        1.216197E+16   1.0000E-50   0.0000E+00   1.00000
FLUX   49    25.24        1.187767E+16   1.0000E-50   0.0000E+00   1.00000
FLUX   50    25.68        1.167416E+16   1.0000E-50   0.0000E+00   1.00000
FLUX   51    26.00        1.153048E+16   1.0000E-50   0.0000E+00   1.00000
FLUX   52    26.40        1.135578E+16   1.0000E-50   0.0000E+00   1.00000
FLUX   53    26.85        1.116546E+16   1.0000E-50   0.0000E+00   1.00000
FLUX   54    27.35        1.096133E+16   1.0000E-50   0.0000E+00   1.00000
FLUX   55    27.85        1.076454E+16   1.0000E-50   0.0000E+00   1.00000
FLUX   56    28.40        1.055607E+16   1.0000E-50   0.0000E+00   1.00000
FLUX   57    29.00        1.033767E+16   1.0000E-50   0.0000E+00   1.00000
FLUX   58    29.60        1.012813E+16   1.0000E-50   0.0000E+00   1.00000
FLUX   59    30.10        9.959884E+15   1.0000E-50   0.0000E+00   1.00000
FLUX   60    30.80        9.733523E+15   1.0000E-50   0.0000E+00   1.00000
FLUX   61    31.80        9.427437E+15   1.0000E-50   0.0000E+00   1.00000
FLUX   62    32.80        9.140015E+15   1.0000E-50   0.0000E+00   1.00000
FLUX   63    33.80        8.869601E+15   1.4563E-37   1.4563E-37   0.99999
FLUX   64    34.80        8.614727E+15   1.7142E-36   1.7142E-36   0.99999
FLUX   65    35.70        8.397549E+15   1.2826E-35   1.2826E-35   0.99999
FLUX   66    36.60        8.191052E+15   8.6561E-35   8.6561E-35   1.00000
FLUX   67    37.50        7.994467E+15   5.3218E-34   5.3218E-34   0.99999
FLUX   68    38.50        7.786818E+15   3.6202E-33   3.6202E-33   0.99999
FLUX   69    39.50        7.589684E+15   2.2319E-32   2.2319E-32   0.99999
FLUX   70    40.50        7.402284E+15   1.2564E-31   1.2564E-31   1.00000
FLUX   71    41.40        7.241365E+15   5.5355E-31   5.5355E-31   1.00000
FLUX   72    42.20        7.104088E+15   1.9597E-30   1.9597E-30   1.00000
FLUX   73    43.00        6.971919E+15   6.6146E-30   6.6148E-30   0.99997
FLUX   74    44.10        6.798016E+15   3.2744E-29   3.2744E-29   1.00000
FLUX   75    45.10        6.647284E+15   1.3081E-28   1.3081E-28   1.00000
FLUX   76    46.00        6.517228E+15   4.3177E-28   4.3178E-28   1.00000
FLUX   77    47.00        6.378564E+15   1.5409E-27   1.5409E-27   0.99999
FLUX   78    48.00        6.245677E+15   5.2094E-27   5.2094E-27   1.00000
FLUX   79    49.00        6.118214E+15   1.6742E-26   1.6742E-26   1.00000
FLUX   80    50.00        5.995850E+15   5.1293E-26   5.1293E-26   1.00000
FLUX   81    50.60        5.924753E+15   1.0473E-25   1.0790E-25   0.97056
FLUX   82    51.20        5.855322E+15   2.0234E-25   2.0283E-25   0.99760
FLUX   83    52.00        5.765240E+15   4.5881E-25   4.5978E-25   0.99788
FLUX   84    53.00        5.656462E+15   1.2343E-24   1.2344E-24   0.99995
FLUX   85    54.00        5.551713E+15   3.1879E-24   3.1928E-24   0.99846
FLUX   86    55.00        5.450773E+15   7.9724E-24   7.9727E-24   0.99997
FLUX   87    56.00        5.353438E+15   1.9254E-23   1.9255E-23   0.99999
FLUX   88    57.00        5.259518E+15   4.5056E-23   4.5056E-23   1.00000
FLUX   89    58.00        5.168836E+15   1.0214E-22   1.0231E-22   0.99829
FLUX   90    59.00        5.081229E+15   2.2579E-22   2.2580E-22   0.99998
FLUX   91    60.00        4.996542E+15   4.8502E-22   4.8503E-22   0.99998
FLUX   92    61.00        4.914631E+15   1.0154E-21   1.0154E-21   1.00000
FLUX   93    62.00        4.835363E+15   2.0745E-21   2.0745E-21   0.99999
FLUX   94    63.00        4.758611E+15   4.1404E-21   4.1404E-21   0.99999
FLUX   95    64.00        4.684258E+15   8.0823E-21   8.0825E-21   0.99998
FLUX   96    65.00        4.612192E+15   1.5448E-20   1.5448E-20   1.00000
FLUX   97    65.80        4.556117E+15   2.5562E-20   2.5562E-20   1.00000
FLUX   98    66.50        4.508158E+15   3.9311E-20   3.9312E-20   0.99999
FLUX   99    67.50        4.441370E+15   7.1551E-20   7.1551E-20   0.99999
FLUX  100    68.50        4.376533E+15   1.2790E-19   1.2790E-19   0.99998
FLUX  101    69.50        4.313561E+15   2.2472E-19   2.2472E-19   1.00000
FLUX  102    70.50        4.252376E+15   3.8833E-19   3.8835E-19   0.99995
FLUX  103    71.60        4.187046E+15   6.9606E-19   6.9606E-19   1.00000
FLUX  104    72.60        4.129373E+15   1.1645E-18   1.1645E-18   1.00000
FLUX  105    73.50        4.078810E+15   1.8277E-18   1.8277E-18   1.00000
FLUX  106    74.50        4.024060E+15   2.9763E-18   2.9764E-18   0.99999
FLUX  107    75.50        3.970762E+15   4.7823E-18   4.7823E-18   0.99999
FLUX  108    76.50        3.918856E+15   7.5858E-18   7.5859E-18   0.99999
FLUX  109    77.50        3.868290E+15   1.1885E-17   1.1885E-17   0.99999
FLUX  110    78.50        3.819013E+15   1.8400E-17   1.8400E-17   1.00000
FLUX  111    79.50        3.770975E+15   2.8160E-17   2.8164E-17   0.99985
FLUX  112    80.50        3.724130E+15   4.2635E-17   4.2637E-17   0.99997
FLUX  113    81.50        3.678436E+15   6.3866E-17   6.3866E-17   1.00000
FLUX  114    82.50        3.633848E+15   9.4696E-17   9.4696E-17   1.00000
FLUX  115    83.50        3.590329E+15   1.3903E-16   1.3904E-16   0.99998
FLUX  116    84.50        3.547840E+15   2.0221E-16   2.0221E-16   1.00000
FLUX  117    85.50        3.506345E+15   2.9141E-16   2.9141E-16   1.00000
FLUX  118    86.50        3.465809E+15   4.1626E-16   4.1626E-16   1.00000
FLUX  119    87.50        3.426200E+15   5.8955E-16   5.8956E-16   0.99997
FLUX  120    88.50        3.387486E+15   8.2818E-16   8.2818E-16   1.00000
FLUX  121    89.50        3.349637E+15   1.1542E-15   1.1542E-15   1.00000
FLUX  122    90.50        3.312624E+15   1.5960E-15   1.5961E-15   0.99992
FLUX  123    91.50        3.276421E+15   1.1316E-13   1.4845E-12   0.07623
FLUX  124    92.50        3.241000E+15   7.9801E-13   1.9069E-12   0.41847
FLUX  125    93.50        3.206337E+15   1.1839E-12   2.4070E-12   0.49183
FLUX  126    94.50        3.172407E+15   1.8199E-12   3.0083E-12   0.60496
FLUX  127    95.50        3.139188E+15   2.8233E-12   3.8648E-12   0.73053
FLUX  128    96.50        3.106658E+15   3.4627E-12   4.4074E-12   0.78566
FLUX  129    97.50        3.074795E+15   2.7991E-12   4.6121E-12   0.60690
FLUX  130    98.50        3.043579E+15   5.7786E-12   7.1244E-12   0.81111
FLUX  131    99.50        3.012990E+15   6.5724E-12   8.4914E-12   0.77400
FLUX  132   100.50        2.983010E+15   8.2866E-12   9.8478E-12   0.84146
FLUX  133   101.50        2.953621E+15   7.8272E-12   1.0173E-11   0.76941
FLUX  134   102.50        2.924805E+15   7.4763E-12   1.5367E-11   0.48652
FLUX  135   103.50        2.896546E+15   1.1986E-11   1.7471E-11   0.68605
FLUX  136   104.50        2.868828E+15   1.8858E-11   2.1704E-11   0.86888
FLUX  137   105.50        2.841635E+15   2.3818E-11   2.6183E-11   0.90969
FLUX  138   106.50        2.814953E+15   2.7517E-11   3.1258E-11   0.88035
FLUX  139   107.50        2.788767E+15   3.4171E-11   3.7179E-11   0.91907
FLUX  140   108.50        2.763065E+15   4.0499E-11   4.4034E-11   0.91970
FLUX  141   109.50        2.737831E+15   4.5250E-11   5.1847E-11   0.87274
FLUX  142   110.50        2.713054E+15   5.3877E-10   1.9672E-08   0.02739
FLUX  143   111.50        2.688722E+15   4.6903E-09   2.1866E-08   0.21450
FLUX  144   112.50        2.664822E+15   5.3404E-09   2.0697E-08   0.25803
FLUX  145   113.50        2.641344E+15   5.2250E-09   1.8892E-08   0.27657
FLUX  146   114.50        2.618275E+15   3.2390E-09   1.2673E-08   0.25559
FLUX  147   115.50        2.595606E+15   1.7998E-09   6.3469E-09   0.28358
FLUX  148   116.50        2.573326E+15   8.1023E-10   2.3399E-09   0.34626
FLUX  149   117.50        2.551426E+15   2.8299E-10   5.9567E-10   0.47509
FLUX  150   118.50        2.529895E+15   1.8777E-08   1.6111E-07   0.11655
FLUX  151   119.50        2.508724E+15   8.3128E-11   1.6802E-07   0.00049
FLUX  152   120.50        2.487905E+15   4.9950E-11   1.7389E-07   0.00029
FLUX  153   121.50        2.467428E+15   1.1377E-11   1.7894E-07   0.00006
FLUX  154   122.50        2.447286E+15   5.6940E-11   2.1762E-07   0.00026
FLUX  155   123.50        2.427470E+15   1.5576E-10   2.2237E-07   0.00070
FLUX  156   124.50        2.407972E+15   2.7390E-10   2.8015E-10   0.97771
FLUX  157   125.50        2.388785E+15   1.7125E-09   9.3941E-09   0.18229
FLUX  158   126.50        2.369901E+15   5.7998E-09   5.1467E-08   0.11269
FLUX  159   127.50        2.351314E+15   3.5227E-08   9.4645E-08   0.37221
FLUX  160   128.50        2.333016E+15   7.7754E-08   1.4976E-07   0.51920
FLUX  161   129.50        2.315000E+15   9.7055E-08   2.0367E-07   0.47652
FLUX  162   130.50        2.297261E+15   5.4738E-08   2.6933E-07   0.20324
FLUX  163   131.50        2.279791E+15   1.6902E-07   3.3175E-07   0.50949
FLUX  164   132.50        2.262585E+15   2.3951E-07   3.9782E-07   0.60205
FLUX  165   133.50        2.245637E+15   2.1756E-07   4.6058E-07   0.47236
FLUX  166   134.50        2.228941E+15   3.6784E-07   5.2364E-07   0.70246
FLUX  167   135.50        2.212491E+15   3.8878E-07   5.8512E-07   0.66445
FLUX  168   136.50        2.196282E+15   3.6385E-07   6.4582E-07   0.56338
FLUX  169   137.50        2.180309E+15   4.3576E-07   7.0419E-07   0.61881
FLUX  170   138.50        2.164567E+15   4.9291E-07   7.6229E-07   0.64663
FLUX  171   139.50        2.149050E+15   5.5728E-07   8.1676E-07   0.68231
FLUX  172   140.50        2.133754E+15   6.1787E-07   8.7116E-07   0.70926
FLUX  173   141.50        2.118675E+15   5.8876E-07   9.2246E-07   0.63826
FLUX  174   142.50        2.103807E+15   6.8791E-07   9.7723E-07   0.70393
FLUX  175   143.50        2.089146E+15   6.5974E-07   1.0248E-06   0.64375
FLUX  176   144.20        2.079005E+15   7.5303E-07   1.0589E-06   0.71114
FLUX  177   144.70        2.071821E+15   8.5319E-07   1.1234E-06   0.75948
FLUX  178   145.50        2.060430E+15   8.9238E-07   1.1604E-06   0.76903
FLUX  179   146.50        2.046365E+15   8.4834E-07   1.2073E-06   0.70269
FLUX  180   147.50        2.032492E+15   8.3920E-07   1.2523E-06   0.67012
FLUX  181   148.50        2.018805E+15   9.3964E-07   1.2959E-06   0.72508
FLUX  182   149.50        2.005301E+15   1.0409E-06   1.3393E-06   0.77716
FLUX  183   150.50        1.991977E+15   1.1061E-06   1.3804E-06   0.80126
FLUX  184   151.20        1.982755E+15   1.0470E-06   1.4092E-06   0.74298
FLUX  185   151.70        1.976220E+15   1.1372E-06   1.4708E-06   0.77316
FLUX  186   152.50        1.965852E+15   1.0823E-06   1.5791E-06   0.68540
FLUX  187   153.50        1.953046E+15   1.0589E-06   1.6503E-06   0.64163
FLUX  188   154.50        1.940405E+15   1.2980E-06   1.6934E-06   0.76646
FLUX  189   155.50        1.927926E+15   1.1907E-06   1.7347E-06   0.68640
FLUX  190   156.50        1.915607E+15   1.1484E-06   1.7759E-06   0.64668
FLUX  191   157.50        1.903444E+15   1.2442E-06   1.8175E-06   0.68456
FLUX  192   158.50        1.891435E+15   1.3935E-06   1.8569E-06   0.75042
FLUX  193   159.50        1.879577E+15   1.5685E-06   1.8962E-06   0.82720
FLUX  194   160.50        1.867866E+15   1.4712E-06   1.9345E-06   0.76050
FLUX  195   161.50        1.856300E+15   1.4800E-06   1.9721E-06   0.75046
FLUX  196   162.50        1.844877E+15   1.3827E-06   2.0101E-06   0.68789
FLUX  197   163.50        1.833593E+15   1.4778E-06   2.0466E-06   0.72205
FLUX  198   164.50        1.822447E+15   1.5825E-06   2.0827E-06   0.75982
FLUX  199   165.50        1.811435E+15   1.3557E-06   2.1186E-06   0.63989
FLUX  200   166.50        1.800556E+15   1.6455E-06   2.1535E-06   0.76409
FLUX  201   167.20        1.793017E+15   1.0125E-06   2.1778E-06   0.46495
FLUX  202   167.70        1.787671E+15   1.5863E-06   2.2054E-06   0.71929
FLUX  203   168.50        1.779184E+15   1.8069E-06   2.2382E-06   0.80728
FLUX  204   169.50        1.768687E+15   1.7312E-06   2.2720E-06   0.76197
FLUX  205   170.50        1.758314E+15   1.6622E-06   2.3054E-06   0.72100
FLUX  206   171.50        1.748061E+15   1.7353E-06   2.3390E-06   0.74190
FLUX  207   172.50        1.737928E+15   1.7578E-06   2.3717E-06   0.74118
FLUX  208   173.50        1.727911E+15   1.8963E-06   2.4038E-06   0.78888
FLUX  209   174.50        1.718009E+15   1.8615E-06   2.4357E-06   0.76424
FLUX  210   175.50        1.708219E+15   2.1015E-06   2.4673E-06   0.85175
FLUX  211   176.50        1.698541E+15   1.8732E-06   2.4982E-06   0.74981
FLUX  212   177.50        1.688972E+15   2.0757E-06   2.5290E-06   0.82076
FLUX  213   178.50        1.679510E+15   2.0576E-06   2.5595E-06   0.80392
FLUX  214   179.50        1.670153E+15   2.3338E-06   2.5895E-06   0.90126
FLUX  215   180.50        1.660900E+15   2.2464E-06   2.6192E-06   0.85767
FLUX  216   181.50        1.651749E+15   2.2860E-06   2.6487E-06   0.86303
FLUX  217   182.50        1.642699E+15   2.2231E-06   2.6781E-06   0.83012
FLUX  218   183.50        1.633747E+15   2.1933E-06   2.7073E-06   0.81014
FLUX  219   184.50        1.624892E+15   2.0889E-06   2.7365E-06   0.76337
FLUX  220   185.50        1.616132E+15   2.1801E-06   2.7654E-06   0.78835
FLUX  221   186.50        1.607466E+15   2.2061E-06   2.7941E-06   0.78956
FLUX  222   187.50        1.598893E+15   2.3880E-06   2.8225E-06   0.84605
FLUX  223   188.50        1.590411E+15   2.4172E-06   2.8507E-06   0.84793
FLUX  224   189.50        1.582018E+15   2.3991E-06   2.8787E-06   0.83340
FLUX  225   190.50        1.573714E+15   2.3187E-06   2.9064E-06   0.79778
FLUX  226   191.50        1.565496E+15   2.4520E-06   2.9341E-06   0.83567
FLUX  227   192.50        1.557364E+15   2.5256E-06   2.9615E-06   0.85283
FLUX  228   193.50        1.549315E+15   2.5125E-06   2.9887E-06   0.84069
FLUX  229   194.50        1.541350E+15   2.6916E-06   3.0156E-06   0.89255
FLUX  230   195.50        1.533465E+15   2.6915E-06   3.0423E-06   0.88468
FLUX  231   196.70        1.524110E+15   2.8023E-06   3.0743E-06   0.91155
FLUX  232   197.60        1.517169E+15   2.7906E-06   3.0984E-06   0.90067
FLUX  233   198.40        1.511051E+15   2.7571E-06   3.1195E-06   0.88381
FLUX  234   199.50        1.502719E+15   2.7130E-06   3.1484E-06   0.86171
FLUX  235   200.50        1.495224E+15   2.7419E-06   3.1745E-06   0.86373
FLUX  236   201.50        1.487804E+15   2.6353E-06   3.2004E-06   0.82343
FLUX  237   202.50        1.480457E+15   2.6977E-06   3.2264E-06   0.83614
FLUX  238   203.50        1.473182E+15   2.7816E-06   3.2520E-06   0.85534
FLUX  239   204.50        1.465978E+15   2.9122E-06   3.2776E-06   0.88851
FLUX  240   205.50        1.458844E+15   2.7890E-06   3.3032E-06   0.84432
FLUX  241   206.50        1.451780E+15   2.7732E-06   3.3288E-06   0.83310
FLUX  242   207.40        1.445480E+15   3.0084E-06   3.3517E-06   0.89757
FLUX  243   207.80        1.442697E+15   3.0868E-06   3.3640E-06   0.91761
FLUX  244   208.50        1.437854E+15   3.0759E-06   3.3818E-06   0.90954
FLUX  245   209.50        1.430990E+15   3.0100E-06   3.4071E-06   0.88344
FLUX  246   210.50        1.424192E+15   2.9825E-06   3.4324E-06   0.86891
FLUX  247   211.50        1.417459E+15   3.0020E-06   3.4577E-06   0.86820
FLUX  248   212.50        1.410788E+15   3.0719E-06   3.4830E-06   0.88197
FLUX  249   213.50        1.404180E+15   2.6195E-06   3.5081E-06   0.74668
FLUX  250   214.50        1.397634E+15   2.9677E-06   3.5333E-06   0.83993
FLUX  251   215.50        1.391148E+15   3.0804E-06   3.5585E-06   0.86564
FLUX  252   216.50        1.384723E+15   2.9848E-06   3.5837E-06   0.83289
FLUX  253   217.50        1.378356E+15   2.9695E-06   3.6088E-06   0.82285
FLUX  254   218.50        1.372048E+15   2.9915E-06   3.6339E-06   0.82321
FLUX  255   219.50        1.365797E+15   3.2446E-06   3.6591E-06   0.88674
FLUX  256   220.50        1.359603E+15   3.1452E-06   3.6842E-06   0.85369
FLUX  257   221.50        1.353465E+15   2.8898E-06   3.7095E-06   0.77903
FLUX  258   222.50        1.347382E+15   2.8608E-06   3.7347E-06   0.76600
FLUX  259   223.50        1.341353E+15   3.2451E-06   3.7599E-06   0.86306
FLUX  260   224.50        1.335379E+15   2.9469E-06   3.7852E-06   0.77853
FLUX  261   225.50        1.329457E+15   2.9302E-06   3.8106E-06   0.76897
FLUX  262   226.50        1.323587E+15   2.9853E-06   3.8360E-06   0.77824
FLUX  263   227.50        1.317769E+15   3.2386E-06   3.8615E-06   0.83869
FLUX  264   228.50        1.312002E+15   3.3683E-06   3.8869E-06   0.86657
FLUX  265   229.50        1.306285E+15   3.1890E-06   3.9125E-06   0.81510
FLUX  266   230.50        1.300618E+15   3.1938E-06   3.9380E-06   0.81100
FLUX  267   231.50        1.295000E+15   3.1272E-06   3.9637E-06   0.78897
FLUX  268   232.50        1.289430E+15   3.1513E-06   3.9895E-06   0.78989
FLUX  269   233.50        1.283908E+15   2.9460E-06   4.0153E-06   0.73369
FLUX  270   234.50        1.278433E+15   2.6771E-06   4.0412E-06   0.66245
FLUX  271   235.50        1.273004E+15   3.2144E-06   4.0671E-06   0.79033
FLUX  272   236.50        1.267622E+15   2.7788E-06   4.0932E-06   0.67888
FLUX  273   237.50        1.262284E+15   3.1042E-06   4.1194E-06   0.75355
FLUX  274   238.50        1.256992E+15   2.5782E-06   4.1456E-06   0.62192
FLUX  275   239.50        1.251743E+15   2.9390E-06   4.1720E-06   0.70447
FLUX  276   240.50        1.246538E+15   2.8169E-06   4.1984E-06   0.67094
FLUX  277   241.50        1.241377E+15   2.9809E-06   4.2249E-06   0.70555
FLUX  278   242.50        1.236258E+15   3.3217E-06   4.2516E-06   0.78129
FLUX  279   243.50        1.231181E+15   3.2366E-06   4.2783E-06   0.75651
FLUX  280   244.50        1.226145E+15   3.4821E-06   4.3052E-06   0.80881
FLUX  281   245.50        1.221151E+15   3.3797E-06   4.3321E-06   0.78016
FLUX  282   246.50        1.216197E+15   3.3788E-06   4.3592E-06   0.77510
FLUX  283   247.50        1.211283E+15   3.2741E-06   4.3864E-06   0.74642
FLUX  284   248.50        1.206408E+15   3.5098E-06   4.4137E-06   0.79520
FLUX  285   249.50        1.201573E+15   3.4374E-06   4.4411E-06   0.77399
FLUX  286   250.50        1.196776E+15   3.8030E-06   4.4687E-06   0.85103
FLUX  287   251.30        1.192967E+15   3.4486E-06   4.4908E-06   0.76792
FLUX  288   251.80        1.190598E+15   3.5624E-06   4.5055E-06   0.79068
FLUX  289   252.50        1.187297E+15   3.3236E-06   4.5250E-06   0.73449
FLUX  290   253.50        1.182613E+15   3.2885E-06   4.5534E-06   0.72221
FLUX  291   254.50        1.177967E+15   3.3706E-06   4.5818E-06   0.73566
FLUX  292   255.50        1.173356E+15   3.5873E-06   4.6104E-06   0.77810
FLUX  293   256.50        1.168782E+15   3.5812E-06   4.6391E-06   0.77196
FLUX  294   257.50        1.164243E+15   3.8625E-06   4.6679E-06   0.82744
FLUX  295   258.50        1.159739E+15   3.8453E-06   4.6969E-06   0.81868
FLUX  296   259.50        1.155270E+15   3.7642E-06   4.7260E-06   0.79650
FLUX  297   260.50        1.150835E+15   3.6142E-06   4.7552E-06   0.76005
FLUX  298   261.50        1.146434E+15   3.6102E-06   4.7845E-06   0.75457
FLUX  299   262.50        1.142067E+15   3.9121E-06   4.8139E-06   0.81266
FLUX  300   263.50        1.137732E+15   4.0036E-06   4.8435E-06   0.82659
FLUX  301   264.50        1.133431E+15   4.5429E-06   4.8732E-06   0.93222
FLUX  302   265.50        1.129162E+15   4.5131E-06   4.9030E-06   0.92049
FLUX  303   266.50        1.124925E+15   4.2109E-06   4.9329E-06   0.85364
FLUX  304   267.50        1.120720E+15   4.4039E-06   4.9629E-06   0.88735
FLUX  305   268.50        1.116546E+15   4.4167E-06   4.9931E-06   0.88455
FLUX  306   269.50        1.112403E+15   4.2710E-06   5.0234E-06   0.85022
FLUX  307   270.50        1.108290E+15   4.4044E-06   5.0538E-06   0.87151
FLUX  308   271.50        1.104208E+15   4.2291E-06   5.0843E-06   0.83179
FLUX  309   272.50        1.100156E+15   4.3164E-06   5.1149E-06   0.84388
FLUX  310   273.50        1.096133E+15   4.6871E-06   5.1457E-06   0.91088
FLUX  311   274.50        1.092140E+15   3.9402E-06   5.1766E-06   0.76117
FLUX  312   275.50        1.088176E+15   4.0858E-06   5.2076E-06   0.78458
FLUX  313   276.50        1.084241E+15   4.2873E-06   5.2387E-06   0.81839
FLUX  314   277.50        1.080333E+15   4.6662E-06   5.2699E-06   0.88544
FLUX  315   278.50        1.076454E+15   4.6265E-06   5.3012E-06   0.87272
FLUX  316   279.50        1.072603E+15   3.3864E-06   5.3327E-06   0.63502
FLUX  317   280.50        1.068779E+15   3.8529E-06   5.3642E-06   0.71826
FLUX  318   281.50        1.064982E+15   4.9135E-06   5.3959E-06   0.91060
FLUX  319   282.50        1.061212E+15   4.9992E-06   5.4277E-06   0.92106
FLUX  320   283.50        1.057469E+15   4.8536E-06   5.4596E-06   0.88901
FLUX  321   284.50        1.053752E+15   4.7564E-06   5.4915E-06   0.86613
FLUX  322   285.50        1.050061E+15   4.6484E-06   5.5236E-06   0.84155
FLUX  323   286.50        1.046396E+15   4.9360E-06   5.5557E-06   0.88845
FLUX  324   287.50        1.042757E+15   4.8490E-06   5.5880E-06   0.86776
FLUX  325   288.50        1.039142E+15   5.0104E-06   5.6203E-06   0.89148
FLUX  326   289.50        1.035553E+15   4.8588E-06   5.6528E-06   0.85954
FLUX  327   291.00        1.030215E+15   5.3889E-06   5.7016E-06   0.94515
FLUX  328   293.00        1.023183E+15   5.2931E-06   5.7670E-06   0.91783
FLUX  329   295.00        1.016246E+15   5.3597E-06   5.8328E-06   0.91890
FLUX  330   297.00        1.009402E+15   5.5251E-06   5.8989E-06   0.93665
FLUX  331   299.00        1.002651E+15   5.6472E-06   5.9653E-06   0.94668
FLUX  332   301.00        9.959884E+14   5.8320E-06   6.0321E-06   0.96684
FLUX  333   303.00        9.894142E+14   5.8795E-06   6.0991E-06   0.96399
FLUX  334   305.00        9.829262E+14   5.8992E-06   6.1664E-06   0.95668
FLUX  335   307.00        9.765228E+14   5.9007E-06   6.2339E-06   0.94655
FLUX  336   309.00        9.702023E+14   6.1059E-06   6.3017E-06   0.96894
FLUX  337   311.00        9.639630E+14   6.0530E-06   6.3697E-06   0.95028
FLUX  338   313.00        9.578035E+14   6.0832E-06   6.4379E-06   0.94491
FLUX  339   315.00        9.517222E+14   6.2595E-06   6.5064E-06   0.96205
FLUX  340   317.00        9.457177E+14   6.3210E-06   6.5753E-06   0.96133
FLUX  341   319.00        9.397884E+14   6.2094E-06   6.6444E-06   0.93453
FLUX  342   321.00        9.339330E+14   6.4256E-06   6.7136E-06   0.95710
FLUX  343   323.00        9.281502E+14   6.3926E-06   6.7829E-06   0.94246
FLUX  344   325.00        9.224385E+14   6.5470E-06   6.8523E-06   0.95543
FLUX  345   327.00        9.167966E+14   6.6430E-06   6.9218E-06   0.95972
FLUX  346   329.00        9.112234E+14   6.8009E-06   6.9913E-06   0.97276
FLUX  347   331.00        9.057175E+14   6.9155E-06   7.0608E-06   0.97942
FLUX  348   333.00        9.002778E+14   6.8776E-06   7.1304E-06   0.96455
FLUX  349   335.00        8.949030E+14   6.8608E-06   7.2000E-06   0.95289
FLUX  350   337.00        8.895920E+14   6.9834E-06   7.2695E-06   0.96064
FLUX  351   339.00        8.843437E+14   7.0374E-06   7.3392E-06   0.95888
FLUX  352   341.00        8.791569E+14   7.2569E-06   7.4088E-06   0.97951
FLUX  353   343.00        8.740306E+14   7.3458E-06   7.4783E-06   0.98228
FLUX  354   345.00        8.689638E+14   7.4131E-06   7.5478E-06   0.98216
FLUX  355   347.00        8.639553E+14   7.4144E-06   7.6172E-06   0.97338
FLUX  356   349.00        8.590043E+14   7.4792E-06   7.6864E-06   0.97304
FLUX  357   351.00        8.541097E+14   7.6448E-06   7.7556E-06   0.98572
FLUX  358   353.00        8.492705E+14   7.7742E-06   7.8247E-06   0.99354
FLUX  359   355.00        8.444859E+14   7.8633E-06   7.8937E-06   0.99615
FLUX  360   357.00        8.397549E+14   7.8551E-06   7.9625E-06   0.98651
FLUX  361   359.00        8.350766E+14   7.9253E-06   8.0313E-06   0.98680
FLUX  362   361.00        8.304501E+14   8.0161E-06   8.1000E-06   0.98964
FLUX  363   363.00        8.258747E+14   8.0853E-06   8.1682E-06   0.98985
FLUX  364   364.00        8.236058E+14   8.0841E-06   8.2025E-06   0.98556
FLUX  365   365.00        8.213493E+14   8.2902E-06   3.2135E-05   0.25798
FLUX  366   367.00        8.168733E+14   8.2991E-06   3.2183E-05   0.25787
FLUX  367   369.00        8.124458E+14   9.4120E-06   3.2244E-05   0.29190
FLUX  368   371.00        8.080660E+14   1.3561E-05   3.2288E-05   0.42002
FLUX  369   373.00        8.037332E+14   2.1743E-05   3.2328E-05   0.67256
FLUX  370   375.00        7.994467E+14   2.6786E-05   3.2366E-05   0.82757
FLUX  371   377.00        7.952056E+14   2.6769E-05   3.2402E-05   0.82615
FLUX  372   379.00        7.910092E+14   2.8532E-05   3.2436E-05   0.87963
FLUX  373   381.00        7.868570E+14   3.0915E-05   3.2467E-05   0.95220
FLUX  374   383.00        7.827480E+14   2.7152E-05   3.2496E-05   0.83557
FLUX  375   385.00        7.786818E+14   3.1641E-05   3.2522E-05   0.97289
FLUX  376   387.00        7.746576E+14   3.1957E-05   3.2547E-05   0.98189
FLUX  377   389.00        7.706748E+14   2.7541E-05   3.2569E-05   0.84563
FLUX  378   391.00        7.667327E+14   3.1842E-05   3.2589E-05   0.97708
FLUX  379   393.00        7.628308E+14   3.1058E-05   3.2607E-05   0.95252
FLUX  380   395.00        7.589684E+14   3.2368E-05   3.2622E-05   0.99219
FLUX  381   397.00        7.551448E+14   2.6998E-05   3.2636E-05   0.82723
FLUX  382   399.00        7.513596E+14   3.2452E-05   3.2648E-05   0.99401
FLUX  383   401.00        7.476122E+14   3.2364E-05   3.2657E-05   0.99102
FLUX  384   403.00        7.439020E+14   3.2319E-05   3.2665E-05   0.98941
FLUX  385   405.00        7.402284E+14   3.2406E-05   3.2671E-05   0.99190
FLUX  386   407.00        7.365909E+14   3.2214E-05   3.2675E-05   0.98590
FLUX  387   409.00        7.329890E+14   3.2115E-05   3.2677E-05   0.98281
FLUX  388   411.00        7.294221E+14   2.7811E-05   3.2678E-05   0.85108
FLUX  389   413.00        7.258898E+14   3.2283E-05   3.2677E-05   0.98796
FLUX  390   415.00        7.223916E+14   3.2546E-05   3.2674E-05   0.99609
FLUX  391   417.00        7.189269E+14   3.2212E-05   3.2670E-05   0.98600
FLUX  392   419.00        7.154952E+14   3.2405E-05   3.2664E-05   0.99210
FLUX  393   421.00        7.120962E+14   3.2443E-05   3.2656E-05   0.99348
FLUX  394   423.00        7.087293E+14   3.2299E-05   3.2646E-05   0.98937
FLUX  395   425.00        7.053941E+14   3.2224E-05   3.2635E-05   0.98740
FLUX  396   427.00        7.020902E+14   3.2300E-05   3.2623E-05   0.99012
FLUX  397   429.00        6.988170E+14   3.2212E-05   3.2608E-05   0.98785
FLUX  398   431.00        6.955742E+14   3.1759E-05   3.2593E-05   0.97443
FLUX  399   433.00        6.923614E+14   3.1105E-05   3.2576E-05   0.95485
FLUX  400   435.00        6.891782E+14   2.7858E-05   3.2557E-05   0.85568
FLUX  401   437.00        6.860240E+14   3.2348E-05   3.2537E-05   0.99421
FLUX  402   439.00        6.828986E+14   3.1948E-05   3.2515E-05   0.98254
FLUX  403   441.00        6.798016E+14   3.1978E-05   3.2493E-05   0.98417
FLUX  404   443.00        6.767325E+14   3.2325E-05   3.2468E-05   0.99559
FLUX  405   445.00        6.736910E+14   3.2163E-05   3.2443E-05   0.99137
FLUX  406   447.00        6.706767E+14   3.2119E-05   3.2416E-05   0.99083
FLUX  407   449.00        6.676893E+14   3.1878E-05   3.2388E-05   0.98425
FLUX  408   451.00        6.647284E+14   3.1950E-05   3.2359E-05   0.98738
FLUX  409   453.00        6.617936E+14   3.1861E-05   3.2328E-05   0.98555
FLUX  410   455.00        6.588846E+14   3.1494E-05   3.2297E-05   0.97514
FLUX  411   457.00        6.560011E+14   3.1901E-05   3.2264E-05   0.98876
FLUX  412   459.00        6.531427E+14   3.1693E-05   3.2230E-05   0.98335
FLUX  413   461.00        6.503091E+14   3.2153E-05   3.2195E-05   0.99870
FLUX  414   463.00        6.475000E+14   3.1724E-05   3.2159E-05   0.98648
FLUX  415   465.00        6.447151E+14   3.2064E-05   3.2122E-05   0.99820
FLUX  416   467.00        6.419540E+14   3.1971E-05   3.2084E-05   0.99649
FLUX  417   469.00        6.392164E+14   3.1982E-05   3.2044E-05   0.99805
FLUX  418   471.00        6.365021E+14   3.1742E-05   3.2004E-05   0.99180
FLUX  419   473.00        6.338108E+14   3.1904E-05   3.1963E-05   0.99814
FLUX  420   475.00        6.311421E+14   3.1895E-05   3.1921E-05   0.99917
FLUX  421   477.00        6.284958E+14   3.1845E-05   3.1878E-05   0.99896
FLUX  422   479.00        6.258716E+14   3.1801E-05   3.1834E-05   0.99897
FLUX  423   481.00        6.232692E+14   3.1731E-05   3.1789E-05   0.99815
FLUX  424   483.00        6.206884E+14   3.1628E-05   3.1744E-05   0.99634
FLUX  425   485.00        6.181289E+14   3.0563E-05   3.1698E-05   0.96422
FLUX  426   487.00        6.155903E+14   2.6274E-05   3.1650E-05   0.83012
FLUX  427   489.00        6.130726E+14   3.1495E-05   3.1602E-05   0.99660
FLUX  428   491.00        6.105754E+14   3.1508E-05   3.1554E-05   0.99856
FLUX  429   493.00        6.080984E+14   3.1224E-05   3.1504E-05   0.99112
FLUX  430   495.00        6.056414E+14   3.1413E-05   3.1454E-05   0.99869
FLUX  431   497.00        6.032042E+14   3.1392E-05   3.1403E-05   0.99966
FLUX  432   499.00        6.007866E+14   3.1295E-05   3.1351E-05   0.99819
FLUX  433   501.00        5.983882E+14   3.0947E-05   3.1299E-05   0.98876
FLUX  434   503.00        5.960089E+14   3.1161E-05   3.1246E-05   0.99727
FLUX  435   505.00        5.936485E+14   3.1022E-05   3.1193E-05   0.99452
FLUX  436   507.00        5.913067E+14   3.1092E-05   3.1139E-05   0.99851
FLUX  437   509.00        5.889833E+14   3.1044E-05   3.1084E-05   0.99871
FLUX  438   511.00        5.866781E+14   3.0967E-05   3.1029E-05   0.99801
FLUX  439   513.00        5.843908E+14   3.0894E-05   3.0973E-05   0.99744
FLUX  440   515.00        5.821214E+14   3.0821E-05   3.0917E-05   0.99689
FLUX  441   517.00        5.798694E+14   3.0474E-05   3.0860E-05   0.98748
FLUX  442   519.00        5.776349E+14   3.0475E-05   3.0803E-05   0.98935
FLUX  443   521.00        5.754175E+14   3.0659E-05   3.0745E-05   0.99720
FLUX  444   523.00        5.732170E+14   3.0362E-05   3.0687E-05   0.98941
FLUX  445   525.00        5.710333E+14   3.0542E-05   3.0628E-05   0.99718
FLUX  446   527.00        5.688662E+14   3.0242E-05   3.0569E-05   0.98931
FLUX  447   529.00        5.667155E+14   3.0428E-05   3.0510E-05   0.99733
FLUX  448   531.00        5.645810E+14   3.0145E-05   3.0450E-05   0.99000
FLUX  449   533.00        5.624625E+14   3.0245E-05   3.0389E-05   0.99525
FLUX  450   535.00        5.603598E+14   3.0300E-05   3.0329E-05   0.99907
FLUX  451   537.00        5.582728E+14   3.0199E-05   3.0267E-05   0.99775
FLUX  452   539.00        5.562013E+14   3.0154E-05   3.0206E-05   0.99829
FLUX  453   541.00        5.541451E+14   3.0069E-05   3.0144E-05   0.99752
FLUX  454   543.00        5.521041E+14   2.9984E-05   3.0082E-05   0.99675
FLUX  455   545.00        5.500780E+14   2.9988E-05   3.0019E-05   0.99898
FLUX  456   547.00        5.480667E+14   2.9914E-05   2.9956E-05   0.99859
FLUX  457   549.00        5.460701E+14   2.9864E-05   2.9893E-05   0.99902
FLUX  458   551.00        5.440880E+14   2.9779E-05   2.9830E-05   0.99830
FLUX  459   553.00        5.421203E+14   2.9687E-05   2.9766E-05   0.99735
FLUX  460   555.00        5.401667E+14   2.9689E-05   2.9702E-05   0.99956
FLUX  461   557.00        5.382271E+14   2.9615E-05   2.9638E-05   0.99923
FLUX  462   559.00        5.363014E+14   2.9558E-05   2.9573E-05   0.99948
FLUX  463   561.00        5.343895E+14   2.9501E-05   2.9509E-05   0.99973
FLUX  464   563.00        5.324911E+14   2.9433E-05   2.9444E-05   0.99963
FLUX  465   565.00        5.306062E+14   2.9343E-05   2.9379E-05   0.99878
FLUX  466   567.00        5.287346E+14   2.9290E-05   2.9313E-05   0.99922
FLUX  467   569.00        5.268761E+14   2.9242E-05   2.9248E-05   0.99979
FLUX  468   571.00        5.250306E+14   2.9178E-05   2.9182E-05   0.99986
FLUX  469   573.00        5.231981E+14   2.9112E-05   2.9116E-05   0.99985
FLUX  470   575.00        5.213783E+14   2.9045E-05   2.9050E-05   0.99983
FLUX  471   577.00        5.195711E+14   2.8980E-05   2.8984E-05   0.99987
FLUX  472   579.00        5.177763E+14   2.8906E-05   2.8918E-05   0.99960
FLUX  473   581.00        5.159940E+14   2.8843E-05   2.8851E-05   0.99972
FLUX  474   583.00        5.142238E+14   2.8773E-05   2.8785E-05   0.99958
FLUX  475   585.00        5.124658E+14   2.8715E-05   2.8718E-05   0.99987
FLUX  476   587.00        5.107198E+14   2.8601E-05   2.8652E-05   0.99823
FLUX  477   589.00        5.089856E+14   2.8514E-05   2.8585E-05   0.99753
FLUX  478   591.00        5.072631E+14   2.8510E-05   2.8518E-05   0.99973
FLUX  479   593.00        5.055523E+14   2.8446E-05   2.8451E-05   0.99984
FLUX  480   595.00        5.038529E+14   2.8356E-05   2.8384E-05   0.99901
FLUX  481   597.00        5.021650E+14   2.8307E-05   2.8317E-05   0.99966
FLUX  482   599.00        5.004883E+14   2.8210E-05   2.8249E-05   0.99862
FLUX  483   601.00        4.988228E+14   2.8175E-05   2.8182E-05   0.99974
FLUX  484   603.00        4.971683E+14   2.8111E-05   2.8115E-05   0.99986
FLUX  485   605.00        4.955248E+14   2.8039E-05   2.8048E-05   0.99968
FLUX  486   607.00        4.938921E+14   2.7974E-05   2.7981E-05   0.99976
FLUX  487   609.00        4.922701E+14   2.7904E-05   2.7914E-05   0.99964
FLUX  488   611.00        4.906588E+14   2.7836E-05   2.7847E-05   0.99961
FLUX  489   613.00        4.890579E+14   2.7770E-05   2.7780E-05   0.99964
FLUX  490   615.00        4.874675E+14   2.7606E-05   2.7713E-05   0.99614
FLUX  491   617.00        4.858874E+14   2.7636E-05   2.7646E-05   0.99964
FLUX  492   619.00        4.843174E+14   2.7572E-05   2.7579E-05   0.99977
FLUX  493   621.00        4.827576E+14   2.7508E-05   2.7512E-05   0.99987
FLUX  494   623.00        4.812079E+14   2.7433E-05   2.7445E-05   0.99958
FLUX  495   625.00        4.796680E+14   2.7256E-05   2.7378E-05   0.99556
FLUX  496   627.00        4.781380E+14   2.7308E-05   2.7311E-05   0.99992
FLUX  497   629.00        4.766176E+14   2.7239E-05   2.7244E-05   0.99984
FLUX  498   631.00        4.751070E+14   2.7150E-05   2.7177E-05   0.99902
FLUX  499   633.00        4.736058E+14   2.7103E-05   2.7110E-05   0.99976
FLUX  500   635.00        4.721142E+14   2.6920E-05   2.7043E-05   0.99545
FLUX  501   637.00        4.706319E+14   2.6882E-05   2.6976E-05   0.99651
FLUX  502   639.00        4.691588E+14   2.6896E-05   2.6909E-05   0.99952
FLUX  503   641.00        4.676950E+14   2.6815E-05   2.6842E-05   0.99899
FLUX  504   643.00        4.662403E+14   2.6761E-05   2.6775E-05   0.99947
FLUX  505   645.00        4.647946E+14   2.6636E-05   2.6709E-05   0.99727
FLUX  506   647.00        4.633578E+14   2.6640E-05   2.6642E-05   0.99990
FLUX  507   649.00        4.619299E+14   2.6542E-05   2.6576E-05   0.99872
FLUX  508   651.00        4.605108E+14   2.6449E-05   2.6509E-05   0.99772
FLUX  509   653.00        4.591003E+14   2.6295E-05   2.6443E-05   0.99440
FLUX  510   655.00        4.576985E+14   2.5097E-05   2.6376E-05   0.95149
FLUX  511   657.00        4.563052E+14   2.0510E-05   2.6310E-05   0.77954
FLUX  512   659.00        4.549203E+14   2.5950E-05   2.6244E-05   0.98880
FLUX  513   661.00        4.535439E+14   2.6094E-05   2.6178E-05   0.99677
FLUX  514   663.00        4.521757E+14   2.6099E-05   2.6112E-05   0.99948
FLUX  515   665.00        4.508158E+14   2.6043E-05   2.6046E-05   0.99988
FLUX  516   667.00        4.494640E+14   2.5968E-05   2.5981E-05   0.99952
FLUX  517   669.00        4.481203E+14   2.5905E-05   2.5915E-05   0.99963
FLUX  518   671.00        4.467846E+14   2.5847E-05   2.5849E-05   0.99991
FLUX  519   673.00        4.454569E+14   2.5776E-05   2.5784E-05   0.99968
FLUX  520   675.00        4.441370E+14   2.5716E-05   2.5719E-05   0.99990
FLUX  521   677.00        4.428250E+14   2.5653E-05   2.5654E-05   0.99997
FLUX  522   679.00        4.415206E+14   2.5586E-05   2.5588E-05   0.99989
FLUX  523   681.00        4.402239E+14   2.5522E-05   2.5523E-05   0.99993
FLUX  524   683.00        4.389348E+14   2.5452E-05   2.5459E-05   0.99972
FLUX  525   685.00        4.376533E+14   2.5390E-05   2.5394E-05   0.99983
FLUX  526   687.00        4.363792E+14   2.5326E-05   2.5329E-05   0.99988
FLUX  527   689.00        4.351125E+14   2.5263E-05   2.5265E-05   0.99991
FLUX  528   691.00        4.338531E+14   2.5197E-05   2.5201E-05   0.99986
FLUX  529   693.00        4.326010E+14   2.5131E-05   2.5136E-05   0.99980
FLUX  530   695.00        4.313561E+14   2.5070E-05   2.5072E-05   0.99989
FLUX  531   697.00        4.301184E+14   2.5005E-05   2.5009E-05   0.99987
FLUX  532   699.00        4.288877E+14   2.4943E-05   2.4945E-05   0.99994
FLUX  533   701.00        4.276641E+14   2.4868E-05   2.4881E-05   0.99947
FLUX  534   703.00        4.264474E+14   2.4816E-05   2.4818E-05   0.99991
FLUX  535   705.00        4.252376E+14   2.4747E-05   2.4755E-05   0.99966
FLUX  536   707.00        4.240347E+14   2.4683E-05   2.4692E-05   0.99964
FLUX  537   709.00        4.228385E+14   2.4628E-05   2.4629E-05   0.99998
FLUX  538   711.00        4.216491E+14   2.4545E-05   2.4566E-05   0.99914
FLUX  539   713.00        4.204663E+14   2.4497E-05   2.4504E-05   0.99974
FLUX  540   715.00        4.192902E+14   2.4437E-05   2.4441E-05   0.99984
FLUX  541   717.00        4.181206E+14   2.4376E-05   2.4379E-05   0.99990
FLUX  542   719.00        4.169576E+14   2.4311E-05   2.4317E-05   0.99978
FLUX  543   721.00        4.158010E+14   2.4251E-05   2.4255E-05   0.99984
FLUX  544   723.00        4.146508E+14   2.4176E-05   2.4193E-05   0.99933
FLUX  545   725.00        4.135069E+14   2.4125E-05   2.4131E-05   0.99977
FLUX  546   727.00        4.123693E+14   2.4066E-05   2.4069E-05   0.99985
FLUX  547   729.00        4.112380E+14   2.4000E-05   2.4008E-05   0.99965
FLUX  548   731.00        4.101129E+14   2.3925E-05   2.3947E-05   0.99910
FLUX  549   733.00        4.089939E+14   2.3877E-05   2.3886E-05   0.99963
FLUX  550   735.00        4.078810E+14   2.3820E-05   2.3825E-05   0.99979
FLUX  551   737.00        4.067741E+14   2.3764E-05   2.3764E-05   0.99998
FLUX  552   739.00        4.056732E+14   2.3701E-05   2.3704E-05   0.99988
FLUX  553   741.00        4.045783E+14   2.3636E-05   2.3643E-05   0.99971
FLUX  554   743.00        4.034892E+14   2.3569E-05   2.3583E-05   0.99943
FLUX  555   745.00        4.024060E+14   2.3510E-05   2.3523E-05   0.99945
FLUX  556   747.00        4.013286E+14   2.3434E-05   2.3463E-05   0.99876
FLUX  557   749.00        4.002570E+14   2.3390E-05   2.3403E-05   0.99946
FLUX  558   751.00        3.991911E+14   2.3327E-05   2.3343E-05   0.99930
FLUX  559   753.00        3.981308E+14   2.3280E-05   2.3284E-05   0.99985
FLUX  560   755.00        3.970762E+14   2.3224E-05   2.3225E-05   0.99997
FLUX  561   757.00        3.960271E+14   2.3162E-05   2.3165E-05   0.99986
FLUX  562   759.00        3.949835E+14   2.3105E-05   2.3107E-05   0.99992
FLUX  563   761.00        3.939455E+14   2.3047E-05   2.3048E-05   0.99998
FLUX  564   763.00        3.929128E+14   2.2988E-05   2.2989E-05   0.99994
FLUX  565   765.00        3.918856E+14   2.2923E-05   2.2931E-05   0.99965
FLUX  566   767.00        3.908638E+14   2.2869E-05   2.2872E-05   0.99984
FLUX  567   769.00        3.898472E+14   2.2812E-05   2.2814E-05   0.99991
FLUX  568   771.00        3.888359E+14   2.2740E-05   2.2756E-05   0.99929
FLUX  569   773.00        3.878299E+14   2.2697E-05   2.2699E-05   0.99994
FLUX  570   775.00        3.868290E+14   2.2639E-05   2.2641E-05   0.99993
FLUX  571   777.00        3.858333E+14   2.2284E-05   2.2584E-05   0.98674
FLUX  572   779.00        3.848427E+14   2.2525E-05   2.2526E-05   0.99993
FLUX  573   781.00        3.838572E+14   2.2469E-05   2.2469E-05   0.99997
FLUX  574   783.00        3.828768E+14   2.2409E-05   2.2412E-05   0.99986
FLUX  575   785.00        3.819013E+14   2.2346E-05   2.2356E-05   0.99955
FLUX  576   787.00        3.809307E+14   2.2264E-05   2.2299E-05   0.99845
FLUX  577   789.00        3.799651E+14   2.2182E-05   2.2243E-05   0.99729
FLUX  578   791.00        3.790044E+14   2.2181E-05   2.2186E-05   0.99978
FLUX  579   793.00        3.780485E+14   2.2128E-05   2.2130E-05   0.99990
FLUX  580   795.00        3.770975E+14   2.2058E-05   2.2074E-05   0.99927
FLUX  581   797.00        3.761512E+14   2.2018E-05   2.2019E-05   0.99998
FLUX  582   799.00        3.752096E+14   2.1907E-05   2.1963E-05   0.99742
FLUX  583   801.00        3.742728E+14   2.1906E-05   2.1908E-05   0.99992
FLUX  584   803.00        3.733406E+14   2.1851E-05   2.1853E-05   0.99992
FLUX  585   805.00        3.724130E+14   2.1797E-05   2.1798E-05   0.99995
FLUX  586   807.00        3.714901E+14   2.1740E-05   2.1743E-05   0.99989
FLUX  587   809.00        3.705717E+14   2.1686E-05   2.1688E-05   0.99992
FLUX  588   811.00        3.696578E+14   2.1631E-05   2.1634E-05   0.99990
FLUX  589   813.00        3.687485E+14   2.1579E-05   2.1579E-05   0.99998
FLUX  590   815.00        3.678436E+14   2.1525E-05   2.1525E-05   0.99998
FLUX  591   817.00        3.669431E+14   2.1471E-05   2.1471E-05   0.99998
FLUX  592   819.00        3.660470E+14   2.1396E-05   2.1418E-05   0.99897
FLUX  593   821.00        3.651553E+14   2.1428E-05   2.6040E-05   0.82289
FLUX  594   823.00        3.642679E+14   2.1385E-05   2.5972E-05   0.82340
FLUX  595   825.00        3.633848E+14   2.1348E-05   2.5904E-05   0.82412
FLUX  596   827.00        3.625060E+14   2.1326E-05   2.5837E-05   0.82541
FLUX  597   829.00        3.616315E+14   2.1219E-05   2.5769E-05   0.82342
FLUX  598   831.00        3.607611E+14   2.1062E-05   2.5702E-05   0.81948
FLUX  599   833.00        3.598950E+14   2.0891E-05   2.5635E-05   0.81496
FLUX  600   835.00        3.590329E+14   2.1031E-05   2.5568E-05   0.82255
FLUX  601   837.00        3.581750E+14   2.0521E-05   2.5501E-05   0.80468
FLUX  602   839.00        3.573212E+14   2.0892E-05   2.5435E-05   0.82138
FLUX  603   841.00        3.564715E+14   2.0888E-05   2.5368E-05   0.82338
FLUX  604   843.00        3.556257E+14   2.1643E-05   2.5302E-05   0.85539
FLUX  605   845.00        3.547840E+14   2.1434E-05   2.5236E-05   0.84932
FLUX  606   847.00        3.539463E+14   2.0861E-05   2.5170E-05   0.82880
FLUX  607   849.00        3.531125E+14   2.2831E-05   2.5104E-05   0.90944
FLUX  608   851.00        3.522826E+14   2.0841E-05   2.5039E-05   0.83234
FLUX  609   853.00        3.514566E+14   2.3327E-05   2.4973E-05   0.93406
FLUX  610   855.00        3.506345E+14   2.0721E-05   2.4908E-05   0.83191
FLUX  611   857.00        3.498162E+14   2.3833E-05   2.4843E-05   0.95936
FLUX  612   859.00        3.490017E+14   2.2882E-05   2.4778E-05   0.92349
FLUX  613   861.00        3.481911E+14   2.2306E-05   2.4713E-05   0.90260
FLUX  614   863.00        3.473841E+14   2.4522E-05   2.4649E-05   0.99488
FLUX  615   865.00        3.465809E+14   2.4357E-05   2.4584E-05   0.99075
FLUX  616   867.00        3.457814E+14   2.0846E-05   2.4520E-05   0.85016
FLUX  617   869.00        3.449856E+14   2.4307E-05   2.4456E-05   0.99393
FLUX  618   871.00        3.441935E+14   2.4373E-05   2.4392E-05   0.99923
FLUX  619   873.00        3.434049E+14   2.4232E-05   2.4328E-05   0.99607
FLUX  620   875.00        3.426200E+14   2.0852E-05   2.4264E-05   0.85936
FLUX  621   877.00        3.418387E+14   2.3974E-05   2.4201E-05   0.99063
FLUX  622   879.00        3.410609E+14   2.4134E-05   2.4137E-05   0.99987
FLUX  623   881.00        3.402866E+14   2.4060E-05   2.4074E-05   0.99942
FLUX  624   883.00        3.395159E+14   2.3976E-05   2.4011E-05   0.99853
FLUX  625   885.00        3.387486E+14   2.3569E-05   2.3948E-05   0.98417
FLUX  626   887.00        3.379848E+14   2.0645E-05   2.3886E-05   0.86431
FLUX  627   889.00        3.372244E+14   2.3763E-05   2.3823E-05   0.99746
FLUX  628   891.00        3.364675E+14   2.3706E-05   2.3761E-05   0.99769
FLUX  629   893.00        3.357139E+14   2.3619E-05   2.3699E-05   0.99662
FLUX  630   895.00        3.349637E+14   2.3634E-05   2.3637E-05   0.99989
FLUX  631   897.00        3.342168E+14   2.3573E-05   2.3575E-05   0.99989
FLUX  632   899.00        3.334733E+14   2.3463E-05   2.3514E-05   0.99783
FLUX  633   901.00        3.327331E+14   2.0671E-05   2.3452E-05   0.88138
FLUX  634   903.00        3.319961E+14   2.2612E-05   2.3391E-05   0.96667
FLUX  635   905.00        3.312624E+14   2.3311E-05   2.3330E-05   0.99918
FLUX  636   907.00        3.305320E+14   2.3138E-05   2.3269E-05   0.99433
FLUX  637   909.00        3.298047E+14   2.2985E-05   2.3209E-05   0.99038
FLUX  638   911.00        3.290807E+14   2.3087E-05   2.3148E-05   0.99737
FLUX  639   913.00        3.283598E+14   2.3065E-05   2.3088E-05   0.99898
FLUX  640   915.00        3.276421E+14   2.3025E-05   2.3028E-05   0.99987
FLUX  641   917.00        3.269275E+14   2.2954E-05   2.2968E-05   0.99939
FLUX  642   919.00        3.262160E+14   2.2872E-05   2.2908E-05   0.99841
FLUX  643   921.00        3.255076E+14   2.2694E-05   2.2849E-05   0.99323
FLUX  644   923.00        3.248023E+14   1.9406E-05   2.2789E-05   0.85156
FLUX  645   925.00        3.241000E+14   2.2409E-05   2.2730E-05   0.98590
FLUX  646   927.00        3.234008E+14   2.2379E-05   2.2671E-05   0.98712
FLUX  647   929.00        3.227045E+14   2.2598E-05   2.2612E-05   0.99940
FLUX  648   931.00        3.220113E+14   2.2549E-05   2.2553E-05   0.99983
FLUX  649   933.00        3.213210E+14   2.2487E-05   2.2495E-05   0.99966
FLUX  650   935.00        3.206337E+14   2.2434E-05   2.2436E-05   0.99988
FLUX  651   937.00        3.199493E+14   2.2376E-05   2.2378E-05   0.99992
FLUX  652   939.00        3.192678E+14   2.2295E-05   2.2320E-05   0.99885
FLUX  653   941.00        3.185893E+14   2.2126E-05   2.2262E-05   0.99386
FLUX  654   943.00        3.179136E+14   2.2195E-05   2.2205E-05   0.99955
FLUX  655   945.00        3.172407E+14   2.2144E-05   2.2147E-05   0.99985
FLUX  656   947.00        3.165707E+14   2.2084E-05   2.2090E-05   0.99971
FLUX  657   949.00        3.159036E+14   2.2030E-05   2.2033E-05   0.99987
FLUX  658   951.00        3.152392E+14   2.1965E-05   2.1976E-05   0.99951
FLUX  659   953.00        3.145776E+14   2.1723E-05   2.1919E-05   0.99106
FLUX  660   955.00        3.139188E+14   1.8730E-05   2.1862E-05   0.85670
FLUX  661   957.00        3.132628E+14   2.1687E-05   2.1806E-05   0.99453
FLUX  662   959.00        3.126095E+14   2.1748E-05   2.1750E-05   0.99991
FLUX  663   961.00        3.119589E+14   2.1674E-05   2.1694E-05   0.99910
FLUX  664   963.00        3.113110E+14   2.1549E-05   2.1638E-05   0.99590
FLUX  665   965.00        3.106658E+14   2.1579E-05   2.1582E-05   0.99987
FLUX  666   967.00        3.100233E+14   2.1465E-05   2.1527E-05   0.99716
FLUX  667   969.00        3.093834E+14   2.1466E-05   2.1471E-05   0.99976
FLUX  668   971.00        3.087461E+14   2.1416E-05   2.1416E-05   0.99998
FLUX  669   973.00        3.081115E+14   2.1360E-05   2.1361E-05   0.99997
FLUX  670   975.00        3.074795E+14   2.1303E-05   2.1306E-05   0.99987
FLUX  671   977.00        3.068501E+14   2.1251E-05   2.1251E-05   0.99999
FLUX  672   979.00        3.062232E+14   2.1196E-05   2.1197E-05   0.99998
FLUX  673   981.00        3.055989E+14   2.1140E-05   2.1143E-05   0.99987
FLUX  674   983.00        3.049771E+14   2.1083E-05   2.1088E-05   0.99973
FLUX  675   985.00        3.043579E+14   2.1023E-05   2.1034E-05   0.99945
FLUX  676   987.00        3.037411E+14   2.0975E-05   2.0981E-05   0.99972
FLUX  677   989.00        3.031269E+14   2.0895E-05   2.0927E-05   0.99848
FLUX  678   991.00        3.025151E+14   2.0871E-05   2.0873E-05   0.99988
FLUX  679   993.00        3.019058E+14   2.0810E-05   2.0820E-05   0.99950
FLUX  680   995.00        3.012990E+14   2.0763E-05   2.0767E-05   0.99980
FLUX  681   997.00        3.006946E+14   2.0713E-05   2.0714E-05   0.99998
FLUX  682   999.00        3.000926E+14   2.0659E-05   2.0661E-05   0.99991
FLUX  683  1002.50        2.990449E+14   2.0196E-05   2.0569E-05   0.98184
FLUX  684  1007.50        2.975608E+14   1.9472E-05   2.0439E-05   0.95271
FLUX  685  1012.50        2.960914E+14   2.0283E-05   2.0309E-05   0.99874
FLUX  686  1017.50        2.946364E+14   2.0175E-05   2.0181E-05   0.99974
FLUX  687  1022.50        2.931956E+14   2.0052E-05   2.0053E-05   0.99993
FLUX  688  1027.50        2.917689E+14   1.9926E-05   1.9927E-05   0.99994
FLUX  689  1032.50        2.903559E+14   1.9797E-05   1.9802E-05   0.99976
FLUX  690  1037.50        2.889566E+14   1.9675E-05   1.9677E-05   0.99987
FLUX  691  1042.50        2.875707E+14   1.9553E-05   1.9554E-05   0.99994
FLUX  692  1047.50        2.861981E+14   1.9419E-05   1.9431E-05   0.99935
FLUX  693  1052.50        2.848385E+14   1.9299E-05   1.9310E-05   0.99942
FLUX  694  1057.50        2.834917E+14   1.9186E-05   1.9189E-05   0.99981
FLUX  695  1062.50        2.821576E+14   1.9066E-05   1.9070E-05   0.99982
FLUX  696  1067.50        2.808361E+14   1.8848E-05   1.8951E-05   0.99453
FLUX  697  1072.50        2.795268E+14   1.8798E-05   1.8834E-05   0.99809
FLUX  698  1077.50        2.782297E+14   1.8710E-05   1.8717E-05   0.99963
FLUX  699  1082.50        2.769446E+14   1.8588E-05   1.8602E-05   0.99928
FLUX  700  1087.50        2.756713E+14   1.8478E-05   1.8487E-05   0.99951
FLUX  701  1092.50        2.744096E+14   1.7165E-05   1.8373E-05   0.93424
FLUX  702  1097.50        2.731595E+14   1.8141E-05   1.8260E-05   0.99347
FLUX  703  1102.50        2.719206E+14   1.8147E-05   1.8148E-05   0.99993
FLUX  704  1107.50        2.706930E+14   1.8037E-05   1.8037E-05   0.99998
FLUX  705  1112.50        2.694764E+14   1.7926E-05   1.7927E-05   0.99990
FLUX  706  1117.50        2.682707E+14   1.7817E-05   1.7818E-05   0.99995
FLUX  707  1122.50        2.670757E+14   1.7710E-05   1.7710E-05   0.99998
FLUX  708  1127.50        2.658914E+14   1.7552E-05   1.7603E-05   0.99708
FLUX  709  1132.50        2.647174E+14   1.7455E-05   1.7497E-05   0.99763
FLUX  710  1137.50        2.635538E+14   1.7388E-05   1.7391E-05   0.99982
FLUX  711  1142.50        2.624004E+14   1.7282E-05   1.7286E-05   0.99973
FLUX  712  1147.50        2.612571E+14   1.7182E-05   1.7183E-05   0.99997
FLUX  713  1152.50        2.601236E+14   1.7080E-05   1.7080E-05   0.99999
FLUX  714  1157.50        2.590000E+14   1.6977E-05   1.6978E-05   0.99997
FLUX  715  1162.50        2.578860E+14   1.6865E-05   1.6876E-05   0.99933
FLUX  716  1167.50        2.567816E+14   1.6749E-05   1.6776E-05   0.99836
FLUX  717  1172.50        2.556866E+14   1.6676E-05   1.6676E-05   0.99997
FLUX  718  1177.50        2.546008E+14   1.6522E-05   1.6578E-05   0.99661
FLUX  719  1182.50        2.535243E+14   1.6458E-05   1.6480E-05   0.99868
FLUX  720  1187.50        2.524568E+14   1.6366E-05   1.6383E-05   0.99896
FLUX  721  1192.50        2.513983E+14   1.6286E-05   1.6286E-05   1.00000
FLUX  722  1197.50        2.503486E+14   1.6175E-05   1.6191E-05   0.99902
FLUX  723  1202.50        2.493077E+14   1.6094E-05   1.6096E-05   0.99987
FLUX  724  1207.50        2.482754E+14   1.5999E-05   1.6002E-05   0.99978
FLUX  725  1212.50        2.472515E+14   1.5906E-05   1.5909E-05   0.99981
FLUX  726  1217.50        2.462361E+14   1.5816E-05   1.5817E-05   0.99994
FLUX  727  1222.50        2.452290E+14   1.5724E-05   1.5725E-05   0.99992
FLUX  728  1227.50        2.442301E+14   1.5631E-05   1.5634E-05   0.99979
FLUX  729  1232.50        2.432394E+14   1.5541E-05   1.5544E-05   0.99984
FLUX  730  1237.50        2.422566E+14   1.5453E-05   1.5454E-05   0.99989
FLUX  731  1242.50        2.412817E+14   1.5366E-05   1.5366E-05   0.99999
FLUX  732  1247.50        2.403146E+14   1.5271E-05   1.5278E-05   0.99954
FLUX  733  1252.50        2.393553E+14   1.5189E-05   1.5190E-05   0.99993
FLUX  734  1257.50        2.384036E+14   1.5095E-05   1.5104E-05   0.99945
FLUX  735  1262.50        2.374594E+14   1.5012E-05   1.5018E-05   0.99963
FLUX  736  1267.50        2.365227E+14   1.4932E-05   1.4933E-05   0.99998
FLUX  737  1272.50        2.355933E+14   1.4848E-05   1.4848E-05   0.99999
FLUX  738  1277.50        2.346712E+14   1.4738E-05   1.4764E-05   0.99824
FLUX  739  1282.50        2.337563E+14   1.3709E-05   1.4681E-05   0.93381
FLUX  740  1287.50        2.328485E+14   1.4587E-05   1.4599E-05   0.99920
FLUX  741  1292.50        2.319478E+14   1.4517E-05   1.4517E-05   0.99998
FLUX  742  1297.50        2.310539E+14   1.4435E-05   1.4436E-05   0.99997
FLUX  743  1302.50        2.301670E+14   1.4355E-05   1.4355E-05   0.99999
FLUX  744  1307.50        2.292868E+14   1.4275E-05   1.4275E-05   0.99999
FLUX  745  1312.50        2.284133E+14   1.4196E-05   1.4196E-05   0.99998
FLUX  746  1317.50        2.275465E+14   1.4110E-05   1.4117E-05   0.99946
FLUX  747  1322.50        2.266862E+14   1.4039E-05   1.4039E-05   0.99999
FLUX  748  1327.50        2.258324E+14   1.3962E-05   1.3962E-05   0.99999
FLUX  749  1332.50        2.249850E+14   1.3885E-05   1.3885E-05   0.99999
FLUX  750  1337.50        2.241439E+14   1.3809E-05   1.3809E-05   0.99999
FLUX  751  1342.50        2.233091E+14   1.3733E-05   1.3733E-05   0.99997
FLUX  752  1347.50        2.224805E+14   1.3657E-05   1.3658E-05   0.99992
FLUX  753  1352.50        2.216580E+14   1.3580E-05   1.3584E-05   0.99972
FLUX  754  1357.50        2.208416E+14   1.3508E-05   1.3510E-05   0.99986
FLUX  755  1362.50        2.200312E+14   1.3436E-05   1.3437E-05   0.99990
FLUX  756  1367.50        2.192267E+14   1.3361E-05   1.3364E-05   0.99979
FLUX  757  1372.50        2.184281E+14   1.3284E-05   1.3292E-05   0.99940
FLUX  758  1377.50        2.176352E+14   1.3220E-05   1.3221E-05   0.99991
FLUX  759  1382.50        2.168481E+14   1.3149E-05   1.3150E-05   0.99992
FLUX  760  1387.50        2.160667E+14   1.3079E-05   1.3079E-05   1.00000
FLUX  761  1392.50        2.152908E+14   1.3008E-05   1.3010E-05   0.99990
FLUX  762  1397.50        2.145206E+14   1.2940E-05   1.2940E-05   0.99998
FLUX  763  1402.50        2.137558E+14   1.2871E-05   1.2871E-05   0.99999
FLUX  764  1407.50        2.129964E+14   1.2803E-05   1.2803E-05   1.00000
FLUX  765  1412.50        2.122425E+14   1.2735E-05   1.2736E-05   0.99998
FLUX  766  1417.50        2.114938E+14   1.2668E-05   1.2668E-05   0.99998
FLUX  767  1422.50        2.107504E+14   1.2602E-05   1.2602E-05   0.99998
FLUX  768  1427.50        2.100123E+14   1.2535E-05   1.2536E-05   0.99999
FLUX  769  1432.50        2.092792E+14   1.2470E-05   1.2470E-05   0.99998
FLUX  770  1437.50        2.085513E+14   1.2405E-05   1.2405E-05   0.99999
FLUX  771  1442.50        2.078284E+14   1.2321E-05   1.2340E-05   0.99842
FLUX  772  1447.50        2.071105E+14   1.2276E-05   1.2276E-05   0.99998
FLUX  773  1452.50        2.063976E+14   1.2203E-05   1.2212E-05   0.99920
FLUX  774  1457.00        2.057601E+14   1.2155E-05   1.2156E-05   0.99997
FLUX  775  1462.00        2.050564E+14   1.2112E-05   1.2830E-05   0.94404
FLUX  776  1467.50        2.042879E+14   1.2051E-05   1.2756E-05   0.94477
FLUX  777  1472.50        2.035942E+14   1.1992E-05   1.2689E-05   0.94510
FLUX  778  1477.50        2.029052E+14   1.1928E-05   1.2622E-05   0.94497
FLUX  779  1482.50        2.022209E+14   1.1868E-05   1.2557E-05   0.94519
FLUX  780  1487.50        2.015412E+14   1.1792E-05   1.2491E-05   0.94398
FLUX  781  1492.50        2.008660E+14   1.1721E-05   1.2426E-05   0.94328
FLUX  782  1497.50        2.001953E+14   1.1675E-05   1.2362E-05   0.94440
FLUX  783  1502.50        1.995291E+14   1.1537E-05   1.2298E-05   0.93812
FLUX  784  1507.50        1.988673E+14   1.1515E-05   1.2235E-05   0.94115
FLUX  785  1512.50        1.982099E+14   1.1445E-05   1.2172E-05   0.94033
FLUX  786  1517.50        1.975568E+14   1.1405E-05   1.2109E-05   0.94183
FLUX  787  1522.50        1.969080E+14   1.1543E-05   1.2047E-05   0.95817
FLUX  788  1527.50        1.962635E+14   1.1225E-05   1.1986E-05   0.93654
FLUX  789  1532.50        1.956232E+14   1.1208E-05   1.1924E-05   0.93995
FLUX  790  1537.50        1.949870E+14   1.1428E-05   1.1864E-05   0.96328
FLUX  791  1542.50        1.943549E+14   1.1039E-05   1.1803E-05   0.93524
FLUX  792  1547.50        1.937270E+14   1.1396E-05   1.1744E-05   0.97042
FLUX  793  1552.50        1.931031E+14   1.1393E-05   1.1684E-05   0.97510
FLUX  794  1557.50        1.924831E+14   1.0849E-05   1.1625E-05   0.93321
FLUX  795  1562.50        1.918672E+14   1.1374E-05   1.1567E-05   0.98336
FLUX  796  1567.50        1.912552E+14   1.1203E-05   1.1509E-05   0.97346
FLUX  797  1572.50        1.906471E+14   1.0779E-05   1.1451E-05   0.94128
FLUX  798  1577.50        1.900428E+14   1.1283E-05   1.1394E-05   0.99025
FLUX  799  1582.50        1.894423E+14   1.1250E-05   1.1337E-05   0.99232
FLUX  800  1587.50        1.888457E+14   1.0503E-05   1.1280E-05   0.93111
FLUX  801  1592.50        1.882527E+14   1.1149E-05   1.1224E-05   0.99326
FLUX  802  1597.50        1.876635E+14   1.1167E-05   1.1169E-05   0.99988
FLUX  803  1605.00        1.867866E+14   1.1053E-05   1.1086E-05   0.99703
FLUX  804  1615.00        1.856300E+14   1.0607E-05   1.0977E-05   0.96631
FLUX  805  1625.00        1.844877E+14   1.0869E-05   1.0869E-05   0.99999
FLUX  806  1635.00        1.833593E+14   1.0723E-05   1.0763E-05   0.99629
FLUX  807  1645.00        1.822447E+14   1.0309E-05   1.0659E-05   0.96718
FLUX  808  1655.00        1.811435E+14   1.0555E-05   1.0555E-05   0.99998
FLUX  809  1665.00        1.800556E+14   1.0453E-05   1.0454E-05   0.99995
FLUX  810  1675.00        1.789806E+14   1.0309E-05   1.0353E-05   0.99576
FLUX  811  1685.00        1.779184E+14   9.9193E-06   1.0255E-05   0.96731
FLUX  812  1695.00        1.768687E+14   1.0156E-05   1.0157E-05   0.99992
FLUX  813  1705.00        1.758314E+14   1.0060E-05   1.0061E-05   0.99989
FLUX  814  1715.00        1.748061E+14   9.9657E-06   9.9659E-06   0.99997
FLUX  815  1725.00        1.737928E+14   9.8700E-06   9.8724E-06   0.99976
FLUX  816  1735.00        1.727911E+14   9.4242E-06   9.7801E-06   0.96360
FLUX  817  1745.00        1.718009E+14   9.6787E-06   9.6891E-06   0.99892
FLUX  818  1755.00        1.708219E+14   9.5969E-06   9.5994E-06   0.99973
FLUX  819  1765.00        1.698541E+14   9.5083E-06   9.5109E-06   0.99973
FLUX  820  1775.00        1.688972E+14   9.4222E-06   9.4236E-06   0.99985
FLUX  821  1785.00        1.679510E+14   9.3362E-06   9.3375E-06   0.99986
FLUX  822  1795.00        1.670153E+14   9.2524E-06   9.2525E-06   0.99999
FLUX  823  1805.00        1.660900E+14   9.1616E-06   9.1687E-06   0.99924
FLUX  824  1815.00        1.651749E+14   8.7729E-06   9.0859E-06   0.96554
FLUX  825  1825.00        1.642699E+14   8.9819E-06   9.0043E-06   0.99751
FLUX  826  1835.00        1.633747E+14   8.9231E-06   8.9238E-06   0.99992
FLUX  827  1845.00        1.624892E+14   8.8441E-06   8.8444E-06   0.99998
FLUX  828  1855.00        1.616132E+14   8.7643E-06   8.7659E-06   0.99981
FLUX  829  1865.00        1.607466E+14   8.6872E-06   8.6885E-06   0.99984
FLUX  830  1875.00        1.598893E+14   8.2624E-06   8.6122E-06   0.95939
FLUX  831  1885.00        1.590411E+14   8.5295E-06   8.5368E-06   0.99915
FLUX  832  1895.00        1.582018E+14   8.4606E-06   8.4624E-06   0.99979
FLUX  833  1905.00        1.573714E+14   8.3888E-06   8.3889E-06   0.99999
FLUX  834  1915.00        1.565496E+14   8.3163E-06   8.3164E-06   0.99999
FLUX  835  1925.00        1.557364E+14   8.2447E-06   8.2449E-06   0.99998
FLUX  836  1935.00        1.549315E+14   8.1734E-06   8.1742E-06   0.99990
FLUX  837  1945.00        1.541350E+14   7.8175E-06   8.1045E-06   0.96459
FLUX  838  1955.00        1.533465E+14   8.0347E-06   8.0356E-06   0.99990
FLUX  839  1965.00        1.525662E+14   7.9675E-06   7.9676E-06   0.99999
FLUX  840  1975.00        1.517937E+14   7.9000E-06   7.9004E-06   0.99994
FLUX  841  1985.00        1.510290E+14   7.8340E-06   7.8341E-06   0.99999
FLUX  842  1995.00        1.502719E+14   7.7685E-06   7.7685E-06   0.99999
FLUX  843  2005.00        1.495224E+14   7.7038E-06   7.7038E-06   1.00000
FLUX  844  2015.00        1.487804E+14   7.6398E-06   7.6399E-06   0.99999
FLUX  845  2025.00        1.480457E+14   7.5766E-06   7.5767E-06   0.99999
FLUX  846  2035.00        1.473182E+14   7.5143E-06   7.5144E-06   0.99999
FLUX  847  2045.00        1.465978E+14   7.4527E-06   7.4528E-06   1.00000
FLUX  848  2055.00        1.458844E+14   7.3919E-06   7.3919E-06   0.99999
FLUX  849  2065.00        1.451780E+14   7.3316E-06   7.3318E-06   0.99997
FLUX  850  2075.00        1.444783E+14   7.2723E-06   7.2724E-06   0.99999
FLUX  851  2085.00        1.437854E+14   7.2137E-06   7.2137E-06   0.99999
FLUX  852  2095.00        1.430990E+14   7.1557E-06   7.1558E-06   0.99999
FLUX  853  2105.00        1.424192E+14   7.0983E-06   7.0985E-06   0.99997
FLUX  854  2115.00        1.417459E+14   7.0409E-06   7.0419E-06   0.99985
FLUX  855  2125.00        1.410788E+14   6.9847E-06   6.9860E-06   0.99982
FLUX  856  2135.00        1.404180E+14   6.9296E-06   6.9307E-06   0.99985
FLUX  857  2145.00        1.397634E+14   6.8758E-06   6.8761E-06   0.99995
FLUX  858  2155.00        1.391148E+14   6.8219E-06   6.8221E-06   0.99997
FLUX  859  2165.00        1.384723E+14   6.5309E-06   6.7688E-06   0.96485
FLUX  860  2175.00        1.378356E+14   6.7109E-06   6.7161E-06   0.99923
FLUX  861  2185.00        1.372048E+14   6.6638E-06   6.6639E-06   0.99998
FLUX  862  2195.00        1.365797E+14   6.6124E-06   6.6124E-06   1.00000
FLUX  863  2205.00        1.359603E+14   6.5614E-06   6.5615E-06   0.99998
FLUX  864  2215.00        1.353465E+14   6.5104E-06   6.5112E-06   0.99987
FLUX  865  2225.00        1.347382E+14   6.4615E-06   6.4615E-06   1.00000
FLUX  866  2235.00        1.341353E+14   6.4123E-06   6.4123E-06   1.00000
FLUX  867  2245.00        1.335379E+14   6.3637E-06   6.3637E-06   1.00000
FLUX  868  2255.00        1.329457E+14   6.3153E-06   6.3156E-06   0.99995
FLUX  869  2265.00        1.323587E+14   6.2681E-06   6.2681E-06   0.99999
FLUX  870  2275.00        1.317769E+14   6.2211E-06   6.2212E-06   0.99999
FLUX  871  2285.00        1.312002E+14   6.1797E-06   6.3163E-06   0.97837
FLUX  872  2295.00        1.306285E+14   6.1346E-06   6.2688E-06   0.97859
FLUX  873  2305.00        1.300618E+14   6.0904E-06   6.2218E-06   0.97888
FLUX  874  2315.00        1.295000E+14   6.0463E-06   6.1754E-06   0.97910
FLUX  875  2325.00        1.289430E+14   6.0024E-06   6.1294E-06   0.97927
FLUX  876  2335.00        1.283908E+14   5.9581E-06   6.0840E-06   0.97931
FLUX  877  2345.00        1.278433E+14   5.9128E-06   6.0391E-06   0.97910
FLUX  878  2355.00        1.273004E+14   5.8694E-06   5.9946E-06   0.97911
FLUX  879  2365.00        1.267622E+14   5.8231E-06   5.9507E-06   0.97856
FLUX  880  2375.00        1.262284E+14   5.7848E-06   5.9072E-06   0.97927
FLUX  881  2385.00        1.256992E+14   5.7408E-06   5.8642E-06   0.97896
FLUX  882  2395.00        1.251743E+14   5.6964E-06   5.8217E-06   0.97848
FLUX  883  2405.00        1.246538E+14   5.6476E-06   5.7796E-06   0.97716
FLUX  884  2415.00        1.241377E+14   5.5970E-06   5.7380E-06   0.97543
FLUX  885  2425.00        1.236258E+14   5.6109E-06   5.6968E-06   0.98492
FLUX  886  2435.00        1.231181E+14   5.5167E-06   5.6561E-06   0.97536
FLUX  887  2445.00        1.226145E+14   5.4691E-06   5.6157E-06   0.97388
FLUX  888  2455.00        1.221151E+14   5.4974E-06   5.5759E-06   0.98592
FLUX  889  2465.00        1.216197E+14   5.4200E-06   5.5364E-06   0.97898
FLUX  890  2475.00        1.211283E+14   5.3864E-06   5.4974E-06   0.97982
FLUX  891  2485.00        1.206408E+14   5.4094E-06   5.4588E-06   0.99096
FLUX  892  2495.00        1.201573E+14   5.2390E-06   5.4206E-06   0.96650
FLUX  893  2505.00        1.196776E+14   5.3411E-06   5.3827E-06   0.99226
FLUX  894  2515.00        1.192018E+14   5.3080E-06   5.3453E-06   0.99302
FLUX  895  2525.00        1.187297E+14   5.1211E-06   5.3083E-06   0.96474
FLUX  896  2535.00        1.182613E+14   5.2387E-06   5.2716E-06   0.99374
FLUX  897  2545.00        1.177967E+14   5.2100E-06   5.2354E-06   0.99515
FLUX  898  2555.00        1.173356E+14   5.1728E-06   5.1995E-06   0.99487
FLUX  899  2565.00        1.168782E+14   4.9744E-06   5.1640E-06   0.96330
FLUX  900  2575.00        1.164243E+14   5.1101E-06   5.1288E-06   0.99634
FLUX  901  2585.00        1.159739E+14   5.0809E-06   5.0940E-06   0.99743
FLUX  902  2595.00        1.155270E+14   5.0522E-06   5.0596E-06   0.99856
FLUX  903  2605.00        1.150835E+14   5.0045E-06   5.0255E-06   0.99582
FLUX  904  2615.00        1.146434E+14   4.8060E-06   4.9917E-06   0.96280
FLUX  905  2625.00        1.142067E+14   4.7537E-06   4.9583E-06   0.95874
FLUX  906  2635.00        1.137732E+14   4.9171E-06   4.9252E-06   0.99834
FLUX  907  2645.00        1.133431E+14   4.8924E-06   4.8925E-06   0.99999
FLUX  908  2655.00        1.129162E+14   4.8598E-06   4.8600E-06   0.99995
FLUX  909  2665.00        1.124925E+14   4.8240E-06   4.8279E-06   0.99919
FLUX  910  2675.00        1.120720E+14   4.6139E-06   4.7961E-06   0.96201
FLUX  911  2685.00        1.116546E+14   4.7611E-06   4.7646E-06   0.99925
FLUX  912  2695.00        1.112403E+14   4.7334E-06   4.7335E-06   0.99999
FLUX  913  2705.00        1.108290E+14   4.7024E-06   4.7026E-06   0.99996
FLUX  914  2715.00        1.104208E+14   4.6720E-06   4.6720E-06   1.00000
FLUX  915  2725.00        1.100156E+14   4.6417E-06   4.6418E-06   1.00000
FLUX  916  2735.00        1.096133E+14   4.6117E-06   4.6118E-06   0.99999
FLUX  917  2745.00        1.092140E+14   4.5820E-06   4.5821E-06   0.99998
FLUX  918  2755.00        1.088176E+14   4.3977E-06   4.5527E-06   0.96595
FLUX  919  2765.00        1.084241E+14   4.4997E-06   4.5236E-06   0.99472
FLUX  920  2775.00        1.080333E+14   4.4947E-06   4.4947E-06   0.99999
FLUX  921  2785.00        1.076454E+14   4.4661E-06   4.4661E-06   1.00000
FLUX  922  2795.00        1.072603E+14   4.4378E-06   4.4378E-06   1.00000
FLUX  923  2805.00        1.068779E+14   4.4098E-06   4.4098E-06   1.00000
FLUX  924  2815.00        1.064982E+14   4.3820E-06   4.3820E-06   1.00000
FLUX  925  2825.00        1.061212E+14   4.3545E-06   4.3545E-06   0.99999
FLUX  926  2835.00        1.057469E+14   4.3273E-06   4.3273E-06   1.00000
FLUX  927  2845.00        1.053752E+14   4.3002E-06   4.3003E-06   0.99997
FLUX  928  2855.00        1.050061E+14   4.2735E-06   4.2735E-06   0.99999
FLUX  929  2865.00        1.046396E+14   4.2370E-06   4.2470E-06   0.99763
FLUX  930  2875.00        1.042757E+14   4.0684E-06   4.2208E-06   0.96390
FLUX  931  2885.00        1.039142E+14   4.1944E-06   4.1948E-06   0.99991
FLUX  932  2895.00        1.035553E+14   4.1684E-06   4.1690E-06   0.99986
FLUX  933  2905.00        1.031988E+14   4.1435E-06   4.1435E-06   1.00000
FLUX  934  2915.00        1.028448E+14   4.1178E-06   4.1182E-06   0.99992
FLUX  935  2925.00        1.024932E+14   4.0930E-06   4.0931E-06   0.99999
FLUX  936  2935.00        1.021440E+14   4.0682E-06   4.0682E-06   0.99999
FLUX  937  2945.00        1.017971E+14   4.0436E-06   4.0436E-06   1.00000
FLUX  938  2955.00        1.014526E+14   4.0192E-06   4.0192E-06   1.00000
FLUX  939  2965.00        1.011105E+14   3.9950E-06   3.9950E-06   1.00000
FLUX  940  2975.00        1.007706E+14   3.9711E-06   3.9711E-06   1.00000
FLUX  941  2985.00        1.004330E+14   3.9473E-06   3.9473E-06   1.00000
FLUX  942  2995.00        1.000977E+14   3.9238E-06   3.9238E-06   1.00000
FLUX  943  3005.00        9.976456E+13   3.9005E-06   3.9005E-06   0.99999
FLUX  944  3015.00        9.943367E+13   3.8773E-06   3.8774E-06   0.99999
FLUX  945  3025.00        9.910496E+13   3.8544E-06   3.8545E-06   0.99998
FLUX  946  3035.00        9.877842E+13   3.7244E-06   3.8318E-06   0.97199
FLUX  947  3045.00        9.845402E+13   3.7720E-06   3.8093E-06   0.99021
FLUX  948  3055.00        9.813175E+13   3.7869E-06   3.7870E-06   0.99998
FLUX  949  3065.00        9.781158E+13   3.7648E-06   3.7649E-06   0.99999
FLUX  950  3075.00        9.749350E+13   3.7429E-06   3.7430E-06   0.99999
FLUX  951  3085.00        9.717747E+13   3.7208E-06   3.7212E-06   0.99989
FLUX  952  3095.00        9.686349E+13   3.6996E-06   3.6997E-06   0.99998
FLUX  953  3105.00        9.655153E+13   3.6783E-06   3.6783E-06   0.99998
FLUX  954  3115.00        9.624157E+13   3.6571E-06   3.6572E-06   0.99997
FLUX  955  3125.00        9.593360E+13   3.6360E-06   3.6362E-06   0.99996
FLUX  956  3135.00        9.562759E+13   3.6153E-06   3.6154E-06   0.99998
FLUX  957  3145.00        9.532353E+13   3.5946E-06   3.5948E-06   0.99994
FLUX  958  3155.00        9.502139E+13   3.5743E-06   3.5743E-06   0.99999
FLUX  959  3165.00        9.472117E+13   3.5541E-06   3.5541E-06   1.00000
FLUX  960  3175.00        9.442283E+13   3.5339E-06   3.5340E-06   0.99998
FLUX  961  3185.00        9.412637E+13   3.5140E-06   3.5140E-06   1.00000
FLUX  962  3195.00        9.383177E+13   3.4943E-06   3.4943E-06   0.99999
FLUX  963  3210.00        9.339330E+13   3.4649E-06   3.4649E-06   0.99999
FLUX  964  3230.00        9.281502E+13   3.4264E-06   3.4264E-06   1.00000
FLUX  965  3250.00        9.224385E+13   3.3885E-06   3.3885E-06   1.00000
FLUX  966  3270.00        9.167966E+13   3.3512E-06   3.3512E-06   0.99999
FLUX  967  3290.00        9.112234E+13   3.2416E-06   3.3476E-06   0.96835
FLUX  968  3310.00        9.057175E+13   3.2649E-06   3.3110E-06   0.98607
FLUX  969  3330.00        9.002778E+13   3.2351E-06   3.2750E-06   0.98783
FLUX  970  3350.00        8.949030E+13   3.2010E-06   3.2395E-06   0.98810
FLUX  971  3370.00        8.895920E+13   3.1669E-06   3.2047E-06   0.98820
FLUX  972  3390.00        8.843437E+13   3.1337E-06   3.1704E-06   0.98843
FLUX  973  3410.00        8.791569E+13   3.1006E-06   3.1367E-06   0.98851
FLUX  974  3430.00        8.740306E+13   3.0684E-06   3.1035E-06   0.98869
FLUX  975  3450.00        8.689638E+13   3.0363E-06   3.0708E-06   0.98878
FLUX  976  3470.00        8.639553E+13   3.0055E-06   3.0386E-06   0.98912
FLUX  977  3490.00        8.590043E+13   2.9736E-06   3.0069E-06   0.98892
FLUX  978  3510.00        8.541097E+13   2.9440E-06   2.9758E-06   0.98934
FLUX  979  3530.00        8.492705E+13   2.9136E-06   2.9451E-06   0.98933
FLUX  980  3550.00        8.444859E+13   2.8811E-06   2.9149E-06   0.98843
FLUX  981  3570.00        8.397549E+13   2.8493E-06   2.8851E-06   0.98758
FLUX  982  3590.00        8.350766E+13   2.8357E-06   2.8558E-06   0.99295
FLUX  983  3610.00        8.304501E+13   2.7895E-06   2.8269E-06   0.98675
FLUX  984  3630.00        8.258747E+13   2.7811E-06   2.7985E-06   0.99376
FLUX  985  3650.00        8.213493E+13   2.7308E-06   2.7705E-06   0.98564
FLUX  986  3670.00        8.168733E+13   2.7283E-06   2.7430E-06   0.99467
FLUX  987  3690.00        8.124458E+13   2.6725E-06   2.7158E-06   0.98406
FLUX  988  3710.00        8.080660E+13   2.6759E-06   2.6890E-06   0.99512
FLUX  989  3730.00        8.037332E+13   2.6331E-06   2.6627E-06   0.98891
FLUX  990  3750.00        7.994467E+13   2.5582E-06   2.6367E-06   0.97025
FLUX  991  3770.00        7.952056E+13   2.6011E-06   2.6110E-06   0.99617
FLUX  992  3790.00        7.910092E+13   2.5773E-06   2.5858E-06   0.99670
FLUX  993  3810.00        7.868570E+13   2.5270E-06   2.5609E-06   0.98677
FLUX  994  3830.00        7.827480E+13   2.5156E-06   2.5364E-06   0.99181
FLUX  995  3850.00        7.786818E+13   2.5061E-06   2.5122E-06   0.99758
FLUX  996  3870.00        7.746576E+13   2.4830E-06   2.4884E-06   0.99781
FLUX  997  3890.00        7.706748E+13   2.4596E-06   2.4649E-06   0.99783
FLUX  998  3910.00        7.667327E+13   2.3948E-06   2.4417E-06   0.98077
FLUX  999  3930.00        7.628308E+13   2.4187E-06   2.4189E-06   0.99990
FLUX 1000  3950.00        7.589684E+13   2.3962E-06   2.3964E-06   0.99990
FLUX 1001  3970.00        7.551448E+13   2.3742E-06   2.3742E-06   0.99998
FLUX 1002  3990.00        7.513596E+13   2.3521E-06   2.3523E-06   0.99990
FLUX 1003  4010.00        7.476122E+13   2.3165E-06   2.3307E-06   0.99392
FLUX 1004  4030.00        7.439020E+13   2.2770E-06   2.3094E-06   0.98598
FLUX 1005  4050.00        7.402284E+13   2.2448E-06   2.2884E-06   0.98096
FLUX 1006  4070.00        7.365909E+13   2.2676E-06   2.2677E-06   0.99997
FLUX 1007  4090.00        7.329890E+13   2.2472E-06   2.2473E-06   0.99998
FLUX 1008  4110.00        7.294221E+13   2.2271E-06   2.2271E-06   1.00000
FLUX 1009  4130.00        7.258898E+13   2.2072E-06   2.2072E-06   1.00000
FLUX 1010  4150.00        7.223916E+13   2.1875E-06   2.1876E-06   0.99998
FLUX 1011  4170.00        7.189269E+13   2.1246E-06   2.1682E-06   0.97989
FLUX 1012  4190.00        7.154952E+13   2.1489E-06   2.1491E-06   0.99991
FLUX 1013  4210.00        7.120962E+13   2.1302E-06   2.1302E-06   0.99998
FLUX 1014  4230.00        7.087293E+13   2.1116E-06   2.1116E-06   1.00000
FLUX 1015  4250.00        7.053941E+13   2.0932E-06   2.0932E-06   1.00000
FLUX 1016  4270.00        7.020902E+13   2.0751E-06   2.0751E-06   1.00000
FLUX 1017  4290.00        6.988170E+13   2.0572E-06   2.0572E-06   1.00000
FLUX 1018  4310.00        6.955742E+13   2.0395E-06   2.0396E-06   1.00000
FLUX 1019  4330.00        6.923614E+13   2.0221E-06   2.0221E-06   1.00000
FLUX 1020  4350.00        6.891782E+13   2.0049E-06   2.0049E-06   0.99999
FLUX 1021  4370.00        6.860240E+13   1.9516E-06   1.9879E-06   0.98173
FLUX 1022  4390.00        6.828986E+13   1.9676E-06   1.9711E-06   0.99823
FLUX 1023  4410.00        6.798016E+13   1.9545E-06   1.9546E-06   0.99999
FLUX 1024  4430.00        6.767325E+13   1.9382E-06   1.9382E-06   1.00000
FLUX 1025  4450.00        6.736910E+13   1.9220E-06   1.9220E-06   1.00000
FLUX 1026  4470.00        6.706767E+13   1.9097E-06   1.9154E-06   0.99703
FLUX 1027  4490.00        6.676893E+13   1.8902E-06   1.8995E-06   0.99512
FLUX 1028  4510.00        6.647284E+13   1.8748E-06   1.8838E-06   0.99520
FLUX 1029  4530.00        6.617936E+13   1.8595E-06   1.8683E-06   0.99525
FLUX 1030  4550.00        6.588846E+13   1.8444E-06   1.8530E-06   0.99532
FLUX 1031  4570.00        6.560011E+13   1.8294E-06   1.8379E-06   0.99537
FLUX 1032  4590.00        6.531427E+13   1.8147E-06   1.8230E-06   0.99541
FLUX 1033  4610.00        6.503091E+13   1.8000E-06   1.8083E-06   0.99544
FLUX 1034  4630.00        6.475000E+13   1.7850E-06   1.7937E-06   0.99517
FLUX 1035  4650.00        6.447151E+13   1.7358E-06   1.7793E-06   0.97554
FLUX 1036  4670.00        6.419540E+13   1.7212E-06   1.7651E-06   0.97511
FLUX 1037  4690.00        6.392164E+13   1.7418E-06   1.7511E-06   0.99473
FLUX 1038  4710.00        6.365021E+13   1.7295E-06   1.7372E-06   0.99555
FLUX 1039  4730.00        6.338108E+13   1.7159E-06   1.7235E-06   0.99563
FLUX 1040  4750.00        6.311421E+13   1.7024E-06   1.7099E-06   0.99563
FLUX 1041  4770.00        6.284958E+13   1.6890E-06   1.6965E-06   0.99559
FLUX 1042  4790.00        6.258716E+13   1.6757E-06   1.6833E-06   0.99547
FLUX 1043  4810.00        6.232692E+13   1.6626E-06   1.6702E-06   0.99544
FLUX 1044  4830.00        6.206884E+13   1.6511E-06   1.6573E-06   0.99625
FLUX 1045  4850.00        6.181289E+13   1.6364E-06   1.6445E-06   0.99508
FLUX 1046  4870.00        6.155903E+13   1.6259E-06   1.6318E-06   0.99636
FLUX 1047  4890.00        6.130726E+13   1.6113E-06   1.6194E-06   0.99504
FLUX 1048  4910.00        6.105754E+13   1.6015E-06   1.6070E-06   0.99655
FLUX 1049  4930.00        6.080984E+13   1.5860E-06   1.5948E-06   0.99447
FLUX 1050  4950.00        6.056414E+13   1.5781E-06   1.5827E-06   0.99711
FLUX 1051  4970.00        6.032042E+13   1.5604E-06   1.5708E-06   0.99338
FLUX 1052  4990.00        6.007866E+13   1.5547E-06   1.5590E-06   0.99725
FLUX 1053  5010.00        5.983882E+13   1.5429E-06   1.5473E-06   0.99713
FLUX 1054  5030.00        5.960089E+13   1.5243E-06   1.5358E-06   0.99249
FLUX 1055  5050.00        5.936485E+13   1.5207E-06   1.5244E-06   0.99758
FLUX 1056  5070.00        5.913067E+13   1.5095E-06   1.5131E-06   0.99759
FLUX 1057  5090.00        5.889833E+13   1.4883E-06   1.5019E-06   0.99092
FLUX 1058  5110.00        5.866781E+13   1.4863E-06   1.4909E-06   0.99690
FLUX 1059  5130.00        5.843908E+13   1.4472E-06   1.4800E-06   0.97785
FLUX 1060  5150.00        5.821214E+13   1.4653E-06   1.4692E-06   0.99731
FLUX 1061  5170.00        5.798694E+13   1.4428E-06   1.4585E-06   0.98920
FLUX 1062  5190.00        5.776349E+13   1.4464E-06   1.4480E-06   0.99891
FLUX 1063  5210.00        5.754175E+13   1.4375E-06   1.4375E-06   0.99997
FLUX 1064  5230.00        5.732170E+13   1.4271E-06   1.4272E-06   0.99997
FLUX 1065  5250.00        5.710333E+13   1.4136E-06   1.4170E-06   0.99760
FLUX 1066  5270.00        5.688662E+13   1.3902E-06   1.4069E-06   0.98816
FLUX 1067  5290.00        5.667155E+13   1.3968E-06   1.3969E-06   0.99997
FLUX 1068  5310.00        5.645810E+13   1.3869E-06   1.3870E-06   0.99998
FLUX 1069  5330.00        5.624625E+13   1.3771E-06   1.3772E-06   0.99998
FLUX 1070  5350.00        5.603598E+13   1.3674E-06   1.3675E-06   0.99997
FLUX 1071  5370.00        5.582728E+13   1.3463E-06   1.3579E-06   0.99147
FLUX 1072  5390.00        5.562013E+13   1.3390E-06   1.3484E-06   0.99301
FLUX 1073  5410.00        5.541451E+13   1.3390E-06   1.3390E-06   0.99998
FLUX 1074  5430.00        5.521041E+13   1.3297E-06   1.3297E-06   0.99998
FLUX 1075  5450.00        5.500780E+13   1.3205E-06   1.3205E-06   0.99998
FLUX 1076  5470.00        5.480667E+13   1.3114E-06   1.3114E-06   0.99998
FLUX 1077  5490.00        5.460701E+13   1.3024E-06   1.3024E-06   0.99998
FLUX 1078  5510.00        5.440880E+13   1.2917E-06   1.2935E-06   0.99864
FLUX 1079  5530.00        5.421203E+13   1.2641E-06   1.2847E-06   0.98397
FLUX 1080  5550.00        5.401667E+13   1.2759E-06   1.2759E-06   0.99998
FLUX 1081  5570.00        5.382271E+13   1.2673E-06   1.2673E-06   0.99998
FLUX 1082  5590.00        5.363014E+13   1.2587E-06   1.2587E-06   0.99997
FLUX 1083  5610.00        5.343895E+13   1.2503E-06   1.2503E-06   0.99998
FLUX 1084  5630.00        5.324911E+13   1.2419E-06   1.2419E-06   0.99999
FLUX 1085  5650.00        5.306062E+13   1.2336E-06   1.2336E-06   0.99999
FLUX 1086  5670.00        5.287346E+13   1.2254E-06   1.2254E-06   0.99999
FLUX 1087  5690.00        5.268761E+13   1.2172E-06   1.2172E-06   0.99997
FLUX 1088  5710.00        5.250306E+13   1.1867E-06   1.2092E-06   0.98143
FLUX 1089  5730.00        5.231981E+13   1.2007E-06   1.2012E-06   0.99955
FLUX 1090  5750.00        5.213783E+13   1.1933E-06   1.1933E-06   0.99999
FLUX 1091  5770.00        5.195711E+13   1.1855E-06   1.1855E-06   0.99999
FLUX 1092  5790.00        5.177763E+13   1.1777E-06   1.1777E-06   0.99999
FLUX 1093  5810.00        5.159940E+13   1.1701E-06   1.1701E-06   0.99999
FLUX 1094  5830.00        5.142238E+13   1.1618E-06   1.1625E-06   0.99941
FLUX 1095  5850.00        5.124658E+13   1.1547E-06   1.1580E-06   0.99712
FLUX 1096  5870.00        5.107198E+13   1.1472E-06   1.1505E-06   0.99709
FLUX 1097  5890.00        5.089856E+13   1.1389E-06   1.1431E-06   0.99627
FLUX 1098  5910.00        5.072631E+13   1.1095E-06   1.1358E-06   0.97688
FLUX 1099  5930.00        5.055523E+13   1.1246E-06   1.1285E-06   0.99654
FLUX 1100  5950.00        5.038529E+13   1.0983E-06   1.1213E-06   0.97943
FLUX 1101  5970.00        5.021650E+13   1.1077E-06   1.1142E-06   0.99412
FLUX 1102  5990.00        5.004883E+13   1.1042E-06   1.1072E-06   0.99734
FLUX 1103  6010.00        4.988228E+13   1.0974E-06   1.1002E-06   0.99750
FLUX 1104  6030.00        4.971683E+13   1.0906E-06   1.0932E-06   0.99757
FLUX 1105  6050.00        4.955248E+13   1.0838E-06   1.0864E-06   0.99760
FLUX 1106  6070.00        4.938921E+13   1.0770E-06   1.0796E-06   0.99763
FLUX 1107  6090.00        4.922701E+13   1.0703E-06   1.0729E-06   0.99765
FLUX 1108  6110.00        4.906588E+13   1.0637E-06   1.0662E-06   0.99766
FLUX 1109  6130.00        4.890579E+13   1.0571E-06   1.0596E-06   0.99768
FLUX 1110  6150.00        4.874675E+13   1.0506E-06   1.0530E-06   0.99769
FLUX 1111  6170.00        4.858874E+13   1.0442E-06   1.0465E-06   0.99771
FLUX 1112  6190.00        4.843174E+13   1.0378E-06   1.0401E-06   0.99772
FLUX 1113  6210.00        4.827576E+13   1.0314E-06   1.0338E-06   0.99774
FLUX 1114  6230.00        4.812079E+13   1.0251E-06   1.0274E-06   0.99770
FLUX 1115  6250.00        4.796680E+13   1.0187E-06   1.0212E-06   0.99759
FLUX 1116  6270.00        4.781380E+13   1.0122E-06   1.0150E-06   0.99720
FLUX 1117  6290.00        4.766176E+13   9.8593E-07   1.0089E-06   0.97726
FLUX 1118  6310.00        4.751070E+13   9.9931E-07   1.0028E-06   0.99654
FLUX 1119  6330.00        4.736058E+13   9.9456E-07   9.9675E-07   0.99780
FLUX 1120  6350.00        4.721142E+13   9.8830E-07   9.9078E-07   0.99750
FLUX 1121  6370.00        4.706319E+13   9.8403E-07   9.8486E-07   0.99916
FLUX 1122  6390.00        4.691588E+13   9.7693E-07   9.7899E-07   0.99790
FLUX 1123  6420.00        4.669665E+13   9.6942E-07   9.7028E-07   0.99911
FLUX 1124  6460.00        4.640751E+13   9.5754E-07   9.5885E-07   0.99863
FLUX 1125  6500.00        4.612192E+13   9.4597E-07   9.4763E-07   0.99825
FLUX 1126  6540.00        4.583983E+13   9.3599E-07   9.3659E-07   0.99936
FLUX 1127  6580.00        4.556117E+13   9.2422E-07   9.2575E-07   0.99834
FLUX 1128  6620.00        4.528588E+13   9.1371E-07   9.1510E-07   0.99848
FLUX 1129  6660.00        4.501389E+13   9.0383E-07   9.0462E-07   0.99912
FLUX 1130  6700.00        4.474515E+13   8.9371E-07   8.9433E-07   0.99931
FLUX 1131  6740.00        4.447960E+13   8.8174E-07   8.8421E-07   0.99721
FLUX 1132  6780.00        4.421718E+13   8.6375E-07   8.7426E-07   0.98798
FLUX 1133  6820.00        4.395784E+13   8.6172E-07   8.6448E-07   0.99681
FLUX 1134  6860.00        4.370153E+13   8.5483E-07   8.5486E-07   0.99997
FLUX 1135  6900.00        4.344819E+13   8.4538E-07   8.4540E-07   0.99997
FLUX 1136  6940.00        4.319777E+13   8.3282E-07   8.3609E-07   0.99609
FLUX 1137  6980.00        4.295021E+13   8.2692E-07   8.2694E-07   0.99997
FLUX 1138  7020.00        4.270548E+13   8.1792E-07   8.1794E-07   0.99998
FLUX 1139  7060.00        4.246353E+13   8.0906E-07   8.0908E-07   0.99997
FLUX 1140  7100.00        4.222430E+13   7.9637E-07   8.0037E-07   0.99500
FLUX 1141  7140.00        4.198775E+13   7.9178E-07   7.9180E-07   0.99998
FLUX 1142  7180.00        4.175383E+13   7.8334E-07   7.8336E-07   0.99998
FLUX 1143  7220.00        4.152251E+13   7.7503E-07   7.7506E-07   0.99997
FLUX 1144  7260.00        4.129373E+13   7.6234E-07   7.6688E-07   0.99408
FLUX 1145  7300.00        4.106747E+13   7.5866E-07   7.5884E-07   0.99977
FLUX 1146  7340.00        4.084366E+13   7.5091E-07   7.5092E-07   0.99999
FLUX 1147  7380.00        4.062229E+13   7.4256E-07   7.4313E-07   0.99923
FLUX 1148  7420.00        4.040330E+13   7.3387E-07   7.3548E-07   0.99780
FLUX 1149  7460.00        4.018666E+13   7.1796E-07   7.2795E-07   0.98627
FLUX 1150  7500.00        3.997233E+13   7.0210E-07   7.2054E-07   0.97441
FLUX 1151  7540.00        3.976028E+13   7.1144E-07   7.1324E-07   0.99748
FLUX 1152  7580.00        3.955046E+13   7.0597E-07   7.0604E-07   0.99990
FLUX 1153  7620.00        3.934285E+13   6.9894E-07   6.9896E-07   0.99997
FLUX 1154  7660.00        3.913740E+13   6.9196E-07   6.9198E-07   0.99997
FLUX 1155  7700.00        3.893409E+13   6.8509E-07   6.8511E-07   0.99997
FLUX 1156  7740.00        3.873288E+13   6.7820E-07   6.7833E-07   0.99980
FLUX 1157  7780.00        3.853374E+13   6.6494E-07   6.7166E-07   0.99000
FLUX 1158  7820.00        3.833664E+13   6.6495E-07   6.6508E-07   0.99980
FLUX 1159  7860.00        3.814154E+13   6.5858E-07   6.5860E-07   0.99997
FLUX 1160  7900.00        3.794842E+13   6.5220E-07   6.5221E-07   0.99997
FLUX 1161  7940.00        3.775724E+13   6.4590E-07   6.4592E-07   0.99997
FLUX 1162  7980.00        3.756798E+13   6.3970E-07   6.3971E-07   0.99997
FLUX 1163  8020.00        3.738061E+13   6.3358E-07   6.3360E-07   0.99997
FLUX 1164  8060.00        3.719510E+13   6.2755E-07   6.2757E-07   0.99997
FLUX 1165  8100.00        3.701142E+13   6.2160E-07   6.2162E-07   0.99997
FLUX 1166  8140.00        3.682955E+13   6.0978E-07   6.1576E-07   0.99029
FLUX 1167  8180.00        3.664945E+13   6.0883E-07   6.0998E-07   0.99811
FLUX 1168  8220.00        3.647111E+13   6.0422E-07   6.0429E-07   0.99990
FLUX 1169  8260.00        3.629449E+13   5.9865E-07   5.9867E-07   0.99997
FLUX 1170  8300.00        3.611958E+13   5.9288E-07   5.9313E-07   0.99959
FLUX 1171  8340.00        3.594634E+13   5.8765E-07   5.8766E-07   0.99998
FLUX 1172  8380.00        3.577476E+13   5.8189E-07   5.8227E-07   0.99935
FLUX 1173  8420.00        3.560481E+13   5.7694E-07   5.7696E-07   0.99998
FLUX 1174  8460.00        3.543647E+13   5.7169E-07   5.7171E-07   0.99997
FLUX 1175  8500.00        3.526971E+13   5.6612E-07   5.6654E-07   0.99926
FLUX 1176  8540.00        3.510451E+13   5.6143E-07   5.6144E-07   0.99998
FLUX 1177  8580.00        3.494085E+13   5.5579E-07   5.5640E-07   0.99891
FLUX 1178  8620.00        3.477871E+13   5.5142E-07   5.5143E-07   0.99997
FLUX 1179  8660.00        3.461807E+13   5.4003E-07   5.4653E-07   0.98810
FLUX 1180  8700.00        3.445891E+13   5.4123E-07   5.4170E-07   0.99914
FLUX 1181  8740.00        3.430120E+13   5.3326E-07   5.3692E-07   0.99318
FLUX 1182  8780.00        3.414493E+13   5.2894E-07   5.3221E-07   0.99386
FLUX 1183  8820.00        3.399008E+13   5.2756E-07   5.2756E-07   0.99999
FLUX 1184  8860.00        3.383663E+13   5.2198E-07   5.2297E-07   0.99810
FLUX 1185  8900.00        3.368455E+13   5.1843E-07   5.1845E-07   0.99997
FLUX 1186  8940.00        3.353384E+13   5.1397E-07   5.1397E-07   0.99999
FLUX 1187  8980.00        3.338447E+13   5.0956E-07   5.0956E-07   0.99999
FLUX 1188  9020.00        3.323642E+13   5.0510E-07   5.0520E-07   0.99979
FLUX 1189  9060.00        3.308968E+13   4.9971E-07   5.0090E-07   0.99761
FLUX 1190  9100.00        3.294423E+13   4.9664E-07   4.9666E-07   0.99998
FLUX 1191  9140.00        3.280005E+13   4.9245E-07   4.9246E-07   0.99998
FLUX 1192  9180.00        3.265714E+13   4.8831E-07   4.8832E-07   0.99998
FLUX 1193  9220.00        3.251546E+13   4.8422E-07   4.8423E-07   0.99997
FLUX 1194  9260.00        3.237500E+13   4.7816E-07   4.8020E-07   0.99576
FLUX 1195  9300.00        3.223575E+13   4.7620E-07   4.7621E-07   0.99997
FLUX 1196  9340.00        3.209770E+13   4.7226E-07   4.7227E-07   0.99997
FLUX 1197  9380.00        3.196082E+13   4.6272E-07   4.6838E-07   0.98791
FLUX 1198  9420.00        3.182511E+13   4.6393E-07   4.6454E-07   0.99869
FLUX 1199  9460.00        3.169054E+13   4.6073E-07   4.6075E-07   0.99998
FLUX 1200  9500.00        3.155711E+13   4.5616E-07   4.5700E-07   0.99817
FLUX 1201  9540.00        3.142479E+13   4.5168E-07   4.5329E-07   0.99643
FLUX 1202  9580.00        3.129358E+13   4.4963E-07   4.4964E-07   0.99998
FLUX 1203  9620.00        3.116346E+13   4.4601E-07   4.4602E-07   0.99998
FLUX 1204  9660.00        3.103442E+13   4.4244E-07   4.4245E-07   0.99998
FLUX 1205  9700.00        3.090644E+13   4.3891E-07   4.3892E-07   0.99998
FLUX 1206  9740.00        3.077952E+13   4.3543E-07   4.3543E-07   0.99998
FLUX 1207  9780.00        3.065363E+13   4.3198E-07   4.3199E-07   0.99998
FLUX 1208  9820.00        3.052877E+13   4.2823E-07   4.2858E-07   0.99918
FLUX 1209  9860.00        3.040492E+13   4.2265E-07   4.2522E-07   0.99397
FLUX 1210  9900.00        3.028207E+13   4.2188E-07   4.2189E-07   0.99998
FLUX 1211  9940.00        3.016021E+13   4.1860E-07   4.1860E-07   0.99998
FLUX 1212  9980.00        3.003933E+13   4.1535E-07   4.1535E-07   0.99998
FLUX 1213 10020.00        2.991941E+13   4.1214E-07   4.1214E-07   0.99998
FLUX 1214 20000.00        1.498963E+13   1.0610E-07   1.0610E-07   1.00000
FLUX 1215 40000.00        7.494813E+12   2.6586E-08   2.6586E-08   1.00000
FLUX 1216 60000.00        4.996542E+12   1.1749E-08   1.1749E-08   1.00000
FLUX 1217 80000.00        3.747406E+12   6.5666E-09   6.5666E-09   1.00000
FLUX 1218100000.00        2.997925E+12   4.1772E-09   4.1772E-09   1.00000
FLUX 1219120000.00        2.498271E+12   2.8851E-09   2.8851E-09   1.00000
FLUX 1220140000.00        2.141375E+12   2.1094E-09   2.1094E-09   1.00000
FLUX 1221160000.00        1.873703E+12   1.6080E-09   1.6080E-09   1.00000
FLUX
