TEFF   6000.  GRAVITY 2.50000 LTE 
TITLE  [-1.0] VTURB=2  L/H=1.25 NOVER NEW ODF                                   
FLUX    1     9.09        3.298047E+16   3.2346-171   3.2346-171   0.99998
FLUX    2     9.35        3.206337E+16   1.6144-166   1.6144-166   0.99998
FLUX    3     9.61        3.119589E+16   4.4716-162   4.4717-162   0.99998
FLUX    4     9.77        3.068501E+16   1.8447-159   1.8447-159   0.99998
FLUX    5     9.96        3.009965E+16   1.8282-156   1.8283-156   0.99998
FLUX    6    10.20        2.939142E+16   7.6781-153   7.6782-153   0.99998
FLUX    7    10.38        2.888174E+16   3.1042-150   3.1043-150   0.99998
FLUX    8    10.56        2.838944E+16   1.0209-147   1.0210-147   0.99998
FLUX    9    10.77        2.783589E+16   6.8870-145   6.8871-145   0.99998
FLUX   10    11.04        2.715512E+16   2.0704-141   2.0705-141   0.99998
FLUX   11    11.40        2.629759E+16   4.9480-137   4.9481-137   0.99998
FLUX   12    11.78        2.544928E+16   1.0551-132   1.0551-132   0.99998
FLUX   13    12.13        2.471496E+16   5.8613-129   5.8614-129   0.99998
FLUX   14    12.48        2.402183E+16   1.9961-125   1.9962-125   0.99998
FLUX   15    12.71        2.358714E+16   3.2691-123   3.2691-123   0.99998
FLUX   16    12.84        2.334833E+16   5.3778-122   5.3779-122   0.99998
FLUX   17    13.05        2.297261E+16   4.4001-120   4.4002-120   0.99998
FLUX   18    13.24        2.264294E+16   2.0946-118   2.0946-118   0.99998
FLUX   19    13.39        2.238928E+16   4.0890-117   4.0891-117   0.99998
FLUX   20    13.66        2.194674E+16   7.2833-115   7.2834-115   0.99998
FLUX   21    13.98        2.144438E+16   2.6068-112   2.6068-112   0.99998
FLUX   22    14.33        2.092062E+16   1.1928-109   1.1928-109   0.99998
FLUX   23    14.72        2.036634E+16   7.7689-107   7.7690-107   0.99998
FLUX   24    15.10        1.985381E+16   3.0945-104   3.0945-104   0.99998
FLUX   25    15.52        1.931653E+16   1.6389-101   1.6389-101   0.99998
FLUX   26    15.88        1.887862E+16   2.7084E-99   2.7085E-99   0.99998
FLUX   27    16.20        1.850571E+16   2.0922E-97   2.0922E-97   0.99998
FLUX   28    16.60        1.805979E+16   3.7737E-95   3.7738E-95   0.99998
FLUX   29    17.03        1.760379E+16   7.6261E-93   7.6263E-93   0.99998
FLUX   30    17.34        1.728907E+16   2.9669E-91   2.9669E-91   0.99998
FLUX   31    17.68        1.695659E+16   1.4162E-89   1.4163E-89   0.99998
FLUX   32    18.02        1.663665E+16   5.8304E-88   5.8305E-88   0.99998
FLUX   33    18.17        1.649931E+16   2.8738E-87   2.8739E-87   0.99998
FLUX   34    18.61        1.610922E+16   2.6636E-85   2.6636E-85   0.99998
FLUX   35    19.10        1.569594E+16   3.2169E-83   3.2170E-83   0.99998
FLUX   36    19.39        1.546119E+16   4.8795E-82   4.8796E-82   0.99998
FLUX   37    19.84        1.511051E+16   2.8287E-80   2.8287E-80   0.99998
FLUX   38    20.18        1.485592E+16   5.3895E-79   5.3896E-79   0.99998
FLUX   39    20.50        1.462402E+16   7.8954E-78   7.8956E-78   0.99998
FLUX   40    21.05        1.424192E+16   6.5322E-76   6.5323E-76   0.99998
FLUX   41    21.62        1.386644E+16   4.9874E-74   4.9874E-74   0.99998
FLUX   42    21.98        1.363933E+16   6.8525E-73   6.8526E-73   0.99998
FLUX   43    22.30        1.344361E+16   6.5331E-72   6.5332E-72   0.99998
FLUX   44    22.68        1.321836E+16   8.7488E-71   8.7490E-71   0.99998
FLUX   45    23.00        1.303446E+16   7.2765E-70   7.2766E-70   0.99998
FLUX   46    23.40        1.281165E+16   9.4361E-69   9.4362E-69   0.99998
FLUX   47    24.00        1.249135E+16   3.7435E-67   3.7435E-67   0.99998
FLUX   48    24.65        1.216197E+16   1.6432E-65   1.6433E-65   0.99998
FLUX   49    25.24        1.187767E+16   4.2843E-64   4.2844E-64   0.99998
FLUX   50    25.68        1.167416E+16   4.4136E-63   4.4137E-63   0.99998
FLUX   51    26.00        1.153048E+16   2.2880E-62   2.2881E-62   0.99998
FLUX   52    26.40        1.135578E+16   1.6901E-61   1.6901E-61   0.99998
FLUX   53    26.85        1.116546E+16   1.4881E-60   1.4882E-60   0.99998
FLUX   54    27.35        1.096133E+16   1.5307E-59   1.5308E-59   0.99998
FLUX   55    27.85        1.076454E+16   1.4474E-58   1.4474E-58   0.99998
FLUX   56    28.40        1.055607E+16   1.5590E-57   1.5591E-57   0.99998
FLUX   57    29.00        1.033767E+16   1.8749E-56   1.8750E-56   0.99998
FLUX   58    29.60        1.012813E+16   2.0302E-55   2.0302E-55   0.99998
FLUX   59    30.10        9.959884E+15   1.3740E-54   1.3741E-54   0.99997
FLUX   60    30.80        9.733523E+15   1.7945E-53   1.7945E-53   0.99998
FLUX   61    31.80        9.427437E+15   5.7595E-52   5.7596E-52   0.99998
FLUX   62    32.80        9.140015E+15   1.4873E-50   1.4873E-50   0.99998
FLUX   63    33.80        8.869601E+15   3.1475E-49   3.1476E-49   0.99998
FLUX   64    34.80        8.614727E+15   5.5626E-48   5.5627E-48   0.99998
FLUX   65    35.70        8.397549E+15   6.3938E-47   6.3939E-47   0.99998
FLUX   66    36.60        8.191052E+15   6.5027E-46   6.5028E-46   0.99998
FLUX   67    37.50        7.994467E+15   5.8887E-45   5.8888E-45   0.99998
FLUX   68    38.50        7.786818E+15   6.0128E-44   6.0129E-44   0.99998
FLUX   69    39.50        7.589684E+15   5.4317E-43   5.4318E-43   0.99998
FLUX   70    40.50        7.402284E+15   4.3848E-42   4.3849E-42   0.99998
FLUX   71    41.40        7.241365E+15   2.6277E-41   2.6277E-41   0.99998
FLUX   72    42.20        7.104088E+15   1.2069E-40   1.2069E-40   0.99998
FLUX   73    43.00        6.971919E+15   5.2265E-40   5.2266E-40   0.99998
FLUX   74    44.10        6.798016E+15   3.5832E-39   3.5832E-39   0.99998
FLUX   75    45.10        6.647284E+15   1.8934E-38   1.8935E-38   0.99998
FLUX   76    46.00        6.517228E+15   7.9433E-38   7.9434E-38   0.99998
FLUX   77    47.00        6.378564E+15   3.6554E-37   3.6554E-37   0.99998
FLUX   78    48.00        6.245677E+15   1.5733E-36   1.5733E-36   0.99998
FLUX   79    49.00        6.118214E+15   6.3664E-36   6.3666E-36   0.99998
FLUX   80    50.00        5.995850E+15   2.4276E-35   2.4276E-35   0.99998
FLUX   81    50.60        5.924753E+15   7.0113E-35   8.0100E-35   0.87532
FLUX   82    51.20        5.855322E+15   1.6800E-34   1.7012E-34   0.98751
FLUX   83    52.00        5.765240E+15   4.4695E-34   4.5142E-34   0.99009
FLUX   84    53.00        5.656462E+15   1.4635E-33   1.4635E-33   0.99998
FLUX   85    54.00        5.551713E+15   4.5060E-33   4.5322E-33   0.99422
FLUX   86    55.00        5.450773E+15   1.3447E-32   1.3448E-32   0.99998
FLUX   87    56.00        5.353438E+15   3.8295E-32   3.8296E-32   0.99998
FLUX   88    57.00        5.259518E+15   1.0490E-31   1.0490E-31   0.99998
FLUX   89    58.00        5.168836E+15   2.7395E-31   2.7699E-31   0.98904
FLUX   90    59.00        5.081229E+15   7.0619E-31   7.0625E-31   0.99992
FLUX   91    60.00        4.996542E+15   1.7420E-30   1.7421E-30   0.99990
FLUX   92    61.00        4.914631E+15   4.1642E-30   4.1642E-30   0.99998
FLUX   93    62.00        4.835363E+15   9.6599E-30   9.6606E-30   0.99993
FLUX   94    63.00        4.758611E+15   2.1782E-29   2.1783E-29   0.99997
FLUX   95    64.00        4.684258E+15   4.7829E-29   4.7831E-29   0.99997
FLUX   96    65.00        4.612192E+15   1.0235E-28   1.0236E-28   0.99998
FLUX   97    65.80        4.556117E+15   1.8480E-28   1.8481E-28   0.99998
FLUX   98    66.50        4.508158E+15   3.0603E-28   3.0607E-28   0.99987
FLUX   99    67.50        4.441370E+15   6.1710E-28   6.1717E-28   0.99989
FLUX  100    68.50        4.376533E+15   1.2174E-27   1.2175E-27   0.99993
FLUX  101    69.50        4.313561E+15   2.3518E-27   2.3518E-27   0.99998
FLUX  102    70.50        4.252376E+15   4.4507E-27   4.4529E-27   0.99952
FLUX  103    71.60        4.187046E+15   8.7897E-27   8.7899E-27   0.99998
FLUX  104    72.60        4.129373E+15   1.6000E-26   1.6000E-26   0.99998
FLUX  105    73.50        4.078810E+15   2.7029E-26   2.7030E-26   0.99997
FLUX  106    74.50        4.024060E+15   4.7636E-26   4.7641E-26   0.99990
FLUX  107    75.50        3.970762E+15   8.2609E-26   8.2618E-26   0.99989
FLUX  108    76.50        3.918856E+15   1.4105E-25   1.4107E-25   0.99990
FLUX  109    77.50        3.868290E+15   2.3726E-25   2.3729E-25   0.99989
FLUX  110    78.50        3.819013E+15   3.9345E-25   3.9346E-25   0.99998
FLUX  111    79.50        3.770975E+15   6.4242E-25   6.4347E-25   0.99837
FLUX  112    80.50        3.724130E+15   1.0380E-24   1.0385E-24   0.99952
FLUX  113    81.50        3.678436E+15   1.6545E-24   1.6547E-24   0.99991
FLUX  114    82.50        3.633848E+15   2.6047E-24   2.6047E-24   0.99997
FLUX  115    83.50        3.590329E+15   4.0526E-24   4.0527E-24   0.99998
FLUX  116    84.50        3.547840E+15   6.2339E-24   6.2341E-24   0.99998
FLUX  117    85.50        3.506345E+15   9.4846E-24   9.4848E-24   0.99998
FLUX  118    86.50        3.465809E+15   1.4278E-23   1.4278E-23   0.99998
FLUX  119    87.50        3.426200E+15   2.1269E-23   2.1275E-23   0.99969
FLUX  120    88.50        3.387486E+15   3.1392E-23   3.1393E-23   0.99998
FLUX  121    89.50        3.349637E+15   4.5883E-23   4.5883E-23   0.99998
FLUX  122    90.50        3.312624E+15   6.6438E-23   6.6448E-23   0.99986
FLUX  123    91.50        3.276421E+15   5.0352E-19   1.2959E-18   0.38855
FLUX  124    92.50        3.241000E+15   1.7703E-18   1.9142E-18   0.92478
FLUX  125    93.50        3.206337E+15   2.5602E-18   2.7982E-18   0.91496
FLUX  126    94.50        3.172407E+15   3.7502E-18   4.0536E-18   0.92517
FLUX  127    95.50        3.139188E+15   5.7071E-18   5.8324E-18   0.97853
FLUX  128    96.50        3.106658E+15   8.0196E-18   8.2830E-18   0.96820
FLUX  129    97.50        3.074795E+15   1.1175E-17   1.1619E-17   0.96179
FLUX  130    98.50        3.043579E+15   1.5937E-17   1.6505E-17   0.96556
FLUX  131    99.50        3.012990E+15   2.2088E-17   2.2988E-17   0.96084
FLUX  132   100.50        2.983010E+15   3.1450E-17   3.1764E-17   0.99011
FLUX  133   101.50        2.953621E+15   4.2950E-17   4.3341E-17   0.99098
FLUX  134   102.50        2.924805E+15   5.7984E-17   5.9835E-17   0.96906
FLUX  135   103.50        2.896546E+15   8.0404E-17   8.1075E-17   0.99173
FLUX  136   104.50        2.868828E+15   1.0897E-16   1.0965E-16   0.99377
FLUX  137   105.50        2.841635E+15   1.4635E-16   1.4731E-16   0.99345
FLUX  138   106.50        2.814953E+15   1.9467E-16   1.9679E-16   0.98924
FLUX  139   107.50        2.788767E+15   2.5949E-16   2.6148E-16   0.99240
FLUX  140   108.50        2.763065E+15   3.4357E-16   3.4555E-16   0.99425
FLUX  141   109.50        2.737831E+15   4.4955E-16   4.5416E-16   0.98984
FLUX  142   110.50        2.713054E+15   1.2060E-15   6.5920E-15   0.18295
FLUX  143   111.50        2.688722E+15   3.9135E-15   9.0414E-15   0.43284
FLUX  144   112.50        2.664822E+15   5.9060E-15   1.1840E-14   0.49880
FLUX  145   113.50        2.641344E+15   8.8840E-15   1.4733E-14   0.60301
FLUX  146   114.50        2.618275E+15   1.1286E-14   1.7420E-14   0.64787
FLUX  147   115.50        2.595606E+15   1.2132E-14   1.9415E-14   0.62488
FLUX  148   116.50        2.573326E+15   1.4963E-14   2.0185E-14   0.74129
FLUX  149   117.50        2.551426E+15   1.6055E-14   1.9303E-14   0.83174
FLUX  150   118.50        2.529895E+15   2.2878E-14   6.4312E-14   0.35574
FLUX  151   119.50        2.508724E+15   8.3129E-15   7.8819E-14   0.10547
FLUX  152   120.50        2.487905E+15   7.3496E-15   9.5898E-14   0.07664
FLUX  153   121.50        2.467428E+15   5.0205E-15   1.1598E-13   0.04329
FLUX  154   122.50        2.447286E+15   1.0652E-14   1.4205E-13   0.07499
FLUX  155   123.50        2.427470E+15   2.0988E-14   1.7012E-13   0.12337
FLUX  156   124.50        2.407972E+15   4.2845E-14   5.1297E-14   0.83523
FLUX  157   125.50        2.388785E+15   8.5770E-14   1.0433E-13   0.82214
FLUX  158   126.50        2.369901E+15   1.2186E-13   1.8346E-13   0.66424
FLUX  159   127.50        2.351314E+15   1.9346E-13   2.7509E-13   0.70326
FLUX  160   128.50        2.333016E+15   3.0672E-13   4.0563E-13   0.75616
FLUX  161   129.50        2.315000E+15   4.2511E-13   5.5375E-13   0.76769
FLUX  162   130.50        2.297261E+15   5.0190E-13   7.4335E-13   0.67518
FLUX  163   131.50        2.279791E+15   7.3602E-13   9.6129E-13   0.76566
FLUX  164   132.50        2.262585E+15   9.6247E-13   1.2224E-12   0.78735
FLUX  165   133.50        2.245637E+15   1.1905E-12   1.5222E-12   0.78208
FLUX  166   134.50        2.228941E+15   1.5211E-12   1.8698E-12   0.81351
FLUX  167   135.50        2.212491E+15   1.7701E-12   2.2705E-12   0.77961
FLUX  168   136.50        2.196282E+15   2.2064E-12   2.7391E-12   0.80551
FLUX  169   137.50        2.180309E+15   2.5576E-12   3.2729E-12   0.78145
FLUX  170   138.50        2.164567E+15   2.9770E-12   3.8834E-12   0.76660
FLUX  171   139.50        2.149050E+15   3.5734E-12   4.5726E-12   0.78148
FLUX  172   140.50        2.133754E+15   4.2237E-12   5.3573E-12   0.78840
FLUX  173   141.50        2.118675E+15   4.9412E-12   6.2361E-12   0.79235
FLUX  174   142.50        2.103807E+15   5.5793E-12   7.2345E-12   0.77121
FLUX  175   143.50        2.089146E+15   6.2651E-12   8.3442E-12   0.75084
FLUX  176   144.20        2.079005E+15   7.6206E-12   9.2053E-12   0.82785
FLUX  177   144.70        2.071821E+15   7.7279E-12   9.9392E-12   0.77752
FLUX  178   145.50        2.060430E+15   9.0401E-12   1.1071E-11   0.81654
FLUX  179   146.50        2.046365E+15   1.0005E-11   1.2640E-11   0.79152
FLUX  180   147.50        2.032492E+15   1.1360E-11   1.4384E-11   0.78979
FLUX  181   148.50        2.018805E+15   1.3035E-11   1.6318E-11   0.79882
FLUX  182   149.50        2.005301E+15   1.5776E-11   1.8467E-11   0.85429
FLUX  183   150.50        1.991977E+15   1.8368E-11   2.0834E-11   0.88163
FLUX  184   151.20        1.982755E+15   1.8663E-11   2.2642E-11   0.82428
FLUX  185   151.70        1.976220E+15   2.0666E-11   2.8454E-11   0.72628
FLUX  186   152.50        1.965852E+15   2.4677E-11   5.0788E-11   0.48588
FLUX  187   153.50        1.953046E+15   4.0258E-11   8.5386E-11   0.47148
FLUX  188   154.50        1.940405E+15   4.8807E-11   9.7318E-11   0.50152
FLUX  189   155.50        1.927926E+15   5.6671E-11   1.1042E-10   0.51322
FLUX  190   156.50        1.915607E+15   5.6474E-11   1.2508E-10   0.45151
FLUX  191   157.50        1.903444E+15   7.5333E-11   1.4602E-10   0.51591
FLUX  192   158.50        1.891435E+15   8.6386E-11   1.6481E-10   0.52417
FLUX  193   159.50        1.879577E+15   1.0204E-10   1.8576E-10   0.54931
FLUX  194   160.50        1.867866E+15   1.0752E-10   2.0876E-10   0.51505
FLUX  195   161.50        1.856300E+15   1.2230E-10   2.3389E-10   0.52291
FLUX  196   162.50        1.844877E+15   1.3439E-10   2.6491E-10   0.50730
FLUX  197   163.50        1.833593E+15   1.7183E-10   2.9581E-10   0.58088
FLUX  198   164.50        1.822447E+15   2.1892E-10   3.2970E-10   0.66400
FLUX  199   165.50        1.811435E+15   1.6754E-10   3.6683E-10   0.45674
FLUX  200   166.50        1.800556E+15   2.7652E-10   4.0692E-10   0.67955
FLUX  201   167.20        1.793017E+15   2.0980E-10   4.3699E-10   0.48009
FLUX  202   167.70        1.787671E+15   3.1245E-10   1.3269E-09   0.23547
FLUX  203   168.50        1.779184E+15   4.4694E-10   1.3985E-08   0.03196
FLUX  204   169.50        1.768687E+15   6.8703E-10   1.5557E-08   0.04416
FLUX  205   170.50        1.758314E+15   1.3117E-09   1.7234E-08   0.07611
FLUX  206   171.50        1.748061E+15   2.9357E-09   2.4607E-08   0.11930
FLUX  207   172.50        1.737928E+15   4.7837E-09   2.7059E-08   0.17679
FLUX  208   173.50        1.727911E+15   6.8842E-09   2.9371E-08   0.23439
FLUX  209   174.50        1.718009E+15   7.4561E-09   3.1848E-08   0.23412
FLUX  210   175.50        1.708219E+15   1.1305E-08   3.4323E-08   0.32937
FLUX  211   176.50        1.698541E+15   8.8272E-09   3.6752E-08   0.24019
FLUX  212   177.50        1.688972E+15   1.2401E-08   3.9268E-08   0.31582
FLUX  213   178.50        1.679510E+15   1.3349E-08   4.1945E-08   0.31826
FLUX  214   179.50        1.670153E+15   2.1477E-08   4.4635E-08   0.48117
FLUX  215   180.50        1.660900E+15   1.5152E-08   4.7400E-08   0.31967
FLUX  216   181.50        1.651749E+15   1.9296E-08   5.0278E-08   0.38378
FLUX  217   182.50        1.642699E+15   1.7482E-08   5.3206E-08   0.32857
FLUX  218   183.50        1.633747E+15   2.1376E-08   5.6089E-08   0.38111
FLUX  219   184.50        1.624892E+15   1.6957E-08   5.9059E-08   0.28712
FLUX  220   185.50        1.616132E+15   2.3035E-08   6.2167E-08   0.37054
FLUX  221   186.50        1.607466E+15   3.0714E-08   6.5214E-08   0.47096
FLUX  222   187.50        1.598893E+15   2.9923E-08   7.0563E-08   0.42407
FLUX  223   188.50        1.590411E+15   3.3229E-08   7.3685E-08   0.45096
FLUX  224   189.50        1.582018E+15   3.9312E-08   7.6816E-08   0.51177
FLUX  225   190.50        1.573714E+15   3.7248E-08   7.9874E-08   0.46634
FLUX  226   191.50        1.565496E+15   4.0955E-08   8.2938E-08   0.49380
FLUX  227   192.50        1.557364E+15   3.6649E-08   8.6027E-08   0.42602
FLUX  228   193.50        1.549315E+15   1.8360E-08   8.9127E-08   0.20600
FLUX  229   194.50        1.541350E+15   5.0408E-08   9.2272E-08   0.54630
FLUX  230   195.50        1.533465E+15   5.5994E-08   9.5422E-08   0.58681
FLUX  231   196.70        1.524110E+15   6.7227E-08   9.9240E-08   0.67742
FLUX  232   197.60        1.517169E+15   6.5020E-08   1.0841E-07   0.59977
FLUX  233   198.40        1.511051E+15   6.3994E-08   1.1143E-07   0.57428
FLUX  234   199.50        1.502719E+15   6.7723E-08   1.1901E-07   0.56905
FLUX  235   200.50        1.495224E+15   6.6903E-08   1.2321E-07   0.54300
FLUX  236   201.50        1.487804E+15   6.8208E-08   1.2767E-07   0.53427
FLUX  237   202.50        1.480457E+15   5.9556E-08   1.3216E-07   0.45063
FLUX  238   203.50        1.473182E+15   8.1105E-08   1.3661E-07   0.59368
FLUX  239   204.50        1.465978E+15   9.2950E-08   1.4128E-07   0.65794
FLUX  240   205.50        1.458844E+15   8.8164E-08   1.4589E-07   0.60432
FLUX  241   206.50        1.451780E+15   8.3031E-08   1.5046E-07   0.55186
FLUX  242   207.40        1.445480E+15   1.0616E-07   1.5453E-07   0.68699
FLUX  243   207.80        1.442697E+15   1.3768E-07   2.4313E-07   0.56627
FLUX  244   208.50        1.437854E+15   1.3433E-07   2.4923E-07   0.53900
FLUX  245   209.50        1.430990E+15   1.3584E-07   2.5800E-07   0.52654
FLUX  246   210.50        1.424192E+15   1.3795E-07   2.6676E-07   0.51714
FLUX  247   211.50        1.417459E+15   1.5556E-07   2.7553E-07   0.56457
FLUX  248   212.50        1.410788E+15   1.4292E-07   2.8431E-07   0.50268
FLUX  249   213.50        1.404180E+15   1.2386E-07   2.9314E-07   0.42251
FLUX  250   214.50        1.397634E+15   1.6095E-07   3.0201E-07   0.53294
FLUX  251   215.50        1.391148E+15   1.6699E-07   3.1098E-07   0.53700
FLUX  252   216.50        1.384723E+15   1.5570E-07   3.2010E-07   0.48640
FLUX  253   217.50        1.378356E+15   1.6176E-07   3.2928E-07   0.49126
FLUX  254   218.50        1.372048E+15   1.8260E-07   3.3859E-07   0.53928
FLUX  255   219.50        1.365797E+15   2.0757E-07   3.4807E-07   0.59634
FLUX  256   220.50        1.359603E+15   1.9836E-07   3.5771E-07   0.55453
FLUX  257   221.50        1.353465E+15   1.6381E-07   3.6753E-07   0.44571
FLUX  258   222.50        1.347382E+15   1.7417E-07   3.7833E-07   0.46036
FLUX  259   223.50        1.341353E+15   2.2712E-07   3.8836E-07   0.58483
FLUX  260   224.50        1.335379E+15   2.1299E-07   3.9854E-07   0.53443
FLUX  261   225.50        1.329457E+15   1.7234E-07   4.1426E-07   0.41602
FLUX  262   226.50        1.323587E+15   1.7422E-07   4.2457E-07   0.41034
FLUX  263   227.50        1.317769E+15   2.1117E-07   4.3501E-07   0.48543
FLUX  264   228.50        1.312002E+15   2.3429E-07   4.4543E-07   0.52599
FLUX  265   229.50        1.306285E+15   2.0951E-07   4.5590E-07   0.45956
FLUX  266   230.50        1.300618E+15   2.4398E-07   4.6646E-07   0.52304
FLUX  267   231.50        1.295000E+15   2.3355E-07   4.7713E-07   0.48949
FLUX  268   232.50        1.289430E+15   2.2655E-07   4.8792E-07   0.46432
FLUX  269   233.50        1.283908E+15   1.5254E-07   5.0009E-07   0.30502
FLUX  270   234.50        1.278433E+15   1.0301E-07   5.1093E-07   0.20161
FLUX  271   235.50        1.273004E+15   2.0872E-07   5.2185E-07   0.39997
FLUX  272   236.50        1.267622E+15   1.1231E-07   5.3288E-07   0.21075
FLUX  273   237.50        1.262284E+15   1.6970E-07   5.4403E-07   0.31193
FLUX  274   238.50        1.256992E+15   7.6860E-08   5.5532E-07   0.13841
FLUX  275   239.50        1.251743E+15   1.1269E-07   5.6671E-07   0.19886
FLUX  276   240.50        1.246538E+15   1.1244E-07   5.7808E-07   0.19450
FLUX  277   241.50        1.241377E+15   1.5220E-07   5.8952E-07   0.25817
FLUX  278   242.50        1.236258E+15   2.6826E-07   6.0107E-07   0.44631
FLUX  279   243.50        1.231181E+15   2.7174E-07   6.1272E-07   0.44349
FLUX  280   244.50        1.226145E+15   3.1556E-07   6.2649E-07   0.50369
FLUX  281   245.50        1.221151E+15   3.1857E-07   6.3824E-07   0.49915
FLUX  282   246.50        1.216197E+15   3.1668E-07   6.5005E-07   0.48717
FLUX  283   247.50        1.211283E+15   2.7989E-07   6.6183E-07   0.42291
FLUX  284   248.50        1.206408E+15   2.4339E-07   6.7370E-07   0.36127
FLUX  285   249.50        1.201573E+15   2.5078E-07   6.8567E-07   0.36575
FLUX  286   250.50        1.196776E+15   3.6475E-07   6.9934E-07   0.52156
FLUX  287   251.30        1.192967E+15   2.5360E-07   7.0900E-07   0.35770
FLUX  288   251.80        1.190598E+15   2.3345E-07   7.8723E-07   0.29654
FLUX  289   252.50        1.187297E+15   1.9100E-07   7.9693E-07   0.23966
FLUX  290   253.50        1.182613E+15   2.1102E-07   8.1086E-07   0.26024
FLUX  291   254.50        1.177967E+15   2.4786E-07   8.2480E-07   0.30051
FLUX  292   255.50        1.173356E+15   3.2456E-07   8.3883E-07   0.38692
FLUX  293   256.50        1.168782E+15   2.7910E-07   8.5297E-07   0.32721
FLUX  294   257.50        1.164243E+15   3.3598E-07   8.6722E-07   0.38742
FLUX  295   258.50        1.159739E+15   3.0499E-07   8.8156E-07   0.34597
FLUX  296   259.50        1.155270E+15   2.8144E-07   8.9601E-07   0.31411
FLUX  297   260.50        1.150835E+15   2.3326E-07   9.1055E-07   0.25618
FLUX  298   261.50        1.146434E+15   2.1250E-07   9.2504E-07   0.22972
FLUX  299   262.50        1.142067E+15   3.0685E-07   9.3963E-07   0.32657
FLUX  300   263.50        1.137732E+15   4.3218E-07   9.5495E-07   0.45256
FLUX  301   264.50        1.133431E+15   6.0488E-07   9.6972E-07   0.62377
FLUX  302   265.50        1.129162E+15   6.7811E-07   9.8458E-07   0.68873
FLUX  303   266.50        1.124925E+15   5.3331E-07   9.9954E-07   0.53356
FLUX  304   267.50        1.120720E+15   6.0545E-07   1.0146E-06   0.59675
FLUX  305   268.50        1.116546E+15   6.3482E-07   1.0297E-06   0.61654
FLUX  306   269.50        1.112403E+15   5.3164E-07   1.0447E-06   0.50888
FLUX  307   270.50        1.108290E+15   6.0296E-07   1.0606E-06   0.56850
FLUX  308   271.50        1.104208E+15   4.9797E-07   1.0758E-06   0.46288
FLUX  309   272.50        1.100156E+15   5.1028E-07   1.0911E-06   0.46767
FLUX  310   273.50        1.096133E+15   5.6530E-07   1.1065E-06   0.51089
FLUX  311   274.50        1.092140E+15   3.1842E-07   1.1220E-06   0.28381
FLUX  312   275.50        1.088176E+15   4.2286E-07   1.1375E-06   0.37175
FLUX  313   276.50        1.084241E+15   5.1230E-07   1.1530E-06   0.44432
FLUX  314   277.50        1.080333E+15   6.1571E-07   1.1686E-06   0.52690
FLUX  315   278.50        1.076454E+15   4.3823E-07   1.1842E-06   0.37008
FLUX  316   279.50        1.072603E+15   1.1105E-07   1.1999E-06   0.09255
FLUX  317   280.50        1.068779E+15   1.5944E-07   1.2157E-06   0.13116
FLUX  318   281.50        1.064982E+15   6.1333E-07   1.2315E-06   0.49803
FLUX  319   282.50        1.061212E+15   7.9237E-07   1.2475E-06   0.63519
FLUX  320   283.50        1.057469E+15   7.6593E-07   1.2635E-06   0.60621
FLUX  321   284.50        1.053752E+15   7.2753E-07   1.2796E-06   0.56858
FLUX  322   285.50        1.050061E+15   5.3751E-07   1.2956E-06   0.41487
FLUX  323   286.50        1.046396E+15   8.0185E-07   1.3117E-06   0.61130
FLUX  324   287.50        1.042757E+15   8.2336E-07   1.3279E-06   0.62006
FLUX  325   288.50        1.039142E+15   8.1569E-07   1.3441E-06   0.60686
FLUX  326   289.50        1.035553E+15   8.0628E-07   1.3604E-06   0.59266
FLUX  327   291.00        1.030215E+15   9.9761E-07   1.3855E-06   0.72002
FLUX  328   293.00        1.023183E+15   9.5844E-07   1.4185E-06   0.67567
FLUX  329   295.00        1.016246E+15   9.5900E-07   1.4517E-06   0.66062
FLUX  330   297.00        1.009402E+15   1.0492E-06   1.4848E-06   0.70660
FLUX  331   299.00        1.002651E+15   1.0644E-06   1.5182E-06   0.70105
FLUX  332   301.00        9.959884E+14   1.1274E-06   1.5518E-06   0.72651
FLUX  333   303.00        9.894142E+14   1.1419E-06   1.5857E-06   0.72015
FLUX  334   305.00        9.829262E+14   1.1954E-06   1.6196E-06   0.73810
FLUX  335   307.00        9.765228E+14   1.2080E-06   1.6536E-06   0.73048
FLUX  336   309.00        9.702023E+14   1.2618E-06   1.6883E-06   0.74739
FLUX  337   311.00        9.639630E+14   1.2550E-06   1.7226E-06   0.72856
FLUX  338   313.00        9.578035E+14   1.2629E-06   1.7573E-06   0.71867
FLUX  339   315.00        9.517222E+14   1.3065E-06   1.7918E-06   0.72916
FLUX  340   317.00        9.457177E+14   1.3680E-06   1.8266E-06   0.74897
FLUX  341   319.00        9.397884E+14   1.2758E-06   1.8615E-06   0.68535
FLUX  342   321.00        9.339330E+14   1.3865E-06   1.8965E-06   0.73106
FLUX  343   323.00        9.281502E+14   1.2868E-06   1.9318E-06   0.66611
FLUX  344   325.00        9.224385E+14   1.4583E-06   1.9671E-06   0.74133
FLUX  345   327.00        9.167966E+14   1.5840E-06   2.0024E-06   0.79105
FLUX  346   329.00        9.112234E+14   1.6101E-06   2.0378E-06   0.79011
FLUX  347   331.00        9.057175E+14   1.6742E-06   2.0733E-06   0.80753
FLUX  348   333.00        9.002778E+14   1.6623E-06   2.1088E-06   0.78827
FLUX  349   335.00        8.949030E+14   1.6669E-06   2.1444E-06   0.77732
FLUX  350   337.00        8.895920E+14   1.5916E-06   2.1802E-06   0.73002
FLUX  351   339.00        8.843437E+14   1.7010E-06   2.2159E-06   0.76764
FLUX  352   341.00        8.791569E+14   1.7358E-06   2.2516E-06   0.77091
FLUX  353   343.00        8.740306E+14   1.8360E-06   2.2875E-06   0.80262
FLUX  354   345.00        8.689638E+14   1.8562E-06   2.3234E-06   0.79894
FLUX  355   347.00        8.639553E+14   1.8591E-06   2.3593E-06   0.78796
FLUX  356   349.00        8.590043E+14   1.8997E-06   2.3954E-06   0.79307
FLUX  357   351.00        8.541097E+14   1.9861E-06   2.4314E-06   0.81686
FLUX  358   353.00        8.492705E+14   1.9558E-06   2.4674E-06   0.79264
FLUX  359   355.00        8.444859E+14   2.1465E-06   2.5035E-06   0.85739
FLUX  360   357.00        8.397549E+14   1.9854E-06   2.5398E-06   0.78171
FLUX  361   359.00        8.350766E+14   1.9999E-06   2.5761E-06   0.77633
FLUX  362   361.00        8.304501E+14   2.0747E-06   2.6124E-06   0.79416
FLUX  363   363.00        8.258747E+14   2.1356E-06   2.6487E-06   0.80627
FLUX  364   364.00        8.236058E+14   2.1254E-06   2.6670E-06   0.79693
FLUX  365   365.00        8.213493E+14   2.3014E-06   5.0200E-06   0.45845
FLUX  366   367.00        8.168733E+14   2.2801E-06   5.0680E-06   0.44990
FLUX  367   369.00        8.124458E+14   2.2976E-06   5.1158E-06   0.44912
FLUX  368   371.00        8.080660E+14   2.6785E-06   5.1633E-06   0.51876
FLUX  369   373.00        8.037332E+14   2.8269E-06   5.2104E-06   0.54255
FLUX  370   375.00        7.994467E+14   3.2870E-06   5.2573E-06   0.62522
FLUX  371   377.00        7.952056E+14   3.5187E-06   5.3069E-06   0.66304
FLUX  372   379.00        7.910092E+14   3.8413E-06   5.3533E-06   0.71755
FLUX  373   381.00        7.868570E+14   4.1899E-06   5.3994E-06   0.77601
FLUX  374   383.00        7.827480E+14   3.6420E-06   5.4450E-06   0.66887
FLUX  375   385.00        7.786818E+14   4.3633E-06   5.4907E-06   0.79466
FLUX  376   387.00        7.746576E+14   4.5362E-06   5.5360E-06   0.81939
FLUX  377   389.00        7.706748E+14   3.8942E-06   5.5813E-06   0.69772
FLUX  378   391.00        7.667327E+14   4.5115E-06   5.6262E-06   0.80187
FLUX  379   393.00        7.628308E+14   3.1555E-06   5.6709E-06   0.55644
FLUX  380   395.00        7.589684E+14   4.4676E-06   5.7152E-06   0.78171
FLUX  381   397.00        7.551448E+14   3.2673E-06   5.7591E-06   0.56732
FLUX  382   399.00        7.513596E+14   4.9242E-06   5.8023E-06   0.84867
FLUX  383   401.00        7.476122E+14   5.1580E-06   5.8455E-06   0.88238
FLUX  384   403.00        7.439020E+14   5.1794E-06   5.8884E-06   0.87959
FLUX  385   405.00        7.402284E+14   5.1946E-06   5.9309E-06   0.87585
FLUX  386   407.00        7.365909E+14   5.1767E-06   5.9731E-06   0.86666
FLUX  387   409.00        7.329890E+14   5.2659E-06   6.0150E-06   0.87546
FLUX  388   411.00        7.294221E+14   4.7845E-06   6.0566E-06   0.78997
FLUX  389   413.00        7.258898E+14   5.4252E-06   6.0979E-06   0.88968
FLUX  390   415.00        7.223916E+14   5.5693E-06   6.1390E-06   0.90719
FLUX  391   417.00        7.189269E+14   5.5641E-06   6.1797E-06   0.90038
FLUX  392   419.00        7.154952E+14   5.5709E-06   6.2200E-06   0.89564
FLUX  393   421.00        7.120962E+14   5.6045E-06   6.2600E-06   0.89529
FLUX  394   423.00        7.087293E+14   5.5458E-06   6.2997E-06   0.88034
FLUX  395   425.00        7.053941E+14   5.6761E-06   6.3390E-06   0.89542
FLUX  396   427.00        7.020902E+14   5.6959E-06   6.3779E-06   0.89307
FLUX  397   429.00        6.988170E+14   5.5449E-06   6.4166E-06   0.86416
FLUX  398   431.00        6.955742E+14   5.2147E-06   6.4549E-06   0.80787
FLUX  399   433.00        6.923614E+14   5.5923E-06   6.4929E-06   0.86129
FLUX  400   435.00        6.891782E+14   5.2538E-06   6.5306E-06   0.80448
FLUX  401   437.00        6.860240E+14   6.0554E-06   6.5679E-06   0.92196
FLUX  402   439.00        6.828986E+14   5.9591E-06   6.6049E-06   0.90222
FLUX  403   441.00        6.798016E+14   5.9979E-06   6.6416E-06   0.90308
FLUX  404   443.00        6.767325E+14   6.1454E-06   6.6780E-06   0.92024
FLUX  405   445.00        6.736910E+14   6.1490E-06   6.7141E-06   0.91584
FLUX  406   447.00        6.706767E+14   6.2287E-06   6.7499E-06   0.92278
FLUX  407   449.00        6.676893E+14   6.3377E-06   6.7854E-06   0.93403
FLUX  408   451.00        6.647284E+14   6.5643E-06   6.8206E-06   0.96243
FLUX  409   453.00        6.617936E+14   6.3268E-06   6.8556E-06   0.92288
FLUX  410   455.00        6.588846E+14   6.3883E-06   6.8902E-06   0.92715
FLUX  411   457.00        6.560011E+14   6.6735E-06   6.9246E-06   0.96374
FLUX  412   459.00        6.531427E+14   6.5408E-06   6.9583E-06   0.94001
FLUX  413   461.00        6.503091E+14   6.7181E-06   6.9919E-06   0.96083
FLUX  414   463.00        6.475000E+14   6.6879E-06   7.0253E-06   0.95197
FLUX  415   465.00        6.447151E+14   6.7697E-06   7.0585E-06   0.95908
FLUX  416   467.00        6.419540E+14   6.8850E-06   7.0913E-06   0.97091
FLUX  417   469.00        6.392164E+14   6.8887E-06   7.1238E-06   0.96699
FLUX  418   471.00        6.365021E+14   6.7750E-06   7.1561E-06   0.94673
FLUX  419   473.00        6.338108E+14   6.9814E-06   7.1882E-06   0.97123
FLUX  420   475.00        6.311421E+14   7.0562E-06   7.2199E-06   0.97732
FLUX  421   477.00        6.284958E+14   7.0674E-06   7.2515E-06   0.97461
FLUX  422   479.00        6.258716E+14   7.0805E-06   7.2828E-06   0.97222
FLUX  423   481.00        6.232692E+14   7.1333E-06   7.3137E-06   0.97534
FLUX  424   483.00        6.206884E+14   7.1391E-06   7.3444E-06   0.97204
FLUX  425   485.00        6.181289E+14   6.8251E-06   7.3748E-06   0.92546
FLUX  426   487.00        6.155903E+14   6.1005E-06   7.4049E-06   0.82385
FLUX  427   489.00        6.130726E+14   7.1240E-06   7.4348E-06   0.95819
FLUX  428   491.00        6.105754E+14   7.1965E-06   7.4644E-06   0.96411
FLUX  429   493.00        6.080984E+14   7.1227E-06   7.4938E-06   0.95049
FLUX  430   495.00        6.056414E+14   7.2867E-06   7.5229E-06   0.96861
FLUX  431   497.00        6.032042E+14   7.4111E-06   7.5517E-06   0.98137
FLUX  432   499.00        6.007866E+14   7.2047E-06   7.5803E-06   0.95045
FLUX  433   501.00        5.983882E+14   7.0941E-06   7.6086E-06   0.93238
FLUX  434   503.00        5.960089E+14   7.3814E-06   7.6367E-06   0.96657
FLUX  435   505.00        5.936485E+14   7.3661E-06   7.6645E-06   0.96106
FLUX  436   507.00        5.913067E+14   7.5231E-06   7.6920E-06   0.97804
FLUX  437   509.00        5.889833E+14   7.4557E-06   7.7193E-06   0.96586
FLUX  438   511.00        5.866781E+14   7.5216E-06   7.7463E-06   0.97100
FLUX  439   513.00        5.843908E+14   7.4714E-06   7.7730E-06   0.96120
FLUX  440   515.00        5.821214E+14   7.4125E-06   7.7995E-06   0.95039
FLUX  441   517.00        5.798694E+14   7.3385E-06   7.8256E-06   0.93776
FLUX  442   519.00        5.776349E+14   7.3737E-06   7.8515E-06   0.93914
FLUX  443   521.00        5.754175E+14   7.4366E-06   7.8771E-06   0.94408
FLUX  444   523.00        5.732170E+14   7.5386E-06   7.9024E-06   0.95396
FLUX  445   525.00        5.710333E+14   7.7328E-06   7.9274E-06   0.97545
FLUX  446   527.00        5.688662E+14   7.4009E-06   7.9522E-06   0.93067
FLUX  447   529.00        5.667155E+14   7.7490E-06   7.9767E-06   0.97145
FLUX  448   531.00        5.645810E+14   7.8075E-06   8.0009E-06   0.97583
FLUX  449   533.00        5.624625E+14   7.6168E-06   8.0250E-06   0.94914
FLUX  450   535.00        5.603598E+14   7.8603E-06   8.0487E-06   0.97659
FLUX  451   537.00        5.582728E+14   7.8430E-06   8.0723E-06   0.97160
FLUX  452   539.00        5.562013E+14   7.8620E-06   8.0955E-06   0.97116
FLUX  453   541.00        5.541451E+14   7.8026E-06   8.1185E-06   0.96109
FLUX  454   543.00        5.521041E+14   7.8909E-06   8.1413E-06   0.96925
FLUX  455   545.00        5.500780E+14   7.9928E-06   8.1638E-06   0.97905
FLUX  456   547.00        5.480667E+14   7.9972E-06   8.1862E-06   0.97691
FLUX  457   549.00        5.460701E+14   8.0524E-06   8.2082E-06   0.98102
FLUX  458   551.00        5.440880E+14   8.0710E-06   8.2302E-06   0.98066
FLUX  459   553.00        5.421203E+14   8.0980E-06   8.2519E-06   0.98135
FLUX  460   555.00        5.401667E+14   8.1998E-06   8.2735E-06   0.99110
FLUX  461   557.00        5.382271E+14   8.1230E-06   8.2948E-06   0.97929
FLUX  462   559.00        5.363014E+14   8.1163E-06   8.3159E-06   0.97600
FLUX  463   561.00        5.343895E+14   8.1742E-06   8.3368E-06   0.98050
FLUX  464   563.00        5.324911E+14   8.2743E-06   8.3581E-06   0.98997
FLUX  465   565.00        5.306062E+14   8.2702E-06   8.3785E-06   0.98707
FLUX  466   567.00        5.287346E+14   8.2375E-06   8.3987E-06   0.98080
FLUX  467   569.00        5.268761E+14   8.3287E-06   8.4187E-06   0.98931
FLUX  468   571.00        5.250306E+14   8.3004E-06   8.4384E-06   0.98365
FLUX  469   573.00        5.231981E+14   8.4394E-06   8.4578E-06   0.99783
FLUX  470   575.00        5.213783E+14   8.4165E-06   8.4771E-06   0.99286
FLUX  471   577.00        5.195711E+14   8.4547E-06   8.4960E-06   0.99514
FLUX  472   579.00        5.177763E+14   8.4511E-06   8.5146E-06   0.99255
FLUX  473   581.00        5.159940E+14   8.4956E-06   8.5330E-06   0.99562
FLUX  474   583.00        5.142238E+14   8.5328E-06   8.5512E-06   0.99784
FLUX  475   585.00        5.124658E+14   8.4970E-06   8.5692E-06   0.99157
FLUX  476   587.00        5.107198E+14   8.5398E-06   8.5870E-06   0.99450
FLUX  477   589.00        5.089856E+14   8.4231E-06   8.6046E-06   0.97891
FLUX  478   591.00        5.072631E+14   8.5743E-06   8.6220E-06   0.99447
FLUX  479   593.00        5.055523E+14   8.5931E-06   8.6391E-06   0.99468
FLUX  480   595.00        5.038529E+14   8.6241E-06   8.6560E-06   0.99631
FLUX  481   597.00        5.021650E+14   8.6413E-06   8.6727E-06   0.99638
FLUX  482   599.00        5.004883E+14   8.6452E-06   8.6892E-06   0.99493
FLUX  483   601.00        4.988228E+14   8.6427E-06   8.7056E-06   0.99278
FLUX  484   603.00        4.971683E+14   8.6571E-06   8.7217E-06   0.99260
FLUX  485   605.00        4.955248E+14   8.7188E-06   8.7377E-06   0.99784
FLUX  486   607.00        4.938921E+14   8.7352E-06   8.7535E-06   0.99791
FLUX  487   609.00        4.922701E+14   8.7268E-06   8.7690E-06   0.99519
FLUX  488   611.00        4.906588E+14   8.7193E-06   8.7844E-06   0.99259
FLUX  489   613.00        4.890579E+14   8.6350E-06   8.7995E-06   0.98131
FLUX  490   615.00        4.874675E+14   8.6684E-06   8.8145E-06   0.98343
FLUX  491   617.00        4.858874E+14   8.6541E-06   8.8292E-06   0.98016
FLUX  492   619.00        4.843174E+14   8.7854E-06   8.8438E-06   0.99339
FLUX  493   621.00        4.827576E+14   8.8221E-06   8.8582E-06   0.99593
FLUX  494   623.00        4.812079E+14   8.7752E-06   8.8724E-06   0.98904
FLUX  495   625.00        4.796680E+14   8.6775E-06   8.8864E-06   0.97649
FLUX  496   627.00        4.781380E+14   8.8594E-06   8.9002E-06   0.99541
FLUX  497   629.00        4.766176E+14   8.8784E-06   8.9139E-06   0.99602
FLUX  498   631.00        4.751070E+14   8.8198E-06   8.9273E-06   0.98795
FLUX  499   633.00        4.736058E+14   8.8636E-06   8.9406E-06   0.99139
FLUX  500   635.00        4.721142E+14   8.9046E-06   8.9536E-06   0.99453
FLUX  501   637.00        4.706319E+14   8.9147E-06   8.9665E-06   0.99422
FLUX  502   639.00        4.691588E+14   8.9300E-06   8.9792E-06   0.99451
FLUX  503   641.00        4.676950E+14   8.8738E-06   8.9918E-06   0.98688
FLUX  504   643.00        4.662403E+14   8.9169E-06   9.0041E-06   0.99031
FLUX  505   645.00        4.647946E+14   8.9057E-06   9.0163E-06   0.98774
FLUX  506   647.00        4.633578E+14   8.9403E-06   9.0283E-06   0.99025
FLUX  507   649.00        4.619299E+14   8.8768E-06   9.0401E-06   0.98194
FLUX  508   651.00        4.605108E+14   8.9852E-06   9.0517E-06   0.99265
FLUX  509   653.00        4.591003E+14   9.0036E-06   9.0631E-06   0.99343
FLUX  510   655.00        4.576985E+14   8.7689E-06   9.0752E-06   0.96625
FLUX  511   657.00        4.563052E+14   7.7607E-06   9.0863E-06   0.85411
FLUX  512   659.00        4.549203E+14   8.9671E-06   9.0972E-06   0.98570
FLUX  513   661.00        4.535439E+14   9.0602E-06   9.1079E-06   0.99477
FLUX  514   663.00        4.521757E+14   9.0952E-06   9.1184E-06   0.99745
FLUX  515   665.00        4.508158E+14   9.1033E-06   9.1288E-06   0.99721
FLUX  516   667.00        4.494640E+14   9.0848E-06   9.1390E-06   0.99407
FLUX  517   669.00        4.481203E+14   9.1375E-06   9.1490E-06   0.99874
FLUX  518   671.00        4.467846E+14   9.1254E-06   9.1589E-06   0.99635
FLUX  519   673.00        4.454569E+14   9.1542E-06   9.1686E-06   0.99842
FLUX  520   675.00        4.441370E+14   9.1444E-06   9.1782E-06   0.99632
FLUX  521   677.00        4.428250E+14   9.1658E-06   9.1875E-06   0.99764
FLUX  522   679.00        4.415206E+14   9.1737E-06   9.1968E-06   0.99749
FLUX  523   681.00        4.402239E+14   9.1802E-06   9.2058E-06   0.99722
FLUX  524   683.00        4.389348E+14   9.1940E-06   9.2147E-06   0.99775
FLUX  525   685.00        4.376533E+14   9.1816E-06   9.2235E-06   0.99546
FLUX  526   687.00        4.363792E+14   9.2086E-06   9.2321E-06   0.99745
FLUX  527   689.00        4.351125E+14   9.2263E-06   9.2405E-06   0.99846
FLUX  528   691.00        4.338531E+14   9.2294E-06   9.2488E-06   0.99790
FLUX  529   693.00        4.326010E+14   9.2396E-06   9.2570E-06   0.99812
FLUX  530   695.00        4.313561E+14   9.2444E-06   9.2650E-06   0.99778
FLUX  531   697.00        4.301184E+14   9.2589E-06   9.2728E-06   0.99849
FLUX  532   699.00        4.288877E+14   9.2656E-06   9.2805E-06   0.99839
FLUX  533   701.00        4.276641E+14   9.2343E-06   9.2881E-06   0.99421
FLUX  534   703.00        4.264474E+14   9.2682E-06   9.2955E-06   0.99706
FLUX  535   705.00        4.252376E+14   9.2874E-06   9.3028E-06   0.99835
FLUX  536   707.00        4.240347E+14   9.2886E-06   9.3099E-06   0.99772
FLUX  537   709.00        4.228385E+14   9.2956E-06   9.3168E-06   0.99772
FLUX  538   711.00        4.216491E+14   9.2818E-06   9.3237E-06   0.99551
FLUX  539   713.00        4.204663E+14   9.2845E-06   9.3303E-06   0.99509
FLUX  540   715.00        4.192902E+14   9.2856E-06   9.3369E-06   0.99451
FLUX  541   717.00        4.181206E+14   9.3010E-06   9.3433E-06   0.99547
FLUX  542   719.00        4.169576E+14   9.2669E-06   9.3496E-06   0.99116
FLUX  543   721.00        4.158010E+14   9.2921E-06   9.3558E-06   0.99320
FLUX  544   723.00        4.146508E+14   9.3162E-06   9.3618E-06   0.99513
FLUX  545   725.00        4.135069E+14   9.3419E-06   9.3682E-06   0.99720
FLUX  546   727.00        4.123693E+14   9.3503E-06   9.3739E-06   0.99748
FLUX  547   729.00        4.112380E+14   9.3135E-06   9.3794E-06   0.99297
FLUX  548   731.00        4.101129E+14   9.3373E-06   9.3860E-06   0.99481
FLUX  549   733.00        4.089939E+14   9.3399E-06   9.3913E-06   0.99453
FLUX  550   735.00        4.078810E+14   9.3687E-06   9.3964E-06   0.99705
FLUX  551   737.00        4.067741E+14   9.3867E-06   9.4015E-06   0.99843
FLUX  552   739.00        4.056732E+14   9.3510E-06   9.4064E-06   0.99411
FLUX  553   741.00        4.045783E+14   9.3118E-06   9.4112E-06   0.98944
FLUX  554   743.00        4.034892E+14   9.3508E-06   9.4158E-06   0.99309
FLUX  555   745.00        4.024060E+14   9.3686E-06   9.4204E-06   0.99450
FLUX  556   747.00        4.013286E+14   9.3868E-06   9.4248E-06   0.99597
FLUX  557   749.00        4.002570E+14   9.3752E-06   9.4291E-06   0.99428
FLUX  558   751.00        3.991911E+14   9.3846E-06   9.4332E-06   0.99485
FLUX  559   753.00        3.981308E+14   9.4068E-06   9.4373E-06   0.99676
FLUX  560   755.00        3.970762E+14   9.4275E-06   9.4413E-06   0.99854
FLUX  561   757.00        3.960271E+14   9.4172E-06   9.4451E-06   0.99705
FLUX  562   759.00        3.949835E+14   9.4203E-06   9.4488E-06   0.99698
FLUX  563   761.00        3.939455E+14   9.4256E-06   9.4524E-06   0.99716
FLUX  564   763.00        3.929128E+14   9.4359E-06   9.4559E-06   0.99789
FLUX  565   765.00        3.918856E+14   9.4354E-06   9.4592E-06   0.99748
FLUX  566   767.00        3.908638E+14   9.3850E-06   9.4625E-06   0.99182
FLUX  567   769.00        3.898472E+14   9.4419E-06   9.4656E-06   0.99750
FLUX  568   771.00        3.888359E+14   9.4054E-06   9.4686E-06   0.99332
FLUX  569   773.00        3.878299E+14   9.4361E-06   9.4716E-06   0.99626
FLUX  570   775.00        3.868290E+14   9.4214E-06   9.4744E-06   0.99441
FLUX  571   777.00        3.858333E+14   9.4091E-06   9.4771E-06   0.99283
FLUX  572   779.00        3.848427E+14   9.4633E-06   9.4797E-06   0.99828
FLUX  573   781.00        3.838572E+14   9.4689E-06   9.4822E-06   0.99860
FLUX  574   783.00        3.828768E+14   9.4453E-06   9.4845E-06   0.99587
FLUX  575   785.00        3.819013E+14   9.4510E-06   9.4868E-06   0.99623
FLUX  576   787.00        3.809307E+14   9.4751E-06   9.4890E-06   0.99854
FLUX  577   789.00        3.799651E+14   9.4751E-06   9.4910E-06   0.99832
FLUX  578   791.00        3.790044E+14   9.4702E-06   9.4930E-06   0.99760
FLUX  579   793.00        3.780485E+14   9.4271E-06   9.4949E-06   0.99287
FLUX  580   795.00        3.770975E+14   9.4383E-06   9.4966E-06   0.99386
FLUX  581   797.00        3.761512E+14   9.4898E-06   9.4983E-06   0.99911
FLUX  582   799.00        3.752096E+14   9.4907E-06   9.4998E-06   0.99904
FLUX  583   801.00        3.742728E+14   9.4725E-06   9.5013E-06   0.99697
FLUX  584   803.00        3.733406E+14   9.4820E-06   9.5026E-06   0.99783
FLUX  585   805.00        3.724130E+14   9.4709E-06   9.5038E-06   0.99654
FLUX  586   807.00        3.714901E+14   9.4942E-06   9.5049E-06   0.99887
FLUX  587   809.00        3.705717E+14   9.4698E-06   9.5060E-06   0.99619
FLUX  588   811.00        3.696578E+14   9.4997E-06   9.5069E-06   0.99923
FLUX  589   813.00        3.687485E+14   9.5051E-06   9.5078E-06   0.99971
FLUX  590   815.00        3.678436E+14   9.5022E-06   9.5086E-06   0.99933
FLUX  591   817.00        3.669431E+14   9.5026E-06   9.5092E-06   0.99930
FLUX  592   819.00        3.660470E+14   9.4191E-06   9.5098E-06   0.99046
FLUX  593   821.00        3.651553E+14   9.4697E-06   9.7060E-06   0.97566
FLUX  594   823.00        3.642679E+14   9.4465E-06   9.7066E-06   0.97321
FLUX  595   825.00        3.633848E+14   9.4708E-06   9.7071E-06   0.97566
FLUX  596   827.00        3.625060E+14   9.5100E-06   9.7076E-06   0.97965
FLUX  597   829.00        3.616315E+14   9.5069E-06   9.7079E-06   0.97929
FLUX  598   831.00        3.607611E+14   9.4860E-06   9.7082E-06   0.97710
FLUX  599   833.00        3.598950E+14   9.4179E-06   9.7084E-06   0.97008
FLUX  600   835.00        3.590329E+14   9.4939E-06   9.7086E-06   0.97788
FLUX  601   837.00        3.581750E+14   9.4862E-06   9.7086E-06   0.97709
FLUX  602   839.00        3.573212E+14   9.4323E-06   9.7086E-06   0.97154
FLUX  603   841.00        3.564715E+14   9.4799E-06   9.7085E-06   0.97646
FLUX  604   843.00        3.556257E+14   9.4745E-06   9.7084E-06   0.97592
FLUX  605   845.00        3.547840E+14   9.4575E-06   9.7081E-06   0.97418
FLUX  606   847.00        3.539463E+14   9.3937E-06   9.7078E-06   0.96765
FLUX  607   849.00        3.531125E+14   9.4935E-06   9.7074E-06   0.97796
FLUX  608   851.00        3.522826E+14   9.1108E-06   9.7070E-06   0.93858
FLUX  609   853.00        3.514566E+14   9.5169E-06   9.7064E-06   0.98047
FLUX  610   855.00        3.506345E+14   8.6142E-06   9.7058E-06   0.88753
FLUX  611   857.00        3.498162E+14   9.5981E-06   9.7052E-06   0.98897
FLUX  612   859.00        3.490017E+14   9.4554E-06   9.7044E-06   0.97434
FLUX  613   861.00        3.481911E+14   9.3400E-06   9.7036E-06   0.96253
FLUX  614   863.00        3.473841E+14   9.6236E-06   9.7027E-06   0.99185
FLUX  615   865.00        3.465809E+14   9.5768E-06   9.7018E-06   0.98711
FLUX  616   867.00        3.457814E+14   8.6402E-06   9.7008E-06   0.89067
FLUX  617   869.00        3.449856E+14   9.5311E-06   9.6997E-06   0.98262
FLUX  618   871.00        3.441935E+14   9.6435E-06   9.6986E-06   0.99431
FLUX  619   873.00        3.434049E+14   9.6174E-06   9.6974E-06   0.99175
FLUX  620   875.00        3.426200E+14   9.1118E-06   9.6961E-06   0.93974
FLUX  621   877.00        3.418387E+14   9.5950E-06   9.6948E-06   0.98970
FLUX  622   879.00        3.410609E+14   9.6494E-06   9.6935E-06   0.99545
FLUX  623   881.00        3.402866E+14   9.6005E-06   9.6920E-06   0.99056
FLUX  624   883.00        3.395159E+14   9.6027E-06   9.6905E-06   0.99094
FLUX  625   885.00        3.387486E+14   9.5348E-06   9.6890E-06   0.98409
FLUX  626   887.00        3.379848E+14   9.0902E-06   9.6874E-06   0.93836
FLUX  627   889.00        3.372244E+14   9.6268E-06   9.6857E-06   0.99392
FLUX  628   891.00        3.364675E+14   9.6424E-06   9.6839E-06   0.99571
FLUX  629   893.00        3.357139E+14   9.6151E-06   9.6821E-06   0.99308
FLUX  630   895.00        3.349637E+14   9.6469E-06   9.6803E-06   0.99655
FLUX  631   897.00        3.342168E+14   9.6540E-06   9.6784E-06   0.99748
FLUX  632   899.00        3.334733E+14   9.6298E-06   9.6764E-06   0.99518
FLUX  633   901.00        3.327331E+14   9.0854E-06   9.6744E-06   0.93912
FLUX  634   903.00        3.319961E+14   9.4813E-06   9.6723E-06   0.98026
FLUX  635   905.00        3.312624E+14   9.6473E-06   9.6701E-06   0.99764
FLUX  636   907.00        3.305320E+14   9.5576E-06   9.6679E-06   0.98859
FLUX  637   909.00        3.298047E+14   9.4549E-06   9.6656E-06   0.97820
FLUX  638   911.00        3.290807E+14   9.5820E-06   9.6633E-06   0.99159
FLUX  639   913.00        3.283598E+14   9.6459E-06   9.6609E-06   0.99845
FLUX  640   915.00        3.276421E+14   9.6477E-06   9.6585E-06   0.99888
FLUX  641   917.00        3.269275E+14   9.6428E-06   9.6560E-06   0.99863
FLUX  642   919.00        3.262160E+14   9.6407E-06   9.6535E-06   0.99867
FLUX  643   921.00        3.255076E+14   9.5185E-06   9.6509E-06   0.98628
FLUX  644   923.00        3.248023E+14   8.9668E-06   9.6483E-06   0.92936
FLUX  645   925.00        3.241000E+14   9.4701E-06   9.6456E-06   0.98181
FLUX  646   927.00        3.234008E+14   9.5893E-06   9.6430E-06   0.99443
FLUX  647   929.00        3.227045E+14   9.6272E-06   9.6403E-06   0.99864
FLUX  648   931.00        3.220113E+14   9.6305E-06   9.6375E-06   0.99927
FLUX  649   933.00        3.213210E+14   9.6231E-06   9.6347E-06   0.99880
FLUX  650   935.00        3.206337E+14   9.6191E-06   9.6319E-06   0.99867
FLUX  651   937.00        3.199493E+14   9.6144E-06   9.6290E-06   0.99848
FLUX  652   939.00        3.192678E+14   9.6161E-06   9.6261E-06   0.99896
FLUX  653   941.00        3.185893E+14   9.4570E-06   9.6232E-06   0.98273
FLUX  654   943.00        3.179136E+14   9.5858E-06   9.6202E-06   0.99642
FLUX  655   945.00        3.172407E+14   9.5822E-06   9.6171E-06   0.99636
FLUX  656   947.00        3.165707E+14   9.6062E-06   9.6141E-06   0.99919
FLUX  657   949.00        3.159036E+14   9.6080E-06   9.6110E-06   0.99970
FLUX  658   951.00        3.152392E+14   9.5887E-06   9.6078E-06   0.99801
FLUX  659   953.00        3.145776E+14   9.5127E-06   9.6046E-06   0.99043
FLUX  660   955.00        3.139188E+14   8.9557E-06   9.6013E-06   0.93275
FLUX  661   957.00        3.132628E+14   9.5199E-06   9.5980E-06   0.99186
FLUX  662   959.00        3.126095E+14   9.5818E-06   9.5947E-06   0.99865
FLUX  663   961.00        3.119589E+14   9.5514E-06   9.5913E-06   0.99584
FLUX  664   963.00        3.113110E+14   9.5220E-06   9.5879E-06   0.99312
FLUX  665   965.00        3.106658E+14   9.5509E-06   9.5845E-06   0.99650
FLUX  666   967.00        3.100233E+14   9.5059E-06   9.5810E-06   0.99216
FLUX  667   969.00        3.093834E+14   9.5523E-06   9.5774E-06   0.99737
FLUX  668   971.00        3.087461E+14   9.5652E-06   9.5739E-06   0.99909
FLUX  669   973.00        3.081115E+14   9.5611E-06   9.5703E-06   0.99904
FLUX  670   975.00        3.074795E+14   9.5307E-06   9.5667E-06   0.99625
FLUX  671   977.00        3.068501E+14   9.5491E-06   9.5630E-06   0.99855
FLUX  672   979.00        3.062232E+14   9.5435E-06   9.5593E-06   0.99835
FLUX  673   981.00        3.055989E+14   9.5479E-06   9.5555E-06   0.99920
FLUX  674   983.00        3.049771E+14   9.5431E-06   9.5518E-06   0.99910
FLUX  675   985.00        3.043579E+14   9.5327E-06   9.5479E-06   0.99840
FLUX  676   987.00        3.037411E+14   9.5223E-06   9.5441E-06   0.99772
FLUX  677   989.00        3.031269E+14   9.5014E-06   9.5403E-06   0.99593
FLUX  678   991.00        3.025151E+14   9.5115E-06   9.5364E-06   0.99740
FLUX  679   993.00        3.019058E+14   9.5204E-06   9.5325E-06   0.99873
FLUX  680   995.00        3.012990E+14   9.5200E-06   9.5285E-06   0.99910
FLUX  681   997.00        3.006946E+14   9.5179E-06   9.5245E-06   0.99930
FLUX  682   999.00        3.000926E+14   9.5131E-06   9.5205E-06   0.99922
FLUX  683  1002.50        2.990449E+14   9.4023E-06   9.5135E-06   0.98831
FLUX  684  1007.50        2.975608E+14   9.2511E-06   9.5034E-06   0.97345
FLUX  685  1012.50        2.960914E+14   9.4638E-06   9.4931E-06   0.99691
FLUX  686  1017.50        2.946364E+14   9.4549E-06   9.4828E-06   0.99706
FLUX  687  1022.50        2.931956E+14   9.4567E-06   9.4723E-06   0.99835
FLUX  688  1027.50        2.917689E+14   9.4575E-06   9.4618E-06   0.99954
FLUX  689  1032.50        2.903559E+14   9.4042E-06   9.4512E-06   0.99503
FLUX  690  1037.50        2.889566E+14   9.4208E-06   9.4405E-06   0.99792
FLUX  691  1042.50        2.875707E+14   9.4227E-06   9.4296E-06   0.99926
FLUX  692  1047.50        2.861981E+14   9.3585E-06   9.4186E-06   0.99362
FLUX  693  1052.50        2.848385E+14   9.3916E-06   9.4074E-06   0.99832
FLUX  694  1057.50        2.834917E+14   9.3680E-06   9.3960E-06   0.99702
FLUX  695  1062.50        2.821576E+14   9.3394E-06   9.3845E-06   0.99519
FLUX  696  1067.50        2.808361E+14   9.2390E-06   9.3729E-06   0.98571
FLUX  697  1072.50        2.795268E+14   9.2994E-06   9.3612E-06   0.99339
FLUX  698  1077.50        2.782297E+14   9.2909E-06   9.3496E-06   0.99372
FLUX  699  1082.50        2.769446E+14   9.2519E-06   9.3380E-06   0.99079
FLUX  700  1087.50        2.756713E+14   9.2568E-06   9.3263E-06   0.99255
FLUX  701  1092.50        2.744096E+14   8.9313E-06   9.3145E-06   0.95886
FLUX  702  1097.50        2.731595E+14   9.1855E-06   9.3027E-06   0.98740
FLUX  703  1102.50        2.719206E+14   9.2696E-06   9.2907E-06   0.99773
FLUX  704  1107.50        2.706930E+14   9.2728E-06   9.2787E-06   0.99937
FLUX  705  1112.50        2.694764E+14   9.2482E-06   9.2666E-06   0.99801
FLUX  706  1117.50        2.682707E+14   9.2291E-06   9.2545E-06   0.99727
FLUX  707  1122.50        2.670757E+14   9.2344E-06   9.2423E-06   0.99914
FLUX  708  1127.50        2.658914E+14   9.1734E-06   9.2301E-06   0.99385
FLUX  709  1132.50        2.647174E+14   9.1687E-06   9.2180E-06   0.99465
FLUX  710  1137.50        2.635538E+14   9.1783E-06   9.2059E-06   0.99700
FLUX  711  1142.50        2.624004E+14   9.1348E-06   9.1937E-06   0.99359
FLUX  712  1147.50        2.612571E+14   9.1738E-06   9.1814E-06   0.99918
FLUX  713  1152.50        2.601236E+14   9.1628E-06   9.1690E-06   0.99933
FLUX  714  1157.50        2.590000E+14   9.1397E-06   9.1566E-06   0.99816
FLUX  715  1162.50        2.578860E+14   9.0761E-06   9.1442E-06   0.99256
FLUX  716  1167.50        2.567816E+14   9.0584E-06   9.1317E-06   0.99198
FLUX  717  1172.50        2.556866E+14   9.1146E-06   9.1193E-06   0.99949
FLUX  718  1177.50        2.546008E+14   9.0121E-06   9.1068E-06   0.98959
FLUX  719  1182.50        2.535243E+14   9.0279E-06   9.0945E-06   0.99268
FLUX  720  1187.50        2.524568E+14   8.9971E-06   9.0820E-06   0.99065
FLUX  721  1192.50        2.513983E+14   9.0676E-06   9.0696E-06   0.99978
FLUX  722  1197.50        2.503486E+14   8.9620E-06   9.0572E-06   0.98949
FLUX  723  1202.50        2.493077E+14   9.0056E-06   9.0447E-06   0.99568
FLUX  724  1207.50        2.482754E+14   8.9799E-06   9.0322E-06   0.99421
FLUX  725  1212.50        2.472515E+14   8.9915E-06   9.0197E-06   0.99687
FLUX  726  1217.50        2.462361E+14   9.0030E-06   9.0072E-06   0.99953
FLUX  727  1222.50        2.452290E+14   8.9883E-06   8.9947E-06   0.99929
FLUX  728  1227.50        2.442301E+14   8.9605E-06   8.9823E-06   0.99757
FLUX  729  1232.50        2.432394E+14   8.9604E-06   8.9698E-06   0.99895
FLUX  730  1237.50        2.422566E+14   8.9467E-06   8.9574E-06   0.99880
FLUX  731  1242.50        2.412817E+14   8.9377E-06   8.9451E-06   0.99917
FLUX  732  1247.50        2.403146E+14   8.9280E-06   8.9327E-06   0.99947
FLUX  733  1252.50        2.393553E+14   8.9084E-06   8.9204E-06   0.99865
FLUX  734  1257.50        2.384036E+14   8.8850E-06   8.9081E-06   0.99740
FLUX  735  1262.50        2.374594E+14   8.8731E-06   8.8959E-06   0.99744
FLUX  736  1267.50        2.365227E+14   8.8725E-06   8.8837E-06   0.99874
FLUX  737  1272.50        2.355933E+14   8.8659E-06   8.8715E-06   0.99937
FLUX  738  1277.50        2.346712E+14   8.8084E-06   8.8594E-06   0.99424
FLUX  739  1282.50        2.337563E+14   8.3092E-06   8.8474E-06   0.93916
FLUX  740  1287.50        2.328485E+14   8.7943E-06   8.8354E-06   0.99535
FLUX  741  1292.50        2.319478E+14   8.8087E-06   8.8234E-06   0.99833
FLUX  742  1297.50        2.310539E+14   8.8049E-06   8.8114E-06   0.99926
FLUX  743  1302.50        2.301670E+14   8.7904E-06   8.7994E-06   0.99897
FLUX  744  1307.50        2.292868E+14   8.7839E-06   8.7875E-06   0.99960
FLUX  745  1312.50        2.284133E+14   8.7518E-06   8.7755E-06   0.99730
FLUX  746  1317.50        2.275465E+14   8.7303E-06   8.7635E-06   0.99621
FLUX  747  1322.50        2.266862E+14   8.7472E-06   8.7516E-06   0.99950
FLUX  748  1327.50        2.258324E+14   8.7201E-06   8.7396E-06   0.99776
FLUX  749  1332.50        2.249850E+14   8.7179E-06   8.7277E-06   0.99888
FLUX  750  1337.50        2.241439E+14   8.7041E-06   8.7158E-06   0.99865
FLUX  751  1342.50        2.233091E+14   8.6991E-06   8.7039E-06   0.99945
FLUX  752  1347.50        2.224805E+14   8.6863E-06   8.6920E-06   0.99934
FLUX  753  1352.50        2.216580E+14   8.6707E-06   8.6802E-06   0.99890
FLUX  754  1357.50        2.208416E+14   8.6455E-06   8.6685E-06   0.99734
FLUX  755  1362.50        2.200312E+14   8.6462E-06   8.6567E-06   0.99878
FLUX  756  1367.50        2.192267E+14   8.6324E-06   8.6449E-06   0.99855
FLUX  757  1372.50        2.184281E+14   8.5874E-06   8.6331E-06   0.99471
FLUX  758  1377.50        2.176352E+14   8.5986E-06   8.6212E-06   0.99738
FLUX  759  1382.50        2.168481E+14   8.5883E-06   8.6093E-06   0.99757
FLUX  760  1387.50        2.160667E+14   8.5905E-06   8.5973E-06   0.99920
FLUX  761  1392.50        2.152908E+14   8.5717E-06   8.5853E-06   0.99842
FLUX  762  1397.50        2.145206E+14   8.5616E-06   8.5733E-06   0.99863
FLUX  763  1402.50        2.137558E+14   8.5409E-06   8.5613E-06   0.99762
FLUX  764  1407.50        2.129964E+14   8.5412E-06   8.5493E-06   0.99906
FLUX  765  1412.50        2.122425E+14   8.5136E-06   8.5371E-06   0.99724
FLUX  766  1417.50        2.114938E+14   8.5173E-06   8.5250E-06   0.99910
FLUX  767  1422.50        2.107504E+14   8.4782E-06   8.5128E-06   0.99594
FLUX  768  1427.50        2.100123E+14   8.4560E-06   8.5005E-06   0.99477
FLUX  769  1432.50        2.092792E+14   8.4762E-06   8.4881E-06   0.99860
FLUX  770  1437.50        2.085513E+14   8.4716E-06   8.4755E-06   0.99953
FLUX  771  1442.50        2.078284E+14   8.3506E-06   8.4629E-06   0.98672
FLUX  772  1447.50        2.071105E+14   8.4413E-06   8.4502E-06   0.99894
FLUX  773  1452.50        2.063976E+14   8.3670E-06   8.4375E-06   0.99165
FLUX  774  1457.00        2.057601E+14   8.3952E-06   8.4259E-06   0.99636
FLUX  775  1462.00        2.050564E+14   8.3845E-06   8.5720E-06   0.97813
FLUX  776  1467.50        2.042879E+14   8.3858E-06   8.5597E-06   0.97968
FLUX  777  1472.50        2.035942E+14   8.3515E-06   8.5484E-06   0.97696
FLUX  778  1477.50        2.029052E+14   8.3327E-06   8.5369E-06   0.97608
FLUX  779  1482.50        2.022209E+14   8.3311E-06   8.5252E-06   0.97723
FLUX  780  1487.50        2.015412E+14   8.2665E-06   8.5133E-06   0.97101
FLUX  781  1492.50        2.008660E+14   8.3299E-06   8.5011E-06   0.97986
FLUX  782  1497.50        2.001953E+14   8.3001E-06   8.4887E-06   0.97778
FLUX  783  1502.50        1.995291E+14   8.2314E-06   8.4762E-06   0.97112
FLUX  784  1507.50        1.988673E+14   8.2188E-06   8.4634E-06   0.97111
FLUX  785  1512.50        1.982099E+14   8.2572E-06   8.4503E-06   0.97715
FLUX  786  1517.50        1.975568E+14   8.2445E-06   8.4369E-06   0.97720
FLUX  787  1522.50        1.969080E+14   8.2236E-06   8.4232E-06   0.97630
FLUX  788  1527.50        1.962635E+14   8.1870E-06   8.4092E-06   0.97357
FLUX  789  1532.50        1.956232E+14   8.1664E-06   8.3949E-06   0.97278
FLUX  790  1537.50        1.949870E+14   8.1845E-06   8.3801E-06   0.97665
FLUX  791  1542.50        1.943549E+14   8.0815E-06   8.3650E-06   0.96610
FLUX  792  1547.50        1.937270E+14   8.1566E-06   8.3495E-06   0.97689
FLUX  793  1552.50        1.931031E+14   8.1494E-06   8.3336E-06   0.97790
FLUX  794  1557.50        1.924831E+14   7.9724E-06   8.3172E-06   0.95854
FLUX  795  1562.50        1.918672E+14   8.1716E-06   8.3003E-06   0.98449
FLUX  796  1567.50        1.912552E+14   8.0445E-06   8.2829E-06   0.97122
FLUX  797  1572.50        1.906471E+14   7.8692E-06   8.2649E-06   0.95212
FLUX  798  1577.50        1.900428E+14   8.0651E-06   8.2464E-06   0.97802
FLUX  799  1582.50        1.894423E+14   8.0879E-06   8.2272E-06   0.98306
FLUX  800  1587.50        1.888457E+14   7.5999E-06   8.2074E-06   0.92598
FLUX  801  1592.50        1.882527E+14   8.0113E-06   8.1869E-06   0.97856
FLUX  802  1597.50        1.876635E+14   8.0688E-06   8.1656E-06   0.98814
FLUX  803  1605.00        1.867866E+14   7.9857E-06   8.1323E-06   0.98198
FLUX  804  1615.00        1.856300E+14   7.7074E-06   8.0844E-06   0.95336
FLUX  805  1625.00        1.844877E+14   7.9873E-06   8.0322E-06   0.99442
FLUX  806  1635.00        1.833593E+14   7.8258E-06   7.9732E-06   0.98151
FLUX  807  1645.00        1.822447E+14   7.5154E-06   7.9052E-06   0.95069
FLUX  808  1655.00        1.811435E+14   7.8077E-06   7.8314E-06   0.99697
FLUX  809  1665.00        1.800556E+14   7.7414E-06   7.7586E-06   0.99778
FLUX  810  1675.00        1.789806E+14   7.5503E-06   7.6868E-06   0.98224
FLUX  811  1685.00        1.779184E+14   7.2356E-06   7.6159E-06   0.95006
FLUX  812  1695.00        1.768687E+14   7.5348E-06   7.5460E-06   0.99853
FLUX  813  1705.00        1.758314E+14   7.4521E-06   7.4769E-06   0.99668
FLUX  814  1715.00        1.748061E+14   7.3882E-06   7.4088E-06   0.99722
FLUX  815  1725.00        1.737928E+14   7.2962E-06   7.3416E-06   0.99382
FLUX  816  1735.00        1.727911E+14   6.8406E-06   7.2752E-06   0.94026
FLUX  817  1745.00        1.718009E+14   7.1318E-06   7.2097E-06   0.98919
FLUX  818  1755.00        1.708219E+14   7.1220E-06   7.1450E-06   0.99678
FLUX  819  1765.00        1.698541E+14   7.0529E-06   7.0812E-06   0.99601
FLUX  820  1775.00        1.688972E+14   7.0008E-06   7.0181E-06   0.99753
FLUX  821  1785.00        1.679510E+14   6.9413E-06   6.9559E-06   0.99790
FLUX  822  1795.00        1.670153E+14   6.8888E-06   6.8945E-06   0.99918
FLUX  823  1805.00        1.660900E+14   6.8132E-06   6.8338E-06   0.99698
FLUX  824  1815.00        1.651749E+14   6.4238E-06   6.7739E-06   0.94831
FLUX  825  1825.00        1.642699E+14   6.6349E-06   6.7147E-06   0.98811
FLUX  826  1835.00        1.633747E+14   6.6422E-06   6.6563E-06   0.99789
FLUX  827  1845.00        1.624892E+14   6.5764E-06   6.5986E-06   0.99664
FLUX  828  1855.00        1.616132E+14   6.5261E-06   6.5416E-06   0.99763
FLUX  829  1865.00        1.607466E+14   6.4523E-06   6.4853E-06   0.99490
FLUX  830  1875.00        1.598893E+14   6.0388E-06   6.4298E-06   0.93919
FLUX  831  1885.00        1.590411E+14   6.3306E-06   6.3749E-06   0.99305
FLUX  832  1895.00        1.582018E+14   6.2651E-06   6.3207E-06   0.99121
FLUX  833  1905.00        1.573714E+14   6.2591E-06   6.2672E-06   0.99871
FLUX  834  1915.00        1.565496E+14   6.2033E-06   6.2143E-06   0.99823
FLUX  835  1925.00        1.557364E+14   6.1518E-06   6.1621E-06   0.99833
FLUX  836  1935.00        1.549315E+14   6.0776E-06   6.1105E-06   0.99461
FLUX  837  1945.00        1.541350E+14   5.7284E-06   6.0595E-06   0.94535
FLUX  838  1955.00        1.533465E+14   5.9797E-06   6.0092E-06   0.99510
FLUX  839  1965.00        1.525662E+14   5.9481E-06   5.9594E-06   0.99810
FLUX  840  1975.00        1.517937E+14   5.8834E-06   5.9103E-06   0.99544
FLUX  841  1985.00        1.510290E+14   5.8502E-06   5.8617E-06   0.99803
FLUX  842  1995.00        1.502719E+14   5.8024E-06   5.8137E-06   0.99805
FLUX  843  2005.00        1.495224E+14   5.7616E-06   5.7663E-06   0.99919
FLUX  844  2015.00        1.487804E+14   5.7184E-06   5.7195E-06   0.99981
FLUX  845  2025.00        1.480457E+14   5.6653E-06   5.6732E-06   0.99861
FLUX  846  2035.00        1.473182E+14   5.6111E-06   5.6275E-06   0.99708
FLUX  847  2045.00        1.465978E+14   5.5809E-06   5.5823E-06   0.99975
FLUX  848  2055.00        1.458844E+14   5.5349E-06   5.5376E-06   0.99950
FLUX  849  2065.00        1.451780E+14   5.4815E-06   5.4935E-06   0.99782
FLUX  850  2075.00        1.444783E+14   5.4441E-06   5.4498E-06   0.99894
FLUX  851  2085.00        1.437854E+14   5.4025E-06   5.4067E-06   0.99922
FLUX  852  2095.00        1.430990E+14   5.3521E-06   5.3641E-06   0.99778
FLUX  853  2105.00        1.424192E+14   5.3168E-06   5.3219E-06   0.99903
FLUX  854  2115.00        1.417459E+14   5.2708E-06   5.2803E-06   0.99820
FLUX  855  2125.00        1.410788E+14   5.2296E-06   5.2391E-06   0.99819
FLUX  856  2135.00        1.404180E+14   5.1908E-06   5.1984E-06   0.99854
FLUX  857  2145.00        1.397634E+14   5.1560E-06   5.1581E-06   0.99959
FLUX  858  2155.00        1.391148E+14   5.1072E-06   5.1183E-06   0.99783
FLUX  859  2165.00        1.384723E+14   4.8361E-06   5.0789E-06   0.95218
FLUX  860  2175.00        1.378356E+14   5.0137E-06   5.0400E-06   0.99478
FLUX  861  2185.00        1.372048E+14   4.9914E-06   5.0015E-06   0.99797
FLUX  862  2195.00        1.365797E+14   4.9626E-06   4.9635E-06   0.99983
FLUX  863  2205.00        1.359603E+14   4.9133E-06   4.9259E-06   0.99744
FLUX  864  2215.00        1.353465E+14   4.8811E-06   4.8887E-06   0.99844
FLUX  865  2225.00        1.347382E+14   4.8494E-06   4.8519E-06   0.99948
FLUX  866  2235.00        1.341353E+14   4.8130E-06   4.8155E-06   0.99949
FLUX  867  2245.00        1.335379E+14   4.7775E-06   4.7795E-06   0.99957
FLUX  868  2255.00        1.329457E+14   4.7308E-06   4.7439E-06   0.99724
FLUX  869  2265.00        1.323587E+14   4.7028E-06   4.7088E-06   0.99875
FLUX  870  2275.00        1.317769E+14   4.6707E-06   4.6739E-06   0.99930
FLUX  871  2285.00        1.312002E+14   4.6341E-06   4.6692E-06   0.99248
FLUX  872  2295.00        1.306285E+14   4.6015E-06   4.6347E-06   0.99282
FLUX  873  2305.00        1.300618E+14   4.5718E-06   4.6007E-06   0.99373
FLUX  874  2315.00        1.295000E+14   4.5368E-06   4.5670E-06   0.99338
FLUX  875  2325.00        1.289430E+14   4.5057E-06   4.5337E-06   0.99383
FLUX  876  2335.00        1.283908E+14   4.4712E-06   4.5007E-06   0.99345
FLUX  877  2345.00        1.278433E+14   4.4420E-06   4.4681E-06   0.99416
FLUX  878  2355.00        1.273004E+14   4.4091E-06   4.4358E-06   0.99397
FLUX  879  2365.00        1.267622E+14   4.3788E-06   4.4039E-06   0.99429
FLUX  880  2375.00        1.262284E+14   4.3448E-06   4.3724E-06   0.99369
FLUX  881  2385.00        1.256992E+14   4.3130E-06   4.3411E-06   0.99352
FLUX  882  2395.00        1.251743E+14   4.2848E-06   4.3102E-06   0.99410
FLUX  883  2405.00        1.246538E+14   4.2529E-06   4.2797E-06   0.99376
FLUX  884  2415.00        1.241377E+14   4.2210E-06   4.2494E-06   0.99332
FLUX  885  2425.00        1.236258E+14   4.1958E-06   4.2195E-06   0.99439
FLUX  886  2435.00        1.231181E+14   4.1597E-06   4.1898E-06   0.99280
FLUX  887  2445.00        1.226145E+14   4.1310E-06   4.1605E-06   0.99292
FLUX  888  2455.00        1.221151E+14   4.1037E-06   4.1315E-06   0.99327
FLUX  889  2465.00        1.216197E+14   4.0754E-06   4.1027E-06   0.99333
FLUX  890  2475.00        1.211283E+14   4.0451E-06   4.0743E-06   0.99284
FLUX  891  2485.00        1.206408E+14   4.0174E-06   4.0461E-06   0.99290
FLUX  892  2495.00        1.201573E+14   3.9725E-06   4.0183E-06   0.98861
FLUX  893  2505.00        1.196776E+14   3.9756E-06   3.9907E-06   0.99622
FLUX  894  2515.00        1.192018E+14   3.9488E-06   3.9634E-06   0.99632
FLUX  895  2525.00        1.187297E+14   3.8822E-06   3.9363E-06   0.98624
FLUX  896  2535.00        1.182613E+14   3.8945E-06   3.9096E-06   0.99613
FLUX  897  2545.00        1.177967E+14   3.8714E-06   3.8831E-06   0.99699
FLUX  898  2555.00        1.173356E+14   3.8401E-06   3.8569E-06   0.99564
FLUX  899  2565.00        1.168782E+14   3.7558E-06   3.8309E-06   0.98039
FLUX  900  2575.00        1.164243E+14   3.7960E-06   3.8052E-06   0.99757
FLUX  901  2585.00        1.159739E+14   3.7665E-06   3.7798E-06   0.99648
FLUX  902  2595.00        1.155270E+14   3.7506E-06   3.7546E-06   0.99892
FLUX  903  2605.00        1.150835E+14   3.7115E-06   3.7297E-06   0.99511
FLUX  904  2615.00        1.146434E+14   3.6156E-06   3.7050E-06   0.97587
FLUX  905  2625.00        1.142067E+14   3.5217E-06   3.6806E-06   0.95684
FLUX  906  2635.00        1.137732E+14   3.6384E-06   3.6564E-06   0.99509
FLUX  907  2645.00        1.133431E+14   3.6257E-06   3.6324E-06   0.99815
FLUX  908  2655.00        1.129162E+14   3.6017E-06   3.6086E-06   0.99808
FLUX  909  2665.00        1.124925E+14   3.5640E-06   3.5851E-06   0.99411
FLUX  910  2675.00        1.120720E+14   3.4589E-06   3.5618E-06   0.97111
FLUX  911  2685.00        1.116546E+14   3.5311E-06   3.5388E-06   0.99784
FLUX  912  2695.00        1.112403E+14   3.5150E-06   3.5159E-06   0.99973
FLUX  913  2705.00        1.108290E+14   3.4914E-06   3.4933E-06   0.99947
FLUX  914  2715.00        1.104208E+14   3.4696E-06   3.4709E-06   0.99963
FLUX  915  2725.00        1.100156E+14   3.4474E-06   3.4487E-06   0.99962
FLUX  916  2735.00        1.096133E+14   3.4258E-06   3.4267E-06   0.99973
FLUX  917  2745.00        1.092140E+14   3.4027E-06   3.4050E-06   0.99934
FLUX  918  2755.00        1.088176E+14   3.2884E-06   3.3834E-06   0.97193
FLUX  919  2765.00        1.084241E+14   3.3388E-06   3.3620E-06   0.99310
FLUX  920  2775.00        1.080333E+14   3.3394E-06   3.3409E-06   0.99957
FLUX  921  2785.00        1.076454E+14   3.3188E-06   3.3199E-06   0.99968
FLUX  922  2795.00        1.072603E+14   3.2988E-06   3.2991E-06   0.99992
FLUX  923  2805.00        1.068779E+14   3.2781E-06   3.2785E-06   0.99985
FLUX  924  2815.00        1.064982E+14   3.2578E-06   3.2582E-06   0.99990
FLUX  925  2825.00        1.061212E+14   3.2375E-06   3.2380E-06   0.99986
FLUX  926  2835.00        1.057469E+14   3.2179E-06   3.2180E-06   0.99998
FLUX  927  2845.00        1.053752E+14   3.1964E-06   3.1981E-06   0.99946
FLUX  928  2855.00        1.050061E+14   3.1779E-06   3.1785E-06   0.99983
FLUX  929  2865.00        1.046396E+14   3.1471E-06   3.1590E-06   0.99622
FLUX  930  2875.00        1.042757E+14   3.0421E-06   3.1397E-06   0.96891
FLUX  931  2885.00        1.039142E+14   3.1176E-06   3.1206E-06   0.99904
FLUX  932  2895.00        1.035553E+14   3.1012E-06   3.1017E-06   0.99985
FLUX  933  2905.00        1.031988E+14   3.0824E-06   3.0829E-06   0.99984
FLUX  934  2915.00        1.028448E+14   3.0630E-06   3.0643E-06   0.99958
FLUX  935  2925.00        1.024932E+14   3.0440E-06   3.0459E-06   0.99938
FLUX  936  2935.00        1.021440E+14   3.0273E-06   3.0276E-06   0.99989
FLUX  937  2945.00        1.017971E+14   3.0084E-06   3.0095E-06   0.99962
FLUX  938  2955.00        1.014526E+14   2.9912E-06   2.9916E-06   0.99988
FLUX  939  2965.00        1.011105E+14   2.9735E-06   2.9738E-06   0.99989
FLUX  940  2975.00        1.007706E+14   2.9557E-06   2.9562E-06   0.99984
FLUX  941  2985.00        1.004330E+14   2.9385E-06   2.9387E-06   0.99993
FLUX  942  2995.00        1.000977E+14   2.9206E-06   2.9214E-06   0.99974
FLUX  943  3005.00        9.976456E+13   2.9033E-06   2.9042E-06   0.99970
FLUX  944  3015.00        9.943367E+13   2.8867E-06   2.8872E-06   0.99984
FLUX  945  3025.00        9.910496E+13   2.8693E-06   2.8703E-06   0.99966
FLUX  946  3035.00        9.877842E+13   2.7809E-06   2.8536E-06   0.97453
FLUX  947  3045.00        9.845402E+13   2.8106E-06   2.8369E-06   0.99072
FLUX  948  3055.00        9.813175E+13   2.8195E-06   2.8205E-06   0.99967
FLUX  949  3065.00        9.781158E+13   2.8025E-06   2.8041E-06   0.99943
FLUX  950  3075.00        9.749350E+13   2.7877E-06   2.7879E-06   0.99990
FLUX  951  3085.00        9.717747E+13   2.7701E-06   2.7719E-06   0.99937
FLUX  952  3095.00        9.686349E+13   2.7544E-06   2.7560E-06   0.99943
FLUX  953  3105.00        9.655153E+13   2.7391E-06   2.7402E-06   0.99961
FLUX  954  3115.00        9.624157E+13   2.7177E-06   2.7245E-06   0.99751
FLUX  955  3125.00        9.593360E+13   2.7076E-06   2.7090E-06   0.99948
FLUX  956  3135.00        9.562759E+13   2.6925E-06   2.6936E-06   0.99958
FLUX  957  3145.00        9.532353E+13   2.6772E-06   2.6784E-06   0.99957
FLUX  958  3155.00        9.502139E+13   2.6606E-06   2.6632E-06   0.99900
FLUX  959  3165.00        9.472117E+13   2.6478E-06   2.6482E-06   0.99985
FLUX  960  3175.00        9.442283E+13   2.6318E-06   2.6334E-06   0.99940
FLUX  961  3185.00        9.412637E+13   2.6180E-06   2.6186E-06   0.99977
FLUX  962  3195.00        9.383177E+13   2.6038E-06   2.6040E-06   0.99992
FLUX  963  3210.00        9.339330E+13   2.5814E-06   2.5823E-06   0.99966
FLUX  964  3230.00        9.281502E+13   2.5534E-06   2.5537E-06   0.99987
FLUX  965  3250.00        9.224385E+13   2.5252E-06   2.5257E-06   0.99983
FLUX  966  3270.00        9.167966E+13   2.4974E-06   2.4981E-06   0.99973
FLUX  967  3290.00        9.112234E+13   2.4272E-06   2.4748E-06   0.98077
FLUX  968  3310.00        9.057175E+13   2.4375E-06   2.4479E-06   0.99571
FLUX  969  3330.00        9.002778E+13   2.4156E-06   2.4216E-06   0.99751
FLUX  970  3350.00        8.949030E+13   2.3932E-06   2.3956E-06   0.99899
FLUX  971  3370.00        8.895920E+13   2.3665E-06   2.3701E-06   0.99848
FLUX  972  3390.00        8.843437E+13   2.3408E-06   2.3450E-06   0.99824
FLUX  973  3410.00        8.791569E+13   2.3161E-06   2.3202E-06   0.99821
FLUX  974  3430.00        8.740306E+13   2.2935E-06   2.2959E-06   0.99899
FLUX  975  3450.00        8.689638E+13   2.2708E-06   2.2719E-06   0.99950
FLUX  976  3470.00        8.639553E+13   2.2470E-06   2.2483E-06   0.99943
FLUX  977  3490.00        8.590043E+13   2.2240E-06   2.2251E-06   0.99949
FLUX  978  3510.00        8.541097E+13   2.2007E-06   2.2022E-06   0.99930
FLUX  979  3530.00        8.492705E+13   2.1776E-06   2.1797E-06   0.99905
FLUX  980  3550.00        8.444859E+13   2.1558E-06   2.1575E-06   0.99920
FLUX  981  3570.00        8.397549E+13   2.1328E-06   2.1357E-06   0.99864
FLUX  982  3590.00        8.350766E+13   2.1128E-06   2.1142E-06   0.99934
FLUX  983  3610.00        8.304501E+13   2.0906E-06   2.0930E-06   0.99884
FLUX  984  3630.00        8.258747E+13   2.0716E-06   2.0721E-06   0.99974
FLUX  985  3650.00        8.213493E+13   2.0474E-06   2.0515E-06   0.99797
FLUX  986  3670.00        8.168733E+13   2.0296E-06   2.0313E-06   0.99919
FLUX  987  3690.00        8.124458E+13   2.0044E-06   2.0113E-06   0.99655
FLUX  988  3710.00        8.080660E+13   1.9888E-06   1.9916E-06   0.99857
FLUX  989  3730.00        8.037332E+13   1.9611E-06   1.9722E-06   0.99434
FLUX  990  3750.00        7.994467E+13   1.9243E-06   1.9531E-06   0.98524
FLUX  991  3770.00        7.952056E+13   1.9327E-06   1.9343E-06   0.99920
FLUX  992  3790.00        7.910092E+13   1.9144E-06   1.9157E-06   0.99931
FLUX  993  3810.00        7.868570E+13   1.8918E-06   1.8974E-06   0.99705
FLUX  994  3830.00        7.827480E+13   1.8761E-06   1.8794E-06   0.99824
FLUX  995  3850.00        7.786818E+13   1.8612E-06   1.8616E-06   0.99977
FLUX  996  3870.00        7.746576E+13   1.8427E-06   1.8441E-06   0.99926
FLUX  997  3890.00        7.706748E+13   1.8256E-06   1.8268E-06   0.99932
FLUX  998  3910.00        7.667327E+13   1.8000E-06   1.8098E-06   0.99460
FLUX  999  3930.00        7.628308E+13   1.7925E-06   1.7930E-06   0.99971
FLUX 1000  3950.00        7.589684E+13   1.7755E-06   1.7764E-06   0.99951
FLUX 1001  3970.00        7.551448E+13   1.7597E-06   1.7601E-06   0.99979
FLUX 1002  3990.00        7.513596E+13   1.7419E-06   1.7439E-06   0.99884
FLUX 1003  4010.00        7.476122E+13   1.7232E-06   1.7280E-06   0.99718
FLUX 1004  4030.00        7.439020E+13   1.7030E-06   1.7124E-06   0.99452
FLUX 1005  4050.00        7.402284E+13   1.6743E-06   1.6969E-06   0.98666
FLUX 1006  4070.00        7.365909E+13   1.6808E-06   1.6816E-06   0.99948
FLUX 1007  4090.00        7.329890E+13   1.6657E-06   1.6666E-06   0.99944
FLUX 1008  4110.00        7.294221E+13   1.6514E-06   1.6517E-06   0.99983
FLUX 1009  4130.00        7.258898E+13   1.6369E-06   1.6371E-06   0.99990
FLUX 1010  4150.00        7.223916E+13   1.6219E-06   1.6226E-06   0.99957
FLUX 1011  4170.00        7.189269E+13   1.5941E-06   1.6083E-06   0.99113
FLUX 1012  4190.00        7.154952E+13   1.5936E-06   1.5942E-06   0.99956
FLUX 1013  4210.00        7.120962E+13   1.5782E-06   1.5803E-06   0.99866
FLUX 1014  4230.00        7.087293E+13   1.5666E-06   1.5666E-06   0.99998
FLUX 1015  4250.00        7.053941E+13   1.5527E-06   1.5531E-06   0.99975
FLUX 1016  4270.00        7.020902E+13   1.5396E-06   1.5397E-06   0.99994
FLUX 1017  4290.00        6.988170E+13   1.5263E-06   1.5265E-06   0.99987
FLUX 1018  4310.00        6.955742E+13   1.5129E-06   1.5135E-06   0.99964
FLUX 1019  4330.00        6.923614E+13   1.4997E-06   1.5006E-06   0.99939
FLUX 1020  4350.00        6.891782E+13   1.4867E-06   1.4879E-06   0.99919
FLUX 1021  4370.00        6.860240E+13   1.4605E-06   1.4754E-06   0.98990
FLUX 1022  4390.00        6.828986E+13   1.4606E-06   1.4630E-06   0.99836
FLUX 1023  4410.00        6.798016E+13   1.4485E-06   1.4508E-06   0.99843
FLUX 1024  4430.00        6.767325E+13   1.4368E-06   1.4387E-06   0.99869
FLUX 1025  4450.00        6.736910E+13   1.4249E-06   1.4268E-06   0.99871
FLUX 1026  4470.00        6.706767E+13   1.4135E-06   1.4156E-06   0.99850
FLUX 1027  4490.00        6.676893E+13   1.4021E-06   1.4040E-06   0.99863
FLUX 1028  4510.00        6.647284E+13   1.3905E-06   1.3925E-06   0.99855
FLUX 1029  4530.00        6.617936E+13   1.3791E-06   1.3811E-06   0.99850
FLUX 1030  4550.00        6.588846E+13   1.3681E-06   1.3699E-06   0.99865
FLUX 1031  4570.00        6.560011E+13   1.3570E-06   1.3588E-06   0.99867
FLUX 1032  4590.00        6.531427E+13   1.3458E-06   1.3479E-06   0.99848
FLUX 1033  4610.00        6.503091E+13   1.3355E-06   1.3370E-06   0.99889
FLUX 1034  4630.00        6.475000E+13   1.3248E-06   1.3263E-06   0.99883
FLUX 1035  4650.00        6.447151E+13   1.2981E-06   1.3158E-06   0.98658
FLUX 1036  4670.00        6.419540E+13   1.2903E-06   1.3053E-06   0.98845
FLUX 1037  4690.00        6.392164E+13   1.2936E-06   1.2950E-06   0.99891
FLUX 1038  4710.00        6.365021E+13   1.2838E-06   1.2848E-06   0.99920
FLUX 1039  4730.00        6.338108E+13   1.2739E-06   1.2748E-06   0.99932
FLUX 1040  4750.00        6.311421E+13   1.2638E-06   1.2648E-06   0.99920
FLUX 1041  4770.00        6.284958E+13   1.2540E-06   1.2550E-06   0.99927
FLUX 1042  4790.00        6.258716E+13   1.2445E-06   1.2452E-06   0.99937
FLUX 1043  4810.00        6.232692E+13   1.2347E-06   1.2356E-06   0.99926
FLUX 1044  4830.00        6.206884E+13   1.2254E-06   1.2261E-06   0.99937
FLUX 1045  4850.00        6.181289E+13   1.2159E-06   1.2167E-06   0.99928
FLUX 1046  4870.00        6.155903E+13   1.2066E-06   1.2075E-06   0.99929
FLUX 1047  4890.00        6.130726E+13   1.1974E-06   1.1983E-06   0.99928
FLUX 1048  4910.00        6.105754E+13   1.1883E-06   1.1892E-06   0.99929
FLUX 1049  4930.00        6.080984E+13   1.1793E-06   1.1802E-06   0.99925
FLUX 1050  4950.00        6.056414E+13   1.1705E-06   1.1714E-06   0.99923
FLUX 1051  4970.00        6.032042E+13   1.1616E-06   1.1626E-06   0.99913
FLUX 1052  4990.00        6.007866E+13   1.1533E-06   1.1539E-06   0.99951
FLUX 1053  5010.00        5.983882E+13   1.1445E-06   1.1453E-06   0.99925
FLUX 1054  5030.00        5.960089E+13   1.1360E-06   1.1369E-06   0.99923
FLUX 1055  5050.00        5.936485E+13   1.1276E-06   1.1285E-06   0.99925
FLUX 1056  5070.00        5.913067E+13   1.1195E-06   1.1202E-06   0.99941
FLUX 1057  5090.00        5.889833E+13   1.1110E-06   1.1120E-06   0.99912
FLUX 1058  5110.00        5.866781E+13   1.1029E-06   1.1039E-06   0.99909
FLUX 1059  5130.00        5.843908E+13   1.0847E-06   1.0958E-06   0.98985
FLUX 1060  5150.00        5.821214E+13   1.0873E-06   1.0879E-06   0.99943
FLUX 1061  5170.00        5.798694E+13   1.0789E-06   1.0800E-06   0.99895
FLUX 1062  5190.00        5.776349E+13   1.0717E-06   1.0723E-06   0.99949
FLUX 1063  5210.00        5.754175E+13   1.0639E-06   1.0646E-06   0.99932
FLUX 1064  5230.00        5.732170E+13   1.0563E-06   1.0570E-06   0.99933
FLUX 1065  5250.00        5.710333E+13   1.0490E-06   1.0495E-06   0.99953
FLUX 1066  5270.00        5.688662E+13   1.0407E-06   1.0420E-06   0.99877
FLUX 1067  5290.00        5.667155E+13   1.0342E-06   1.0347E-06   0.99953
FLUX 1068  5310.00        5.645810E+13   1.0270E-06   1.0274E-06   0.99960
FLUX 1069  5330.00        5.624625E+13   1.0197E-06   1.0202E-06   0.99958
FLUX 1070  5350.00        5.603598E+13   1.0126E-06   1.0130E-06   0.99961
FLUX 1071  5370.00        5.582728E+13   1.0046E-06   1.0060E-06   0.99861
FLUX 1072  5390.00        5.562013E+13   9.9790E-07   9.9899E-07   0.99890
FLUX 1073  5410.00        5.541451E+13   9.9178E-07   9.9208E-07   0.99970
FLUX 1074  5430.00        5.521041E+13   9.8469E-07   9.8524E-07   0.99944
FLUX 1075  5450.00        5.500780E+13   9.7817E-07   9.7847E-07   0.99969
FLUX 1076  5470.00        5.480667E+13   9.7097E-07   9.7177E-07   0.99917
FLUX 1077  5490.00        5.460701E+13   9.6478E-07   9.6514E-07   0.99963
FLUX 1078  5510.00        5.440880E+13   9.5828E-07   9.5858E-07   0.99969
FLUX 1079  5530.00        5.421203E+13   9.4981E-07   9.5208E-07   0.99762
FLUX 1080  5550.00        5.401667E+13   9.4541E-07   9.4565E-07   0.99974
FLUX 1081  5570.00        5.382271E+13   9.3908E-07   9.3929E-07   0.99978
FLUX 1082  5590.00        5.363014E+13   9.3230E-07   9.3299E-07   0.99927
FLUX 1083  5610.00        5.343895E+13   9.2654E-07   9.2675E-07   0.99977
FLUX 1084  5630.00        5.324911E+13   9.2029E-07   9.2057E-07   0.99969
FLUX 1085  5650.00        5.306062E+13   9.1434E-07   9.1446E-07   0.99988
FLUX 1086  5670.00        5.287346E+13   9.0829E-07   9.0841E-07   0.99987
FLUX 1087  5690.00        5.268761E+13   9.0219E-07   9.0241E-07   0.99976
FLUX 1088  5710.00        5.250306E+13   8.9363E-07   8.9648E-07   0.99682
FLUX 1089  5730.00        5.231981E+13   8.9050E-07   8.9060E-07   0.99988
FLUX 1090  5750.00        5.213783E+13   8.8469E-07   8.8478E-07   0.99990
FLUX 1091  5770.00        5.195711E+13   8.7890E-07   8.7902E-07   0.99986
FLUX 1092  5790.00        5.177763E+13   8.7315E-07   8.7332E-07   0.99981
FLUX 1093  5810.00        5.159940E+13   8.6757E-07   8.6767E-07   0.99989
FLUX 1094  5830.00        5.142238E+13   8.6200E-07   8.6207E-07   0.99992
FLUX 1095  5850.00        5.124658E+13   8.5659E-07   8.5667E-07   0.99992
FLUX 1096  5870.00        5.107198E+13   8.5106E-07   8.5118E-07   0.99987
FLUX 1097  5890.00        5.089856E+13   8.4540E-07   8.4574E-07   0.99961
FLUX 1098  5910.00        5.072631E+13   8.3304E-07   8.4035E-07   0.99130
FLUX 1099  5930.00        5.055523E+13   8.3491E-07   8.3502E-07   0.99987
FLUX 1100  5950.00        5.038529E+13   8.2564E-07   8.2973E-07   0.99507
FLUX 1101  5970.00        5.021650E+13   8.2408E-07   8.2450E-07   0.99948
FLUX 1102  5990.00        5.004883E+13   8.1923E-07   8.1932E-07   0.99990
FLUX 1103  6010.00        4.988228E+13   8.1402E-07   8.1418E-07   0.99981
FLUX 1104  6030.00        4.971683E+13   8.0907E-07   8.0909E-07   0.99997
FLUX 1105  6050.00        4.955248E+13   8.0404E-07   8.0405E-07   0.99998
FLUX 1106  6070.00        4.938921E+13   7.9898E-07   7.9906E-07   0.99989
FLUX 1107  6090.00        4.922701E+13   7.9396E-07   7.9411E-07   0.99980
FLUX 1108  6110.00        4.906588E+13   7.8884E-07   7.8921E-07   0.99953
FLUX 1109  6130.00        4.890579E+13   7.8427E-07   7.8436E-07   0.99989
FLUX 1110  6150.00        4.874675E+13   7.7953E-07   7.7955E-07   0.99998
FLUX 1111  6170.00        4.858874E+13   7.7476E-07   7.7478E-07   0.99997
FLUX 1112  6190.00        4.843174E+13   7.7001E-07   7.7006E-07   0.99993
FLUX 1113  6210.00        4.827576E+13   7.6536E-07   7.6538E-07   0.99997
FLUX 1114  6230.00        4.812079E+13   7.6039E-07   7.6074E-07   0.99953
FLUX 1115  6250.00        4.796680E+13   7.5604E-07   7.5615E-07   0.99987
FLUX 1116  6270.00        4.781380E+13   7.5147E-07   7.5159E-07   0.99983
FLUX 1117  6290.00        4.766176E+13   7.4305E-07   7.4708E-07   0.99461
FLUX 1118  6310.00        4.751070E+13   7.4238E-07   7.4261E-07   0.99969
FLUX 1119  6330.00        4.736058E+13   7.3816E-07   7.3818E-07   0.99998
FLUX 1120  6350.00        4.721142E+13   7.3376E-07   7.3378E-07   0.99997
FLUX 1121  6370.00        4.706319E+13   7.2937E-07   7.2943E-07   0.99991
FLUX 1122  6390.00        4.691588E+13   7.2504E-07   7.2511E-07   0.99990
FLUX 1123  6420.00        4.669665E+13   7.1870E-07   7.1871E-07   0.99998
FLUX 1124  6460.00        4.640751E+13   7.1022E-07   7.1031E-07   0.99988
FLUX 1125  6500.00        4.612192E+13   7.0193E-07   7.0206E-07   0.99983
FLUX 1126  6540.00        4.583983E+13   6.9393E-07   6.9394E-07   0.99998
FLUX 1127  6580.00        4.556117E+13   6.8596E-07   6.8597E-07   0.99998
FLUX 1128  6620.00        4.528588E+13   6.7811E-07   6.7813E-07   0.99997
FLUX 1129  6660.00        4.501389E+13   6.7042E-07   6.7043E-07   0.99998
FLUX 1130  6700.00        4.474515E+13   6.6282E-07   6.6286E-07   0.99994
FLUX 1131  6740.00        4.447960E+13   6.5534E-07   6.5542E-07   0.99989
FLUX 1132  6780.00        4.421718E+13   6.4622E-07   6.4810E-07   0.99710
FLUX 1133  6820.00        4.395784E+13   6.4088E-07   6.4090E-07   0.99997
FLUX 1134  6860.00        4.370153E+13   6.3380E-07   6.3382E-07   0.99997
FLUX 1135  6900.00        4.344819E+13   6.2682E-07   6.2686E-07   0.99994
FLUX 1136  6940.00        4.319777E+13   6.1993E-07   6.2001E-07   0.99987
FLUX 1137  6980.00        4.295021E+13   6.1326E-07   6.1328E-07   0.99998
FLUX 1138  7020.00        4.270548E+13   6.0656E-07   6.0665E-07   0.99986
FLUX 1139  7060.00        4.246353E+13   6.0010E-07   6.0013E-07   0.99995
FLUX 1140  7100.00        4.222430E+13   5.9366E-07   5.9371E-07   0.99991
FLUX 1141  7140.00        4.198775E+13   5.8739E-07   5.8740E-07   0.99998
FLUX 1142  7180.00        4.175383E+13   5.8116E-07   5.8119E-07   0.99995
FLUX 1143  7220.00        4.152251E+13   5.7502E-07   5.7507E-07   0.99990
FLUX 1144  7260.00        4.129373E+13   5.6892E-07   5.6906E-07   0.99976
FLUX 1145  7300.00        4.106747E+13   5.6313E-07   5.6313E-07   0.99999
FLUX 1146  7340.00        4.084366E+13   5.5725E-07   5.5730E-07   0.99992
FLUX 1147  7380.00        4.062229E+13   5.5155E-07   5.5156E-07   0.99998
FLUX 1148  7420.00        4.040330E+13   5.4589E-07   5.4590E-07   0.99997
FLUX 1149  7460.00        4.018666E+13   5.3786E-07   5.4034E-07   0.99542
FLUX 1150  7500.00        3.997233E+13   5.3094E-07   5.3486E-07   0.99268
FLUX 1151  7540.00        3.976028E+13   5.2942E-07   5.2946E-07   0.99993
FLUX 1152  7580.00        3.955046E+13   5.2413E-07   5.2414E-07   0.99998
FLUX 1153  7620.00        3.934285E+13   5.1889E-07   5.1890E-07   0.99997
FLUX 1154  7660.00        3.913740E+13   5.1374E-07   5.1374E-07   0.99999
FLUX 1155  7700.00        3.893409E+13   5.0863E-07   5.0866E-07   0.99994
FLUX 1156  7740.00        3.873288E+13   5.0365E-07   5.0365E-07   0.99999
FLUX 1157  7780.00        3.853374E+13   4.9840E-07   4.9872E-07   0.99935
FLUX 1158  7820.00        3.833664E+13   4.9386E-07   4.9386E-07   0.99999
FLUX 1159  7860.00        3.814154E+13   4.8907E-07   4.8907E-07   0.99999
FLUX 1160  7900.00        3.794842E+13   4.8434E-07   4.8435E-07   0.99999
FLUX 1161  7940.00        3.775724E+13   4.7969E-07   4.7969E-07   0.99999
FLUX 1162  7980.00        3.756798E+13   4.7510E-07   4.7511E-07   0.99999
FLUX 1163  8020.00        3.738061E+13   4.7057E-07   4.7059E-07   0.99997
FLUX 1164  8060.00        3.719510E+13   4.6610E-07   4.6613E-07   0.99994
FLUX 1165  8100.00        3.701142E+13   4.6173E-07   4.6174E-07   0.99999
FLUX 1166  8140.00        3.682955E+13   4.5686E-07   4.5740E-07   0.99882
FLUX 1167  8180.00        3.664945E+13   4.5309E-07   4.5313E-07   0.99991
FLUX 1168  8220.00        3.647111E+13   4.4892E-07   4.4892E-07   0.99999
FLUX 1169  8260.00        3.629449E+13   4.4476E-07   4.4477E-07   0.99999
FLUX 1170  8300.00        3.611958E+13   4.4066E-07   4.4067E-07   0.99999
FLUX 1171  8340.00        3.594634E+13   4.3659E-07   4.3663E-07   0.99991
FLUX 1172  8380.00        3.577476E+13   4.3262E-07   4.3265E-07   0.99994
FLUX 1173  8420.00        3.560481E+13   4.2871E-07   4.2872E-07   0.99998
FLUX 1174  8460.00        3.543647E+13   4.2483E-07   4.2484E-07   0.99999
FLUX 1175  8500.00        3.526971E+13   4.2101E-07   4.2101E-07   0.99999
FLUX 1176  8540.00        3.510451E+13   4.1724E-07   4.1724E-07   0.99999
FLUX 1177  8580.00        3.494085E+13   4.1351E-07   4.1352E-07   0.99998
FLUX 1178  8620.00        3.477871E+13   4.0984E-07   4.0985E-07   0.99998
FLUX 1179  8660.00        3.461807E+13   4.0558E-07   4.0622E-07   0.99841
FLUX 1180  8700.00        3.445891E+13   4.0264E-07   4.0265E-07   0.99999
FLUX 1181  8740.00        3.430120E+13   3.9853E-07   3.9912E-07   0.99853
FLUX 1182  8780.00        3.414493E+13   3.9502E-07   3.9563E-07   0.99844
FLUX 1183  8820.00        3.399008E+13   3.9218E-07   3.9220E-07   0.99995
FLUX 1184  8860.00        3.383663E+13   3.8878E-07   3.8880E-07   0.99994
FLUX 1185  8900.00        3.368455E+13   3.8543E-07   3.8545E-07   0.99994
FLUX 1186  8940.00        3.353384E+13   3.8214E-07   3.8215E-07   0.99997
FLUX 1187  8980.00        3.338447E+13   3.7885E-07   3.7889E-07   0.99991
FLUX 1188  9020.00        3.323642E+13   3.7565E-07   3.7566E-07   0.99995
FLUX 1189  9060.00        3.308968E+13   3.7248E-07   3.7248E-07   0.99999
FLUX 1190  9100.00        3.294423E+13   3.6931E-07   3.6934E-07   0.99993
FLUX 1191  9140.00        3.280005E+13   3.6622E-07   3.6624E-07   0.99993
FLUX 1192  9180.00        3.265714E+13   3.6317E-07   3.6318E-07   0.99999
FLUX 1193  9220.00        3.251546E+13   3.6015E-07   3.6016E-07   0.99999
FLUX 1194  9260.00        3.237500E+13   3.5716E-07   3.5717E-07   0.99998
FLUX 1195  9300.00        3.223575E+13   3.5422E-07   3.5422E-07   1.00000
FLUX 1196  9340.00        3.209770E+13   3.5130E-07   3.5131E-07   0.99998
FLUX 1197  9380.00        3.196082E+13   3.4775E-07   3.4843E-07   0.99805
FLUX 1198  9420.00        3.182511E+13   3.4558E-07   3.4559E-07   0.99999
FLUX 1199  9460.00        3.169054E+13   3.4278E-07   3.4278E-07   0.99998
FLUX 1200  9500.00        3.155711E+13   3.4000E-07   3.4001E-07   0.99998
FLUX 1201  9540.00        3.142479E+13   3.3724E-07   3.3727E-07   0.99991
FLUX 1202  9580.00        3.129358E+13   3.3455E-07   3.3456E-07   0.99998
FLUX 1203  9620.00        3.116346E+13   3.3187E-07   3.3189E-07   0.99996
FLUX 1204  9660.00        3.103442E+13   3.2924E-07   3.2924E-07   0.99998
FLUX 1205  9700.00        3.090644E+13   3.2663E-07   3.2663E-07   0.99999
FLUX 1206  9740.00        3.077952E+13   3.2402E-07   3.2405E-07   0.99991
FLUX 1207  9780.00        3.065363E+13   3.2148E-07   3.2150E-07   0.99993
FLUX 1208  9820.00        3.052877E+13   3.1898E-07   3.1898E-07   0.99998
FLUX 1209  9860.00        3.040492E+13   3.1646E-07   3.1649E-07   0.99991
FLUX 1210  9900.00        3.028207E+13   3.1403E-07   3.1403E-07   0.99998
FLUX 1211  9940.00        3.016021E+13   3.1158E-07   3.1160E-07   0.99994
FLUX 1212  9980.00        3.003933E+13   3.0919E-07   3.0920E-07   0.99998
FLUX 1213 10020.00        2.991941E+13   3.0681E-07   3.0682E-07   0.99998
FLUX 1214 20000.00        1.498963E+13   7.9717E-08   7.9717E-08   1.00000
FLUX 1215 40000.00        7.494813E+12   2.0171E-08   2.0171E-08   1.00000
FLUX 1216 60000.00        4.996542E+12   8.9583E-09   8.9583E-09   1.00000
FLUX 1217 80000.00        3.747406E+12   5.0230E-09   5.0230E-09   1.00000
FLUX 1218100000.00        2.997925E+12   3.2029E-09   3.2029E-09   1.00000
FLUX 1219120000.00        2.498271E+12   2.2160E-09   2.2160E-09   1.00000
FLUX 1220140000.00        2.141375E+12   1.6224E-09   1.6224E-09   1.00000
FLUX 1221160000.00        1.873703E+12   1.2381E-09   1.2381E-09   1.00000
FLUX
