TEFF   7750.  GRAVITY 5.00000 LTE 
TITLE  [-1.0] VTURB=2  L/H=1.25 NOVER NEW ODF                                   
FLUX    1     9.09        3.298047E+16   1.0000E-50   0.0000E+00   1.00000
FLUX    2     9.35        3.206337E+16   1.0000E-50   0.0000E+00   1.00000
FLUX    3     9.61        3.119589E+16   1.0000E-50   0.0000E+00   1.00000
FLUX    4     9.77        3.068501E+16   1.0000E-50   0.0000E+00   1.00000
FLUX    5     9.96        3.009965E+16   1.0000E-50   0.0000E+00   1.00000
FLUX    6    10.20        2.939142E+16   1.0000E-50   0.0000E+00   1.00000
FLUX    7    10.38        2.888174E+16   1.0000E-50   0.0000E+00   1.00000
FLUX    8    10.56        2.838944E+16   1.0000E-50   0.0000E+00   1.00000
FLUX    9    10.77        2.783589E+16   1.0000E-50   0.0000E+00   1.00000
FLUX   10    11.04        2.715512E+16   1.0000E-50   0.0000E+00   1.00000
FLUX   11    11.40        2.629759E+16   1.0000E-50   0.0000E+00   1.00000
FLUX   12    11.78        2.544928E+16   1.0000E-50   0.0000E+00   1.00000
FLUX   13    12.13        2.471496E+16   1.0000E-50   0.0000E+00   1.00000
FLUX   14    12.48        2.402183E+16   1.0000E-50   0.0000E+00   1.00000
FLUX   15    12.71        2.358714E+16   1.0000E-50   0.0000E+00   1.00000
FLUX   16    12.84        2.334833E+16   1.0000E-50   0.0000E+00   1.00000
FLUX   17    13.05        2.297261E+16   1.0000E-50   0.0000E+00   1.00000
FLUX   18    13.24        2.264294E+16   1.0000E-50   0.0000E+00   1.00000
FLUX   19    13.39        2.238928E+16   1.0000E-50   0.0000E+00   1.00000
FLUX   20    13.66        2.194674E+16   1.0000E-50   0.0000E+00   1.00000
FLUX   21    13.98        2.144438E+16   1.0000E-50   0.0000E+00   1.00000
FLUX   22    14.33        2.092062E+16   1.0000E-50   0.0000E+00   1.00000
FLUX   23    14.72        2.036634E+16   1.0000E-50   0.0000E+00   1.00000
FLUX   24    15.10        1.985381E+16   1.0000E-50   0.0000E+00   1.00000
FLUX   25    15.52        1.931653E+16   1.0000E-50   0.0000E+00   1.00000
FLUX   26    15.88        1.887862E+16   1.0000E-50   0.0000E+00   1.00000
FLUX   27    16.20        1.850571E+16   1.0000E-50   0.0000E+00   1.00000
FLUX   28    16.60        1.805979E+16   1.0000E-50   0.0000E+00   1.00000
FLUX   29    17.03        1.760379E+16   1.0000E-50   0.0000E+00   1.00000
FLUX   30    17.34        1.728907E+16   1.0000E-50   0.0000E+00   1.00000
FLUX   31    17.68        1.695659E+16   1.0000E-50   0.0000E+00   1.00000
FLUX   32    18.02        1.663665E+16   1.0000E-50   0.0000E+00   1.00000
FLUX   33    18.17        1.649931E+16   1.0000E-50   0.0000E+00   1.00000
FLUX   34    18.61        1.610922E+16   1.0000E-50   0.0000E+00   1.00000
FLUX   35    19.10        1.569594E+16   1.0000E-50   0.0000E+00   1.00000
FLUX   36    19.39        1.546119E+16   1.0000E-50   0.0000E+00   1.00000
FLUX   37    19.84        1.511051E+16   1.0000E-50   0.0000E+00   1.00000
FLUX   38    20.18        1.485592E+16   1.0000E-50   0.0000E+00   1.00000
FLUX   39    20.50        1.462402E+16   1.0000E-50   0.0000E+00   1.00000
FLUX   40    21.05        1.424192E+16   1.0000E-50   0.0000E+00   1.00000
FLUX   41    21.62        1.386644E+16   1.0000E-50   0.0000E+00   1.00000
FLUX   42    21.98        1.363933E+16   1.0000E-50   0.0000E+00   1.00000
FLUX   43    22.30        1.344361E+16   1.0000E-50   0.0000E+00   1.00000
FLUX   44    22.68        1.321836E+16   1.0000E-50   0.0000E+00   1.00000
FLUX   45    23.00        1.303446E+16   1.0000E-50   0.0000E+00   1.00000
FLUX   46    23.40        1.281165E+16   1.0000E-50   0.0000E+00   1.00000
FLUX   47    24.00        1.249135E+16   1.0000E-50   0.0000E+00   1.00000
FLUX   48    24.65        1.216197E+16   1.0000E-50   0.0000E+00   1.00000
FLUX   49    25.24        1.187767E+16   1.0000E-50   0.0000E+00   1.00000
FLUX   50    25.68        1.167416E+16   1.0000E-50   0.0000E+00   1.00000
FLUX   51    26.00        1.153048E+16   1.0000E-50   0.0000E+00   1.00000
FLUX   52    26.40        1.135578E+16   1.0000E-50   0.0000E+00   1.00000
FLUX   53    26.85        1.116546E+16   1.0000E-50   0.0000E+00   1.00000
FLUX   54    27.35        1.096133E+16   1.0000E-50   0.0000E+00   1.00000
FLUX   55    27.85        1.076454E+16   1.0000E-50   0.0000E+00   1.00000
FLUX   56    28.40        1.055607E+16   1.0000E-50   0.0000E+00   1.00000
FLUX   57    29.00        1.033767E+16   1.0000E-50   0.0000E+00   1.00000
FLUX   58    29.60        1.012813E+16   1.0000E-50   0.0000E+00   1.00000
FLUX   59    30.10        9.959884E+15   1.0000E-50   0.0000E+00   1.00000
FLUX   60    30.80        9.733523E+15   2.2865E-40   2.2866E-40   0.99998
FLUX   61    31.80        9.427437E+15   3.1867E-39   3.1868E-39   0.99998
FLUX   62    32.80        9.140015E+15   3.7599E-38   3.7599E-38   0.99998
FLUX   63    33.80        8.869601E+15   3.8082E-37   3.8082E-37   0.99998
FLUX   64    34.80        8.614727E+15   3.3603E-36   3.3604E-36   0.99998
FLUX   65    35.70        8.397549E+15   2.1371E-35   2.1372E-35   0.99998
FLUX   66    36.60        8.191052E+15   1.2382E-34   1.2382E-34   0.99998
FLUX   67    37.50        7.994467E+15   6.5623E-34   6.5625E-34   0.99998
FLUX   68    38.50        7.786818E+15   3.8052E-33   3.8052E-33   0.99998
FLUX   69    39.50        7.589684E+15   2.0088E-32   2.0089E-32   0.99998
FLUX   70    40.50        7.402284E+15   9.7315E-32   9.7317E-32   0.99998
FLUX   71    41.40        7.241365E+15   3.7616E-31   3.7617E-31   0.99998
FLUX   72    42.20        7.104088E+15   1.1886E-30   1.1886E-30   0.99998
FLUX   73    43.00        6.971919E+15   3.5905E-30   3.5905E-30   0.99998
FLUX   74    44.10        6.798016E+15   1.5325E-29   1.5326E-29   0.99998
FLUX   75    45.10        6.647284E+15   5.3705E-29   5.3706E-29   0.99998
FLUX   76    46.00        6.517228E+15   1.5808E-28   1.5808E-28   0.99998
FLUX   77    47.00        6.378564E+15   4.9855E-28   4.9856E-28   0.99997
FLUX   78    48.00        6.245677E+15   1.4940E-27   1.4940E-27   0.99998
FLUX   79    49.00        6.118214E+15   4.2717E-27   4.2717E-27   0.99998
FLUX   80    50.00        5.995850E+15   1.1670E-26   1.1670E-26   0.99998
FLUX   81    50.60        5.924753E+15   2.7649E-26   3.1746E-26   0.87095
FLUX   82    51.20        5.855322E+15   5.5049E-26   5.5806E-26   0.98644
FLUX   83    52.00        5.765240E+15   1.1459E-25   1.1585E-25   0.98912
FLUX   84    53.00        5.656462E+15   2.7924E-25   2.7925E-25   0.99997
FLUX   85    54.00        5.551713E+15   6.4596E-25   6.5006E-25   0.99369
FLUX   86    55.00        5.450773E+15   1.4649E-24   1.4650E-24   0.99992
FLUX   87    56.00        5.353438E+15   3.2001E-24   3.2002E-24   0.99997
FLUX   88    57.00        5.259518E+15   6.7868E-24   6.7869E-24   0.99998
FLUX   89    58.00        5.168836E+15   1.3836E-23   1.3997E-23   0.98849
FLUX   90    59.00        5.081229E+15   2.8108E-23   2.8111E-23   0.99991
FLUX   91    60.00        4.996542E+15   5.5047E-23   5.5053E-23   0.99989
FLUX   92    61.00        4.914631E+15   1.0527E-22   1.0527E-22   0.99998
FLUX   93    62.00        4.835363E+15   1.9677E-22   1.9678E-22   0.99993
FLUX   94    63.00        4.758611E+15   3.5997E-22   3.5998E-22   0.99997
FLUX   95    64.00        4.684258E+15   6.4544E-22   6.4549E-22   0.99992
FLUX   96    65.00        4.612192E+15   1.1351E-21   1.1351E-21   0.99998
FLUX   97    65.80        4.556117E+15   1.7590E-21   1.7590E-21   0.99998
FLUX   98    66.50        4.508158E+15   2.5561E-21   2.5565E-21   0.99987
FLUX   99    67.50        4.441370E+15   4.2968E-21   4.2973E-21   0.99989
FLUX  100    68.50        4.376533E+15   7.1036E-21   7.1043E-21   0.99990
FLUX  101    69.50        4.313561E+15   1.1560E-20   1.1560E-20   0.99998
FLUX  102    70.50        4.252376E+15   1.8518E-20   1.8527E-20   0.99952
FLUX  103    71.60        4.187046E+15   3.0608E-20   3.0609E-20   0.99998
FLUX  104    72.60        4.129373E+15   4.7614E-20   4.7615E-20   0.99998
FLUX  105    73.50        4.078810E+15   7.0081E-20   7.0086E-20   0.99993
FLUX  106    74.50        4.024060E+15   1.0640E-19   1.0641E-19   0.99989
FLUX  107    75.50        3.970762E+15   1.5958E-19   1.5959E-19   0.99989
FLUX  108    76.50        3.918856E+15   2.3653E-19   2.3656E-19   0.99988
FLUX  109    77.50        3.868290E+15   3.4668E-19   3.4671E-19   0.99989
FLUX  110    78.50        3.819013E+15   5.0267E-19   5.0268E-19   0.99998
FLUX  111    79.50        3.770975E+15   7.1998E-19   7.2124E-19   0.99825
FLUX  112    80.50        3.724130E+15   1.0240E-18   1.0245E-18   0.99952
FLUX  113    81.50        3.678436E+15   1.4412E-18   1.4414E-18   0.99991
FLUX  114    82.50        3.633848E+15   2.0093E-18   2.0094E-18   0.99997
FLUX  115    83.50        3.590329E+15   2.7768E-18   2.7769E-18   0.99998
FLUX  116    84.50        3.547840E+15   3.8045E-18   3.8046E-18   0.99998
FLUX  117    85.50        3.506345E+15   5.1696E-18   5.1698E-18   0.99997
FLUX  118    86.50        3.465809E+15   6.9686E-18   6.9687E-18   0.99998
FLUX  119    87.50        3.426200E+15   9.3183E-18   9.3215E-18   0.99965
FLUX  120    88.50        3.387486E+15   1.2377E-17   1.2378E-17   0.99998
FLUX  121    89.50        3.349637E+15   1.6318E-17   1.6319E-17   0.99998
FLUX  122    90.50        3.312624E+15   2.1357E-17   2.1366E-17   0.99960
FLUX  123    91.50        3.276421E+15   1.2545E-14   1.1716E-13   0.10708
FLUX  124    92.50        3.241000E+15   8.2310E-14   1.5427E-13   0.53354
FLUX  125    93.50        3.206337E+15   1.2976E-13   1.9980E-13   0.64946
FLUX  126    94.50        3.172407E+15   1.9707E-13   2.5624E-13   0.76910
FLUX  127    95.50        3.139188E+15   2.7680E-13   3.2710E-13   0.84622
FLUX  128    96.50        3.106658E+15   3.6886E-13   4.1115E-13   0.89715
FLUX  129    97.50        3.074795E+15   3.8760E-13   5.0953E-13   0.76070
FLUX  130    98.50        3.043579E+15   5.8370E-13   6.5064E-13   0.89711
FLUX  131    99.50        3.012990E+15   7.0998E-13   8.0814E-13   0.87854
FLUX  132   100.50        2.983010E+15   9.3073E-13   9.9670E-13   0.93381
FLUX  133   101.50        2.953621E+15   1.1168E-12   1.2107E-12   0.92248
FLUX  134   102.50        2.924805E+15   1.0785E-12   1.5142E-12   0.71224
FLUX  135   103.50        2.896546E+15   1.6867E-12   1.8463E-12   0.91354
FLUX  136   104.50        2.868828E+15   2.1506E-12   2.2606E-12   0.95133
FLUX  137   105.50        2.841635E+15   2.6085E-12   2.7578E-12   0.94589
FLUX  138   106.50        2.814953E+15   3.1427E-12   3.3594E-12   0.93549
FLUX  139   107.50        2.788767E+15   3.8856E-12   4.0858E-12   0.95098
FLUX  140   108.50        2.763065E+15   4.7602E-12   4.9540E-12   0.96090
FLUX  141   109.50        2.737831E+15   5.6278E-12   5.9797E-12   0.94116
FLUX  142   110.50        2.713054E+15   1.1119E-11   3.8119E-11   0.29168
FLUX  143   111.50        2.688722E+15   2.2866E-11   4.7864E-11   0.47774
FLUX  144   112.50        2.664822E+15   2.8984E-11   5.8553E-11   0.49500
FLUX  145   113.50        2.641344E+15   3.9299E-11   6.9920E-11   0.56205
FLUX  146   114.50        2.618275E+15   4.6875E-11   8.0774E-11   0.58033
FLUX  147   115.50        2.595606E+15   5.0391E-11   9.0057E-11   0.55955
FLUX  148   116.50        2.573326E+15   6.1104E-11   9.6264E-11   0.63475
FLUX  149   117.50        2.551426E+15   6.7992E-11   9.7503E-11   0.69733
FLUX  150   118.50        2.529895E+15   7.1236E-11   1.7916E-10   0.39761
FLUX  151   119.50        2.508724E+15   4.7585E-11   2.0521E-10   0.23188
FLUX  152   120.50        2.487905E+15   3.5252E-11   2.3368E-10   0.15086
FLUX  153   121.50        2.467428E+15   1.0153E-11   2.6490E-10   0.03833
FLUX  154   122.50        2.447286E+15   4.1373E-11   3.0582E-10   0.13529
FLUX  155   123.50        2.427470E+15   9.3241E-11   3.4417E-10   0.27092
FLUX  156   124.50        2.407972E+15   1.4730E-10   1.8659E-10   0.78945
FLUX  157   125.50        2.388785E+15   2.1325E-10   3.4937E-10   0.61038
FLUX  158   126.50        2.369901E+15   2.5653E-10   6.9710E-10   0.36799
FLUX  159   127.50        2.351314E+15   3.3034E-10   1.2000E-09   0.27529
FLUX  160   128.50        2.333016E+15   4.6362E-10   2.0559E-09   0.22551
FLUX  161   129.50        2.315000E+15   5.6387E-10   3.0724E-09   0.18353
FLUX  162   130.50        2.297261E+15   6.5925E-10   4.1634E-09   0.15834
FLUX  163   131.50        2.279791E+15   7.9708E-10   5.3685E-09   0.14847
FLUX  164   132.50        2.262585E+15   9.4502E-10   6.5739E-09   0.14375
FLUX  165   133.50        2.245637E+15   1.0820E-09   7.6110E-09   0.14216
FLUX  166   134.50        2.228941E+15   1.2846E-09   8.6364E-09   0.14874
FLUX  167   135.50        2.212491E+15   1.4039E-09   9.7784E-09   0.14357
FLUX  168   136.50        2.196282E+15   1.6450E-09   1.1034E-08   0.14909
FLUX  169   137.50        2.180309E+15   1.8220E-09   1.2214E-08   0.14917
FLUX  170   138.50        2.164567E+15   1.9856E-09   1.3357E-08   0.14866
FLUX  171   139.50        2.149050E+15   2.2584E-09   1.4440E-08   0.15640
FLUX  172   140.50        2.133754E+15   2.4894E-09   1.5504E-08   0.16057
FLUX  173   141.50        2.118675E+15   2.8642E-09   1.6531E-08   0.17326
FLUX  174   142.50        2.103807E+15   3.1020E-09   1.7640E-08   0.17585
FLUX  175   143.50        2.089146E+15   3.2987E-09   1.8655E-08   0.17683
FLUX  176   144.20        2.079005E+15   3.8289E-09   1.9377E-08   0.19760
FLUX  177   144.70        2.071821E+15   3.8297E-09   2.2528E-08   0.17000
FLUX  178   145.50        2.060430E+15   4.3212E-09   2.3402E-08   0.18465
FLUX  179   146.50        2.046365E+15   4.4708E-09   2.4491E-08   0.18255
FLUX  180   147.50        2.032492E+15   4.9850E-09   2.5542E-08   0.19517
FLUX  181   148.50        2.018805E+15   5.4687E-09   2.6559E-08   0.20590
FLUX  182   149.50        2.005301E+15   6.0748E-09   2.7564E-08   0.22039
FLUX  183   150.50        1.991977E+15   6.7615E-09   2.8532E-08   0.23698
FLUX  184   151.20        1.982755E+15   7.1204E-09   2.9210E-08   0.24376
FLUX  185   151.70        1.976220E+15   7.2836E-09   6.3664E-08   0.11441
FLUX  186   152.50        1.965852E+15   7.8442E-09   3.3379E-07   0.02350
FLUX  187   153.50        1.953046E+15   9.0358E-09   6.7973E-07   0.01329
FLUX  188   154.50        1.940405E+15   9.8111E-09   7.0896E-07   0.01384
FLUX  189   155.50        1.927926E+15   1.0233E-08   7.3792E-07   0.01387
FLUX  190   156.50        1.915607E+15   9.7991E-09   7.6734E-07   0.01277
FLUX  191   157.50        1.903444E+15   1.1336E-08   8.1886E-07   0.01384
FLUX  192   158.50        1.891435E+15   1.2214E-08   8.4978E-07   0.01437
FLUX  193   159.50        1.879577E+15   1.3320E-08   8.8097E-07   0.01512
FLUX  194   160.50        1.867866E+15   1.3982E-08   9.1203E-07   0.01533
FLUX  195   161.50        1.856300E+15   1.6023E-08   9.4280E-07   0.01700
FLUX  196   162.50        1.844877E+15   1.8787E-08   9.8382E-07   0.01910
FLUX  197   163.50        1.833593E+15   2.8310E-08   1.0153E-06   0.02788
FLUX  198   164.50        1.822447E+15   6.9260E-08   1.0467E-06   0.06617
FLUX  199   165.50        1.811435E+15   8.3026E-08   1.0784E-06   0.07699
FLUX  200   166.50        1.800556E+15   2.6157E-07   1.1101E-06   0.23563
FLUX  201   167.20        1.793017E+15   2.4649E-07   1.1323E-06   0.21768
FLUX  202   167.70        1.787671E+15   4.2748E-07   1.3912E-06   0.30728
FLUX  203   168.50        1.779184E+15   6.1049E-07   1.5690E-06   0.38910
FLUX  204   169.50        1.768687E+15   5.5193E-07   1.6102E-06   0.34278
FLUX  205   170.50        1.758314E+15   7.2735E-07   1.6517E-06   0.44038
FLUX  206   171.50        1.748061E+15   9.6421E-07   1.7081E-06   0.56448
FLUX  207   172.50        1.737928E+15   1.0346E-06   1.7506E-06   0.59100
FLUX  208   173.50        1.727911E+15   1.2607E-06   1.7926E-06   0.70331
FLUX  209   174.50        1.718009E+15   1.2434E-06   1.8353E-06   0.67748
FLUX  210   175.50        1.708219E+15   1.4668E-06   1.8775E-06   0.78122
FLUX  211   176.50        1.698541E+15   1.1156E-06   1.9197E-06   0.58114
FLUX  212   177.50        1.688972E+15   1.4306E-06   1.9621E-06   0.72911
FLUX  213   178.50        1.679510E+15   1.5386E-06   2.0046E-06   0.76755
FLUX  214   179.50        1.670153E+15   1.7590E-06   2.0471E-06   0.85924
FLUX  215   180.50        1.660900E+15   1.5894E-06   2.0899E-06   0.76053
FLUX  216   181.50        1.651749E+15   1.6575E-06   2.1327E-06   0.77717
FLUX  217   182.50        1.642699E+15   1.5362E-06   2.1757E-06   0.70604
FLUX  218   183.50        1.633747E+15   1.6450E-06   2.2188E-06   0.74140
FLUX  219   184.50        1.624892E+15   1.4065E-06   2.2622E-06   0.62173
FLUX  220   185.50        1.616132E+15   1.5865E-06   2.3059E-06   0.68804
FLUX  221   186.50        1.607466E+15   1.7950E-06   2.3494E-06   0.76400
FLUX  222   187.50        1.598893E+15   1.8054E-06   2.3969E-06   0.75323
FLUX  223   188.50        1.590411E+15   1.8637E-06   2.4404E-06   0.76367
FLUX  224   189.50        1.582018E+15   1.9623E-06   2.4840E-06   0.78995
FLUX  225   190.50        1.573714E+15   1.8764E-06   2.5275E-06   0.74239
FLUX  226   191.50        1.565496E+15   2.0802E-06   2.5711E-06   0.80909
FLUX  227   192.50        1.557364E+15   2.1411E-06   2.6146E-06   0.81890
FLUX  228   193.50        1.549315E+15   1.8478E-06   2.6582E-06   0.69513
FLUX  229   194.50        1.541350E+15   2.2878E-06   2.7016E-06   0.84683
FLUX  230   195.50        1.533465E+15   2.3285E-06   2.7446E-06   0.84841
FLUX  231   196.70        1.524110E+15   2.5193E-06   2.7962E-06   0.90097
FLUX  232   197.60        1.517169E+15   2.4592E-06   2.8455E-06   0.86423
FLUX  233   198.40        1.511051E+15   2.4237E-06   2.8803E-06   0.84148
FLUX  234   199.50        1.502719E+15   2.4321E-06   2.9337E-06   0.82905
FLUX  235   200.50        1.495224E+15   2.2958E-06   2.9776E-06   0.77104
FLUX  236   201.50        1.487804E+15   2.4125E-06   3.0215E-06   0.79844
FLUX  237   202.50        1.480457E+15   2.1891E-06   3.0654E-06   0.71412
FLUX  238   203.50        1.473182E+15   2.5353E-06   3.1092E-06   0.81539
FLUX  239   204.50        1.465978E+15   2.7397E-06   3.1531E-06   0.86888
FLUX  240   205.50        1.458844E+15   2.7011E-06   3.1970E-06   0.84489
FLUX  241   206.50        1.451780E+15   2.6750E-06   3.2407E-06   0.82544
FLUX  242   207.40        1.445480E+15   2.9706E-06   3.2800E-06   0.90567
FLUX  243   207.80        1.442697E+15   3.0153E-06   3.3961E-06   0.88785
FLUX  244   208.50        1.437854E+15   2.9893E-06   3.4289E-06   0.87181
FLUX  245   209.50        1.430990E+15   2.9014E-06   3.4756E-06   0.83480
FLUX  246   210.50        1.424192E+15   2.8161E-06   3.5223E-06   0.79952
FLUX  247   211.50        1.417459E+15   2.9371E-06   3.5689E-06   0.82296
FLUX  248   212.50        1.410788E+15   3.0139E-06   3.6155E-06   0.83360
FLUX  249   213.50        1.404180E+15   2.6456E-06   3.6620E-06   0.72245
FLUX  250   214.50        1.397634E+15   3.0373E-06   3.7085E-06   0.81901
FLUX  251   215.50        1.391148E+15   3.0136E-06   3.7549E-06   0.80256
FLUX  252   216.50        1.384723E+15   2.8400E-06   3.8014E-06   0.74709
FLUX  253   217.50        1.378356E+15   2.8458E-06   3.8477E-06   0.73963
FLUX  254   218.50        1.372048E+15   3.0706E-06   3.8935E-06   0.78865
FLUX  255   219.50        1.365797E+15   3.3394E-06   3.9394E-06   0.84771
FLUX  256   220.50        1.359603E+15   3.2334E-06   3.9853E-06   0.81134
FLUX  257   221.50        1.353465E+15   2.9900E-06   4.0314E-06   0.74167
FLUX  258   222.50        1.347382E+15   3.1222E-06   4.0781E-06   0.76559
FLUX  259   223.50        1.341353E+15   3.5632E-06   4.1242E-06   0.86398
FLUX  260   224.50        1.335379E+15   3.2701E-06   4.1702E-06   0.78415
FLUX  261   225.50        1.329457E+15   3.1370E-06   4.2202E-06   0.74333
FLUX  262   226.50        1.323587E+15   3.0622E-06   4.2661E-06   0.71781
FLUX  263   227.50        1.317769E+15   3.3365E-06   4.3118E-06   0.77381
FLUX  264   228.50        1.312002E+15   3.5083E-06   4.3574E-06   0.80515
FLUX  265   229.50        1.306285E+15   3.2596E-06   4.4029E-06   0.74034
FLUX  266   230.50        1.300618E+15   3.4413E-06   4.4483E-06   0.77364
FLUX  267   231.50        1.295000E+15   3.5047E-06   4.4936E-06   0.77993
FLUX  268   232.50        1.289430E+15   3.4857E-06   4.5389E-06   0.76797
FLUX  269   233.50        1.283908E+15   3.3665E-06   4.5850E-06   0.73424
FLUX  270   234.50        1.278433E+15   2.9332E-06   4.6298E-06   0.63354
FLUX  271   235.50        1.273004E+15   3.6557E-06   4.6742E-06   0.78209
FLUX  272   236.50        1.267622E+15   3.1588E-06   4.7185E-06   0.66945
FLUX  273   237.50        1.262284E+15   3.4981E-06   4.7628E-06   0.73447
FLUX  274   238.50        1.256992E+15   2.9122E-06   4.8070E-06   0.60583
FLUX  275   239.50        1.251743E+15   3.2714E-06   4.8511E-06   0.67436
FLUX  276   240.50        1.246538E+15   3.2249E-06   4.8951E-06   0.65880
FLUX  277   241.50        1.241377E+15   3.2458E-06   4.9390E-06   0.65717
FLUX  278   242.50        1.236258E+15   3.7090E-06   4.9828E-06   0.74434
FLUX  279   243.50        1.231181E+15   3.5838E-06   5.0266E-06   0.71297
FLUX  280   244.50        1.226145E+15   3.8406E-06   5.0717E-06   0.75727
FLUX  281   245.50        1.221151E+15   3.8261E-06   5.1152E-06   0.74799
FLUX  282   246.50        1.216197E+15   3.9014E-06   5.1586E-06   0.75629
FLUX  283   247.50        1.211283E+15   3.6721E-06   5.2021E-06   0.70589
FLUX  284   248.50        1.206408E+15   3.7000E-06   5.2456E-06   0.70535
FLUX  285   249.50        1.201573E+15   3.5991E-06   5.2890E-06   0.68048
FLUX  286   250.50        1.196776E+15   4.2116E-06   5.3334E-06   0.78966
FLUX  287   251.30        1.192967E+15   3.7561E-06   5.3679E-06   0.69974
FLUX  288   251.80        1.190598E+15   3.6848E-06   5.4428E-06   0.67701
FLUX  289   252.50        1.187297E+15   3.4858E-06   5.4734E-06   0.63686
FLUX  290   253.50        1.182613E+15   3.4481E-06   5.5174E-06   0.62495
FLUX  291   254.50        1.177967E+15   3.3327E-06   5.5609E-06   0.59932
FLUX  292   255.50        1.173356E+15   3.6889E-06   5.6040E-06   0.65825
FLUX  293   256.50        1.168782E+15   3.7803E-06   5.6470E-06   0.66943
FLUX  294   257.50        1.164243E+15   4.2565E-06   5.6900E-06   0.74806
FLUX  295   258.50        1.159739E+15   4.3729E-06   5.7328E-06   0.76278
FLUX  296   259.50        1.155270E+15   4.3572E-06   5.7756E-06   0.75442
FLUX  297   260.50        1.150835E+15   4.2098E-06   5.8183E-06   0.72355
FLUX  298   261.50        1.146434E+15   4.0541E-06   5.8608E-06   0.69173
FLUX  299   262.50        1.142067E+15   4.5718E-06   5.9032E-06   0.77447
FLUX  300   263.50        1.137732E+15   4.6554E-06   5.9459E-06   0.78296
FLUX  301   264.50        1.133431E+15   5.3016E-06   5.9881E-06   0.88535
FLUX  302   265.50        1.129162E+15   5.4064E-06   6.0303E-06   0.89654
FLUX  303   266.50        1.124925E+15   4.9682E-06   6.0723E-06   0.81817
FLUX  304   267.50        1.120720E+15   5.2438E-06   6.1143E-06   0.85763
FLUX  305   268.50        1.116546E+15   5.4388E-06   6.1561E-06   0.88348
FLUX  306   269.50        1.112403E+15   5.0030E-06   6.1978E-06   0.80722
FLUX  307   270.50        1.108290E+15   5.1739E-06   6.2399E-06   0.82917
FLUX  308   271.50        1.104208E+15   4.8565E-06   6.2811E-06   0.77319
FLUX  309   272.50        1.100156E+15   4.9364E-06   6.3222E-06   0.78081
FLUX  310   273.50        1.096133E+15   5.3122E-06   6.3632E-06   0.83483
FLUX  311   274.50        1.092140E+15   4.4893E-06   6.4042E-06   0.70100
FLUX  312   275.50        1.088176E+15   4.7790E-06   6.4449E-06   0.74152
FLUX  313   276.50        1.084241E+15   5.1386E-06   6.4854E-06   0.79232
FLUX  314   277.50        1.080333E+15   5.4679E-06   6.5259E-06   0.83788
FLUX  315   278.50        1.076454E+15   5.2419E-06   6.5663E-06   0.79831
FLUX  316   279.50        1.072603E+15   3.3253E-06   6.6065E-06   0.50333
FLUX  317   280.50        1.068779E+15   3.9902E-06   6.6467E-06   0.60034
FLUX  318   281.50        1.064982E+15   5.9455E-06   6.6868E-06   0.88914
FLUX  319   282.50        1.061212E+15   5.9910E-06   6.7267E-06   0.89062
FLUX  320   283.50        1.057469E+15   5.8712E-06   6.7666E-06   0.86767
FLUX  321   284.50        1.053752E+15   5.6596E-06   6.8064E-06   0.83150
FLUX  322   285.50        1.050061E+15   5.1224E-06   6.8461E-06   0.74822
FLUX  323   286.50        1.046396E+15   5.8803E-06   6.8857E-06   0.85399
FLUX  324   287.50        1.042757E+15   5.8625E-06   6.9253E-06   0.84654
FLUX  325   288.50        1.039142E+15   6.0193E-06   6.9647E-06   0.86426
FLUX  326   289.50        1.035553E+15   5.9376E-06   7.0038E-06   0.84778
FLUX  327   291.00        1.030215E+15   6.5165E-06   7.0625E-06   0.92269
FLUX  328   293.00        1.023183E+15   6.3630E-06   7.1401E-06   0.89116
FLUX  329   295.00        1.016246E+15   6.3851E-06   7.2174E-06   0.88468
FLUX  330   297.00        1.009402E+15   6.5680E-06   7.2938E-06   0.90049
FLUX  331   299.00        1.002651E+15   6.6437E-06   7.3698E-06   0.90147
FLUX  332   301.00        9.959884E+14   6.7486E-06   7.4456E-06   0.90639
FLUX  333   303.00        9.894142E+14   6.8516E-06   7.5210E-06   0.91100
FLUX  334   305.00        9.829262E+14   6.9604E-06   7.5959E-06   0.91633
FLUX  335   307.00        9.765228E+14   7.0873E-06   7.6702E-06   0.92401
FLUX  336   309.00        9.702023E+14   7.1727E-06   7.7443E-06   0.92619
FLUX  337   311.00        9.639630E+14   7.1854E-06   7.8177E-06   0.91911
FLUX  338   313.00        9.578035E+14   7.2798E-06   7.8907E-06   0.92258
FLUX  339   315.00        9.517222E+14   7.4772E-06   7.9634E-06   0.93895
FLUX  340   317.00        9.457177E+14   7.5343E-06   8.0354E-06   0.93764
FLUX  341   319.00        9.397884E+14   7.2910E-06   8.1071E-06   0.89933
FLUX  342   321.00        9.339330E+14   7.4852E-06   8.1784E-06   0.91524
FLUX  343   323.00        9.281502E+14   7.3319E-06   8.2492E-06   0.88879
FLUX  344   325.00        9.224385E+14   7.6473E-06   8.3197E-06   0.91918
FLUX  345   327.00        9.167966E+14   7.9071E-06   8.3897E-06   0.94247
FLUX  346   329.00        9.112234E+14   8.0392E-06   8.4594E-06   0.95033
FLUX  347   331.00        9.057175E+14   8.1733E-06   8.5287E-06   0.95832
FLUX  348   333.00        9.002778E+14   8.1195E-06   8.5975E-06   0.94440
FLUX  349   335.00        8.949030E+14   8.1182E-06   8.6660E-06   0.93679
FLUX  350   337.00        8.895920E+14   8.1393E-06   8.7338E-06   0.93194
FLUX  351   339.00        8.843437E+14   8.2030E-06   8.8011E-06   0.93205
FLUX  352   341.00        8.791569E+14   8.3191E-06   8.8680E-06   0.93810
FLUX  353   343.00        8.740306E+14   8.4467E-06   8.9345E-06   0.94540
FLUX  354   345.00        8.689638E+14   8.4648E-06   9.0005E-06   0.94047
FLUX  355   347.00        8.639553E+14   8.5142E-06   9.0660E-06   0.93913
FLUX  356   349.00        8.590043E+14   8.6265E-06   9.1311E-06   0.94473
FLUX  357   351.00        8.541097E+14   8.7879E-06   9.1959E-06   0.95563
FLUX  358   353.00        8.492705E+14   8.7886E-06   9.2603E-06   0.94906
FLUX  359   355.00        8.444859E+14   9.0126E-06   9.3243E-06   0.96657
FLUX  360   357.00        8.397549E+14   8.8338E-06   9.3877E-06   0.94100
FLUX  361   359.00        8.350766E+14   8.8665E-06   9.4507E-06   0.93819
FLUX  362   361.00        8.304501E+14   8.9730E-06   9.5133E-06   0.94321
FLUX  363   363.00        8.258747E+14   9.1301E-06   9.5751E-06   0.95352
FLUX  364   364.00        8.236058E+14   9.1190E-06   9.6062E-06   0.94928
FLUX  365   365.00        8.213493E+14   9.3833E-06   1.9884E-05   0.47190
FLUX  366   367.00        8.168733E+14   9.4765E-06   1.9956E-05   0.47486
FLUX  367   369.00        8.124458E+14   9.2751E-06   2.0028E-05   0.46312
FLUX  368   371.00        8.080660E+14   9.2689E-06   2.0097E-05   0.46120
FLUX  369   373.00        8.037332E+14   8.8572E-06   2.0165E-05   0.43923
FLUX  370   375.00        7.994467E+14   1.0099E-05   2.0232E-05   0.49918
FLUX  371   377.00        7.952056E+14   1.0506E-05   2.0299E-05   0.51756
FLUX  372   379.00        7.910092E+14   1.2214E-05   2.0363E-05   0.59981
FLUX  373   381.00        7.868570E+14   1.3901E-05   2.0425E-05   0.68055
FLUX  374   383.00        7.827480E+14   1.1474E-05   2.0486E-05   0.56010
FLUX  375   385.00        7.786818E+14   1.5355E-05   2.0546E-05   0.74736
FLUX  376   387.00        7.746576E+14   1.6868E-05   2.0604E-05   0.81867
FLUX  377   389.00        7.706748E+14   1.1187E-05   2.0661E-05   0.54144
FLUX  378   391.00        7.667327E+14   1.7287E-05   2.0717E-05   0.83444
FLUX  379   393.00        7.628308E+14   1.6795E-05   2.0772E-05   0.80855
FLUX  380   395.00        7.589684E+14   1.7696E-05   2.0824E-05   0.84978
FLUX  381   397.00        7.551448E+14   1.1181E-05   2.0876E-05   0.53561
FLUX  382   399.00        7.513596E+14   1.7770E-05   2.0926E-05   0.84918
FLUX  383   401.00        7.476122E+14   1.9696E-05   2.0976E-05   0.93899
FLUX  384   403.00        7.439020E+14   2.0020E-05   2.1023E-05   0.95228
FLUX  385   405.00        7.402284E+14   1.9975E-05   2.1069E-05   0.94811
FLUX  386   407.00        7.365909E+14   1.9266E-05   2.1113E-05   0.91256
FLUX  387   409.00        7.329890E+14   1.6265E-05   2.1155E-05   0.76881
FLUX  388   411.00        7.294221E+14   1.3192E-05   2.1197E-05   0.62236
FLUX  389   413.00        7.258898E+14   1.9265E-05   2.1238E-05   0.90712
FLUX  390   415.00        7.223916E+14   2.0247E-05   2.1277E-05   0.95158
FLUX  391   417.00        7.189269E+14   2.0667E-05   2.1316E-05   0.96954
FLUX  392   419.00        7.154952E+14   2.0566E-05   2.1353E-05   0.96314
FLUX  393   421.00        7.120962E+14   2.0694E-05   2.1389E-05   0.96750
FLUX  394   423.00        7.087293E+14   2.0481E-05   2.1425E-05   0.95593
FLUX  395   425.00        7.053941E+14   2.0707E-05   2.1460E-05   0.96490
FLUX  396   427.00        7.020902E+14   2.0621E-05   2.1494E-05   0.95938
FLUX  397   429.00        6.988170E+14   2.0530E-05   2.1526E-05   0.95370
FLUX  398   431.00        6.955742E+14   1.9489E-05   2.1558E-05   0.90400
FLUX  399   433.00        6.923614E+14   1.6068E-05   2.1589E-05   0.74428
FLUX  400   435.00        6.891782E+14   1.4188E-05   2.1619E-05   0.65626
FLUX  401   437.00        6.860240E+14   1.9961E-05   2.1648E-05   0.92208
FLUX  402   439.00        6.828986E+14   2.0728E-05   2.1676E-05   0.95626
FLUX  403   441.00        6.798016E+14   2.0929E-05   2.1703E-05   0.96432
FLUX  404   443.00        6.767325E+14   2.1137E-05   2.1729E-05   0.97274
FLUX  405   445.00        6.736910E+14   2.1237E-05   2.1755E-05   0.97622
FLUX  406   447.00        6.706767E+14   2.1307E-05   2.1779E-05   0.97832
FLUX  407   449.00        6.676893E+14   2.1381E-05   2.1802E-05   0.98067
FLUX  408   451.00        6.647284E+14   2.1596E-05   2.1825E-05   0.98950
FLUX  409   453.00        6.617936E+14   2.1429E-05   2.1847E-05   0.98087
FLUX  410   455.00        6.588846E+14   2.1398E-05   2.1868E-05   0.97853
FLUX  411   457.00        6.560011E+14   2.1693E-05   2.1888E-05   0.99111
FLUX  412   459.00        6.531427E+14   2.1603E-05   2.1907E-05   0.98609
FLUX  413   461.00        6.503091E+14   2.1775E-05   2.1926E-05   0.99310
FLUX  414   463.00        6.475000E+14   2.1697E-05   2.1944E-05   0.98877
FLUX  415   465.00        6.447151E+14   2.1796E-05   2.1961E-05   0.99248
FLUX  416   467.00        6.419540E+14   2.1867E-05   2.1977E-05   0.99500
FLUX  417   469.00        6.392164E+14   2.1729E-05   2.1992E-05   0.98805
FLUX  418   471.00        6.365021E+14   2.1369E-05   2.2006E-05   0.97105
FLUX  419   473.00        6.338108E+14   2.1836E-05   2.2019E-05   0.99167
FLUX  420   475.00        6.311421E+14   2.1844E-05   2.2032E-05   0.99150
FLUX  421   477.00        6.284958E+14   2.1806E-05   2.2044E-05   0.98922
FLUX  422   479.00        6.258716E+14   2.1695E-05   2.2055E-05   0.98370
FLUX  423   481.00        6.232692E+14   2.1458E-05   2.2065E-05   0.97246
FLUX  424   483.00        6.206884E+14   2.0684E-05   2.2075E-05   0.93698
FLUX  425   485.00        6.181289E+14   1.7232E-05   2.2085E-05   0.78029
FLUX  426   487.00        6.155903E+14   1.4499E-05   2.2093E-05   0.65627
FLUX  427   489.00        6.130726E+14   2.0185E-05   2.2101E-05   0.91330
FLUX  428   491.00        6.105754E+14   2.1337E-05   2.2108E-05   0.96512
FLUX  429   493.00        6.080984E+14   2.1443E-05   2.2114E-05   0.96964
FLUX  430   495.00        6.056414E+14   2.1715E-05   2.2120E-05   0.98170
FLUX  431   497.00        6.032042E+14   2.1949E-05   2.2125E-05   0.99203
FLUX  432   499.00        6.007866E+14   2.1819E-05   2.2130E-05   0.98594
FLUX  433   501.00        5.983882E+14   2.1647E-05   2.2134E-05   0.97800
FLUX  434   503.00        5.960089E+14   2.1975E-05   2.2138E-05   0.99263
FLUX  435   505.00        5.936485E+14   2.1909E-05   2.2141E-05   0.98954
FLUX  436   507.00        5.913067E+14   2.2034E-05   2.2143E-05   0.99505
FLUX  437   509.00        5.889833E+14   2.2002E-05   2.2145E-05   0.99355
FLUX  438   511.00        5.866781E+14   2.2051E-05   2.2147E-05   0.99567
FLUX  439   513.00        5.843908E+14   2.1988E-05   2.2148E-05   0.99279
FLUX  440   515.00        5.821214E+14   2.1893E-05   2.2148E-05   0.98847
FLUX  441   517.00        5.798694E+14   2.1495E-05   2.2148E-05   0.97053
FLUX  442   519.00        5.776349E+14   2.1607E-05   2.2148E-05   0.97558
FLUX  443   521.00        5.754175E+14   2.1806E-05   2.2147E-05   0.98461
FLUX  444   523.00        5.732170E+14   2.1777E-05   2.2145E-05   0.98338
FLUX  445   525.00        5.710333E+14   2.2068E-05   2.2143E-05   0.99661
FLUX  446   527.00        5.688662E+14   2.1636E-05   2.2141E-05   0.97720
FLUX  447   529.00        5.667155E+14   2.2014E-05   2.2138E-05   0.99441
FLUX  448   531.00        5.645810E+14   2.2000E-05   2.2134E-05   0.99392
FLUX  449   533.00        5.624625E+14   2.1749E-05   2.2130E-05   0.98281
FLUX  450   535.00        5.603598E+14   2.2008E-05   2.2125E-05   0.99474
FLUX  451   537.00        5.582728E+14   2.1895E-05   2.2120E-05   0.98984
FLUX  452   539.00        5.562013E+14   2.1925E-05   2.2114E-05   0.99146
FLUX  453   541.00        5.541451E+14   2.1789E-05   2.2108E-05   0.98558
FLUX  454   543.00        5.521041E+14   2.1901E-05   2.2102E-05   0.99093
FLUX  455   545.00        5.500780E+14   2.1913E-05   2.2095E-05   0.99174
FLUX  456   547.00        5.480667E+14   2.1942E-05   2.2088E-05   0.99342
FLUX  457   549.00        5.460701E+14   2.1991E-05   2.2080E-05   0.99598
FLUX  458   551.00        5.440880E+14   2.2006E-05   2.2072E-05   0.99700
FLUX  459   553.00        5.421203E+14   2.1947E-05   2.2064E-05   0.99472
FLUX  460   555.00        5.401667E+14   2.2014E-05   2.2055E-05   0.99813
FLUX  461   557.00        5.382271E+14   2.1918E-05   2.2046E-05   0.99419
FLUX  462   559.00        5.363014E+14   2.1863E-05   2.2037E-05   0.99213
FLUX  463   561.00        5.343895E+14   2.1905E-05   2.2027E-05   0.99448
FLUX  464   563.00        5.324911E+14   2.1970E-05   2.2017E-05   0.99787
FLUX  465   565.00        5.306062E+14   2.1961E-05   2.2006E-05   0.99795
FLUX  466   567.00        5.287346E+14   2.1913E-05   2.1996E-05   0.99624
FLUX  467   569.00        5.268761E+14   2.1934E-05   2.1984E-05   0.99771
FLUX  468   571.00        5.250306E+14   2.1908E-05   2.1973E-05   0.99707
FLUX  469   573.00        5.231981E+14   2.1954E-05   2.1961E-05   0.99971
FLUX  470   575.00        5.213783E+14   2.1913E-05   2.1948E-05   0.99841
FLUX  471   577.00        5.195711E+14   2.1913E-05   2.1935E-05   0.99901
FLUX  472   579.00        5.177763E+14   2.1893E-05   2.1922E-05   0.99871
FLUX  473   581.00        5.159940E+14   2.1891E-05   2.1908E-05   0.99923
FLUX  474   583.00        5.142238E+14   2.1886E-05   2.1894E-05   0.99965
FLUX  475   585.00        5.124658E+14   2.1848E-05   2.1880E-05   0.99856
FLUX  476   587.00        5.107198E+14   2.1837E-05   2.1865E-05   0.99869
FLUX  477   589.00        5.089856E+14   2.1607E-05   2.1851E-05   0.98887
FLUX  478   591.00        5.072631E+14   2.1813E-05   2.1835E-05   0.99897
FLUX  479   593.00        5.055523E+14   2.1798E-05   2.1820E-05   0.99896
FLUX  480   595.00        5.038529E+14   2.1788E-05   2.1805E-05   0.99925
FLUX  481   597.00        5.021650E+14   2.1775E-05   2.1789E-05   0.99935
FLUX  482   599.00        5.004883E+14   2.1750E-05   2.1773E-05   0.99898
FLUX  483   601.00        4.988228E+14   2.1721E-05   2.1756E-05   0.99838
FLUX  484   603.00        4.971683E+14   2.1700E-05   2.1740E-05   0.99815
FLUX  485   605.00        4.955248E+14   2.1710E-05   2.1723E-05   0.99940
FLUX  486   607.00        4.938921E+14   2.1701E-05   2.1706E-05   0.99976
FLUX  487   609.00        4.922701E+14   2.1671E-05   2.1689E-05   0.99920
FLUX  488   611.00        4.906588E+14   2.1642E-05   2.1671E-05   0.99867
FLUX  489   613.00        4.890579E+14   2.1547E-05   2.1653E-05   0.99509
FLUX  490   615.00        4.874675E+14   2.1548E-05   2.1635E-05   0.99599
FLUX  491   617.00        4.858874E+14   2.1485E-05   2.1616E-05   0.99391
FLUX  492   619.00        4.843174E+14   2.1581E-05   2.1598E-05   0.99922
FLUX  493   621.00        4.827576E+14   2.1568E-05   2.1579E-05   0.99949
FLUX  494   623.00        4.812079E+14   2.1513E-05   2.1560E-05   0.99784
FLUX  495   625.00        4.796680E+14   2.1435E-05   2.1541E-05   0.99510
FLUX  496   627.00        4.781380E+14   2.1510E-05   2.1521E-05   0.99949
FLUX  497   629.00        4.766176E+14   2.1493E-05   2.1502E-05   0.99961
FLUX  498   631.00        4.751070E+14   2.1438E-05   2.1482E-05   0.99797
FLUX  499   633.00        4.736058E+14   2.1430E-05   2.1462E-05   0.99852
FLUX  500   635.00        4.721142E+14   2.1391E-05   2.1441E-05   0.99766
FLUX  501   637.00        4.706319E+14   2.1372E-05   2.1421E-05   0.99772
FLUX  502   639.00        4.691588E+14   2.1370E-05   2.1400E-05   0.99857
FLUX  503   641.00        4.676950E+14   2.1269E-05   2.1379E-05   0.99485
FLUX  504   643.00        4.662403E+14   2.1261E-05   2.1358E-05   0.99544
FLUX  505   645.00        4.647946E+14   2.1146E-05   2.1337E-05   0.99105
FLUX  506   647.00        4.633578E+14   2.1122E-05   2.1316E-05   0.99089
FLUX  507   649.00        4.619299E+14   2.0976E-05   2.1294E-05   0.98503
FLUX  508   651.00        4.605108E+14   2.0810E-05   2.1273E-05   0.97824
FLUX  509   653.00        4.591003E+14   2.0234E-05   2.1251E-05   0.95213
FLUX  510   655.00        4.576985E+14   1.8006E-05   2.1230E-05   0.84817
FLUX  511   657.00        4.563052E+14   1.4933E-05   2.1207E-05   0.70416
FLUX  512   659.00        4.549203E+14   1.9563E-05   2.1185E-05   0.92344
FLUX  513   661.00        4.535439E+14   2.0548E-05   2.1163E-05   0.97094
FLUX  514   663.00        4.521757E+14   2.0838E-05   2.1140E-05   0.98570
FLUX  515   665.00        4.508158E+14   2.0943E-05   2.1117E-05   0.99173
FLUX  516   667.00        4.494640E+14   2.0971E-05   2.1094E-05   0.99416
FLUX  517   669.00        4.481203E+14   2.0996E-05   2.1071E-05   0.99647
FLUX  518   671.00        4.467846E+14   2.0986E-05   2.1047E-05   0.99707
FLUX  519   673.00        4.454569E+14   2.1004E-05   2.1024E-05   0.99904
FLUX  520   675.00        4.441370E+14   2.0969E-05   2.1000E-05   0.99850
FLUX  521   677.00        4.428250E+14   2.0966E-05   2.0976E-05   0.99950
FLUX  522   679.00        4.415206E+14   2.0942E-05   2.0953E-05   0.99949
FLUX  523   681.00        4.402239E+14   2.0916E-05   2.0929E-05   0.99939
FLUX  524   683.00        4.389348E+14   2.0890E-05   2.0904E-05   0.99931
FLUX  525   685.00        4.376533E+14   2.0859E-05   2.0880E-05   0.99901
FLUX  526   687.00        4.363792E+14   2.0847E-05   2.0856E-05   0.99956
FLUX  527   689.00        4.351125E+14   2.0824E-05   2.0831E-05   0.99969
FLUX  528   691.00        4.338531E+14   2.0799E-05   2.0806E-05   0.99967
FLUX  529   693.00        4.326010E+14   2.0772E-05   2.0781E-05   0.99954
FLUX  530   695.00        4.313561E+14   2.0749E-05   2.0756E-05   0.99964
FLUX  531   697.00        4.301184E+14   2.0724E-05   2.0731E-05   0.99964
FLUX  532   699.00        4.288877E+14   2.0701E-05   2.0706E-05   0.99974
FLUX  533   701.00        4.276641E+14   2.0652E-05   2.0681E-05   0.99862
FLUX  534   703.00        4.264474E+14   2.0640E-05   2.0656E-05   0.99922
FLUX  535   705.00        4.252376E+14   2.0623E-05   2.0630E-05   0.99965
FLUX  536   707.00        4.240347E+14   2.0597E-05   2.0605E-05   0.99963
FLUX  537   709.00        4.228385E+14   2.0573E-05   2.0579E-05   0.99969
FLUX  538   711.00        4.216491E+14   2.0488E-05   2.0553E-05   0.99682
FLUX  539   713.00        4.204663E+14   2.0502E-05   2.0528E-05   0.99873
FLUX  540   715.00        4.192902E+14   2.0474E-05   2.0502E-05   0.99864
FLUX  541   717.00        4.181206E+14   2.0450E-05   2.0476E-05   0.99875
FLUX  542   719.00        4.169576E+14   2.0411E-05   2.0450E-05   0.99809
FLUX  543   721.00        4.158010E+14   2.0397E-05   2.0423E-05   0.99871
FLUX  544   723.00        4.146508E+14   2.0379E-05   2.0397E-05   0.99910
FLUX  545   725.00        4.135069E+14   2.0353E-05   2.0371E-05   0.99911
FLUX  546   727.00        4.123693E+14   2.0334E-05   2.0345E-05   0.99948
FLUX  547   729.00        4.112380E+14   2.0279E-05   2.0318E-05   0.99809
FLUX  548   731.00        4.101129E+14   2.0273E-05   2.0293E-05   0.99905
FLUX  549   733.00        4.089939E+14   2.0238E-05   2.0266E-05   0.99865
FLUX  550   735.00        4.078810E+14   2.0230E-05   2.0239E-05   0.99958
FLUX  551   737.00        4.067741E+14   2.0205E-05   2.0212E-05   0.99967
FLUX  552   739.00        4.056732E+14   2.0158E-05   2.0185E-05   0.99866
FLUX  553   741.00        4.045783E+14   2.0104E-05   2.0158E-05   0.99731
FLUX  554   743.00        4.034892E+14   2.0093E-05   2.0131E-05   0.99813
FLUX  555   745.00        4.024060E+14   2.0078E-05   2.0104E-05   0.99871
FLUX  556   747.00        4.013286E+14   2.0045E-05   2.0076E-05   0.99842
FLUX  557   749.00        4.002570E+14   2.0007E-05   2.0049E-05   0.99791
FLUX  558   751.00        3.991911E+14   1.9999E-05   2.0022E-05   0.99885
FLUX  559   753.00        3.981308E+14   1.9980E-05   1.9994E-05   0.99929
FLUX  560   755.00        3.970762E+14   1.9962E-05   1.9967E-05   0.99976
FLUX  561   757.00        3.960271E+14   1.9930E-05   1.9939E-05   0.99951
FLUX  562   759.00        3.949835E+14   1.9902E-05   1.9912E-05   0.99953
FLUX  563   761.00        3.939455E+14   1.9874E-05   1.9884E-05   0.99951
FLUX  564   763.00        3.929128E+14   1.9847E-05   1.9856E-05   0.99955
FLUX  565   765.00        3.918856E+14   1.9817E-05   1.9829E-05   0.99939
FLUX  566   767.00        3.908638E+14   1.9763E-05   1.9801E-05   0.99808
FLUX  567   769.00        3.898472E+14   1.9754E-05   1.9773E-05   0.99901
FLUX  568   771.00        3.888359E+14   1.9722E-05   1.9745E-05   0.99881
FLUX  569   773.00        3.878299E+14   1.9710E-05   1.9718E-05   0.99963
FLUX  570   775.00        3.868290E+14   1.9667E-05   1.9690E-05   0.99886
FLUX  571   777.00        3.858333E+14   1.9505E-05   1.9662E-05   0.99205
FLUX  572   779.00        3.848427E+14   1.9629E-05   1.9634E-05   0.99979
FLUX  573   781.00        3.838572E+14   1.9599E-05   1.9605E-05   0.99966
FLUX  574   783.00        3.828768E+14   1.9554E-05   1.9577E-05   0.99883
FLUX  575   785.00        3.819013E+14   1.9523E-05   1.9549E-05   0.99869
FLUX  576   787.00        3.809307E+14   1.9500E-05   1.9521E-05   0.99892
FLUX  577   789.00        3.799651E+14   1.9470E-05   1.9492E-05   0.99884
FLUX  578   791.00        3.790044E+14   1.9446E-05   1.9464E-05   0.99908
FLUX  579   793.00        3.780485E+14   1.9387E-05   1.9436E-05   0.99749
FLUX  580   795.00        3.770975E+14   1.9365E-05   1.9407E-05   0.99783
FLUX  581   797.00        3.761512E+14   1.9374E-05   1.9379E-05   0.99976
FLUX  582   799.00        3.752096E+14   1.9332E-05   1.9350E-05   0.99903
FLUX  583   801.00        3.742728E+14   1.9306E-05   1.9322E-05   0.99919
FLUX  584   803.00        3.733406E+14   1.9278E-05   1.9293E-05   0.99923
FLUX  585   805.00        3.724130E+14   1.9251E-05   1.9265E-05   0.99928
FLUX  586   807.00        3.714901E+14   1.9228E-05   1.9236E-05   0.99960
FLUX  587   809.00        3.705717E+14   1.9190E-05   1.9207E-05   0.99911
FLUX  588   811.00        3.696578E+14   1.9174E-05   1.9179E-05   0.99973
FLUX  589   813.00        3.687485E+14   1.9149E-05   1.9150E-05   0.99993
FLUX  590   815.00        3.678436E+14   1.9119E-05   1.9121E-05   0.99989
FLUX  591   817.00        3.669431E+14   1.9090E-05   1.9093E-05   0.99984
FLUX  592   819.00        3.660470E+14   1.8976E-05   1.9064E-05   0.99536
FLUX  593   821.00        3.651553E+14   1.9010E-05   2.0105E-05   0.94555
FLUX  594   823.00        3.642679E+14   1.8964E-05   2.0075E-05   0.94468
FLUX  595   825.00        3.633848E+14   1.8954E-05   2.0045E-05   0.94553
FLUX  596   827.00        3.625060E+14   1.8971E-05   2.0016E-05   0.94780
FLUX  597   829.00        3.616315E+14   1.8944E-05   1.9986E-05   0.94787
FLUX  598   831.00        3.607611E+14   1.8907E-05   1.9957E-05   0.94742
FLUX  599   833.00        3.598950E+14   1.8802E-05   1.9927E-05   0.94351
FLUX  600   835.00        3.590329E+14   1.8863E-05   1.9898E-05   0.94800
FLUX  601   837.00        3.581750E+14   1.8843E-05   1.9868E-05   0.94842
FLUX  602   839.00        3.573212E+14   1.8788E-05   1.9839E-05   0.94704
FLUX  603   841.00        3.564715E+14   1.8781E-05   1.9809E-05   0.94808
FLUX  604   843.00        3.556257E+14   1.8743E-05   1.9779E-05   0.94761
FLUX  605   845.00        3.547840E+14   1.8647E-05   1.9750E-05   0.94416
FLUX  606   847.00        3.539463E+14   1.8630E-05   1.9720E-05   0.94471
FLUX  607   849.00        3.531125E+14   1.8661E-05   1.9691E-05   0.94767
FLUX  608   851.00        3.522826E+14   1.8310E-05   1.9661E-05   0.93127
FLUX  609   853.00        3.514566E+14   1.8618E-05   1.9632E-05   0.94836
FLUX  610   855.00        3.506345E+14   1.7784E-05   1.9602E-05   0.90725
FLUX  611   857.00        3.498162E+14   1.8645E-05   1.9573E-05   0.95258
FLUX  612   859.00        3.490017E+14   1.8289E-05   1.9543E-05   0.93581
FLUX  613   861.00        3.481911E+14   1.8170E-05   1.9514E-05   0.93112
FLUX  614   863.00        3.473841E+14   1.8645E-05   1.9484E-05   0.95692
FLUX  615   865.00        3.465809E+14   1.8383E-05   1.9455E-05   0.94489
FLUX  616   867.00        3.457814E+14   1.7039E-05   1.9426E-05   0.87714
FLUX  617   869.00        3.449856E+14   1.8423E-05   1.9396E-05   0.94984
FLUX  618   871.00        3.441935E+14   1.8677E-05   1.9367E-05   0.96439
FLUX  619   873.00        3.434049E+14   1.8379E-05   1.9337E-05   0.95042
FLUX  620   875.00        3.426200E+14   1.6636E-05   1.9308E-05   0.86162
FLUX  621   877.00        3.418387E+14   1.8048E-05   1.9279E-05   0.93618
FLUX  622   879.00        3.410609E+14   1.8636E-05   1.9249E-05   0.96815
FLUX  623   881.00        3.402866E+14   1.8635E-05   1.9220E-05   0.96954
FLUX  624   883.00        3.395159E+14   1.8487E-05   1.9191E-05   0.96334
FLUX  625   885.00        3.387486E+14   1.7504E-05   1.9161E-05   0.91348
FLUX  626   887.00        3.379848E+14   1.5963E-05   1.9132E-05   0.83437
FLUX  627   889.00        3.372244E+14   1.8130E-05   1.9103E-05   0.94905
FLUX  628   891.00        3.364675E+14   1.8562E-05   1.9074E-05   0.97318
FLUX  629   893.00        3.357139E+14   1.8654E-05   1.9045E-05   0.97949
FLUX  630   895.00        3.349637E+14   1.8692E-05   1.9015E-05   0.98300
FLUX  631   897.00        3.342168E+14   1.8522E-05   1.8986E-05   0.97555
FLUX  632   899.00        3.334733E+14   1.8006E-05   1.8957E-05   0.94984
FLUX  633   901.00        3.327331E+14   1.5644E-05   1.8928E-05   0.82649
FLUX  634   903.00        3.319961E+14   1.6718E-05   1.8899E-05   0.88461
FLUX  635   905.00        3.312624E+14   1.8124E-05   1.8870E-05   0.96049
FLUX  636   907.00        3.305320E+14   1.8316E-05   1.8841E-05   0.97214
FLUX  637   909.00        3.298047E+14   1.8289E-05   1.8811E-05   0.97225
FLUX  638   911.00        3.290807E+14   1.8521E-05   1.8782E-05   0.98608
FLUX  639   913.00        3.283598E+14   1.8591E-05   1.8753E-05   0.99133
FLUX  640   915.00        3.276421E+14   1.8532E-05   1.8724E-05   0.98973
FLUX  641   917.00        3.269275E+14   1.8396E-05   1.8696E-05   0.98398
FLUX  642   919.00        3.262160E+14   1.8105E-05   1.8667E-05   0.96992
FLUX  643   921.00        3.255076E+14   1.7244E-05   1.8638E-05   0.92520
FLUX  644   923.00        3.248023E+14   1.4599E-05   1.8609E-05   0.78454
FLUX  645   925.00        3.241000E+14   1.6940E-05   1.8580E-05   0.91176
FLUX  646   927.00        3.234008E+14   1.7867E-05   1.8551E-05   0.96309
FLUX  647   929.00        3.227045E+14   1.8215E-05   1.8523E-05   0.98338
FLUX  648   931.00        3.220113E+14   1.8317E-05   1.8494E-05   0.99043
FLUX  649   933.00        3.213210E+14   1.8346E-05   1.8465E-05   0.99353
FLUX  650   935.00        3.206337E+14   1.8349E-05   1.8437E-05   0.99526
FLUX  651   937.00        3.199493E+14   1.8338E-05   1.8408E-05   0.99617
FLUX  652   939.00        3.192678E+14   1.8305E-05   1.8379E-05   0.99594
FLUX  653   941.00        3.185893E+14   1.8047E-05   1.8351E-05   0.98341
FLUX  654   943.00        3.179136E+14   1.8205E-05   1.8322E-05   0.99357
FLUX  655   945.00        3.172407E+14   1.8155E-05   1.8294E-05   0.99242
FLUX  656   947.00        3.165707E+14   1.8080E-05   1.8265E-05   0.98986
FLUX  657   949.00        3.159036E+14   1.7918E-05   1.8237E-05   0.98252
FLUX  658   951.00        3.152392E+14   1.7563E-05   1.8209E-05   0.96455
FLUX  659   953.00        3.145776E+14   1.6570E-05   1.8180E-05   0.91141
FLUX  660   955.00        3.139188E+14   1.4100E-05   1.8152E-05   0.77678
FLUX  661   957.00        3.132628E+14   1.6744E-05   1.8124E-05   0.92387
FLUX  662   959.00        3.126095E+14   1.7524E-05   1.8095E-05   0.96843
FLUX  663   961.00        3.119589E+14   1.7740E-05   1.8067E-05   0.98187
FLUX  664   963.00        3.113110E+14   1.7787E-05   1.8039E-05   0.98606
FLUX  665   965.00        3.106658E+14   1.7889E-05   1.8011E-05   0.99324
FLUX  666   967.00        3.100233E+14   1.7811E-05   1.7983E-05   0.99045
FLUX  667   969.00        3.093834E+14   1.7878E-05   1.7954E-05   0.99575
FLUX  668   971.00        3.087461E+14   1.7888E-05   1.7926E-05   0.99789
FLUX  669   973.00        3.081115E+14   1.7885E-05   1.7898E-05   0.99924
FLUX  670   975.00        3.074795E+14   1.7840E-05   1.7870E-05   0.99833
FLUX  671   977.00        3.068501E+14   1.7834E-05   1.7842E-05   0.99956
FLUX  672   979.00        3.062232E+14   1.7804E-05   1.7814E-05   0.99943
FLUX  673   981.00        3.055989E+14   1.7780E-05   1.7786E-05   0.99966
FLUX  674   983.00        3.049771E+14   1.7748E-05   1.7758E-05   0.99944
FLUX  675   985.00        3.043579E+14   1.7708E-05   1.7731E-05   0.99871
FLUX  676   987.00        3.037411E+14   1.7668E-05   1.7703E-05   0.99805
FLUX  677   989.00        3.031269E+14   1.7586E-05   1.7675E-05   0.99499
FLUX  678   991.00        3.025151E+14   1.7570E-05   1.7647E-05   0.99562
FLUX  679   993.00        3.019058E+14   1.7531E-05   1.7619E-05   0.99497
FLUX  680   995.00        3.012990E+14   1.7473E-05   1.7592E-05   0.99327
FLUX  681   997.00        3.006946E+14   1.7386E-05   1.7564E-05   0.98984
FLUX  682   999.00        3.000926E+14   1.7231E-05   1.7537E-05   0.98256
FLUX  683  1002.50        2.990449E+14   1.6061E-05   1.7488E-05   0.91838
FLUX  684  1007.50        2.975608E+14   1.5526E-05   1.7420E-05   0.89130
FLUX  685  1012.50        2.960914E+14   1.7087E-05   1.7351E-05   0.98475
FLUX  686  1017.50        2.946364E+14   1.7192E-05   1.7284E-05   0.99470
FLUX  687  1022.50        2.931956E+14   1.7191E-05   1.7216E-05   0.99856
FLUX  688  1027.50        2.917689E+14   1.7145E-05   1.7148E-05   0.99981
FLUX  689  1032.50        2.903559E+14   1.7068E-05   1.7081E-05   0.99920
FLUX  690  1037.50        2.889566E+14   1.7005E-05   1.7015E-05   0.99946
FLUX  691  1042.50        2.875707E+14   1.6942E-05   1.6948E-05   0.99963
FLUX  692  1047.50        2.861981E+14   1.6816E-05   1.6882E-05   0.99613
FLUX  693  1052.50        2.848385E+14   1.6801E-05   1.6815E-05   0.99912
FLUX  694  1057.50        2.834917E+14   1.6724E-05   1.6749E-05   0.99849
FLUX  695  1062.50        2.821576E+14   1.6649E-05   1.6684E-05   0.99791
FLUX  696  1067.50        2.808361E+14   1.6420E-05   1.6618E-05   0.98810
FLUX  697  1072.50        2.795268E+14   1.6458E-05   1.6553E-05   0.99425
FLUX  698  1077.50        2.782297E+14   1.6388E-05   1.6488E-05   0.99395
FLUX  699  1082.50        2.769446E+14   1.6237E-05   1.6423E-05   0.98862
FLUX  700  1087.50        2.756713E+14   1.5943E-05   1.6359E-05   0.97459
FLUX  701  1092.50        2.744096E+14   1.3953E-05   1.6295E-05   0.85627
FLUX  702  1097.50        2.731595E+14   1.5130E-05   1.6231E-05   0.93212
FLUX  703  1102.50        2.719206E+14   1.5928E-05   1.6168E-05   0.98516
FLUX  704  1107.50        2.706930E+14   1.6022E-05   1.6105E-05   0.99485
FLUX  705  1112.50        2.694764E+14   1.5995E-05   1.6042E-05   0.99712
FLUX  706  1117.50        2.682707E+14   1.5960E-05   1.5979E-05   0.99885
FLUX  707  1122.50        2.670757E+14   1.5911E-05   1.5916E-05   0.99966
FLUX  708  1127.50        2.658914E+14   1.5789E-05   1.5854E-05   0.99589
FLUX  709  1132.50        2.647174E+14   1.5723E-05   1.5792E-05   0.99562
FLUX  710  1137.50        2.635538E+14   1.5707E-05   1.5731E-05   0.99851
FLUX  711  1142.50        2.624004E+14   1.5629E-05   1.5669E-05   0.99741
FLUX  712  1147.50        2.612571E+14   1.5603E-05   1.5608E-05   0.99964
FLUX  713  1152.50        2.601236E+14   1.5545E-05   1.5547E-05   0.99984
FLUX  714  1157.50        2.590000E+14   1.5480E-05   1.5486E-05   0.99959
FLUX  715  1162.50        2.578860E+14   1.5375E-05   1.5426E-05   0.99673
FLUX  716  1167.50        2.567816E+14   1.5275E-05   1.5365E-05   0.99413
FLUX  717  1172.50        2.556866E+14   1.5303E-05   1.5305E-05   0.99984
FLUX  718  1177.50        2.546008E+14   1.5111E-05   1.5246E-05   0.99114
FLUX  719  1182.50        2.535243E+14   1.5111E-05   1.5186E-05   0.99504
FLUX  720  1187.50        2.524568E+14   1.5050E-05   1.5127E-05   0.99493
FLUX  721  1192.50        2.513983E+14   1.5067E-05   1.5068E-05   0.99994
FLUX  722  1197.50        2.503486E+14   1.4918E-05   1.5009E-05   0.99394
FLUX  723  1202.50        2.493077E+14   1.4914E-05   1.4951E-05   0.99756
FLUX  724  1207.50        2.482754E+14   1.4834E-05   1.4893E-05   0.99609
FLUX  725  1212.50        2.472515E+14   1.4809E-05   1.4834E-05   0.99828
FLUX  726  1217.50        2.462361E+14   1.4773E-05   1.4777E-05   0.99973
FLUX  727  1222.50        2.452290E+14   1.4713E-05   1.4719E-05   0.99960
FLUX  728  1227.50        2.442301E+14   1.4640E-05   1.4662E-05   0.99853
FLUX  729  1232.50        2.432394E+14   1.4595E-05   1.4605E-05   0.99930
FLUX  730  1237.50        2.422566E+14   1.4539E-05   1.4548E-05   0.99940
FLUX  731  1242.50        2.412817E+14   1.4487E-05   1.4491E-05   0.99968
FLUX  732  1247.50        2.403146E+14   1.4429E-05   1.4435E-05   0.99958
FLUX  733  1252.50        2.393553E+14   1.4366E-05   1.4379E-05   0.99910
FLUX  734  1257.50        2.384036E+14   1.4280E-05   1.4323E-05   0.99696
FLUX  735  1262.50        2.374594E+14   1.4197E-05   1.4268E-05   0.99506
FLUX  736  1267.50        2.365227E+14   1.4117E-05   1.4212E-05   0.99331
FLUX  737  1272.50        2.355933E+14   1.3939E-05   1.4157E-05   0.98460
FLUX  738  1277.50        2.346712E+14   1.3365E-05   1.4102E-05   0.94771
FLUX  739  1282.50        2.337563E+14   1.1598E-05   1.4048E-05   0.82559
FLUX  740  1287.50        2.328485E+14   1.3389E-05   1.3993E-05   0.95680
FLUX  741  1292.50        2.319478E+14   1.3747E-05   1.3939E-05   0.98620
FLUX  742  1297.50        2.310539E+14   1.3801E-05   1.3885E-05   0.99395
FLUX  743  1302.50        2.301670E+14   1.3786E-05   1.3832E-05   0.99668
FLUX  744  1307.50        2.292868E+14   1.3766E-05   1.3778E-05   0.99909
FLUX  745  1312.50        2.284133E+14   1.3708E-05   1.3725E-05   0.99874
FLUX  746  1317.50        2.275465E+14   1.3649E-05   1.3672E-05   0.99833
FLUX  747  1322.50        2.266862E+14   1.3617E-05   1.3619E-05   0.99985
FLUX  748  1327.50        2.258324E+14   1.3560E-05   1.3566E-05   0.99958
FLUX  749  1332.50        2.249850E+14   1.3510E-05   1.3514E-05   0.99976
FLUX  750  1337.50        2.241439E+14   1.3457E-05   1.3461E-05   0.99967
FLUX  751  1342.50        2.233091E+14   1.3408E-05   1.3409E-05   0.99990
FLUX  752  1347.50        2.224805E+14   1.3355E-05   1.3357E-05   0.99984
FLUX  753  1352.50        2.216580E+14   1.3297E-05   1.3306E-05   0.99939
FLUX  754  1357.50        2.208416E+14   1.3243E-05   1.3254E-05   0.99914
FLUX  755  1362.50        2.200312E+14   1.3200E-05   1.3203E-05   0.99979
FLUX  756  1367.50        2.192267E+14   1.3146E-05   1.3152E-05   0.99959
FLUX  757  1372.50        2.184281E+14   1.3062E-05   1.3101E-05   0.99708
FLUX  758  1377.50        2.176352E+14   1.3037E-05   1.3050E-05   0.99904
FLUX  759  1382.50        2.168481E+14   1.2987E-05   1.2999E-05   0.99907
FLUX  760  1387.50        2.160667E+14   1.2947E-05   1.2948E-05   0.99992
FLUX  761  1392.50        2.152908E+14   1.2888E-05   1.2898E-05   0.99926
FLUX  762  1397.50        2.145206E+14   1.2842E-05   1.2848E-05   0.99954
FLUX  763  1402.50        2.137558E+14   1.2790E-05   1.2798E-05   0.99943
FLUX  764  1407.50        2.129964E+14   1.2745E-05   1.2748E-05   0.99981
FLUX  765  1412.50        2.122425E+14   1.2688E-05   1.2698E-05   0.99921
FLUX  766  1417.50        2.114938E+14   1.2645E-05   1.2648E-05   0.99974
FLUX  767  1422.50        2.107504E+14   1.2586E-05   1.2599E-05   0.99896
FLUX  768  1427.50        2.100123E+14   1.2531E-05   1.2550E-05   0.99854
FLUX  769  1432.50        2.092792E+14   1.2496E-05   1.2500E-05   0.99968
FLUX  770  1437.50        2.085513E+14   1.2450E-05   1.2451E-05   0.99990
FLUX  771  1442.50        2.078284E+14   1.2300E-05   1.2402E-05   0.99179
FLUX  772  1447.50        2.071105E+14   1.2350E-05   1.2353E-05   0.99973
FLUX  773  1452.50        2.063976E+14   1.2248E-05   1.2304E-05   0.99538
FLUX  774  1457.00        2.057601E+14   1.2249E-05   1.2261E-05   0.99905
FLUX  775  1462.00        2.050564E+14   1.2197E-05   1.2571E-05   0.97027
FLUX  776  1467.50        2.042879E+14   1.2159E-05   1.2518E-05   0.97130
FLUX  777  1472.50        2.035942E+14   1.2104E-05   1.2470E-05   0.97067
FLUX  778  1477.50        2.029052E+14   1.2044E-05   1.2422E-05   0.96956
FLUX  779  1482.50        2.022209E+14   1.2010E-05   1.2374E-05   0.97054
FLUX  780  1487.50        2.015412E+14   1.1907E-05   1.2327E-05   0.96598
FLUX  781  1492.50        2.008660E+14   1.1935E-05   1.2279E-05   0.97202
FLUX  782  1497.50        2.001953E+14   1.1882E-05   1.2231E-05   0.97144
FLUX  783  1502.50        1.995291E+14   1.1778E-05   1.2183E-05   0.96672
FLUX  784  1507.50        1.988673E+14   1.1763E-05   1.2136E-05   0.96929
FLUX  785  1512.50        1.982099E+14   1.1748E-05   1.2088E-05   0.97182
FLUX  786  1517.50        1.975568E+14   1.1702E-05   1.2041E-05   0.97192
FLUX  787  1522.50        1.969080E+14   1.1649E-05   1.1993E-05   0.97132
FLUX  788  1527.50        1.962635E+14   1.1601E-05   1.1945E-05   0.97123
FLUX  789  1532.50        1.956232E+14   1.1554E-05   1.1897E-05   0.97111
FLUX  790  1537.50        1.949870E+14   1.1509E-05   1.1850E-05   0.97122
FLUX  791  1542.50        1.943549E+14   1.1433E-05   1.1802E-05   0.96876
FLUX  792  1547.50        1.937270E+14   1.1410E-05   1.1754E-05   0.97073
FLUX  793  1552.50        1.931031E+14   1.1362E-05   1.1706E-05   0.97057
FLUX  794  1557.50        1.924831E+14   1.1272E-05   1.1658E-05   0.96682
FLUX  795  1562.50        1.918672E+14   1.1297E-05   1.1610E-05   0.97302
FLUX  796  1567.50        1.912552E+14   1.1177E-05   1.1562E-05   0.96666
FLUX  797  1572.50        1.906471E+14   1.1084E-05   1.1514E-05   0.96262
FLUX  798  1577.50        1.900428E+14   1.1118E-05   1.1466E-05   0.96966
FLUX  799  1582.50        1.894423E+14   1.1089E-05   1.1418E-05   0.97123
FLUX  800  1587.50        1.888457E+14   1.0765E-05   1.1369E-05   0.94684
FLUX  801  1592.50        1.882527E+14   1.0936E-05   1.1321E-05   0.96603
FLUX  802  1597.50        1.876635E+14   1.0998E-05   1.1272E-05   0.97568
FLUX  803  1605.00        1.867866E+14   1.0823E-05   1.1198E-05   0.96652
FLUX  804  1615.00        1.856300E+14   1.0543E-05   1.1099E-05   0.94991
FLUX  805  1625.00        1.844877E+14   1.0795E-05   1.0999E-05   0.98139
FLUX  806  1635.00        1.833593E+14   1.0451E-05   1.0897E-05   0.95908
FLUX  807  1645.00        1.822447E+14   1.0076E-05   1.0791E-05   0.93377
FLUX  808  1655.00        1.811435E+14   1.0526E-05   1.0683E-05   0.98532
FLUX  809  1665.00        1.800556E+14   1.0439E-05   1.0576E-05   0.98705
FLUX  810  1675.00        1.789806E+14   9.9428E-06   1.0471E-05   0.94951
FLUX  811  1685.00        1.779184E+14   9.5013E-06   1.0368E-05   0.91638
FLUX  812  1695.00        1.768687E+14   1.0128E-05   1.0266E-05   0.98650
FLUX  813  1705.00        1.758314E+14   1.0094E-05   1.0166E-05   0.99293
FLUX  814  1715.00        1.748061E+14   9.9901E-06   1.0067E-05   0.99234
FLUX  815  1725.00        1.737928E+14   9.7517E-06   9.9696E-06   0.97814
FLUX  816  1735.00        1.727911E+14   8.7483E-06   9.8734E-06   0.88605
FLUX  817  1745.00        1.718009E+14   9.4175E-06   9.7785E-06   0.96308
FLUX  818  1755.00        1.708219E+14   9.5930E-06   9.6850E-06   0.99051
FLUX  819  1765.00        1.698541E+14   9.5417E-06   9.5928E-06   0.99467
FLUX  820  1775.00        1.688972E+14   9.4712E-06   9.5019E-06   0.99676
FLUX  821  1785.00        1.679510E+14   9.3778E-06   9.4123E-06   0.99633
FLUX  822  1795.00        1.670153E+14   9.2722E-06   9.3240E-06   0.99445
FLUX  823  1805.00        1.660900E+14   9.0714E-06   9.2369E-06   0.98209
FLUX  824  1815.00        1.651749E+14   8.1257E-06   9.1509E-06   0.88796
FLUX  825  1825.00        1.642699E+14   8.6337E-06   9.0662E-06   0.95230
FLUX  826  1835.00        1.633747E+14   8.8867E-06   8.9825E-06   0.98934
FLUX  827  1845.00        1.624892E+14   8.8428E-06   8.9000E-06   0.99357
FLUX  828  1855.00        1.616132E+14   8.7463E-06   8.8185E-06   0.99182
FLUX  829  1865.00        1.607466E+14   8.5229E-06   8.7381E-06   0.97537
FLUX  830  1875.00        1.598893E+14   7.5337E-06   8.6588E-06   0.87006
FLUX  831  1885.00        1.590411E+14   8.3215E-06   8.5806E-06   0.96981
FLUX  832  1895.00        1.582018E+14   8.4148E-06   8.5034E-06   0.98958
FLUX  833  1905.00        1.573714E+14   8.3931E-06   8.4273E-06   0.99594
FLUX  834  1915.00        1.565496E+14   8.3176E-06   8.3521E-06   0.99586
FLUX  835  1925.00        1.557364E+14   8.2147E-06   8.2780E-06   0.99236
FLUX  836  1935.00        1.549315E+14   7.9828E-06   8.2048E-06   0.97294
FLUX  837  1945.00        1.541350E+14   7.1251E-06   8.1326E-06   0.87612
FLUX  838  1955.00        1.533465E+14   7.8435E-06   8.0613E-06   0.97298
FLUX  839  1965.00        1.525662E+14   7.9354E-06   7.9910E-06   0.99304
FLUX  840  1975.00        1.517937E+14   7.8922E-06   7.9216E-06   0.99629
FLUX  841  1985.00        1.510290E+14   7.8477E-06   7.8530E-06   0.99933
FLUX  842  1995.00        1.502719E+14   7.7813E-06   7.7853E-06   0.99949
FLUX  843  2005.00        1.495224E+14   7.7165E-06   7.7184E-06   0.99975
FLUX  844  2015.00        1.487804E+14   7.6519E-06   7.6524E-06   0.99993
FLUX  845  2025.00        1.480457E+14   7.5845E-06   7.5873E-06   0.99964
FLUX  846  2035.00        1.473182E+14   7.5168E-06   7.5229E-06   0.99919
FLUX  847  2045.00        1.465978E+14   7.4589E-06   7.4594E-06   0.99993
FLUX  848  2055.00        1.458844E+14   7.3962E-06   7.3967E-06   0.99992
FLUX  849  2065.00        1.451780E+14   7.3286E-06   7.3348E-06   0.99916
FLUX  850  2075.00        1.444783E+14   7.2716E-06   7.2736E-06   0.99973
FLUX  851  2085.00        1.437854E+14   7.2122E-06   7.2132E-06   0.99987
FLUX  852  2095.00        1.430990E+14   7.1486E-06   7.1536E-06   0.99931
FLUX  853  2105.00        1.424192E+14   7.0918E-06   7.0946E-06   0.99960
FLUX  854  2115.00        1.417459E+14   7.0296E-06   7.0364E-06   0.99903
FLUX  855  2125.00        1.410788E+14   6.9693E-06   6.9789E-06   0.99862
FLUX  856  2135.00        1.404180E+14   6.9012E-06   6.9221E-06   0.99698
FLUX  857  2145.00        1.397634E+14   6.8231E-06   6.8660E-06   0.99376
FLUX  858  2155.00        1.391148E+14   6.6614E-06   6.8105E-06   0.97811
FLUX  859  2165.00        1.384723E+14   5.9703E-06   6.7557E-06   0.88374
FLUX  860  2175.00        1.378356E+14   6.4889E-06   6.7016E-06   0.96826
FLUX  861  2185.00        1.372048E+14   6.5939E-06   6.6481E-06   0.99184
FLUX  862  2195.00        1.365797E+14   6.5767E-06   6.5953E-06   0.99718
FLUX  863  2205.00        1.359603E+14   6.5352E-06   6.5431E-06   0.99881
FLUX  864  2215.00        1.353465E+14   6.4860E-06   6.4915E-06   0.99916
FLUX  865  2225.00        1.347382E+14   6.4398E-06   6.4405E-06   0.99989
FLUX  866  2235.00        1.341353E+14   6.3895E-06   6.3901E-06   0.99990
FLUX  867  2245.00        1.335379E+14   6.3397E-06   6.3403E-06   0.99990
FLUX  868  2255.00        1.329457E+14   6.2850E-06   6.2911E-06   0.99903
FLUX  869  2265.00        1.323587E+14   6.2405E-06   6.2424E-06   0.99970
FLUX  870  2275.00        1.317769E+14   6.1928E-06   6.1943E-06   0.99976
FLUX  871  2285.00        1.312002E+14   6.1447E-06   6.2076E-06   0.98987
FLUX  872  2295.00        1.306285E+14   6.0987E-06   6.1598E-06   0.99009
FLUX  873  2305.00        1.300618E+14   6.0549E-06   6.1126E-06   0.99056
FLUX  874  2315.00        1.295000E+14   6.0087E-06   6.0659E-06   0.99058
FLUX  875  2325.00        1.289430E+14   5.9646E-06   6.0197E-06   0.99084
FLUX  876  2335.00        1.283908E+14   5.9192E-06   5.9741E-06   0.99081
FLUX  877  2345.00        1.278433E+14   5.8764E-06   5.9290E-06   0.99113
FLUX  878  2355.00        1.273004E+14   5.8328E-06   5.8844E-06   0.99122
FLUX  879  2365.00        1.267622E+14   5.7901E-06   5.8403E-06   0.99140
FLUX  880  2375.00        1.262284E+14   5.7466E-06   5.7968E-06   0.99135
FLUX  881  2385.00        1.256992E+14   5.7039E-06   5.7537E-06   0.99135
FLUX  882  2395.00        1.251743E+14   5.6633E-06   5.7110E-06   0.99164
FLUX  883  2405.00        1.246538E+14   5.6217E-06   5.6689E-06   0.99169
FLUX  884  2415.00        1.241377E+14   5.5804E-06   5.6272E-06   0.99170
FLUX  885  2425.00        1.236258E+14   5.5402E-06   5.5859E-06   0.99181
FLUX  886  2435.00        1.231181E+14   5.4990E-06   5.5451E-06   0.99168
FLUX  887  2445.00        1.226145E+14   5.4595E-06   5.5048E-06   0.99177
FLUX  888  2455.00        1.221151E+14   5.4187E-06   5.4648E-06   0.99156
FLUX  889  2465.00        1.216197E+14   5.3805E-06   5.4254E-06   0.99174
FLUX  890  2475.00        1.211283E+14   5.3415E-06   5.3863E-06   0.99168
FLUX  891  2485.00        1.206408E+14   5.2999E-06   5.3477E-06   0.99106
FLUX  892  2495.00        1.201573E+14   5.2588E-06   5.3094E-06   0.99046
FLUX  893  2505.00        1.196776E+14   5.2320E-06   5.2716E-06   0.99248
FLUX  894  2515.00        1.192018E+14   5.1945E-06   5.2342E-06   0.99242
FLUX  895  2525.00        1.187297E+14   5.1408E-06   5.1972E-06   0.98914
FLUX  896  2535.00        1.182613E+14   5.1195E-06   5.1606E-06   0.99205
FLUX  897  2545.00        1.177967E+14   5.0893E-06   5.1243E-06   0.99317
FLUX  898  2555.00        1.173356E+14   5.0436E-06   5.0885E-06   0.99119
FLUX  899  2565.00        1.168782E+14   4.9781E-06   5.0530E-06   0.98517
FLUX  900  2575.00        1.164243E+14   4.9758E-06   5.0179E-06   0.99163
FLUX  901  2585.00        1.159739E+14   4.9442E-06   4.9831E-06   0.99219
FLUX  902  2595.00        1.155270E+14   4.9069E-06   4.9487E-06   0.99154
FLUX  903  2605.00        1.150835E+14   4.8333E-06   4.9147E-06   0.98344
FLUX  904  2615.00        1.146434E+14   4.6994E-06   4.8810E-06   0.96279
FLUX  905  2625.00        1.142067E+14   4.3263E-06   4.8477E-06   0.89244
FLUX  906  2635.00        1.137732E+14   4.6635E-06   4.8147E-06   0.96859
FLUX  907  2645.00        1.133431E+14   4.7282E-06   4.7821E-06   0.98875
FLUX  908  2655.00        1.129162E+14   4.7117E-06   4.7497E-06   0.99198
FLUX  909  2665.00        1.124925E+14   4.6580E-06   4.7178E-06   0.98734
FLUX  910  2675.00        1.120720E+14   4.5360E-06   4.6861E-06   0.96796
FLUX  911  2685.00        1.116546E+14   4.6019E-06   4.6547E-06   0.98865
FLUX  912  2695.00        1.112403E+14   4.6012E-06   4.6237E-06   0.99514
FLUX  913  2705.00        1.108290E+14   4.5779E-06   4.5930E-06   0.99672
FLUX  914  2715.00        1.104208E+14   4.5504E-06   4.5625E-06   0.99734
FLUX  915  2725.00        1.100156E+14   4.5199E-06   4.5324E-06   0.99724
FLUX  916  2735.00        1.096133E+14   4.4845E-06   4.5026E-06   0.99599
FLUX  917  2745.00        1.092140E+14   4.4318E-06   4.4730E-06   0.99077
FLUX  918  2755.00        1.088176E+14   4.2609E-06   4.4438E-06   0.95883
FLUX  919  2765.00        1.084241E+14   4.3092E-06   4.4148E-06   0.97607
FLUX  920  2775.00        1.080333E+14   4.3580E-06   4.3862E-06   0.99358
FLUX  921  2785.00        1.076454E+14   4.3452E-06   4.3578E-06   0.99712
FLUX  922  2795.00        1.072603E+14   4.3279E-06   4.3297E-06   0.99960
FLUX  923  2805.00        1.068779E+14   4.3014E-06   4.3018E-06   0.99990
FLUX  924  2815.00        1.064982E+14   4.2739E-06   4.2742E-06   0.99992
FLUX  925  2825.00        1.061212E+14   4.2465E-06   4.2469E-06   0.99991
FLUX  926  2835.00        1.057469E+14   4.2195E-06   4.2199E-06   0.99990
FLUX  927  2845.00        1.053752E+14   4.1804E-06   4.1931E-06   0.99697
FLUX  928  2855.00        1.050061E+14   4.1389E-06   4.1666E-06   0.99336
FLUX  929  2865.00        1.046396E+14   4.0413E-06   4.1403E-06   0.97610
FLUX  930  2875.00        1.042757E+14   3.8749E-06   4.1142E-06   0.94184
FLUX  931  2885.00        1.039142E+14   4.0348E-06   4.0884E-06   0.98688
FLUX  932  2895.00        1.035553E+14   4.0449E-06   4.0629E-06   0.99558
FLUX  933  2905.00        1.031988E+14   4.0320E-06   4.0376E-06   0.99862
FLUX  934  2915.00        1.028448E+14   4.0111E-06   4.0125E-06   0.99966
FLUX  935  2925.00        1.024932E+14   3.9868E-06   3.9877E-06   0.99978
FLUX  936  2935.00        1.021440E+14   3.9630E-06   3.9631E-06   0.99998
FLUX  937  2945.00        1.017971E+14   3.9383E-06   3.9387E-06   0.99990
FLUX  938  2955.00        1.014526E+14   3.9144E-06   3.9145E-06   0.99998
FLUX  939  2965.00        1.011105E+14   3.8905E-06   3.8906E-06   0.99998
FLUX  940  2975.00        1.007706E+14   3.8666E-06   3.8669E-06   0.99994
FLUX  941  2985.00        1.004330E+14   3.8433E-06   3.8434E-06   0.99998
FLUX  942  2995.00        1.000977E+14   3.8195E-06   3.8201E-06   0.99986
FLUX  943  3005.00        9.976456E+13   3.7933E-06   3.7970E-06   0.99904
FLUX  944  3015.00        9.943367E+13   3.7592E-06   3.7741E-06   0.99604
FLUX  945  3025.00        9.910496E+13   3.7109E-06   3.7515E-06   0.98918
FLUX  946  3035.00        9.877842E+13   3.5170E-06   3.7290E-06   0.94314
FLUX  947  3045.00        9.845402E+13   3.5573E-06   3.7067E-06   0.95970
FLUX  948  3055.00        9.813175E+13   3.6525E-06   3.6847E-06   0.99127
FLUX  949  3065.00        9.781158E+13   3.6505E-06   3.6628E-06   0.99664
FLUX  950  3075.00        9.749350E+13   3.6396E-06   3.6411E-06   0.99958
FLUX  951  3085.00        9.717747E+13   3.6183E-06   3.6196E-06   0.99964
FLUX  952  3095.00        9.686349E+13   3.5975E-06   3.5983E-06   0.99977
FLUX  953  3105.00        9.655153E+13   3.5764E-06   3.5772E-06   0.99979
FLUX  954  3115.00        9.624157E+13   3.5528E-06   3.5562E-06   0.99903
FLUX  955  3125.00        9.593360E+13   3.5346E-06   3.5355E-06   0.99974
FLUX  956  3135.00        9.562759E+13   3.5143E-06   3.5149E-06   0.99983
FLUX  957  3145.00        9.532353E+13   3.4936E-06   3.4946E-06   0.99973
FLUX  958  3155.00        9.502139E+13   3.4733E-06   3.4743E-06   0.99969
FLUX  959  3165.00        9.472117E+13   3.4543E-06   3.4543E-06   0.99999
FLUX  960  3175.00        9.442283E+13   3.4336E-06   3.4345E-06   0.99974
FLUX  961  3185.00        9.412637E+13   3.4147E-06   3.4148E-06   0.99997
FLUX  962  3195.00        9.383177E+13   3.3952E-06   3.3953E-06   0.99998
FLUX  963  3210.00        9.339330E+13   3.3659E-06   3.3663E-06   0.99988
FLUX  964  3230.00        9.281502E+13   3.3282E-06   3.3282E-06   0.99998
FLUX  965  3250.00        9.224385E+13   3.2905E-06   3.2908E-06   0.99990
FLUX  966  3270.00        9.167966E+13   3.2419E-06   3.2541E-06   0.99625
FLUX  967  3290.00        9.112234E+13   3.0577E-06   3.2279E-06   0.94727
FLUX  968  3310.00        9.057175E+13   3.1257E-06   3.1922E-06   0.97918
FLUX  969  3330.00        9.002778E+13   3.1372E-06   3.1570E-06   0.99373
FLUX  970  3350.00        8.949030E+13   3.1082E-06   3.1224E-06   0.99544
FLUX  971  3370.00        8.895920E+13   3.0744E-06   3.0884E-06   0.99545
FLUX  972  3390.00        8.843437E+13   3.0419E-06   3.0550E-06   0.99572
FLUX  973  3410.00        8.791569E+13   3.0095E-06   3.0221E-06   0.99586
FLUX  974  3430.00        8.740306E+13   2.9784E-06   2.9897E-06   0.99623
FLUX  975  3450.00        8.689638E+13   2.9474E-06   2.9578E-06   0.99649
FLUX  976  3470.00        8.639553E+13   2.9163E-06   2.9265E-06   0.99653
FLUX  977  3490.00        8.590043E+13   2.8858E-06   2.8956E-06   0.99663
FLUX  978  3510.00        8.541097E+13   2.8558E-06   2.8652E-06   0.99670
FLUX  979  3530.00        8.492705E+13   2.8260E-06   2.8353E-06   0.99672
FLUX  980  3550.00        8.444859E+13   2.7969E-06   2.8059E-06   0.99680
FLUX  981  3570.00        8.397549E+13   2.7678E-06   2.7769E-06   0.99673
FLUX  982  3590.00        8.350766E+13   2.7397E-06   2.7484E-06   0.99685
FLUX  983  3610.00        8.304501E+13   2.7117E-06   2.7203E-06   0.99685
FLUX  984  3630.00        8.258747E+13   2.6845E-06   2.6926E-06   0.99697
FLUX  985  3650.00        8.213493E+13   2.6565E-06   2.6654E-06   0.99667
FLUX  986  3670.00        8.168733E+13   2.6301E-06   2.6386E-06   0.99678
FLUX  987  3690.00        8.124458E+13   2.6006E-06   2.6122E-06   0.99558
FLUX  988  3710.00        8.080660E+13   2.5725E-06   2.5861E-06   0.99471
FLUX  989  3730.00        8.037332E+13   2.4860E-06   2.5605E-06   0.97091
FLUX  990  3750.00        7.994467E+13   2.4411E-06   2.5353E-06   0.96286
FLUX  991  3770.00        7.952056E+13   2.4976E-06   2.5104E-06   0.99492
FLUX  992  3790.00        7.910092E+13   2.4783E-06   2.4859E-06   0.99694
FLUX  993  3810.00        7.868570E+13   2.4516E-06   2.4617E-06   0.99587
FLUX  994  3830.00        7.827480E+13   2.4289E-06   2.4379E-06   0.99629
FLUX  995  3850.00        7.786818E+13   2.4112E-06   2.4145E-06   0.99867
FLUX  996  3870.00        7.746576E+13   2.3891E-06   2.3913E-06   0.99908
FLUX  997  3890.00        7.706748E+13   2.3613E-06   2.3686E-06   0.99695
FLUX  998  3910.00        7.667327E+13   2.3316E-06   2.3461E-06   0.99384
FLUX  999  3930.00        7.628308E+13   2.3193E-06   2.3239E-06   0.99801
FLUX 1000  3950.00        7.589684E+13   2.3015E-06   2.3021E-06   0.99973
FLUX 1001  3970.00        7.551448E+13   2.2803E-06   2.2806E-06   0.99989
FLUX 1002  3990.00        7.513596E+13   2.2554E-06   2.2594E-06   0.99826
FLUX 1003  4010.00        7.476122E+13   2.2234E-06   2.2384E-06   0.99328
FLUX 1004  4030.00        7.439020E+13   2.1959E-06   2.2178E-06   0.99011
FLUX 1005  4050.00        7.402284E+13   2.0995E-06   2.1974E-06   0.95541
FLUX 1006  4070.00        7.365909E+13   2.1636E-06   2.1774E-06   0.99366
FLUX 1007  4090.00        7.329890E+13   2.1557E-06   2.1576E-06   0.99915
FLUX 1008  4110.00        7.294221E+13   2.1378E-06   2.1380E-06   0.99989
FLUX 1009  4130.00        7.258898E+13   2.1185E-06   2.1188E-06   0.99989
FLUX 1010  4150.00        7.223916E+13   2.0931E-06   2.0998E-06   0.99683
FLUX 1011  4170.00        7.189269E+13   2.0499E-06   2.0810E-06   0.98506
FLUX 1012  4190.00        7.154952E+13   2.0551E-06   2.0625E-06   0.99639
FLUX 1013  4210.00        7.120962E+13   2.0427E-06   2.0443E-06   0.99925
FLUX 1014  4230.00        7.087293E+13   2.0262E-06   2.0263E-06   0.99998
FLUX 1015  4250.00        7.053941E+13   2.0084E-06   2.0085E-06   0.99994
FLUX 1016  4270.00        7.020902E+13   1.9909E-06   1.9909E-06   0.99999
FLUX 1017  4290.00        6.988170E+13   1.9736E-06   1.9736E-06   0.99999
FLUX 1018  4310.00        6.955742E+13   1.9565E-06   1.9566E-06   0.99999
FLUX 1019  4330.00        6.923614E+13   1.9395E-06   1.9397E-06   0.99990
FLUX 1020  4350.00        6.891782E+13   1.9190E-06   1.9230E-06   0.99790
FLUX 1021  4370.00        6.860240E+13   1.8700E-06   1.9066E-06   0.98078
FLUX 1022  4390.00        6.828986E+13   1.8737E-06   1.8904E-06   0.99116
FLUX 1023  4410.00        6.798016E+13   1.8728E-06   1.8744E-06   0.99918
FLUX 1024  4430.00        6.767325E+13   1.8584E-06   1.8586E-06   0.99989
FLUX 1025  4450.00        6.736910E+13   1.8428E-06   1.8429E-06   0.99993
FLUX 1026  4470.00        6.706767E+13   1.8296E-06   1.8297E-06   0.99997
FLUX 1027  4490.00        6.676893E+13   1.8142E-06   1.8144E-06   0.99989
FLUX 1028  4510.00        6.647284E+13   1.7993E-06   1.7993E-06   0.99997
FLUX 1029  4530.00        6.617936E+13   1.7844E-06   1.7845E-06   0.99997
FLUX 1030  4550.00        6.588846E+13   1.7697E-06   1.7698E-06   0.99997
FLUX 1031  4570.00        6.560011E+13   1.7551E-06   1.7553E-06   0.99989
FLUX 1032  4590.00        6.531427E+13   1.7406E-06   1.7409E-06   0.99983
FLUX 1033  4610.00        6.503091E+13   1.7230E-06   1.7268E-06   0.99783
FLUX 1034  4630.00        6.475000E+13   1.7031E-06   1.7128E-06   0.99436
FLUX 1035  4650.00        6.447151E+13   1.6196E-06   1.6990E-06   0.95331
FLUX 1036  4670.00        6.419540E+13   1.6289E-06   1.6853E-06   0.96654
FLUX 1037  4690.00        6.392164E+13   1.6578E-06   1.6718E-06   0.99161
FLUX 1038  4710.00        6.365021E+13   1.6541E-06   1.6585E-06   0.99734
FLUX 1039  4730.00        6.338108E+13   1.6452E-06   1.6453E-06   0.99990
FLUX 1040  4750.00        6.311421E+13   1.6321E-06   1.6323E-06   0.99987
FLUX 1041  4770.00        6.284958E+13   1.6193E-06   1.6195E-06   0.99991
FLUX 1042  4790.00        6.258716E+13   1.6067E-06   1.6068E-06   0.99997
FLUX 1043  4810.00        6.232692E+13   1.5942E-06   1.5942E-06   0.99997
FLUX 1044  4830.00        6.206884E+13   1.5818E-06   1.5818E-06   0.99998
FLUX 1045  4850.00        6.181289E+13   1.5695E-06   1.5695E-06   0.99997
FLUX 1046  4870.00        6.155903E+13   1.5574E-06   1.5574E-06   0.99997
FLUX 1047  4890.00        6.130726E+13   1.5454E-06   1.5454E-06   0.99998
FLUX 1048  4910.00        6.105754E+13   1.5334E-06   1.5336E-06   0.99991
FLUX 1049  4930.00        6.080984E+13   1.5218E-06   1.5219E-06   0.99997
FLUX 1050  4950.00        6.056414E+13   1.5102E-06   1.5103E-06   0.99992
FLUX 1051  4970.00        6.032042E+13   1.4988E-06   1.4989E-06   0.99993
FLUX 1052  4990.00        6.007866E+13   1.4875E-06   1.4875E-06   0.99997
FLUX 1053  5010.00        5.983882E+13   1.4763E-06   1.4764E-06   0.99993
FLUX 1054  5030.00        5.960089E+13   1.4652E-06   1.4653E-06   0.99992
FLUX 1055  5050.00        5.936485E+13   1.4543E-06   1.4544E-06   0.99997
FLUX 1056  5070.00        5.913067E+13   1.4435E-06   1.4436E-06   0.99997
FLUX 1057  5090.00        5.889833E+13   1.4307E-06   1.4329E-06   0.99852
FLUX 1058  5110.00        5.866781E+13   1.4122E-06   1.4223E-06   0.99291
FLUX 1059  5130.00        5.843908E+13   1.3630E-06   1.4118E-06   0.96538
FLUX 1060  5150.00        5.821214E+13   1.3939E-06   1.4015E-06   0.99460
FLUX 1061  5170.00        5.798694E+13   1.3896E-06   1.3913E-06   0.99884
FLUX 1062  5190.00        5.776349E+13   1.3811E-06   1.3812E-06   0.99997
FLUX 1063  5210.00        5.754175E+13   1.3710E-06   1.3711E-06   0.99992
FLUX 1064  5230.00        5.732170E+13   1.3612E-06   1.3613E-06   0.99993
FLUX 1065  5250.00        5.710333E+13   1.3514E-06   1.3515E-06   0.99998
FLUX 1066  5270.00        5.688662E+13   1.3417E-06   1.3418E-06   0.99997
FLUX 1067  5290.00        5.667155E+13   1.3322E-06   1.3322E-06   0.99998
FLUX 1068  5310.00        5.645810E+13   1.3227E-06   1.3227E-06   0.99998
FLUX 1069  5330.00        5.624625E+13   1.3133E-06   1.3133E-06   0.99999
FLUX 1070  5350.00        5.603598E+13   1.3040E-06   1.3041E-06   0.99997
FLUX 1071  5370.00        5.582728E+13   1.2946E-06   1.2949E-06   0.99980
FLUX 1072  5390.00        5.562013E+13   1.2857E-06   1.2858E-06   0.99989
FLUX 1073  5410.00        5.541451E+13   1.2768E-06   1.2768E-06   0.99998
FLUX 1074  5430.00        5.521041E+13   1.2678E-06   1.2679E-06   0.99992
FLUX 1075  5450.00        5.500780E+13   1.2591E-06   1.2591E-06   0.99998
FLUX 1076  5470.00        5.480667E+13   1.2502E-06   1.2504E-06   0.99986
FLUX 1077  5490.00        5.460701E+13   1.2417E-06   1.2418E-06   0.99994
FLUX 1078  5510.00        5.440880E+13   1.2328E-06   1.2333E-06   0.99959
FLUX 1079  5530.00        5.421203E+13   1.2227E-06   1.2248E-06   0.99823
FLUX 1080  5550.00        5.401667E+13   1.2164E-06   1.2165E-06   0.99998
FLUX 1081  5570.00        5.382271E+13   1.2082E-06   1.2082E-06   0.99997
FLUX 1082  5590.00        5.363014E+13   1.1999E-06   1.2000E-06   0.99989
FLUX 1083  5610.00        5.343895E+13   1.1919E-06   1.1919E-06   0.99998
FLUX 1084  5630.00        5.324911E+13   1.1839E-06   1.1839E-06   0.99997
FLUX 1085  5650.00        5.306062E+13   1.1759E-06   1.1760E-06   0.99999
FLUX 1086  5670.00        5.287346E+13   1.1681E-06   1.1681E-06   0.99998
FLUX 1087  5690.00        5.268761E+13   1.1598E-06   1.1603E-06   0.99959
FLUX 1088  5710.00        5.250306E+13   1.1483E-06   1.1526E-06   0.99628
FLUX 1089  5730.00        5.231981E+13   1.1440E-06   1.1450E-06   0.99912
FLUX 1090  5750.00        5.213783E+13   1.1374E-06   1.1374E-06   0.99998
FLUX 1091  5770.00        5.195711E+13   1.1299E-06   1.1300E-06   0.99998
FLUX 1092  5790.00        5.177763E+13   1.1225E-06   1.1225E-06   0.99998
FLUX 1093  5810.00        5.159940E+13   1.1152E-06   1.1152E-06   0.99998
FLUX 1094  5830.00        5.142238E+13   1.1079E-06   1.1080E-06   0.99998
FLUX 1095  5850.00        5.124658E+13   1.1013E-06   1.1013E-06   0.99997
FLUX 1096  5870.00        5.107198E+13   1.0929E-06   1.0942E-06   0.99881
FLUX 1097  5890.00        5.089856E+13   1.0789E-06   1.0872E-06   0.99242
FLUX 1098  5910.00        5.072631E+13   1.0399E-06   1.0802E-06   0.96270
FLUX 1099  5930.00        5.055523E+13   1.0667E-06   1.0732E-06   0.99390
FLUX 1100  5950.00        5.038529E+13   1.0588E-06   1.0664E-06   0.99288
FLUX 1101  5970.00        5.021650E+13   1.0550E-06   1.0596E-06   0.99564
FLUX 1102  5990.00        5.004883E+13   1.0524E-06   1.0529E-06   0.99959
FLUX 1103  6010.00        4.988228E+13   1.0461E-06   1.0462E-06   0.99992
FLUX 1104  6030.00        4.971683E+13   1.0396E-06   1.0396E-06   0.99998
FLUX 1105  6050.00        4.955248E+13   1.0331E-06   1.0331E-06   0.99999
FLUX 1106  6070.00        4.938921E+13   1.0266E-06   1.0266E-06   0.99997
FLUX 1107  6090.00        4.922701E+13   1.0201E-06   1.0202E-06   0.99992
FLUX 1108  6110.00        4.906588E+13   1.0137E-06   1.0139E-06   0.99985
FLUX 1109  6130.00        4.890579E+13   1.0075E-06   1.0076E-06   0.99998
FLUX 1110  6150.00        4.874675E+13   1.0013E-06   1.0013E-06   0.99999
FLUX 1111  6170.00        4.858874E+13   9.9514E-07   9.9515E-07   0.99999
FLUX 1112  6190.00        4.843174E+13   9.8902E-07   9.8903E-07   0.99998
FLUX 1113  6210.00        4.827576E+13   9.8295E-07   9.8297E-07   0.99998
FLUX 1114  6230.00        4.812079E+13   9.7681E-07   9.7696E-07   0.99985
FLUX 1115  6250.00        4.796680E+13   9.7089E-07   9.7101E-07   0.99988
FLUX 1116  6270.00        4.781380E+13   9.6230E-07   9.6511E-07   0.99708
FLUX 1117  6290.00        4.766176E+13   9.4831E-07   9.5927E-07   0.98858
FLUX 1118  6310.00        4.751070E+13   9.4960E-07   9.5348E-07   0.99593
FLUX 1119  6330.00        4.736058E+13   9.4765E-07   9.4774E-07   0.99990
FLUX 1120  6350.00        4.721142E+13   9.4203E-07   9.4205E-07   0.99998
FLUX 1121  6370.00        4.706319E+13   9.3636E-07   9.3642E-07   0.99994
FLUX 1122  6390.00        4.691588E+13   9.3081E-07   9.3083E-07   0.99998
FLUX 1123  6420.00        4.669665E+13   9.2254E-07   9.2255E-07   0.99999
FLUX 1124  6460.00        4.640751E+13   9.1165E-07   9.1167E-07   0.99997
FLUX 1125  6500.00        4.612192E+13   9.0093E-07   9.0099E-07   0.99993
FLUX 1126  6540.00        4.583983E+13   8.9048E-07   8.9049E-07   0.99999
FLUX 1127  6580.00        4.556117E+13   8.8016E-07   8.8018E-07   0.99998
FLUX 1128  6620.00        4.528588E+13   8.7003E-07   8.7004E-07   0.99999
FLUX 1129  6660.00        4.501389E+13   8.6006E-07   8.6008E-07   0.99999
FLUX 1130  6700.00        4.474515E+13   8.5027E-07   8.5028E-07   0.99998
FLUX 1131  6740.00        4.447960E+13   8.3887E-07   8.4066E-07   0.99787
FLUX 1132  6780.00        4.421718E+13   8.2210E-07   8.3119E-07   0.98906
FLUX 1133  6820.00        4.395784E+13   8.2172E-07   8.2189E-07   0.99979
FLUX 1134  6860.00        4.370153E+13   8.1272E-07   8.1274E-07   0.99998
FLUX 1135  6900.00        4.344819E+13   8.0373E-07   8.0375E-07   0.99998
FLUX 1136  6940.00        4.319777E+13   7.9488E-07   7.9490E-07   0.99997
FLUX 1137  6980.00        4.295021E+13   7.8618E-07   7.8620E-07   0.99998
FLUX 1138  7020.00        4.270548E+13   7.7759E-07   7.7764E-07   0.99994
FLUX 1139  7060.00        4.246353E+13   7.6920E-07   7.6922E-07   0.99997
FLUX 1140  7100.00        4.222430E+13   7.6092E-07   7.6093E-07   0.99999
FLUX 1141  7140.00        4.198775E+13   7.5277E-07   7.5278E-07   0.99999
FLUX 1142  7180.00        4.175383E+13   7.4475E-07   7.4476E-07   0.99998
FLUX 1143  7220.00        4.152251E+13   7.3681E-07   7.3687E-07   0.99993
FLUX 1144  7260.00        4.129373E+13   7.2908E-07   7.2910E-07   0.99997
FLUX 1145  7300.00        4.106747E+13   7.2144E-07   7.2145E-07   0.99999
FLUX 1146  7340.00        4.084366E+13   7.1391E-07   7.1393E-07   0.99997
FLUX 1147  7380.00        4.062229E+13   7.0650E-07   7.0652E-07   0.99998
FLUX 1148  7420.00        4.040330E+13   6.9824E-07   6.9923E-07   0.99859
FLUX 1149  7460.00        4.018666E+13   6.7535E-07   6.9205E-07   0.97586
FLUX 1150  7500.00        3.997233E+13   6.6514E-07   6.8498E-07   0.97104
FLUX 1151  7540.00        3.976028E+13   6.7520E-07   6.7803E-07   0.99584
FLUX 1152  7580.00        3.955046E+13   6.7115E-07   6.7117E-07   0.99997
FLUX 1153  7620.00        3.934285E+13   6.6441E-07   6.6442E-07   0.99998
FLUX 1154  7660.00        3.913740E+13   6.5776E-07   6.5777E-07   0.99999
FLUX 1155  7700.00        3.893409E+13   6.5121E-07   6.5122E-07   0.99999
FLUX 1156  7740.00        3.873288E+13   6.4476E-07   6.4477E-07   0.99998
FLUX 1157  7780.00        3.853374E+13   6.3815E-07   6.3841E-07   0.99959
FLUX 1158  7820.00        3.833664E+13   6.3214E-07   6.3215E-07   0.99998
FLUX 1159  7860.00        3.814154E+13   6.2597E-07   6.2597E-07   0.99999
FLUX 1160  7900.00        3.794842E+13   6.1989E-07   6.1989E-07   0.99999
FLUX 1161  7940.00        3.775724E+13   6.1389E-07   6.1390E-07   0.99999
FLUX 1162  7980.00        3.756798E+13   6.0798E-07   6.0799E-07   0.99999
FLUX 1163  8020.00        3.738061E+13   6.0216E-07   6.0217E-07   0.99999
FLUX 1164  8060.00        3.719510E+13   5.9642E-07   5.9643E-07   0.99998
FLUX 1165  8100.00        3.701142E+13   5.9076E-07   5.9077E-07   0.99999
FLUX 1166  8140.00        3.682955E+13   5.8436E-07   5.8519E-07   0.99857
FLUX 1167  8180.00        3.664945E+13   5.7932E-07   5.7969E-07   0.99935
FLUX 1168  8220.00        3.647111E+13   5.7427E-07   5.7427E-07   0.99999
FLUX 1169  8260.00        3.629449E+13   5.6892E-07   5.6893E-07   0.99999
FLUX 1170  8300.00        3.611958E+13   5.6365E-07   5.6366E-07   0.99999
FLUX 1171  8340.00        3.594634E+13   5.5844E-07   5.5846E-07   0.99998
FLUX 1172  8380.00        3.577476E+13   5.5332E-07   5.5333E-07   0.99998
FLUX 1173  8420.00        3.560481E+13   5.4826E-07   5.4827E-07   0.99998
FLUX 1174  8460.00        3.543647E+13   5.4328E-07   5.4328E-07   0.99999
FLUX 1175  8500.00        3.526971E+13   5.3836E-07   5.3836E-07   1.00000
FLUX 1176  8540.00        3.510451E+13   5.3351E-07   5.3351E-07   0.99999
FLUX 1177  8580.00        3.494085E+13   5.2872E-07   5.2872E-07   0.99999
FLUX 1178  8620.00        3.477871E+13   5.2398E-07   5.2400E-07   0.99997
FLUX 1179  8660.00        3.461807E+13   5.1722E-07   5.1934E-07   0.99592
FLUX 1180  8700.00        3.445891E+13   5.1440E-07   5.1474E-07   0.99933
FLUX 1181  8740.00        3.430120E+13   5.0510E-07   5.1020E-07   0.99000
FLUX 1182  8780.00        3.414493E+13   5.0069E-07   5.0572E-07   0.99004
FLUX 1183  8820.00        3.399008E+13   5.0129E-07   5.0130E-07   0.99998
FLUX 1184  8860.00        3.383663E+13   4.9693E-07   4.9694E-07   0.99998
FLUX 1185  8900.00        3.368455E+13   4.9263E-07   4.9263E-07   0.99998
FLUX 1186  8940.00        3.353384E+13   4.8838E-07   4.8838E-07   0.99999
FLUX 1187  8980.00        3.338447E+13   4.8418E-07   4.8419E-07   0.99998
FLUX 1188  9020.00        3.323642E+13   4.8004E-07   4.8005E-07   0.99999
FLUX 1189  9060.00        3.308968E+13   4.7596E-07   4.7596E-07   0.99999
FLUX 1190  9100.00        3.294423E+13   4.7192E-07   4.7192E-07   0.99999
FLUX 1191  9140.00        3.280005E+13   4.6793E-07   4.6794E-07   0.99998
FLUX 1192  9180.00        3.265714E+13   4.6400E-07   4.6400E-07   0.99999
FLUX 1193  9220.00        3.251546E+13   4.6011E-07   4.6012E-07   0.99999
FLUX 1194  9260.00        3.237500E+13   4.5627E-07   4.5628E-07   0.99999
FLUX 1195  9300.00        3.223575E+13   4.5249E-07   4.5249E-07   0.99999
FLUX 1196  9340.00        3.209770E+13   4.4873E-07   4.4875E-07   0.99997
FLUX 1197  9380.00        3.196082E+13   4.4224E-07   4.4505E-07   0.99368
FLUX 1198  9420.00        3.182511E+13   4.4046E-07   4.4140E-07   0.99786
FLUX 1199  9460.00        3.169054E+13   4.3779E-07   4.3779E-07   0.99998
FLUX 1200  9500.00        3.155711E+13   4.3423E-07   4.3423E-07   0.99999
FLUX 1201  9540.00        3.142479E+13   4.3070E-07   4.3071E-07   0.99998
FLUX 1202  9580.00        3.129358E+13   4.2723E-07   4.2724E-07   0.99999
FLUX 1203  9620.00        3.116346E+13   4.2380E-07   4.2380E-07   0.99999
FLUX 1204  9660.00        3.103442E+13   4.2041E-07   4.2041E-07   1.00000
FLUX 1205  9700.00        3.090644E+13   4.1706E-07   4.1706E-07   1.00000
FLUX 1206  9740.00        3.077952E+13   4.1374E-07   4.1375E-07   0.99998
FLUX 1207  9780.00        3.065363E+13   4.1047E-07   4.1047E-07   0.99999
FLUX 1208  9820.00        3.052877E+13   4.0723E-07   4.0724E-07   0.99999
FLUX 1209  9860.00        3.040492E+13   4.0404E-07   4.0404E-07   0.99999
FLUX 1210  9900.00        3.028207E+13   4.0088E-07   4.0088E-07   0.99999
FLUX 1211  9940.00        3.016021E+13   3.9776E-07   3.9776E-07   0.99999
FLUX 1212  9980.00        3.003933E+13   3.9467E-07   3.9467E-07   0.99999
FLUX 1213 10020.00        2.991941E+13   3.9162E-07   3.9162E-07   0.99999
FLUX 1214 20000.00        1.498963E+13   1.0111E-07   1.0111E-07   1.00000
FLUX 1215 40000.00        7.494813E+12   2.5450E-08   2.5450E-08   1.00000
FLUX 1216 60000.00        4.996542E+12   1.1276E-08   1.1276E-08   1.00000
FLUX 1217 80000.00        3.747406E+12   6.3148E-09   6.3148E-09   1.00000
FLUX 1218100000.00        2.997925E+12   4.0240E-09   4.0240E-09   1.00000
FLUX 1219120000.00        2.498271E+12   2.7833E-09   2.7833E-09   1.00000
FLUX 1220140000.00        2.141375E+12   2.0375E-09   2.0375E-09   1.00000
FLUX 1221160000.00        1.873703E+12   1.5549E-09   1.5549E-09   1.00000
FLUX
