TEFF   6500.  GRAVITY 1.00000 LTE 
TITLE  [-1.0] VTURB=2  L/H=1.25 NOVER NEW ODF                                   
FLUX    1     9.09        3.298047E+16   1.0000E-50   0.0000E+00   1.00000
FLUX    2     9.35        3.206337E+16   1.0000E-50   0.0000E+00   1.00000
FLUX    3     9.61        3.119589E+16   1.0000E-50   0.0000E+00   1.00000
FLUX    4     9.77        3.068501E+16   1.0000E-50   0.0000E+00   1.00000
FLUX    5     9.96        3.009965E+16   1.0000E-50   0.0000E+00   1.00000
FLUX    6    10.20        2.939142E+16   1.0000E-50   0.0000E+00   1.00000
FLUX    7    10.38        2.888174E+16   1.0000E-50   0.0000E+00   1.00000
FLUX    8    10.56        2.838944E+16   1.0000E-50   0.0000E+00   1.00000
FLUX    9    10.77        2.783589E+16   1.0000E-50   0.0000E+00   1.00000
FLUX   10    11.04        2.715512E+16   1.0000E-50   0.0000E+00   1.00000
FLUX   11    11.40        2.629759E+16   1.0000E-50   0.0000E+00   1.00000
FLUX   12    11.78        2.544928E+16   1.0000E-50   0.0000E+00   1.00000
FLUX   13    12.13        2.471496E+16   1.0000E-50   0.0000E+00   1.00000
FLUX   14    12.48        2.402183E+16   1.0000E-50   0.0000E+00   1.00000
FLUX   15    12.71        2.358714E+16   1.0000E-50   0.0000E+00   1.00000
FLUX   16    12.84        2.334833E+16   1.0000E-50   0.0000E+00   1.00000
FLUX   17    13.05        2.297261E+16   1.0000E-50   0.0000E+00   1.00000
FLUX   18    13.24        2.264294E+16   1.0000E-50   0.0000E+00   1.00000
FLUX   19    13.39        2.238928E+16   1.0000E-50   0.0000E+00   1.00000
FLUX   20    13.66        2.194674E+16   1.0000E-50   0.0000E+00   1.00000
FLUX   21    13.98        2.144438E+16   1.0000E-50   0.0000E+00   1.00000
FLUX   22    14.33        2.092062E+16   1.0000E-50   0.0000E+00   1.00000
FLUX   23    14.72        2.036634E+16   1.0000E-50   0.0000E+00   1.00000
FLUX   24    15.10        1.985381E+16   1.0000E-50   0.0000E+00   1.00000
FLUX   25    15.52        1.931653E+16   1.0000E-50   0.0000E+00   1.00000
FLUX   26    15.88        1.887862E+16   1.0000E-50   0.0000E+00   1.00000
FLUX   27    16.20        1.850571E+16   1.0000E-50   0.0000E+00   1.00000
FLUX   28    16.60        1.805979E+16   1.0000E-50   0.0000E+00   1.00000
FLUX   29    17.03        1.760379E+16   1.0000E-50   0.0000E+00   1.00000
FLUX   30    17.34        1.728907E+16   1.0000E-50   0.0000E+00   1.00000
FLUX   31    17.68        1.695659E+16   1.0000E-50   0.0000E+00   1.00000
FLUX   32    18.02        1.663665E+16   1.0000E-50   0.0000E+00   1.00000
FLUX   33    18.17        1.649931E+16   1.0000E-50   0.0000E+00   1.00000
FLUX   34    18.61        1.610922E+16   2.0201E-83   2.0201E-83   0.99998
FLUX   35    19.10        1.569594E+16   2.3108E-81   2.3109E-81   0.99998
FLUX   36    19.39        1.546119E+16   3.3987E-80   3.3988E-80   0.99998
FLUX   37    19.84        1.511051E+16   1.8816E-78   1.8816E-78   0.99998
FLUX   38    20.18        1.485592E+16   3.4672E-77   3.4672E-77   0.99998
FLUX   39    20.50        1.462402E+16   4.9270E-76   4.9271E-76   0.99998
FLUX   40    21.05        1.424192E+16   3.8769E-74   3.8770E-74   0.99998
FLUX   41    21.62        1.386644E+16   2.8178E-72   2.8178E-72   0.99998
FLUX   42    21.98        1.363933E+16   3.7579E-71   3.7580E-71   0.99998
FLUX   43    22.30        1.344361E+16   3.4919E-70   3.4920E-70   0.99998
FLUX   44    22.68        1.321836E+16   4.5401E-69   4.5402E-69   0.99998
FLUX   45    23.00        1.303446E+16   3.6861E-68   3.6861E-68   0.99998
FLUX   46    23.40        1.281165E+16   4.6424E-67   4.6425E-67   0.99998
FLUX   47    24.00        1.249135E+16   1.7660E-65   1.7660E-65   0.99998
FLUX   48    24.65        1.216197E+16   7.4246E-64   7.4247E-64   0.99998
FLUX   49    25.24        1.187767E+16   1.8650E-62   1.8650E-62   0.99998
FLUX   50    25.68        1.167416E+16   1.8707E-61   1.8707E-61   0.99998
FLUX   51    26.00        1.153048E+16   9.5171E-61   9.5172E-61   0.99998
FLUX   52    26.40        1.135578E+16   6.8709E-60   6.8710E-60   0.99998
FLUX   53    26.85        1.116546E+16   5.9010E-59   5.9011E-59   0.99998
FLUX   54    27.35        1.096133E+16   5.9097E-58   5.9098E-58   0.99998
FLUX   55    27.85        1.076454E+16   5.4459E-57   5.4460E-57   0.99998
FLUX   56    28.40        1.055607E+16   5.7080E-56   5.7081E-56   0.99998
FLUX   57    29.00        1.033767E+16   6.6711E-55   6.6712E-55   0.99998
FLUX   58    29.60        1.012813E+16   7.0280E-54   7.0281E-54   0.99998
FLUX   59    30.10        9.959884E+15   4.6530E-53   4.6532E-53   0.99997
FLUX   60    30.80        9.733523E+15   5.8996E-52   5.8997E-52   0.99998
FLUX   61    31.80        9.427437E+15   1.8191E-50   1.8192E-50   0.99998
FLUX   62    32.80        9.140015E+15   4.5242E-49   4.5243E-49   0.99998
FLUX   63    33.80        8.869601E+15   9.2422E-48   9.2424E-48   0.99998
FLUX   64    34.80        8.614727E+15   1.5798E-46   1.5799E-46   0.99998
FLUX   65    35.70        8.397549E+15   1.7651E-45   1.7651E-45   0.99998
FLUX   66    36.60        8.191052E+15   1.7473E-44   1.7473E-44   0.99998
FLUX   67    37.50        7.994467E+15   1.5422E-43   1.5422E-43   0.99998
FLUX   68    38.50        7.786818E+15   1.5325E-42   1.5326E-42   0.99998
FLUX   69    39.50        7.589684E+15   1.3492E-41   1.3493E-41   0.99998
FLUX   70    40.50        7.402284E+15   1.0628E-40   1.0629E-40   0.99998
FLUX   71    41.40        7.241365E+15   6.2369E-40   6.2370E-40   0.99998
FLUX   72    42.20        7.104088E+15   2.8138E-39   2.8138E-39   0.99998
FLUX   73    43.00        6.971919E+15   1.1976E-38   1.1977E-38   0.99998
FLUX   74    44.10        6.798016E+15   8.0263E-38   8.0265E-38   0.99998
FLUX   75    45.10        6.647284E+15   4.1586E-37   4.1587E-37   0.99998
FLUX   76    46.00        6.517228E+15   1.7153E-36   1.7153E-36   0.99998
FLUX   77    47.00        6.378564E+15   7.7516E-36   7.7518E-36   0.99997
FLUX   78    48.00        6.245677E+15   3.2791E-35   3.2791E-35   0.99998
FLUX   79    49.00        6.118214E+15   1.3050E-34   1.3050E-34   0.99998
FLUX   80    50.00        5.995850E+15   4.8972E-34   4.8973E-34   0.99998
FLUX   81    50.60        5.924753E+15   1.4012E-33   1.6015E-33   0.87493
FLUX   82    51.20        5.855322E+15   3.3287E-33   3.3709E-33   0.98746
FLUX   83    52.00        5.765240E+15   8.7521E-33   8.8401E-33   0.99005
FLUX   84    53.00        5.656462E+15   2.8253E-32   2.8255E-32   0.99993
FLUX   85    54.00        5.551713E+15   8.5806E-32   8.6314E-32   0.99412
FLUX   86    55.00        5.450773E+15   2.5273E-31   2.5275E-31   0.99990
FLUX   87    56.00        5.353438E+15   7.1065E-31   7.1070E-31   0.99993
FLUX   88    57.00        5.259518E+15   1.9231E-30   1.9231E-30   0.99998
FLUX   89    58.00        5.168836E+15   4.9629E-30   5.0181E-30   0.98901
FLUX   90    59.00        5.081229E+15   1.2648E-29   1.2649E-29   0.99990
FLUX   91    60.00        4.996542E+15   3.0856E-29   3.0860E-29   0.99988
FLUX   92    61.00        4.914631E+15   7.2979E-29   7.2981E-29   0.99998
FLUX   93    62.00        4.835363E+15   1.6755E-28   1.6757E-28   0.99993
FLUX   94    63.00        4.758611E+15   3.7406E-28   3.7407E-28   0.99997
FLUX   95    64.00        4.684258E+15   8.1338E-28   8.1345E-28   0.99991
FLUX   96    65.00        4.612192E+15   1.7244E-27   1.7245E-27   0.99998
FLUX   97    65.80        4.556117E+15   3.0908E-27   3.0909E-27   0.99998
FLUX   98    66.50        4.508158E+15   5.0865E-27   5.0872E-27   0.99987
FLUX   99    67.50        4.441370E+15   1.0168E-26   1.0169E-26   0.99989
FLUX  100    68.50        4.376533E+15   1.9889E-26   1.9891E-26   0.99990
FLUX  101    69.50        4.313561E+15   3.8109E-26   3.8109E-26   0.99998
FLUX  102    70.50        4.252376E+15   7.1547E-26   7.1582E-26   0.99952
FLUX  103    71.60        4.187046E+15   1.4010E-25   1.4010E-25   0.99998
FLUX  104    72.60        4.129373E+15   2.5311E-25   2.5312E-25   0.99998
FLUX  105    73.50        4.078810E+15   4.2478E-25   4.2479E-25   0.99997
FLUX  106    74.50        4.024060E+15   7.4330E-25   7.4338E-25   0.99989
FLUX  107    75.50        3.970762E+15   1.2801E-24   1.2802E-24   0.99989
FLUX  108    76.50        3.918856E+15   2.1709E-24   2.1712E-24   0.99988
FLUX  109    77.50        3.868290E+15   3.6278E-24   3.6282E-24   0.99989
FLUX  110    78.50        3.819013E+15   5.9775E-24   5.9776E-24   0.99998
FLUX  111    79.50        3.770975E+15   9.6990E-24   9.7148E-24   0.99837
FLUX  112    80.50        3.724130E+15   1.5576E-23   1.5583E-23   0.99952
FLUX  113    81.50        3.678436E+15   2.4680E-23   2.4682E-23   0.99991
FLUX  114    82.50        3.633848E+15   3.8628E-23   3.8629E-23   0.99997
FLUX  115    83.50        3.590329E+15   5.9761E-23   5.9762E-23   0.99998
FLUX  116    84.50        3.547840E+15   9.1420E-23   9.1422E-23   0.99998
FLUX  117    85.50        3.506345E+15   1.3833E-22   1.3834E-22   0.99993
FLUX  118    86.50        3.465809E+15   2.0716E-22   2.0716E-22   0.99998
FLUX  119    87.50        3.426200E+15   3.0698E-22   3.0709E-22   0.99964
FLUX  120    88.50        3.387486E+15   4.5084E-22   4.5085E-22   0.99998
FLUX  121    89.50        3.349637E+15   6.5570E-22   6.5572E-22   0.99998
FLUX  122    90.50        3.312624E+15   9.4456E-22   9.4503E-22   0.99950
FLUX  123    91.50        3.276421E+15   2.8187E-18   7.5241E-18   0.37462
FLUX  124    92.50        3.241000E+15   9.6147E-18   1.0900E-17   0.88206
FLUX  125    93.50        3.206337E+15   1.3360E-17   1.5606E-17   0.85605
FLUX  126    94.50        3.172407E+15   1.9823E-17   2.2139E-17   0.89540
FLUX  127    95.50        3.139188E+15   2.9624E-17   3.1248E-17   0.94801
FLUX  128    96.50        3.106658E+15   4.1579E-17   4.3312E-17   0.95999
FLUX  129    97.50        3.074795E+15   5.5898E-17   5.9029E-17   0.94696
FLUX  130    98.50        3.043579E+15   7.8881E-17   8.3223E-17   0.94783
FLUX  131    99.50        3.012990E+15   1.0554E-16   1.1357E-16   0.92930
FLUX  132   100.50        2.983010E+15   1.5063E-16   1.5363E-16   0.98046
FLUX  133   101.50        2.953621E+15   2.0135E-16   2.0403E-16   0.98685
FLUX  134   102.50        2.924805E+15   2.6584E-16   2.7963E-16   0.95070
FLUX  135   103.50        2.896546E+15   3.6360E-16   3.7129E-16   0.97930
FLUX  136   104.50        2.868828E+15   4.8901E-16   4.9453E-16   0.98883
FLUX  137   105.50        2.841635E+15   6.4839E-16   6.5391E-16   0.99156
FLUX  138   106.50        2.814953E+15   8.3697E-16   8.6013E-16   0.97307
FLUX  139   107.50        2.788767E+15   1.1060E-15   1.1260E-15   0.98221
FLUX  140   108.50        2.763065E+15   1.4470E-15   1.4667E-15   0.98653
FLUX  141   109.50        2.737831E+15   1.8422E-15   1.9002E-15   0.96949
FLUX  142   110.50        2.713054E+15   6.1448E-15   2.7729E-14   0.22160
FLUX  143   111.50        2.688722E+15   2.2381E-14   3.7299E-14   0.60004
FLUX  144   112.50        2.664822E+15   3.2737E-14   4.7964E-14   0.68254
FLUX  145   113.50        2.641344E+15   4.5388E-14   5.8638E-14   0.77404
FLUX  146   114.50        2.618275E+15   5.5593E-14   6.8124E-14   0.81606
FLUX  147   115.50        2.595606E+15   5.6834E-14   7.4599E-14   0.76186
FLUX  148   116.50        2.573326E+15   6.8774E-14   7.6244E-14   0.90203
FLUX  149   117.50        2.551426E+15   6.7933E-14   7.1787E-14   0.94631
FLUX  150   118.50        2.529895E+15   1.1465E-13   2.5173E-13   0.45545
FLUX  151   119.50        2.508724E+15   2.9512E-14   3.0639E-13   0.09632
FLUX  152   120.50        2.487905E+15   2.2190E-14   3.7025E-13   0.05993
FLUX  153   121.50        2.467428E+15   1.0295E-14   4.4474E-13   0.02315
FLUX  154   122.50        2.447286E+15   2.9900E-14   5.4472E-13   0.05489
FLUX  155   123.50        2.427470E+15   7.1506E-14   6.4798E-13   0.11035
FLUX  156   124.50        2.407972E+15   1.4988E-13   1.6150E-13   0.92807
FLUX  157   125.50        2.388785E+15   3.0896E-13   3.3606E-13   0.91937
FLUX  158   126.50        2.369901E+15   4.4758E-13   6.1123E-13   0.73226
FLUX  159   127.50        2.351314E+15   7.4827E-13   9.4295E-13   0.79354
FLUX  160   128.50        2.333016E+15   1.2479E-12   1.4469E-12   0.86251
FLUX  161   129.50        2.315000E+15   1.8383E-12   2.0427E-12   0.89993
FLUX  162   130.50        2.297261E+15   1.9963E-12   2.8532E-12   0.69968
FLUX  163   131.50        2.279791E+15   3.2498E-12   3.8240E-12   0.84985
FLUX  164   132.50        2.262585E+15   4.4235E-12   5.0482E-12   0.87626
FLUX  165   133.50        2.245637E+15   5.6700E-12   6.5078E-12   0.87126
FLUX  166   134.50        2.228941E+15   7.6546E-12   8.2718E-12   0.92538
FLUX  167   135.50        2.212491E+15   8.9808E-12   1.0355E-11   0.86729
FLUX  168   136.50        2.196282E+15   1.1206E-11   1.2834E-11   0.87314
FLUX  169   137.50        2.180309E+15   1.3484E-11   1.5713E-11   0.85813
FLUX  170   138.50        2.164567E+15   1.6373E-11   1.9079E-11   0.85818
FLUX  171   139.50        2.149050E+15   2.0314E-11   2.2923E-11   0.88618
FLUX  172   140.50        2.133754E+15   2.4319E-11   2.7382E-11   0.88812
FLUX  173   141.50        2.118675E+15   2.7746E-11   3.2393E-11   0.85656
FLUX  174   142.50        2.103807E+15   3.2928E-11   3.8206E-11   0.86185
FLUX  175   143.50        2.089146E+15   3.6022E-11   4.4618E-11   0.80734
FLUX  176   144.20        2.079005E+15   4.3707E-11   4.9657E-11   0.88018
FLUX  177   144.70        2.071821E+15   4.7391E-11   5.5187E-11   0.85873
FLUX  178   145.50        2.060430E+15   5.5111E-11   6.1972E-11   0.88930
FLUX  179   146.50        2.046365E+15   5.9765E-11   7.1469E-11   0.83623
FLUX  180   147.50        2.032492E+15   7.0341E-11   8.2023E-11   0.85758
FLUX  181   148.50        2.018805E+15   8.2135E-11   9.3707E-11   0.87651
FLUX  182   149.50        2.005301E+15   9.7628E-11   1.0675E-10   0.91454
FLUX  183   150.50        1.991977E+15   1.1248E-10   1.2097E-10   0.92981
FLUX  184   151.20        1.982755E+15   1.1929E-10   1.3186E-10   0.90464
FLUX  185   151.70        1.976220E+15   1.3135E-10   1.5590E-10   0.84248
FLUX  186   152.50        1.965852E+15   1.4537E-10   2.2413E-10   0.64860
FLUX  187   153.50        1.953046E+15   1.9164E-10   3.5921E-10   0.53350
FLUX  188   154.50        1.940405E+15   2.5269E-10   4.2458E-10   0.59515
FLUX  189   155.50        1.927926E+15   2.7616E-10   4.9894E-10   0.55349
FLUX  190   156.50        1.915607E+15   2.7043E-10   5.8307E-10   0.46380
FLUX  191   157.50        1.903444E+15   3.6264E-10   7.7786E-10   0.46620
FLUX  192   158.50        1.891435E+15   4.2182E-10   9.1290E-10   0.46206
FLUX  193   159.50        1.879577E+15   5.2328E-10   1.0555E-09   0.49576
FLUX  194   160.50        1.867866E+15   5.4916E-10   1.2214E-09   0.44963
FLUX  195   161.50        1.856300E+15   5.8298E-10   1.4173E-09   0.41133
FLUX  196   162.50        1.844877E+15   6.1365E-10   1.6992E-09   0.36114
FLUX  197   163.50        1.833593E+15   7.6441E-10   1.9492E-09   0.39217
FLUX  198   164.50        1.822447E+15   9.7937E-10   2.2349E-09   0.43821
FLUX  199   165.50        1.811435E+15   6.7783E-10   2.5436E-09   0.26648
FLUX  200   166.50        1.800556E+15   1.2077E-09   2.8775E-09   0.41972
FLUX  201   167.20        1.793017E+15   7.7185E-10   3.1299E-09   0.24661
FLUX  202   167.70        1.787671E+15   1.7762E-09   9.7771E-09   0.18167
FLUX  203   168.50        1.779184E+15   3.6937E-09   2.5922E-08   0.14250
FLUX  204   169.50        1.768687E+15   5.9361E-09   2.8334E-08   0.20951
FLUX  205   170.50        1.758314E+15   6.5746E-09   3.0830E-08   0.21325
FLUX  206   171.50        1.748061E+15   1.1555E-08   3.6536E-08   0.31627
FLUX  207   172.50        1.737928E+15   1.4715E-08   3.9342E-08   0.37402
FLUX  208   173.50        1.727911E+15   1.9343E-08   4.2112E-08   0.45932
FLUX  209   174.50        1.718009E+15   1.7362E-08   4.5062E-08   0.38528
FLUX  210   175.50        1.708219E+15   2.4193E-08   4.8150E-08   0.50246
FLUX  211   176.50        1.698541E+15   1.9873E-08   5.1210E-08   0.38806
FLUX  212   177.50        1.688972E+15   2.6621E-08   5.4432E-08   0.48907
FLUX  213   178.50        1.679510E+15   2.4809E-08   5.7860E-08   0.42877
FLUX  214   179.50        1.670153E+15   3.9643E-08   6.1354E-08   0.64614
FLUX  215   180.50        1.660900E+15   2.9219E-08   6.4963E-08   0.44978
FLUX  216   181.50        1.651749E+15   3.8557E-08   6.8705E-08   0.56119
FLUX  217   182.50        1.642699E+15   3.1811E-08   7.2571E-08   0.43834
FLUX  218   183.50        1.633747E+15   3.5779E-08   7.6384E-08   0.46841
FLUX  219   184.50        1.624892E+15   3.3465E-08   8.0321E-08   0.41665
FLUX  220   185.50        1.616132E+15   4.0556E-08   8.4443E-08   0.48028
FLUX  221   186.50        1.607466E+15   4.9415E-08   8.8588E-08   0.55781
FLUX  222   187.50        1.598893E+15   4.8503E-08   9.3705E-08   0.51761
FLUX  223   188.50        1.590411E+15   5.4035E-08   9.8037E-08   0.55117
FLUX  224   189.50        1.582018E+15   6.2167E-08   1.0250E-07   0.60651
FLUX  225   190.50        1.573714E+15   5.8321E-08   1.0703E-07   0.54492
FLUX  226   191.50        1.565496E+15   6.4857E-08   1.1164E-07   0.58095
FLUX  227   192.50        1.557364E+15   6.2765E-08   1.1638E-07   0.53930
FLUX  228   193.50        1.549315E+15   4.3091E-08   1.2125E-07   0.35540
FLUX  229   194.50        1.541350E+15   8.1338E-08   1.2611E-07   0.64499
FLUX  230   195.50        1.533465E+15   8.8120E-08   1.3101E-07   0.67264
FLUX  231   196.70        1.524110E+15   1.0159E-07   1.3705E-07   0.74123
FLUX  232   197.60        1.517169E+15   1.0203E-07   1.4418E-07   0.70770
FLUX  233   198.40        1.511051E+15   1.0150E-07   1.4844E-07   0.68378
FLUX  234   199.50        1.502719E+15   1.0270E-07   1.5564E-07   0.65985
FLUX  235   200.50        1.495224E+15   1.0068E-07   1.6118E-07   0.62462
FLUX  236   201.50        1.487804E+15   9.7877E-08   1.6687E-07   0.58656
FLUX  237   202.50        1.480457E+15   9.1312E-08   1.7267E-07   0.52881
FLUX  238   203.50        1.473182E+15   1.1609E-07   1.7840E-07   0.65072
FLUX  239   204.50        1.465978E+15   1.3182E-07   1.8425E-07   0.71546
FLUX  240   205.50        1.458844E+15   1.2146E-07   1.9022E-07   0.63852
FLUX  241   206.50        1.451780E+15   1.1594E-07   1.9632E-07   0.59058
FLUX  242   207.40        1.445480E+15   1.5633E-07   2.0185E-07   0.77449
FLUX  243   207.80        1.442697E+15   1.7259E-07   2.3068E-07   0.74816
FLUX  244   208.50        1.437854E+15   1.6793E-07   2.3580E-07   0.71219
FLUX  245   209.50        1.430990E+15   1.6286E-07   2.4323E-07   0.66958
FLUX  246   210.50        1.424192E+15   1.5600E-07   2.5082E-07   0.62198
FLUX  247   211.50        1.417459E+15   1.6713E-07   2.5854E-07   0.64644
FLUX  248   212.50        1.410788E+15   1.6895E-07   2.6628E-07   0.63447
FLUX  249   213.50        1.404180E+15   1.3646E-07   2.7409E-07   0.49788
FLUX  250   214.50        1.397634E+15   1.7279E-07   2.8204E-07   0.61265
FLUX  251   215.50        1.391148E+15   1.8079E-07   2.9013E-07   0.62314
FLUX  252   216.50        1.384723E+15   1.6621E-07   2.9838E-07   0.55704
FLUX  253   217.50        1.378356E+15   1.7320E-07   3.0668E-07   0.56475
FLUX  254   218.50        1.372048E+15   1.8867E-07   3.1503E-07   0.59888
FLUX  255   219.50        1.365797E+15   2.1875E-07   3.2354E-07   0.67612
FLUX  256   220.50        1.359603E+15   2.1045E-07   3.3221E-07   0.63350
FLUX  257   221.50        1.353465E+15   1.8039E-07   3.4103E-07   0.52896
FLUX  258   222.50        1.347382E+15   1.8184E-07   3.5014E-07   0.51935
FLUX  259   223.50        1.341353E+15   2.3886E-07   3.5905E-07   0.66527
FLUX  260   224.50        1.335379E+15   2.1857E-07   3.6810E-07   0.59379
FLUX  261   225.50        1.329457E+15   1.8631E-07   3.7855E-07   0.49217
FLUX  262   226.50        1.323587E+15   1.8727E-07   3.8785E-07   0.48284
FLUX  263   227.50        1.317769E+15   2.3089E-07   3.9729E-07   0.58116
FLUX  264   228.50        1.312002E+15   2.4634E-07   4.0673E-07   0.60566
FLUX  265   229.50        1.306285E+15   2.2740E-07   4.1625E-07   0.54631
FLUX  266   230.50        1.300618E+15   2.5400E-07   4.2590E-07   0.59639
FLUX  267   231.50        1.295000E+15   2.4697E-07   4.3569E-07   0.56686
FLUX  268   232.50        1.289430E+15   2.3730E-07   4.4562E-07   0.53252
FLUX  269   233.50        1.283908E+15   1.6201E-07   4.5597E-07   0.35531
FLUX  270   234.50        1.278433E+15   1.2253E-07   4.6601E-07   0.26294
FLUX  271   235.50        1.273004E+15   2.2074E-07   4.7616E-07   0.46359
FLUX  272   236.50        1.267622E+15   1.2784E-07   4.8645E-07   0.26280
FLUX  273   237.50        1.262284E+15   1.8647E-07   4.9687E-07   0.37530
FLUX  274   238.50        1.256992E+15   9.6909E-08   5.0743E-07   0.19098
FLUX  275   239.50        1.251743E+15   1.3649E-07   5.1813E-07   0.26344
FLUX  276   240.50        1.246538E+15   1.3347E-07   5.2883E-07   0.25238
FLUX  277   241.50        1.241377E+15   1.8034E-07   5.3961E-07   0.33420
FLUX  278   242.50        1.236258E+15   2.9960E-07   5.5052E-07   0.54422
FLUX  279   243.50        1.231181E+15   3.0126E-07   5.6156E-07   0.53647
FLUX  280   244.50        1.226145E+15   3.3277E-07   5.7318E-07   0.58058
FLUX  281   245.50        1.221151E+15   3.3488E-07   5.8446E-07   0.57298
FLUX  282   246.50        1.216197E+15   3.3509E-07   5.9583E-07   0.56239
FLUX  283   247.50        1.211283E+15   3.0995E-07   6.0718E-07   0.51048
FLUX  284   248.50        1.206408E+15   3.1348E-07   6.1866E-07   0.50671
FLUX  285   249.50        1.201573E+15   3.0961E-07   6.3025E-07   0.49124
FLUX  286   250.50        1.196776E+15   4.1197E-07   6.4233E-07   0.64136
FLUX  287   251.30        1.192967E+15   3.2261E-07   6.5178E-07   0.49497
FLUX  288   251.80        1.190598E+15   3.4326E-07   6.7355E-07   0.50962
FLUX  289   252.50        1.187297E+15   2.8840E-07   6.8215E-07   0.42278
FLUX  290   253.50        1.182613E+15   2.8357E-07   6.9453E-07   0.40828
FLUX  291   254.50        1.177967E+15   3.0336E-07   7.0693E-07   0.42913
FLUX  292   255.50        1.173356E+15   3.5765E-07   7.1945E-07   0.49712
FLUX  293   256.50        1.168782E+15   3.1934E-07   7.3209E-07   0.43621
FLUX  294   257.50        1.164243E+15   3.7171E-07   7.4485E-07   0.49904
FLUX  295   258.50        1.159739E+15   3.3763E-07   7.5773E-07   0.44558
FLUX  296   259.50        1.155270E+15   3.0848E-07   7.7073E-07   0.40024
FLUX  297   260.50        1.150835E+15   2.6547E-07   7.8383E-07   0.33868
FLUX  298   261.50        1.146434E+15   2.4879E-07   7.9692E-07   0.31218
FLUX  299   262.50        1.142067E+15   3.3663E-07   8.1013E-07   0.41552
FLUX  300   263.50        1.137732E+15   4.3645E-07   8.2358E-07   0.52994
FLUX  301   264.50        1.133431E+15   6.2944E-07   8.3702E-07   0.75201
FLUX  302   265.50        1.129162E+15   6.5889E-07   8.5057E-07   0.77465
FLUX  303   266.50        1.124925E+15   5.4994E-07   8.6423E-07   0.63634
FLUX  304   267.50        1.120720E+15   6.0856E-07   8.7800E-07   0.69311
FLUX  305   268.50        1.116546E+15   6.1997E-07   8.9181E-07   0.69518
FLUX  306   269.50        1.112403E+15   5.6953E-07   9.0565E-07   0.62886
FLUX  307   270.50        1.108290E+15   6.1372E-07   9.1974E-07   0.66727
FLUX  308   271.50        1.104208E+15   5.3142E-07   9.3379E-07   0.56910
FLUX  309   272.50        1.100156E+15   5.4608E-07   9.4795E-07   0.57607
FLUX  310   273.50        1.096133E+15   5.9309E-07   9.6220E-07   0.61639
FLUX  311   274.50        1.092140E+15   3.5559E-07   9.7657E-07   0.36412
FLUX  312   275.50        1.088176E+15   4.4694E-07   9.9103E-07   0.45099
FLUX  313   276.50        1.084241E+15   5.2484E-07   1.0055E-06   0.52195
FLUX  314   277.50        1.080333E+15   6.3005E-07   1.0201E-06   0.61766
FLUX  315   278.50        1.076454E+15   5.0118E-07   1.0347E-06   0.48437
FLUX  316   279.50        1.072603E+15   1.7329E-07   1.0494E-06   0.16513
FLUX  317   280.50        1.068779E+15   2.3017E-07   1.0643E-06   0.21627
FLUX  318   281.50        1.064982E+15   6.3973E-07   1.0792E-06   0.59279
FLUX  319   282.50        1.061212E+15   7.8884E-07   1.0942E-06   0.72092
FLUX  320   283.50        1.057469E+15   7.7038E-07   1.1093E-06   0.69445
FLUX  321   284.50        1.053752E+15   7.5099E-07   1.1245E-06   0.66781
FLUX  322   285.50        1.050061E+15   6.7448E-07   1.1398E-06   0.59177
FLUX  323   286.50        1.046396E+15   8.1529E-07   1.1550E-06   0.70585
FLUX  324   287.50        1.042757E+15   8.0797E-07   1.1704E-06   0.69033
FLUX  325   288.50        1.039142E+15   8.3792E-07   1.1859E-06   0.70659
FLUX  326   289.50        1.035553E+15   8.0698E-07   1.2014E-06   0.67169
FLUX  327   291.00        1.030215E+15   9.7681E-07   1.2250E-06   0.79741
FLUX  328   293.00        1.023183E+15   9.5422E-07   1.2566E-06   0.75939
FLUX  329   295.00        1.016246E+15   9.5906E-07   1.2884E-06   0.74439
FLUX  330   297.00        1.009402E+15   1.0402E-06   1.3204E-06   0.78777
FLUX  331   299.00        1.002651E+15   1.0727E-06   1.3527E-06   0.79302
FLUX  332   301.00        9.959884E+14   1.1331E-06   1.3854E-06   0.81791
FLUX  333   303.00        9.894142E+14   1.1524E-06   1.4183E-06   0.81253
FLUX  334   305.00        9.829262E+14   1.1870E-06   1.4514E-06   0.81785
FLUX  335   307.00        9.765228E+14   1.2165E-06   1.4847E-06   0.81936
FLUX  336   309.00        9.702023E+14   1.2902E-06   1.5184E-06   0.84971
FLUX  337   311.00        9.639630E+14   1.2706E-06   1.5522E-06   0.81858
FLUX  338   313.00        9.578035E+14   1.2859E-06   1.5864E-06   0.81059
FLUX  339   315.00        9.517222E+14   1.3782E-06   1.6207E-06   0.85040
FLUX  340   317.00        9.457177E+14   1.4049E-06   1.6551E-06   0.84881
FLUX  341   319.00        9.397884E+14   1.3252E-06   1.6899E-06   0.78423
FLUX  342   321.00        9.339330E+14   1.4237E-06   1.7248E-06   0.82541
FLUX  343   323.00        9.281502E+14   1.3680E-06   1.7600E-06   0.77730
FLUX  344   325.00        9.224385E+14   1.4863E-06   1.7953E-06   0.82785
FLUX  345   327.00        9.167966E+14   1.5617E-06   1.8308E-06   0.85302
FLUX  346   329.00        9.112234E+14   1.6127E-06   1.8664E-06   0.86407
FLUX  347   331.00        9.057175E+14   1.6846E-06   1.9021E-06   0.88561
FLUX  348   333.00        9.002778E+14   1.6706E-06   1.9381E-06   0.86197
FLUX  349   335.00        8.949030E+14   1.6760E-06   1.9742E-06   0.84894
FLUX  350   337.00        8.895920E+14   1.6781E-06   2.0105E-06   0.83466
FLUX  351   339.00        8.843437E+14   1.7405E-06   2.0469E-06   0.85031
FLUX  352   341.00        8.791569E+14   1.8068E-06   2.0833E-06   0.86726
FLUX  353   343.00        8.740306E+14   1.8901E-06   2.1200E-06   0.89157
FLUX  354   345.00        8.689638E+14   1.9019E-06   2.1567E-06   0.88187
FLUX  355   347.00        8.639553E+14   1.9002E-06   2.1936E-06   0.86627
FLUX  356   349.00        8.590043E+14   1.9197E-06   2.2305E-06   0.86064
FLUX  357   351.00        8.541097E+14   2.0198E-06   2.2676E-06   0.89074
FLUX  358   353.00        8.492705E+14   2.0538E-06   2.3047E-06   0.89113
FLUX  359   355.00        8.444859E+14   2.1716E-06   2.3419E-06   0.92730
FLUX  360   357.00        8.397549E+14   2.0866E-06   2.3792E-06   0.87703
FLUX  361   359.00        8.350766E+14   2.1222E-06   2.4166E-06   0.87818
FLUX  362   361.00        8.304501E+14   2.1799E-06   2.4541E-06   0.88826
FLUX  363   363.00        8.258747E+14   2.2561E-06   2.4916E-06   0.90551
FLUX  364   364.00        8.236058E+14   2.2301E-06   2.5104E-06   0.88834
FLUX  365   365.00        8.213493E+14   2.3553E-06   1.0939E-05   0.21532
FLUX  366   367.00        8.168733E+14   2.3763E-06   1.0971E-05   0.21660
FLUX  367   369.00        8.124458E+14   2.6573E-06   1.1003E-05   0.24151
FLUX  368   371.00        8.080660E+14   3.4935E-06   1.1034E-05   0.31660
FLUX  369   373.00        8.037332E+14   4.5942E-06   1.1065E-05   0.41518
FLUX  370   375.00        7.994467E+14   6.1067E-06   1.1096E-05   0.55034
FLUX  371   377.00        7.952056E+14   6.4786E-06   1.1130E-05   0.58211
FLUX  372   379.00        7.910092E+14   7.5539E-06   1.1161E-05   0.67682
FLUX  373   381.00        7.868570E+14   8.4742E-06   1.1191E-05   0.75722
FLUX  374   383.00        7.827480E+14   7.0935E-06   1.1221E-05   0.63216
FLUX  375   385.00        7.786818E+14   8.9515E-06   1.1251E-05   0.79562
FLUX  376   387.00        7.746576E+14   9.5307E-06   1.1280E-05   0.84490
FLUX  377   389.00        7.706748E+14   7.1552E-06   1.1309E-05   0.63270
FLUX  378   391.00        7.667327E+14   9.3247E-06   1.1337E-05   0.82250
FLUX  379   393.00        7.628308E+14   6.4533E-06   1.1365E-05   0.56783
FLUX  380   395.00        7.589684E+14   9.1675E-06   1.1392E-05   0.80471
FLUX  381   397.00        7.551448E+14   5.9781E-06   1.1419E-05   0.52352
FLUX  382   399.00        7.513596E+14   9.8738E-06   1.1445E-05   0.86270
FLUX  383   401.00        7.476122E+14   1.0351E-05   1.1471E-05   0.90231
FLUX  384   403.00        7.439020E+14   1.0321E-05   1.1496E-05   0.89781
FLUX  385   405.00        7.402284E+14   1.0366E-05   1.1520E-05   0.89984
FLUX  386   407.00        7.365909E+14   1.0241E-05   1.1544E-05   0.88709
FLUX  387   409.00        7.329890E+14   9.9731E-06   1.1568E-05   0.86215
FLUX  388   411.00        7.294221E+14   8.3881E-06   1.1591E-05   0.72365
FLUX  389   413.00        7.258898E+14   1.0468E-05   1.1615E-05   0.90126
FLUX  390   415.00        7.223916E+14   1.0773E-05   1.1638E-05   0.92568
FLUX  391   417.00        7.189269E+14   1.0623E-05   1.1661E-05   0.91097
FLUX  392   419.00        7.154952E+14   1.0692E-05   1.1683E-05   0.91518
FLUX  393   421.00        7.120962E+14   1.0727E-05   1.1705E-05   0.91648
FLUX  394   423.00        7.087293E+14   1.0666E-05   1.1727E-05   0.90957
FLUX  395   425.00        7.053941E+14   1.0833E-05   1.1748E-05   0.92215
FLUX  396   427.00        7.020902E+14   1.0791E-05   1.1769E-05   0.91695
FLUX  397   429.00        6.988170E+14   1.0805E-05   1.1790E-05   0.91652
FLUX  398   431.00        6.955742E+14   1.0319E-05   1.1810E-05   0.87376
FLUX  399   433.00        6.923614E+14   9.8941E-06   1.1830E-05   0.83634
FLUX  400   435.00        6.891782E+14   8.9245E-06   1.1850E-05   0.75310
FLUX  401   437.00        6.860240E+14   1.1115E-05   1.1870E-05   0.93636
FLUX  402   439.00        6.828986E+14   1.0982E-05   1.1889E-05   0.92368
FLUX  403   441.00        6.798016E+14   1.0848E-05   1.1908E-05   0.91100
FLUX  404   443.00        6.767325E+14   1.1055E-05   1.1927E-05   0.92693
FLUX  405   445.00        6.736910E+14   1.1137E-05   1.1946E-05   0.93231
FLUX  406   447.00        6.706767E+14   1.1173E-05   1.1964E-05   0.93390
FLUX  407   449.00        6.676893E+14   1.1289E-05   1.1982E-05   0.94219
FLUX  408   451.00        6.647284E+14   1.1581E-05   1.1998E-05   0.96517
FLUX  409   453.00        6.617936E+14   1.1221E-05   1.2015E-05   0.93395
FLUX  410   455.00        6.588846E+14   1.1166E-05   1.2031E-05   0.92807
FLUX  411   457.00        6.560011E+14   1.1630E-05   1.2047E-05   0.96532
FLUX  412   459.00        6.531427E+14   1.1365E-05   1.2063E-05   0.94210
FLUX  413   461.00        6.503091E+14   1.1747E-05   1.2078E-05   0.97258
FLUX  414   463.00        6.475000E+14   1.1573E-05   1.2094E-05   0.95695
FLUX  415   465.00        6.447151E+14   1.1737E-05   1.2108E-05   0.96931
FLUX  416   467.00        6.419540E+14   1.1810E-05   1.2123E-05   0.97418
FLUX  417   469.00        6.392164E+14   1.1734E-05   1.2137E-05   0.96682
FLUX  418   471.00        6.365021E+14   1.1487E-05   1.2151E-05   0.94530
FLUX  419   473.00        6.338108E+14   1.1883E-05   1.2165E-05   0.97679
FLUX  420   475.00        6.311421E+14   1.2003E-05   1.2179E-05   0.98555
FLUX  421   477.00        6.284958E+14   1.1928E-05   1.2192E-05   0.97837
FLUX  422   479.00        6.258716E+14   1.1931E-05   1.2205E-05   0.97751
FLUX  423   481.00        6.232692E+14   1.1953E-05   1.2218E-05   0.97828
FLUX  424   483.00        6.206884E+14   1.1878E-05   1.2231E-05   0.97113
FLUX  425   485.00        6.181289E+14   1.0900E-05   1.2243E-05   0.89027
FLUX  426   487.00        6.155903E+14   9.2775E-06   1.2255E-05   0.75702
FLUX  427   489.00        6.130726E+14   1.1775E-05   1.2267E-05   0.95985
FLUX  428   491.00        6.105754E+14   1.1935E-05   1.2279E-05   0.97203
FLUX  429   493.00        6.080984E+14   1.1771E-05   1.2290E-05   0.95776
FLUX  430   495.00        6.056414E+14   1.2022E-05   1.2301E-05   0.97737
FLUX  431   497.00        6.032042E+14   1.2179E-05   1.2311E-05   0.98926
FLUX  432   499.00        6.007866E+14   1.1877E-05   1.2321E-05   0.96390
FLUX  433   501.00        5.983882E+14   1.1644E-05   1.2332E-05   0.94424
FLUX  434   503.00        5.960089E+14   1.2031E-05   1.2342E-05   0.97488
FLUX  435   505.00        5.936485E+14   1.1990E-05   1.2351E-05   0.97074
FLUX  436   507.00        5.913067E+14   1.2163E-05   1.2361E-05   0.98399
FLUX  437   509.00        5.889833E+14   1.2091E-05   1.2370E-05   0.97745
FLUX  438   511.00        5.866781E+14   1.2134E-05   1.2379E-05   0.98016
FLUX  439   513.00        5.843908E+14   1.1981E-05   1.2388E-05   0.96716
FLUX  440   515.00        5.821214E+14   1.1918E-05   1.2397E-05   0.96142
FLUX  441   517.00        5.798694E+14   1.1774E-05   1.2405E-05   0.94911
FLUX  442   519.00        5.776349E+14   1.1774E-05   1.2413E-05   0.94849
FLUX  443   521.00        5.754175E+14   1.1860E-05   1.2422E-05   0.95480
FLUX  444   523.00        5.732170E+14   1.1900E-05   1.2429E-05   0.95742
FLUX  445   525.00        5.710333E+14   1.2172E-05   1.2437E-05   0.97871
FLUX  446   527.00        5.688662E+14   1.1700E-05   1.2445E-05   0.94020
FLUX  447   529.00        5.667155E+14   1.2159E-05   1.2452E-05   0.97649
FLUX  448   531.00        5.645810E+14   1.2098E-05   1.2459E-05   0.97109
FLUX  449   533.00        5.624625E+14   1.1906E-05   1.2465E-05   0.95511
FLUX  450   535.00        5.603598E+14   1.2251E-05   1.2472E-05   0.98227
FLUX  451   537.00        5.582728E+14   1.2189E-05   1.2478E-05   0.97686
FLUX  452   539.00        5.562013E+14   1.2171E-05   1.2484E-05   0.97494
FLUX  453   541.00        5.541451E+14   1.2087E-05   1.2489E-05   0.96780
FLUX  454   543.00        5.521041E+14   1.2132E-05   1.2495E-05   0.97096
FLUX  455   545.00        5.500780E+14   1.2284E-05   1.2500E-05   0.98271
FLUX  456   547.00        5.480667E+14   1.2279E-05   1.2505E-05   0.98190
FLUX  457   549.00        5.460701E+14   1.2331E-05   1.2510E-05   0.98569
FLUX  458   551.00        5.440880E+14   1.2319E-05   1.2515E-05   0.98434
FLUX  459   553.00        5.421203E+14   1.2305E-05   1.2520E-05   0.98285
FLUX  460   555.00        5.401667E+14   1.2441E-05   1.2524E-05   0.99333
FLUX  461   557.00        5.382271E+14   1.2353E-05   1.2529E-05   0.98602
FLUX  462   559.00        5.363014E+14   1.2328E-05   1.2533E-05   0.98367
FLUX  463   561.00        5.343895E+14   1.2371E-05   1.2537E-05   0.98676
FLUX  464   563.00        5.324911E+14   1.2459E-05   1.2541E-05   0.99345
FLUX  465   565.00        5.306062E+14   1.2388E-05   1.2545E-05   0.98744
FLUX  466   567.00        5.287346E+14   1.2352E-05   1.2549E-05   0.98434
FLUX  467   569.00        5.268761E+14   1.2458E-05   1.2552E-05   0.99255
FLUX  468   571.00        5.250306E+14   1.2442E-05   1.2555E-05   0.99103
FLUX  469   573.00        5.231981E+14   1.2535E-05   1.2558E-05   0.99819
FLUX  470   575.00        5.213783E+14   1.2505E-05   1.2561E-05   0.99560
FLUX  471   577.00        5.195711E+14   1.2526E-05   1.2563E-05   0.99707
FLUX  472   579.00        5.177763E+14   1.2506E-05   1.2565E-05   0.99528
FLUX  473   581.00        5.159940E+14   1.2525E-05   1.2567E-05   0.99664
FLUX  474   583.00        5.142238E+14   1.2540E-05   1.2569E-05   0.99772
FLUX  475   585.00        5.124658E+14   1.2498E-05   1.2571E-05   0.99424
FLUX  476   587.00        5.107198E+14   1.2531E-05   1.2572E-05   0.99671
FLUX  477   589.00        5.089856E+14   1.2366E-05   1.2574E-05   0.98346
FLUX  478   591.00        5.072631E+14   1.2532E-05   1.2575E-05   0.99661
FLUX  479   593.00        5.055523E+14   1.2532E-05   1.2576E-05   0.99646
FLUX  480   595.00        5.038529E+14   1.2541E-05   1.2577E-05   0.99715
FLUX  481   597.00        5.021650E+14   1.2552E-05   1.2578E-05   0.99790
FLUX  482   599.00        5.004883E+14   1.2521E-05   1.2579E-05   0.99542
FLUX  483   601.00        4.988228E+14   1.2511E-05   1.2579E-05   0.99457
FLUX  484   603.00        4.971683E+14   1.2520E-05   1.2580E-05   0.99526
FLUX  485   605.00        4.955248E+14   1.2544E-05   1.2580E-05   0.99717
FLUX  486   607.00        4.938921E+14   1.2562E-05   1.2580E-05   0.99854
FLUX  487   609.00        4.922701E+14   1.2535E-05   1.2580E-05   0.99638
FLUX  488   611.00        4.906588E+14   1.2507E-05   1.2580E-05   0.99421
FLUX  489   613.00        4.890579E+14   1.2419E-05   1.2580E-05   0.98717
FLUX  490   615.00        4.874675E+14   1.2367E-05   1.2579E-05   0.98311
FLUX  491   617.00        4.858874E+14   1.2411E-05   1.2579E-05   0.98666
FLUX  492   619.00        4.843174E+14   1.2530E-05   1.2578E-05   0.99618
FLUX  493   621.00        4.827576E+14   1.2548E-05   1.2577E-05   0.99770
FLUX  494   623.00        4.812079E+14   1.2482E-05   1.2576E-05   0.99252
FLUX  495   625.00        4.796680E+14   1.2294E-05   1.2575E-05   0.97766
FLUX  496   627.00        4.781380E+14   1.2540E-05   1.2574E-05   0.99734
FLUX  497   629.00        4.766176E+14   1.2538E-05   1.2572E-05   0.99726
FLUX  498   631.00        4.751070E+14   1.2455E-05   1.2571E-05   0.99080
FLUX  499   633.00        4.736058E+14   1.2501E-05   1.2569E-05   0.99459
FLUX  500   635.00        4.721142E+14   1.2490E-05   1.2567E-05   0.99386
FLUX  501   637.00        4.706319E+14   1.2482E-05   1.2565E-05   0.99339
FLUX  502   639.00        4.691588E+14   1.2509E-05   1.2563E-05   0.99569
FLUX  503   641.00        4.676950E+14   1.2427E-05   1.2561E-05   0.98939
FLUX  504   643.00        4.662403E+14   1.2464E-05   1.2558E-05   0.99247
FLUX  505   645.00        4.647946E+14   1.2399E-05   1.2556E-05   0.98749
FLUX  506   647.00        4.633578E+14   1.2477E-05   1.2553E-05   0.99394
FLUX  507   649.00        4.619299E+14   1.2347E-05   1.2551E-05   0.98379
FLUX  508   651.00        4.605108E+14   1.2431E-05   1.2548E-05   0.99067
FLUX  509   653.00        4.591003E+14   1.2420E-05   1.2545E-05   0.99002
FLUX  510   655.00        4.576985E+14   1.1772E-05   1.2542E-05   0.93855
FLUX  511   657.00        4.563052E+14   9.7756E-06   1.2539E-05   0.77961
FLUX  512   659.00        4.549203E+14   1.2281E-05   1.2536E-05   0.97970
FLUX  513   661.00        4.535439E+14   1.2428E-05   1.2532E-05   0.99169
FLUX  514   663.00        4.521757E+14   1.2494E-05   1.2528E-05   0.99722
FLUX  515   665.00        4.508158E+14   1.2496E-05   1.2525E-05   0.99770
FLUX  516   667.00        4.494640E+14   1.2476E-05   1.2521E-05   0.99642
FLUX  517   669.00        4.481203E+14   1.2500E-05   1.2517E-05   0.99867
FLUX  518   671.00        4.467846E+14   1.2483E-05   1.2512E-05   0.99761
FLUX  519   673.00        4.454569E+14   1.2492E-05   1.2508E-05   0.99868
FLUX  520   675.00        4.441370E+14   1.2458E-05   1.2504E-05   0.99632
FLUX  521   677.00        4.428250E+14   1.2485E-05   1.2499E-05   0.99888
FLUX  522   679.00        4.415206E+14   1.2469E-05   1.2495E-05   0.99798
FLUX  523   681.00        4.402239E+14   1.2473E-05   1.2490E-05   0.99866
FLUX  524   683.00        4.389348E+14   1.2453E-05   1.2485E-05   0.99744
FLUX  525   685.00        4.376533E+14   1.2447E-05   1.2480E-05   0.99734
FLUX  526   687.00        4.363792E+14   1.2459E-05   1.2475E-05   0.99871
FLUX  527   689.00        4.351125E+14   1.2459E-05   1.2470E-05   0.99908
FLUX  528   691.00        4.338531E+14   1.2452E-05   1.2465E-05   0.99893
FLUX  529   693.00        4.326010E+14   1.2444E-05   1.2460E-05   0.99875
FLUX  530   695.00        4.313561E+14   1.2439E-05   1.2454E-05   0.99875
FLUX  531   697.00        4.301184E+14   1.2434E-05   1.2449E-05   0.99881
FLUX  532   699.00        4.288877E+14   1.2431E-05   1.2443E-05   0.99901
FLUX  533   701.00        4.276641E+14   1.2383E-05   1.2438E-05   0.99561
FLUX  534   703.00        4.264474E+14   1.2404E-05   1.2432E-05   0.99779
FLUX  535   705.00        4.252376E+14   1.2412E-05   1.2426E-05   0.99891
FLUX  536   707.00        4.240347E+14   1.2405E-05   1.2420E-05   0.99879
FLUX  537   709.00        4.228385E+14   1.2401E-05   1.2414E-05   0.99896
FLUX  538   711.00        4.216491E+14   1.2297E-05   1.2408E-05   0.99110
FLUX  539   713.00        4.204663E+14   1.2356E-05   1.2401E-05   0.99635
FLUX  540   715.00        4.192902E+14   1.2357E-05   1.2395E-05   0.99694
FLUX  541   717.00        4.181206E+14   1.2354E-05   1.2388E-05   0.99723
FLUX  542   719.00        4.169576E+14   1.2317E-05   1.2382E-05   0.99478
FLUX  543   721.00        4.158010E+14   1.2315E-05   1.2375E-05   0.99518
FLUX  544   723.00        4.146508E+14   1.2310E-05   1.2368E-05   0.99531
FLUX  545   725.00        4.135069E+14   1.2330E-05   1.2362E-05   0.99745
FLUX  546   727.00        4.123693E+14   1.2334E-05   1.2354E-05   0.99833
FLUX  547   729.00        4.112380E+14   1.2289E-05   1.2347E-05   0.99527
FLUX  548   731.00        4.101129E+14   1.2271E-05   1.2341E-05   0.99431
FLUX  549   733.00        4.089939E+14   1.2277E-05   1.2334E-05   0.99538
FLUX  550   735.00        4.078810E+14   1.2292E-05   1.2326E-05   0.99725
FLUX  551   737.00        4.067741E+14   1.2306E-05   1.2319E-05   0.99896
FLUX  552   739.00        4.056732E+14   1.2267E-05   1.2311E-05   0.99644
FLUX  553   741.00        4.045783E+14   1.2221E-05   1.2304E-05   0.99327
FLUX  554   743.00        4.034892E+14   1.2229E-05   1.2296E-05   0.99455
FLUX  555   745.00        4.024060E+14   1.2229E-05   1.2288E-05   0.99517
FLUX  556   747.00        4.013286E+14   1.2202E-05   1.2280E-05   0.99360
FLUX  557   749.00        4.002570E+14   1.2201E-05   1.2272E-05   0.99423
FLUX  558   751.00        3.991911E+14   1.2206E-05   1.2264E-05   0.99530
FLUX  559   753.00        3.981308E+14   1.2224E-05   1.2256E-05   0.99736
FLUX  560   755.00        3.970762E+14   1.2239E-05   1.2248E-05   0.99930
FLUX  561   757.00        3.960271E+14   1.2213E-05   1.2240E-05   0.99780
FLUX  562   759.00        3.949835E+14   1.2213E-05   1.2231E-05   0.99853
FLUX  563   761.00        3.939455E+14   1.2206E-05   1.2223E-05   0.99863
FLUX  564   763.00        3.929128E+14   1.2201E-05   1.2214E-05   0.99892
FLUX  565   765.00        3.918856E+14   1.2177E-05   1.2206E-05   0.99766
FLUX  566   767.00        3.908638E+14   1.2139E-05   1.2197E-05   0.99523
FLUX  567   769.00        3.898472E+14   1.2165E-05   1.2188E-05   0.99806
FLUX  568   771.00        3.888359E+14   1.2110E-05   1.2180E-05   0.99425
FLUX  569   773.00        3.878299E+14   1.2144E-05   1.2171E-05   0.99779
FLUX  570   775.00        3.868290E+14   1.2129E-05   1.2162E-05   0.99733
FLUX  571   777.00        3.858333E+14   1.1984E-05   1.2153E-05   0.98607
FLUX  572   779.00        3.848427E+14   1.2135E-05   1.2144E-05   0.99928
FLUX  573   781.00        3.838572E+14   1.2124E-05   1.2135E-05   0.99915
FLUX  574   783.00        3.828768E+14   1.2092E-05   1.2126E-05   0.99723
FLUX  575   785.00        3.819013E+14   1.2067E-05   1.2116E-05   0.99593
FLUX  576   787.00        3.809307E+14   1.2073E-05   1.2107E-05   0.99721
FLUX  577   789.00        3.799651E+14   1.2054E-05   1.2098E-05   0.99644
FLUX  578   791.00        3.790044E+14   1.2055E-05   1.2088E-05   0.99727
FLUX  579   793.00        3.780485E+14   1.2020E-05   1.2079E-05   0.99514
FLUX  580   795.00        3.770975E+14   1.2013E-05   1.2069E-05   0.99539
FLUX  581   797.00        3.761512E+14   1.2054E-05   1.2059E-05   0.99955
FLUX  582   799.00        3.752096E+14   1.2023E-05   1.2050E-05   0.99782
FLUX  583   801.00        3.742728E+14   1.2017E-05   1.2040E-05   0.99809
FLUX  584   803.00        3.733406E+14   1.2007E-05   1.2030E-05   0.99807
FLUX  585   805.00        3.724130E+14   1.1999E-05   1.2020E-05   0.99826
FLUX  586   807.00        3.714901E+14   1.1995E-05   1.2010E-05   0.99875
FLUX  587   809.00        3.705717E+14   1.1974E-05   1.2000E-05   0.99784
FLUX  588   811.00        3.696578E+14   1.1984E-05   1.1990E-05   0.99950
FLUX  589   813.00        3.687485E+14   1.1978E-05   1.1980E-05   0.99983
FLUX  590   815.00        3.678436E+14   1.1965E-05   1.1970E-05   0.99965
FLUX  591   817.00        3.669431E+14   1.1955E-05   1.1959E-05   0.99962
FLUX  592   819.00        3.660470E+14   1.1847E-05   1.1949E-05   0.99141
FLUX  593   821.00        3.651553E+14   1.1909E-05   1.3522E-05   0.88073
FLUX  594   823.00        3.642679E+14   1.1881E-05   1.3508E-05   0.87961
FLUX  595   825.00        3.633848E+14   1.1863E-05   1.3493E-05   0.87920
FLUX  596   827.00        3.625060E+14   1.1922E-05   1.3479E-05   0.88453
FLUX  597   829.00        3.616315E+14   1.1901E-05   1.3464E-05   0.88391
FLUX  598   831.00        3.607611E+14   1.1852E-05   1.3450E-05   0.88117
FLUX  599   833.00        3.598950E+14   1.1718E-05   1.3436E-05   0.87213
FLUX  600   835.00        3.590329E+14   1.1849E-05   1.3421E-05   0.88288
FLUX  601   837.00        3.581750E+14   1.1692E-05   1.3407E-05   0.87211
FLUX  602   839.00        3.573212E+14   1.1720E-05   1.3392E-05   0.87516
FLUX  603   841.00        3.564715E+14   1.1736E-05   1.3378E-05   0.87731
FLUX  604   843.00        3.556257E+14   1.1946E-05   1.3363E-05   0.89393
FLUX  605   845.00        3.547840E+14   1.1835E-05   1.3349E-05   0.88659
FLUX  606   847.00        3.539463E+14   1.1614E-05   1.3334E-05   0.87099
FLUX  607   849.00        3.531125E+14   1.2240E-05   1.3319E-05   0.91898
FLUX  608   851.00        3.522826E+14   1.1329E-05   1.3305E-05   0.85146
FLUX  609   853.00        3.514566E+14   1.2411E-05   1.3290E-05   0.93382
FLUX  610   855.00        3.506345E+14   1.0697E-05   1.3276E-05   0.80576
FLUX  611   857.00        3.498162E+14   1.2669E-05   1.3261E-05   0.95535
FLUX  612   859.00        3.490017E+14   1.2251E-05   1.3246E-05   0.92487
FLUX  613   861.00        3.481911E+14   1.1970E-05   1.3232E-05   0.90461
FLUX  614   863.00        3.473841E+14   1.2913E-05   1.3217E-05   0.97698
FLUX  615   865.00        3.465809E+14   1.2774E-05   1.3203E-05   0.96757
FLUX  616   867.00        3.457814E+14   1.0842E-05   1.3188E-05   0.82211
FLUX  617   869.00        3.449856E+14   1.2789E-05   1.3173E-05   0.97083
FLUX  618   871.00        3.441935E+14   1.3049E-05   1.3158E-05   0.99171
FLUX  619   873.00        3.434049E+14   1.2937E-05   1.3144E-05   0.98425
FLUX  620   875.00        3.426200E+14   1.1460E-05   1.3129E-05   0.87285
FLUX  621   877.00        3.418387E+14   1.2791E-05   1.3114E-05   0.97535
FLUX  622   879.00        3.410609E+14   1.3014E-05   1.3099E-05   0.99350
FLUX  623   881.00        3.402866E+14   1.2949E-05   1.3085E-05   0.98968
FLUX  624   883.00        3.395159E+14   1.2880E-05   1.3070E-05   0.98549
FLUX  625   885.00        3.387486E+14   1.2579E-05   1.3055E-05   0.96357
FLUX  626   887.00        3.379848E+14   1.1436E-05   1.3040E-05   0.87698
FLUX  627   889.00        3.372244E+14   1.2860E-05   1.3025E-05   0.98735
FLUX  628   891.00        3.364675E+14   1.2891E-05   1.3010E-05   0.99083
FLUX  629   893.00        3.357139E+14   1.2878E-05   1.2995E-05   0.99092
FLUX  630   895.00        3.349637E+14   1.2946E-05   1.2981E-05   0.99734
FLUX  631   897.00        3.342168E+14   1.2913E-05   1.2966E-05   0.99589
FLUX  632   899.00        3.334733E+14   1.2818E-05   1.2951E-05   0.98972
FLUX  633   901.00        3.327331E+14   1.1497E-05   1.2936E-05   0.88878
FLUX  634   903.00        3.319961E+14   1.2332E-05   1.2921E-05   0.95439
FLUX  635   905.00        3.312624E+14   1.2831E-05   1.2906E-05   0.99417
FLUX  636   907.00        3.305320E+14   1.2652E-05   1.2891E-05   0.98142
FLUX  637   909.00        3.298047E+14   1.2516E-05   1.2876E-05   0.97200
FLUX  638   911.00        3.290807E+14   1.2733E-05   1.2861E-05   0.98999
FLUX  639   913.00        3.283598E+14   1.2820E-05   1.2846E-05   0.99797
FLUX  640   915.00        3.276421E+14   1.2821E-05   1.2831E-05   0.99919
FLUX  641   917.00        3.269275E+14   1.2793E-05   1.2816E-05   0.99819
FLUX  642   919.00        3.262160E+14   1.2742E-05   1.2801E-05   0.99533
FLUX  643   921.00        3.255076E+14   1.2497E-05   1.2786E-05   0.97734
FLUX  644   923.00        3.248023E+14   1.1061E-05   1.2772E-05   0.86609
FLUX  645   925.00        3.241000E+14   1.2342E-05   1.2757E-05   0.96747
FLUX  646   927.00        3.234008E+14   1.2556E-05   1.2742E-05   0.98543
FLUX  647   929.00        3.227045E+14   1.2708E-05   1.2727E-05   0.99853
FLUX  648   931.00        3.220113E+14   1.2702E-05   1.2712E-05   0.99923
FLUX  649   933.00        3.213210E+14   1.2680E-05   1.2697E-05   0.99871
FLUX  650   935.00        3.206337E+14   1.2669E-05   1.2682E-05   0.99900
FLUX  651   937.00        3.199493E+14   1.2659E-05   1.2667E-05   0.99936
FLUX  652   939.00        3.192678E+14   1.2630E-05   1.2652E-05   0.99825
FLUX  653   941.00        3.185893E+14   1.2382E-05   1.2637E-05   0.97984
FLUX  654   943.00        3.179136E+14   1.2556E-05   1.2622E-05   0.99472
FLUX  655   945.00        3.172407E+14   1.2566E-05   1.2607E-05   0.99673
FLUX  656   947.00        3.165707E+14   1.2580E-05   1.2592E-05   0.99905
FLUX  657   949.00        3.159036E+14   1.2570E-05   1.2577E-05   0.99943
FLUX  658   951.00        3.152392E+14   1.2507E-05   1.2562E-05   0.99558
FLUX  659   953.00        3.145776E+14   1.2288E-05   1.2547E-05   0.97932
FLUX  660   955.00        3.139188E+14   1.0961E-05   1.2532E-05   0.87458
FLUX  661   957.00        3.132628E+14   1.2319E-05   1.2518E-05   0.98411
FLUX  662   959.00        3.126095E+14   1.2457E-05   1.2503E-05   0.99637
FLUX  663   961.00        3.119589E+14   1.2402E-05   1.2488E-05   0.99312
FLUX  664   963.00        3.113110E+14   1.2345E-05   1.2473E-05   0.98978
FLUX  665   965.00        3.106658E+14   1.2417E-05   1.2458E-05   0.99678
FLUX  666   967.00        3.100233E+14   1.2312E-05   1.2443E-05   0.98949
FLUX  667   969.00        3.093834E+14   1.2368E-05   1.2428E-05   0.99525
FLUX  668   971.00        3.087461E+14   1.2405E-05   1.2413E-05   0.99942
FLUX  669   973.00        3.081115E+14   1.2387E-05   1.2398E-05   0.99914
FLUX  670   975.00        3.074795E+14   1.2329E-05   1.2383E-05   0.99568
FLUX  671   977.00        3.068501E+14   1.2358E-05   1.2367E-05   0.99926
FLUX  672   979.00        3.062232E+14   1.2340E-05   1.2352E-05   0.99901
FLUX  673   981.00        3.055989E+14   1.2328E-05   1.2337E-05   0.99923
FLUX  674   983.00        3.049771E+14   1.2314E-05   1.2322E-05   0.99929
FLUX  675   985.00        3.043579E+14   1.2266E-05   1.2307E-05   0.99667
FLUX  676   987.00        3.037411E+14   1.2261E-05   1.2292E-05   0.99744
FLUX  677   989.00        3.031269E+14   1.2204E-05   1.2277E-05   0.99401
FLUX  678   991.00        3.025151E+14   1.2229E-05   1.2263E-05   0.99723
FLUX  679   993.00        3.019058E+14   1.2209E-05   1.2248E-05   0.99688
FLUX  680   995.00        3.012990E+14   1.2211E-05   1.2233E-05   0.99822
FLUX  681   997.00        3.006946E+14   1.2207E-05   1.2218E-05   0.99917
FLUX  682   999.00        3.000926E+14   1.2190E-05   1.2203E-05   0.99894
FLUX  683  1002.50        2.990449E+14   1.1890E-05   1.2176E-05   0.97644
FLUX  684  1007.50        2.975608E+14   1.1578E-05   1.2139E-05   0.95377
FLUX  685  1012.50        2.960914E+14   1.2036E-05   1.2102E-05   0.99452
FLUX  686  1017.50        2.946364E+14   1.2034E-05   1.2065E-05   0.99744
FLUX  687  1022.50        2.931956E+14   1.2011E-05   1.2028E-05   0.99861
FLUX  688  1027.50        2.917689E+14   1.1986E-05   1.1991E-05   0.99964
FLUX  689  1032.50        2.903559E+14   1.1891E-05   1.1954E-05   0.99473
FLUX  690  1037.50        2.889566E+14   1.1899E-05   1.1917E-05   0.99851
FLUX  691  1042.50        2.875707E+14   1.1869E-05   1.1880E-05   0.99905
FLUX  692  1047.50        2.861981E+14   1.1743E-05   1.1843E-05   0.99152
FLUX  693  1052.50        2.848385E+14   1.1772E-05   1.1806E-05   0.99710
FLUX  694  1057.50        2.834917E+14   1.1735E-05   1.1770E-05   0.99711
FLUX  695  1062.50        2.821576E+14   1.1678E-05   1.1733E-05   0.99535
FLUX  696  1067.50        2.808361E+14   1.1499E-05   1.1696E-05   0.98315
FLUX  697  1072.50        2.795268E+14   1.1565E-05   1.1659E-05   0.99189
FLUX  698  1077.50        2.782297E+14   1.1553E-05   1.1623E-05   0.99401
FLUX  699  1082.50        2.769446E+14   1.1496E-05   1.1586E-05   0.99221
FLUX  700  1087.50        2.756713E+14   1.1472E-05   1.1550E-05   0.99324
FLUX  701  1092.50        2.744096E+14   1.0763E-05   1.1513E-05   0.93482
FLUX  702  1097.50        2.731595E+14   1.1292E-05   1.1477E-05   0.98384
FLUX  703  1102.50        2.719206E+14   1.1424E-05   1.1441E-05   0.99852
FLUX  704  1107.50        2.706930E+14   1.1400E-05   1.1405E-05   0.99964
FLUX  705  1112.50        2.694764E+14   1.1346E-05   1.1368E-05   0.99802
FLUX  706  1117.50        2.682707E+14   1.1309E-05   1.1332E-05   0.99796
FLUX  707  1122.50        2.670757E+14   1.1290E-05   1.1296E-05   0.99940
FLUX  708  1127.50        2.658914E+14   1.1172E-05   1.1261E-05   0.99216
FLUX  709  1132.50        2.647174E+14   1.1127E-05   1.1225E-05   0.99127
FLUX  710  1137.50        2.635538E+14   1.1152E-05   1.1189E-05   0.99668
FLUX  711  1142.50        2.624004E+14   1.1081E-05   1.1153E-05   0.99351
FLUX  712  1147.50        2.612571E+14   1.1109E-05   1.1118E-05   0.99924
FLUX  713  1152.50        2.601236E+14   1.1078E-05   1.1082E-05   0.99963
FLUX  714  1157.50        2.590000E+14   1.1034E-05   1.1047E-05   0.99885
FLUX  715  1162.50        2.578860E+14   1.0919E-05   1.1011E-05   0.99160
FLUX  716  1167.50        2.567816E+14   1.0843E-05   1.0976E-05   0.98791
FLUX  717  1172.50        2.556866E+14   1.0935E-05   1.0940E-05   0.99947
FLUX  718  1177.50        2.546008E+14   1.0754E-05   1.0905E-05   0.98611
FLUX  719  1182.50        2.535243E+14   1.0785E-05   1.0870E-05   0.99221
FLUX  720  1187.50        2.524568E+14   1.0710E-05   1.0835E-05   0.98848
FLUX  721  1192.50        2.513983E+14   1.0799E-05   1.0800E-05   0.99991
FLUX  722  1197.50        2.503486E+14   1.0670E-05   1.0765E-05   0.99116
FLUX  723  1202.50        2.493077E+14   1.0699E-05   1.0730E-05   0.99708
FLUX  724  1207.50        2.482754E+14   1.0646E-05   1.0695E-05   0.99539
FLUX  725  1212.50        2.472515E+14   1.0626E-05   1.0661E-05   0.99672
FLUX  726  1217.50        2.462361E+14   1.0618E-05   1.0626E-05   0.99930
FLUX  727  1222.50        2.452290E+14   1.0579E-05   1.0591E-05   0.99881
FLUX  728  1227.50        2.442301E+14   1.0526E-05   1.0557E-05   0.99712
FLUX  729  1232.50        2.432394E+14   1.0505E-05   1.0522E-05   0.99832
FLUX  730  1237.50        2.422566E+14   1.0475E-05   1.0488E-05   0.99874
FLUX  731  1242.50        2.412817E+14   1.0449E-05   1.0454E-05   0.99957
FLUX  732  1247.50        2.403146E+14   1.0412E-05   1.0420E-05   0.99924
FLUX  733  1252.50        2.393553E+14   1.0368E-05   1.0385E-05   0.99829
FLUX  734  1257.50        2.384036E+14   1.0303E-05   1.0351E-05   0.99528
FLUX  735  1262.50        2.374594E+14   1.0279E-05   1.0318E-05   0.99622
FLUX  736  1267.50        2.365227E+14   1.0275E-05   1.0284E-05   0.99915
FLUX  737  1272.50        2.355933E+14   1.0247E-05   1.0250E-05   0.99972
FLUX  738  1277.50        2.346712E+14   1.0163E-05   1.0216E-05   0.99475
FLUX  739  1282.50        2.337563E+14   9.4377E-06   1.0183E-05   0.92682
FLUX  740  1287.50        2.328485E+14   1.0111E-05   1.0149E-05   0.99621
FLUX  741  1292.50        2.319478E+14   1.0104E-05   1.0116E-05   0.99884
FLUX  742  1297.50        2.310539E+14   1.0074E-05   1.0083E-05   0.99911
FLUX  743  1302.50        2.301670E+14   1.0045E-05   1.0049E-05   0.99952
FLUX  744  1307.50        2.292868E+14   1.0014E-05   1.0016E-05   0.99978
FLUX  745  1312.50        2.284133E+14   9.9707E-06   9.9832E-06   0.99875
FLUX  746  1317.50        2.275465E+14   9.9254E-06   9.9502E-06   0.99751
FLUX  747  1322.50        2.266862E+14   9.9132E-06   9.9172E-06   0.99960
FLUX  748  1327.50        2.258324E+14   9.8757E-06   9.8843E-06   0.99914
FLUX  749  1332.50        2.249850E+14   9.8461E-06   9.8514E-06   0.99946
FLUX  750  1337.50        2.241439E+14   9.8132E-06   9.8186E-06   0.99945
FLUX  751  1342.50        2.233091E+14   9.7825E-06   9.7859E-06   0.99965
FLUX  752  1347.50        2.224805E+14   9.7495E-06   9.7532E-06   0.99961
FLUX  753  1352.50        2.216580E+14   9.7060E-06   9.7207E-06   0.99849
FLUX  754  1357.50        2.208416E+14   9.6677E-06   9.6883E-06   0.99788
FLUX  755  1362.50        2.200312E+14   9.6503E-06   9.6559E-06   0.99943
FLUX  756  1367.50        2.192267E+14   9.6145E-06   9.6235E-06   0.99906
FLUX  757  1372.50        2.184281E+14   9.5192E-06   9.5912E-06   0.99249
FLUX  758  1377.50        2.176352E+14   9.5332E-06   9.5589E-06   0.99730
FLUX  759  1382.50        2.168481E+14   9.5044E-06   9.5267E-06   0.99766
FLUX  760  1387.50        2.160667E+14   9.4920E-06   9.4945E-06   0.99973
FLUX  761  1392.50        2.152908E+14   9.4450E-06   9.4624E-06   0.99817
FLUX  762  1397.50        2.145206E+14   9.4218E-06   9.4303E-06   0.99910
FLUX  763  1402.50        2.137558E+14   9.3868E-06   9.3983E-06   0.99878
FLUX  764  1407.50        2.129964E+14   9.3629E-06   9.3663E-06   0.99964
FLUX  765  1412.50        2.122425E+14   9.3220E-06   9.3344E-06   0.99867
FLUX  766  1417.50        2.114938E+14   9.2965E-06   9.3025E-06   0.99935
FLUX  767  1422.50        2.107504E+14   9.2539E-06   9.2707E-06   0.99819
FLUX  768  1427.50        2.100123E+14   9.2179E-06   9.2389E-06   0.99772
FLUX  769  1432.50        2.092792E+14   9.1998E-06   9.2071E-06   0.99921
FLUX  770  1437.50        2.085513E+14   9.1738E-06   9.1753E-06   0.99984
FLUX  771  1442.50        2.078284E+14   9.0141E-06   9.1436E-06   0.98585
FLUX  772  1447.50        2.071105E+14   9.1050E-06   9.1118E-06   0.99925
FLUX  773  1452.50        2.063976E+14   9.0098E-06   9.0802E-06   0.99225
FLUX  774  1457.00        2.057601E+14   9.0368E-06   9.0517E-06   0.99836
FLUX  775  1462.00        2.050564E+14   8.9913E-06   9.5203E-06   0.94443
FLUX  776  1467.50        2.042879E+14   8.9846E-06   9.4853E-06   0.94721
FLUX  777  1472.50        2.035942E+14   8.9400E-06   9.4536E-06   0.94567
FLUX  778  1477.50        2.029052E+14   8.8919E-06   9.4218E-06   0.94376
FLUX  779  1482.50        2.022209E+14   8.8726E-06   9.3900E-06   0.94490
FLUX  780  1487.50        2.015412E+14   8.8026E-06   9.3581E-06   0.94064
FLUX  781  1492.50        2.008660E+14   8.8269E-06   9.3262E-06   0.94646
FLUX  782  1497.50        2.001953E+14   8.7924E-06   9.2943E-06   0.94600
FLUX  783  1502.50        1.995291E+14   8.6797E-06   9.2623E-06   0.93709
FLUX  784  1507.50        1.988673E+14   8.6751E-06   9.2303E-06   0.93985
FLUX  785  1512.50        1.982099E+14   8.6628E-06   9.1983E-06   0.94179
FLUX  786  1517.50        1.975568E+14   8.6340E-06   9.1662E-06   0.94194
FLUX  787  1522.50        1.969080E+14   8.7076E-06   9.1340E-06   0.95332
FLUX  788  1527.50        1.962635E+14   8.5081E-06   9.1017E-06   0.93478
FLUX  789  1532.50        1.956232E+14   8.4924E-06   9.0694E-06   0.93638
FLUX  790  1537.50        1.949870E+14   8.6480E-06   9.0370E-06   0.95696
FLUX  791  1542.50        1.943549E+14   8.3438E-06   9.0045E-06   0.92663
FLUX  792  1547.50        1.937270E+14   8.6233E-06   8.9719E-06   0.96115
FLUX  793  1552.50        1.931031E+14   8.6406E-06   8.9392E-06   0.96660
FLUX  794  1557.50        1.924831E+14   8.2171E-06   8.9064E-06   0.92261
FLUX  795  1562.50        1.918672E+14   8.6747E-06   8.8735E-06   0.97761
FLUX  796  1567.50        1.912552E+14   8.5054E-06   8.8404E-06   0.96211
FLUX  797  1572.50        1.906471E+14   8.1642E-06   8.8073E-06   0.92698
FLUX  798  1577.50        1.900428E+14   8.5901E-06   8.7740E-06   0.97905
FLUX  799  1582.50        1.894423E+14   8.6041E-06   8.7405E-06   0.98439
FLUX  800  1587.50        1.888457E+14   7.9168E-06   8.7069E-06   0.90925
FLUX  801  1592.50        1.882527E+14   8.5159E-06   8.6731E-06   0.98188
FLUX  802  1597.50        1.876635E+14   8.5736E-06   8.6391E-06   0.99242
FLUX  803  1605.00        1.867866E+14   8.4747E-06   8.5878E-06   0.98684
FLUX  804  1615.00        1.856300E+14   8.1188E-06   8.5184E-06   0.95309
FLUX  805  1625.00        1.844877E+14   8.4355E-06   8.4477E-06   0.99856
FLUX  806  1635.00        1.833593E+14   8.2753E-06   8.3748E-06   0.98812
FLUX  807  1645.00        1.822447E+14   7.9134E-06   8.2988E-06   0.95356
FLUX  808  1655.00        1.811435E+14   8.2091E-06   8.2210E-06   0.99855
FLUX  809  1665.00        1.800556E+14   8.1347E-06   8.1443E-06   0.99882
FLUX  810  1675.00        1.789806E+14   7.9780E-06   8.0687E-06   0.98876
FLUX  811  1685.00        1.779184E+14   7.6285E-06   7.9940E-06   0.95428
FLUX  812  1695.00        1.768687E+14   7.9147E-06   7.9203E-06   0.99929
FLUX  813  1705.00        1.758314E+14   7.8270E-06   7.8477E-06   0.99737
FLUX  814  1715.00        1.748061E+14   7.7674E-06   7.7760E-06   0.99888
FLUX  815  1725.00        1.737928E+14   7.6700E-06   7.7053E-06   0.99542
FLUX  816  1735.00        1.727911E+14   7.2302E-06   7.6356E-06   0.94691
FLUX  817  1745.00        1.718009E+14   7.5056E-06   7.5667E-06   0.99192
FLUX  818  1755.00        1.708219E+14   7.4719E-06   7.4988E-06   0.99640
FLUX  819  1765.00        1.698541E+14   7.3984E-06   7.4319E-06   0.99550
FLUX  820  1775.00        1.688972E+14   7.3487E-06   7.3658E-06   0.99769
FLUX  821  1785.00        1.679510E+14   7.2810E-06   7.3006E-06   0.99732
FLUX  822  1795.00        1.670153E+14   7.2332E-06   7.2362E-06   0.99959
FLUX  823  1805.00        1.660900E+14   7.1549E-06   7.1727E-06   0.99753
FLUX  824  1815.00        1.651749E+14   6.7837E-06   7.1100E-06   0.95411
FLUX  825  1825.00        1.642699E+14   6.9944E-06   7.0481E-06   0.99238
FLUX  826  1835.00        1.633747E+14   6.9774E-06   6.9870E-06   0.99863
FLUX  827  1845.00        1.624892E+14   6.9161E-06   6.9267E-06   0.99848
FLUX  828  1855.00        1.616132E+14   6.8523E-06   6.8671E-06   0.99785
FLUX  829  1865.00        1.607466E+14   6.7926E-06   6.8083E-06   0.99770
FLUX  830  1875.00        1.598893E+14   6.3760E-06   6.7502E-06   0.94456
FLUX  831  1885.00        1.590411E+14   6.6589E-06   6.6929E-06   0.99492
FLUX  832  1895.00        1.582018E+14   6.5935E-06   6.6363E-06   0.99356
FLUX  833  1905.00        1.573714E+14   6.5773E-06   6.5804E-06   0.99953
FLUX  834  1915.00        1.565496E+14   6.5210E-06   6.5252E-06   0.99936
FLUX  835  1925.00        1.557364E+14   6.4652E-06   6.4707E-06   0.99915
FLUX  836  1935.00        1.549315E+14   6.4031E-06   6.4168E-06   0.99786
FLUX  837  1945.00        1.541350E+14   6.0651E-06   6.3637E-06   0.95308
FLUX  838  1955.00        1.533465E+14   6.2989E-06   6.3112E-06   0.99806
FLUX  839  1965.00        1.525662E+14   6.2549E-06   6.2593E-06   0.99930
FLUX  840  1975.00        1.517937E+14   6.1901E-06   6.2080E-06   0.99710
FLUX  841  1985.00        1.510290E+14   6.1527E-06   6.1574E-06   0.99923
FLUX  842  1995.00        1.502719E+14   6.1028E-06   6.1074E-06   0.99925
FLUX  843  2005.00        1.495224E+14   6.0559E-06   6.0580E-06   0.99965
FLUX  844  2015.00        1.487804E+14   6.0085E-06   6.0092E-06   0.99988
FLUX  845  2025.00        1.480457E+14   5.9573E-06   5.9610E-06   0.99938
FLUX  846  2035.00        1.473182E+14   5.9060E-06   5.9134E-06   0.99875
FLUX  847  2045.00        1.465978E+14   5.8657E-06   5.8663E-06   0.99990
FLUX  848  2055.00        1.458844E+14   5.8184E-06   5.8198E-06   0.99977
FLUX  849  2065.00        1.451780E+14   5.7671E-06   5.7738E-06   0.99884
FLUX  850  2075.00        1.444783E+14   5.7248E-06   5.7283E-06   0.99939
FLUX  851  2085.00        1.437854E+14   5.6812E-06   5.6834E-06   0.99962
FLUX  852  2095.00        1.430990E+14   5.6339E-06   5.6390E-06   0.99910
FLUX  853  2105.00        1.424192E+14   5.5906E-06   5.5950E-06   0.99920
FLUX  854  2115.00        1.417459E+14   5.5405E-06   5.5516E-06   0.99799
FLUX  855  2125.00        1.410788E+14   5.4966E-06   5.5087E-06   0.99780
FLUX  856  2135.00        1.404180E+14   5.4574E-06   5.4663E-06   0.99836
FLUX  857  2145.00        1.397634E+14   5.4230E-06   5.4244E-06   0.99975
FLUX  858  2155.00        1.391148E+14   5.3786E-06   5.3829E-06   0.99919
FLUX  859  2165.00        1.384723E+14   5.1109E-06   5.3420E-06   0.95676
FLUX  860  2175.00        1.378356E+14   5.2878E-06   5.3014E-06   0.99742
FLUX  861  2185.00        1.372048E+14   5.2566E-06   5.2614E-06   0.99910
FLUX  862  2195.00        1.365797E+14   5.2214E-06   5.2218E-06   0.99994
FLUX  863  2205.00        1.359603E+14   5.1758E-06   5.1826E-06   0.99868
FLUX  864  2215.00        1.353465E+14   5.1323E-06   5.1439E-06   0.99775
FLUX  865  2225.00        1.347382E+14   5.1048E-06   5.1056E-06   0.99983
FLUX  866  2235.00        1.341353E+14   5.0669E-06   5.0678E-06   0.99982
FLUX  867  2245.00        1.335379E+14   5.0296E-06   5.0303E-06   0.99985
FLUX  868  2255.00        1.329457E+14   4.9805E-06   4.9933E-06   0.99743
FLUX  869  2265.00        1.323587E+14   4.9530E-06   4.9567E-06   0.99926
FLUX  870  2275.00        1.317769E+14   4.9179E-06   4.9204E-06   0.99949
FLUX  871  2285.00        1.312002E+14   4.8835E-06   4.9778E-06   0.98106
FLUX  872  2295.00        1.306285E+14   4.8469E-06   4.9412E-06   0.98092
FLUX  873  2305.00        1.300618E+14   4.8165E-06   4.9049E-06   0.98198
FLUX  874  2315.00        1.295000E+14   4.7813E-06   4.8691E-06   0.98197
FLUX  875  2325.00        1.289430E+14   4.7486E-06   4.8336E-06   0.98240
FLUX  876  2335.00        1.283908E+14   4.7136E-06   4.7986E-06   0.98228
FLUX  877  2345.00        1.278433E+14   4.6801E-06   4.7639E-06   0.98240
FLUX  878  2355.00        1.273004E+14   4.6471E-06   4.7296E-06   0.98256
FLUX  879  2365.00        1.267622E+14   4.6123E-06   4.6957E-06   0.98224
FLUX  880  2375.00        1.262284E+14   4.5808E-06   4.6621E-06   0.98255
FLUX  881  2385.00        1.256992E+14   4.5467E-06   4.6289E-06   0.98224
FLUX  882  2395.00        1.251743E+14   4.5135E-06   4.5961E-06   0.98204
FLUX  883  2405.00        1.246538E+14   4.4768E-06   4.5636E-06   0.98100
FLUX  884  2415.00        1.241377E+14   4.4391E-06   4.5314E-06   0.97963
FLUX  885  2425.00        1.236258E+14   4.4389E-06   4.4996E-06   0.98651
FLUX  886  2435.00        1.231181E+14   4.3738E-06   4.4681E-06   0.97889
FLUX  887  2445.00        1.226145E+14   4.3373E-06   4.4370E-06   0.97753
FLUX  888  2455.00        1.221151E+14   4.3479E-06   4.4061E-06   0.98679
FLUX  889  2465.00        1.216197E+14   4.2934E-06   4.3756E-06   0.98121
FLUX  890  2475.00        1.211283E+14   4.2660E-06   4.3454E-06   0.98172
FLUX  891  2485.00        1.206408E+14   4.2725E-06   4.3155E-06   0.99003
FLUX  892  2495.00        1.201573E+14   4.1509E-06   4.2859E-06   0.96851
FLUX  893  2505.00        1.196776E+14   4.2256E-06   4.2566E-06   0.99270
FLUX  894  2515.00        1.192018E+14   4.1990E-06   4.2276E-06   0.99322
FLUX  895  2525.00        1.187297E+14   4.0562E-06   4.1989E-06   0.96600
FLUX  896  2535.00        1.182613E+14   4.1439E-06   4.1705E-06   0.99362
FLUX  897  2545.00        1.177967E+14   4.1224E-06   4.1424E-06   0.99517
FLUX  898  2555.00        1.173356E+14   4.0900E-06   4.1146E-06   0.99403
FLUX  899  2565.00        1.168782E+14   3.9329E-06   4.0870E-06   0.96230
FLUX  900  2575.00        1.164243E+14   4.0414E-06   4.0597E-06   0.99549
FLUX  901  2585.00        1.159739E+14   4.0132E-06   4.0327E-06   0.99516
FLUX  902  2595.00        1.155270E+14   3.9964E-06   4.0060E-06   0.99760
FLUX  903  2605.00        1.150835E+14   3.9577E-06   3.9795E-06   0.99452
FLUX  904  2615.00        1.146434E+14   3.8012E-06   3.9533E-06   0.96153
FLUX  905  2625.00        1.142067E+14   3.7486E-06   3.9273E-06   0.95448
FLUX  906  2635.00        1.137732E+14   3.8879E-06   3.9016E-06   0.99649
FLUX  907  2645.00        1.133431E+14   3.8731E-06   3.8762E-06   0.99920
FLUX  908  2655.00        1.129162E+14   3.8457E-06   3.8510E-06   0.99863
FLUX  909  2665.00        1.124925E+14   3.8096E-06   3.8260E-06   0.99573
FLUX  910  2675.00        1.120720E+14   3.6507E-06   3.8013E-06   0.96039
FLUX  911  2685.00        1.116546E+14   3.7702E-06   3.7768E-06   0.99826
FLUX  912  2695.00        1.112403E+14   3.7521E-06   3.7525E-06   0.99989
FLUX  913  2705.00        1.108290E+14   3.7261E-06   3.7285E-06   0.99935
FLUX  914  2715.00        1.104208E+14   3.7042E-06   3.7047E-06   0.99986
FLUX  915  2725.00        1.100156E+14   3.6806E-06   3.6811E-06   0.99985
FLUX  916  2735.00        1.096133E+14   3.6571E-06   3.6578E-06   0.99982
FLUX  917  2745.00        1.092140E+14   3.6339E-06   3.6347E-06   0.99980
FLUX  918  2755.00        1.088176E+14   3.4839E-06   3.6117E-06   0.96460
FLUX  919  2765.00        1.084241E+14   3.5651E-06   3.5890E-06   0.99334
FLUX  920  2775.00        1.080333E+14   3.5658E-06   3.5666E-06   0.99978
FLUX  921  2785.00        1.076454E+14   3.5439E-06   3.5443E-06   0.99988
FLUX  922  2795.00        1.072603E+14   3.5222E-06   3.5222E-06   0.99998
FLUX  923  2805.00        1.068779E+14   3.5001E-06   3.5004E-06   0.99993
FLUX  924  2815.00        1.064982E+14   3.4784E-06   3.4787E-06   0.99991
FLUX  925  2825.00        1.061212E+14   3.4569E-06   3.4572E-06   0.99991
FLUX  926  2835.00        1.057469E+14   3.4359E-06   3.4360E-06   0.99999
FLUX  927  2845.00        1.053752E+14   3.4134E-06   3.4149E-06   0.99954
FLUX  928  2855.00        1.050061E+14   3.3938E-06   3.3940E-06   0.99992
FLUX  929  2865.00        1.046396E+14   3.3627E-06   3.3734E-06   0.99684
FLUX  930  2875.00        1.042757E+14   3.2289E-06   3.3529E-06   0.96302
FLUX  931  2885.00        1.039142E+14   3.3306E-06   3.3326E-06   0.99942
FLUX  932  2895.00        1.035553E+14   3.3118E-06   3.3124E-06   0.99980
FLUX  933  2905.00        1.031988E+14   3.2923E-06   3.2925E-06   0.99994
FLUX  934  2915.00        1.028448E+14   3.2702E-06   3.2727E-06   0.99922
FLUX  935  2925.00        1.024932E+14   3.2521E-06   3.2531E-06   0.99967
FLUX  936  2935.00        1.021440E+14   3.2336E-06   3.2337E-06   0.99997
FLUX  937  2945.00        1.017971E+14   3.2140E-06   3.2145E-06   0.99984
FLUX  938  2955.00        1.014526E+14   3.1953E-06   3.1954E-06   0.99997
FLUX  939  2965.00        1.011105E+14   3.1764E-06   3.1765E-06   0.99998
FLUX  940  2975.00        1.007706E+14   3.1576E-06   3.1578E-06   0.99992
FLUX  941  2985.00        1.004330E+14   3.1392E-06   3.1392E-06   0.99998
FLUX  942  2995.00        1.000977E+14   3.1203E-06   3.1208E-06   0.99984
FLUX  943  3005.00        9.976456E+13   3.1020E-06   3.1026E-06   0.99982
FLUX  944  3015.00        9.943367E+13   3.0839E-06   3.0845E-06   0.99980
FLUX  945  3025.00        9.910496E+13   3.0662E-06   3.0666E-06   0.99987
FLUX  946  3035.00        9.877842E+13   2.9598E-06   3.0488E-06   0.97081
FLUX  947  3045.00        9.845402E+13   3.0016E-06   3.0312E-06   0.99023
FLUX  948  3055.00        9.813175E+13   3.0130E-06   3.0137E-06   0.99978
FLUX  949  3065.00        9.781158E+13   2.9956E-06   2.9964E-06   0.99974
FLUX  950  3075.00        9.749350E+13   2.9788E-06   2.9792E-06   0.99989
FLUX  951  3085.00        9.717747E+13   2.9597E-06   2.9621E-06   0.99917
FLUX  952  3095.00        9.686349E+13   2.9437E-06   2.9452E-06   0.99949
FLUX  953  3105.00        9.655153E+13   2.9266E-06   2.9285E-06   0.99936
FLUX  954  3115.00        9.624157E+13   2.9065E-06   2.9119E-06   0.99816
FLUX  955  3125.00        9.593360E+13   2.8934E-06   2.8954E-06   0.99930
FLUX  956  3135.00        9.562759E+13   2.8773E-06   2.8791E-06   0.99938
FLUX  957  3145.00        9.532353E+13   2.8605E-06   2.8629E-06   0.99916
FLUX  958  3155.00        9.502139E+13   2.8455E-06   2.8468E-06   0.99954
FLUX  959  3165.00        9.472117E+13   2.8307E-06   2.8309E-06   0.99993
FLUX  960  3175.00        9.442283E+13   2.8134E-06   2.8151E-06   0.99940
FLUX  961  3185.00        9.412637E+13   2.7992E-06   2.7994E-06   0.99992
FLUX  962  3195.00        9.383177E+13   2.7837E-06   2.7839E-06   0.99992
FLUX  963  3210.00        9.339330E+13   2.7603E-06   2.7608E-06   0.99979
FLUX  964  3230.00        9.281502E+13   2.7304E-06   2.7305E-06   0.99995
FLUX  965  3250.00        9.224385E+13   2.7005E-06   2.7007E-06   0.99992
FLUX  966  3270.00        9.167966E+13   2.6710E-06   2.6714E-06   0.99985
FLUX  967  3290.00        9.112234E+13   2.5857E-06   2.6599E-06   0.97210
FLUX  968  3310.00        9.057175E+13   2.6033E-06   2.6312E-06   0.98939
FLUX  969  3330.00        9.002778E+13   2.5794E-06   2.6029E-06   0.99096
FLUX  970  3350.00        8.949030E+13   2.5535E-06   2.5751E-06   0.99161
FLUX  971  3370.00        8.895920E+13   2.5243E-06   2.5478E-06   0.99080
FLUX  972  3390.00        8.843437E+13   2.4984E-06   2.5208E-06   0.99111
FLUX  973  3410.00        8.791569E+13   2.4728E-06   2.4943E-06   0.99134
FLUX  974  3430.00        8.740306E+13   2.4484E-06   2.4683E-06   0.99196
FLUX  975  3450.00        8.689638E+13   2.4243E-06   2.4426E-06   0.99251
FLUX  976  3470.00        8.639553E+13   2.3995E-06   2.4173E-06   0.99264
FLUX  977  3490.00        8.590043E+13   2.3748E-06   2.3924E-06   0.99265
FLUX  978  3510.00        8.541097E+13   2.3511E-06   2.3679E-06   0.99292
FLUX  979  3530.00        8.492705E+13   2.3269E-06   2.3438E-06   0.99281
FLUX  980  3550.00        8.444859E+13   2.3021E-06   2.3200E-06   0.99231
FLUX  981  3570.00        8.397549E+13   2.2771E-06   2.2966E-06   0.99151
FLUX  982  3590.00        8.350766E+13   2.2625E-06   2.2735E-06   0.99514
FLUX  983  3610.00        8.304501E+13   2.2307E-06   2.2508E-06   0.99107
FLUX  984  3630.00        8.258747E+13   2.2191E-06   2.2284E-06   0.99582
FLUX  985  3650.00        8.213493E+13   2.1843E-06   2.2064E-06   0.99000
FLUX  986  3670.00        8.168733E+13   2.1764E-06   2.1847E-06   0.99621
FLUX  987  3690.00        8.124458E+13   2.1371E-06   2.1633E-06   0.98788
FLUX  988  3710.00        8.080660E+13   2.1338E-06   2.1422E-06   0.99608
FLUX  989  3730.00        8.037332E+13   2.1009E-06   2.1214E-06   0.99035
FLUX  990  3750.00        7.994467E+13   2.0475E-06   2.1009E-06   0.97455
FLUX  991  3770.00        7.952056E+13   2.0744E-06   2.0808E-06   0.99693
FLUX  992  3790.00        7.910092E+13   2.0557E-06   2.0609E-06   0.99750
FLUX  993  3810.00        7.868570E+13   2.0192E-06   2.0413E-06   0.98920
FLUX  994  3830.00        7.827480E+13   2.0107E-06   2.0219E-06   0.99444
FLUX  995  3850.00        7.786818E+13   2.0022E-06   2.0029E-06   0.99966
FLUX  996  3870.00        7.746576E+13   1.9815E-06   1.9841E-06   0.99873
FLUX  997  3890.00        7.706748E+13   1.9635E-06   1.9655E-06   0.99894
FLUX  998  3910.00        7.667327E+13   1.9168E-06   1.9473E-06   0.98434
FLUX  999  3930.00        7.628308E+13   1.9286E-06   1.9292E-06   0.99968
FLUX 1000  3950.00        7.589684E+13   1.9108E-06   1.9115E-06   0.99968
FLUX 1001  3970.00        7.551448E+13   1.8937E-06   1.8939E-06   0.99987
FLUX 1002  3990.00        7.513596E+13   1.8744E-06   1.8766E-06   0.99879
FLUX 1003  4010.00        7.476122E+13   1.8502E-06   1.8596E-06   0.99494
FLUX 1004  4030.00        7.439020E+13   1.8203E-06   1.8428E-06   0.98780
FLUX 1005  4050.00        7.402284E+13   1.7940E-06   1.8262E-06   0.98237
FLUX 1006  4070.00        7.365909E+13   1.8091E-06   1.8098E-06   0.99963
FLUX 1007  4090.00        7.329890E+13   1.7925E-06   1.7936E-06   0.99938
FLUX 1008  4110.00        7.294221E+13   1.7775E-06   1.7777E-06   0.99992
FLUX 1009  4130.00        7.258898E+13   1.7618E-06   1.7620E-06   0.99992
FLUX 1010  4150.00        7.223916E+13   1.7459E-06   1.7464E-06   0.99966
FLUX 1011  4170.00        7.189269E+13   1.7025E-06   1.7311E-06   0.98347
FLUX 1012  4190.00        7.154952E+13   1.7153E-06   1.7160E-06   0.99957
FLUX 1013  4210.00        7.120962E+13   1.6996E-06   1.7011E-06   0.99914
FLUX 1014  4230.00        7.087293E+13   1.6863E-06   1.6864E-06   0.99998
FLUX 1015  4250.00        7.053941E+13   1.6716E-06   1.6718E-06   0.99988
FLUX 1016  4270.00        7.020902E+13   1.6574E-06   1.6575E-06   0.99998
FLUX 1017  4290.00        6.988170E+13   1.6433E-06   1.6433E-06   0.99999
FLUX 1018  4310.00        6.955742E+13   1.6293E-06   1.6293E-06   0.99998
FLUX 1019  4330.00        6.923614E+13   1.6153E-06   1.6155E-06   0.99988
FLUX 1020  4350.00        6.891782E+13   1.6017E-06   1.6019E-06   0.99991
FLUX 1021  4370.00        6.860240E+13   1.5642E-06   1.5884E-06   0.98473
FLUX 1022  4390.00        6.828986E+13   1.5733E-06   1.5751E-06   0.99883
FLUX 1023  4410.00        6.798016E+13   1.5615E-06   1.5620E-06   0.99966
FLUX 1024  4430.00        6.767325E+13   1.5488E-06   1.5490E-06   0.99986
FLUX 1025  4450.00        6.736910E+13   1.5360E-06   1.5362E-06   0.99986
FLUX 1026  4470.00        6.706767E+13   1.5249E-06   1.5275E-06   0.99830
FLUX 1027  4490.00        6.676893E+13   1.5108E-06   1.5150E-06   0.99723
FLUX 1028  4510.00        6.647284E+13   1.4986E-06   1.5026E-06   0.99737
FLUX 1029  4530.00        6.617936E+13   1.4865E-06   1.4904E-06   0.99739
FLUX 1030  4550.00        6.588846E+13   1.4745E-06   1.4783E-06   0.99744
FLUX 1031  4570.00        6.560011E+13   1.4625E-06   1.4663E-06   0.99739
FLUX 1032  4590.00        6.531427E+13   1.4506E-06   1.4545E-06   0.99732
FLUX 1033  4610.00        6.503091E+13   1.4393E-06   1.4429E-06   0.99754
FLUX 1034  4630.00        6.475000E+13   1.4276E-06   1.4313E-06   0.99738
FLUX 1035  4650.00        6.447151E+13   1.3929E-06   1.4200E-06   0.98095
FLUX 1036  4670.00        6.419540E+13   1.3826E-06   1.4087E-06   0.98144
FLUX 1037  4690.00        6.392164E+13   1.3935E-06   1.3976E-06   0.99710
FLUX 1038  4710.00        6.365021E+13   1.3833E-06   1.3866E-06   0.99760
FLUX 1039  4730.00        6.338108E+13   1.3726E-06   1.3757E-06   0.99769
FLUX 1040  4750.00        6.311421E+13   1.3616E-06   1.3650E-06   0.99753
FLUX 1041  4770.00        6.284958E+13   1.3517E-06   1.3544E-06   0.99797
FLUX 1042  4790.00        6.258716E+13   1.3409E-06   1.3439E-06   0.99779
FLUX 1043  4810.00        6.232692E+13   1.3313E-06   1.3336E-06   0.99830
FLUX 1044  4830.00        6.206884E+13   1.3224E-06   1.3233E-06   0.99933
FLUX 1045  4850.00        6.181289E+13   1.3102E-06   1.3132E-06   0.99773
FLUX 1046  4870.00        6.155903E+13   1.3023E-06   1.3032E-06   0.99931
FLUX 1047  4890.00        6.130726E+13   1.2907E-06   1.2933E-06   0.99800
FLUX 1048  4910.00        6.105754E+13   1.2825E-06   1.2835E-06   0.99923
FLUX 1049  4930.00        6.080984E+13   1.2708E-06   1.2738E-06   0.99766
FLUX 1050  4950.00        6.056414E+13   1.2640E-06   1.2643E-06   0.99976
FLUX 1051  4970.00        6.032042E+13   1.2508E-06   1.2548E-06   0.99678
FLUX 1052  4990.00        6.007866E+13   1.2453E-06   1.2454E-06   0.99985
FLUX 1053  5010.00        5.983882E+13   1.2359E-06   1.2362E-06   0.99975
FLUX 1054  5030.00        5.960089E+13   1.2226E-06   1.2271E-06   0.99635
FLUX 1055  5050.00        5.936485E+13   1.2179E-06   1.2180E-06   0.99989
FLUX 1056  5070.00        5.913067E+13   1.2090E-06   1.2091E-06   0.99991
FLUX 1057  5090.00        5.889833E+13   1.1947E-06   1.2002E-06   0.99536
FLUX 1058  5110.00        5.866781E+13   1.1909E-06   1.1915E-06   0.99949
FLUX 1059  5130.00        5.843908E+13   1.1636E-06   1.1828E-06   0.98374
FLUX 1060  5150.00        5.821214E+13   1.1741E-06   1.1743E-06   0.99989
FLUX 1061  5170.00        5.798694E+13   1.1592E-06   1.1658E-06   0.99433
FLUX 1062  5190.00        5.776349E+13   1.1574E-06   1.1574E-06   0.99997
FLUX 1063  5210.00        5.754175E+13   1.1490E-06   1.1491E-06   0.99988
FLUX 1064  5230.00        5.732170E+13   1.1408E-06   1.1409E-06   0.99989
FLUX 1065  5250.00        5.710333E+13   1.1320E-06   1.1328E-06   0.99925
FLUX 1066  5270.00        5.688662E+13   1.1176E-06   1.1248E-06   0.99357
FLUX 1067  5290.00        5.667155E+13   1.1168E-06   1.1169E-06   0.99998
FLUX 1068  5310.00        5.645810E+13   1.1089E-06   1.1090E-06   0.99993
FLUX 1069  5330.00        5.624625E+13   1.1012E-06   1.1012E-06   0.99997
FLUX 1070  5350.00        5.603598E+13   1.0935E-06   1.0935E-06   0.99994
FLUX 1071  5370.00        5.582728E+13   1.0803E-06   1.0859E-06   0.99485
FLUX 1072  5390.00        5.562013E+13   1.0745E-06   1.0784E-06   0.99636
FLUX 1073  5410.00        5.541451E+13   1.0709E-06   1.0709E-06   0.99998
FLUX 1074  5430.00        5.521041E+13   1.0634E-06   1.0636E-06   0.99987
FLUX 1075  5450.00        5.500780E+13   1.0562E-06   1.0563E-06   0.99991
FLUX 1076  5470.00        5.480667E+13   1.0487E-06   1.0490E-06   0.99970
FLUX 1077  5490.00        5.460701E+13   1.0418E-06   1.0419E-06   0.99992
FLUX 1078  5510.00        5.440880E+13   1.0343E-06   1.0348E-06   0.99955
FLUX 1079  5530.00        5.421203E+13   1.0175E-06   1.0278E-06   0.98994
FLUX 1080  5550.00        5.401667E+13   1.0208E-06   1.0209E-06   0.99993
FLUX 1081  5570.00        5.382271E+13   1.0139E-06   1.0140E-06   0.99988
FLUX 1082  5590.00        5.363014E+13   1.0068E-06   1.0072E-06   0.99958
FLUX 1083  5610.00        5.343895E+13   1.0004E-06   1.0005E-06   0.99992
FLUX 1084  5630.00        5.324911E+13   9.9372E-07   9.9381E-07   0.99991
FLUX 1085  5650.00        5.306062E+13   9.8720E-07   9.8721E-07   0.99999
FLUX 1086  5670.00        5.287346E+13   9.8062E-07   9.8068E-07   0.99995
FLUX 1087  5690.00        5.268761E+13   9.7414E-07   9.7421E-07   0.99993
FLUX 1088  5710.00        5.250306E+13   9.5627E-07   9.6781E-07   0.98808
FLUX 1089  5730.00        5.231981E+13   9.6139E-07   9.6147E-07   0.99992
FLUX 1090  5750.00        5.213783E+13   9.5518E-07   9.5519E-07   0.99999
FLUX 1091  5770.00        5.195711E+13   9.4893E-07   9.4897E-07   0.99996
FLUX 1092  5790.00        5.177763E+13   9.4273E-07   9.4281E-07   0.99991
FLUX 1093  5810.00        5.159940E+13   9.3669E-07   9.3672E-07   0.99997
FLUX 1094  5830.00        5.142238E+13   9.3066E-07   9.3068E-07   0.99998
FLUX 1095  5850.00        5.124658E+13   9.2573E-07   9.2576E-07   0.99997
FLUX 1096  5870.00        5.107198E+13   9.1972E-07   9.1982E-07   0.99989
FLUX 1097  5890.00        5.089856E+13   9.1323E-07   9.1394E-07   0.99922
FLUX 1098  5910.00        5.072631E+13   8.9390E-07   9.0812E-07   0.98433
FLUX 1099  5930.00        5.055523E+13   9.0212E-07   9.0236E-07   0.99974
FLUX 1100  5950.00        5.038529E+13   8.8425E-07   8.9665E-07   0.98618
FLUX 1101  5970.00        5.021650E+13   8.8924E-07   8.9099E-07   0.99804
FLUX 1102  5990.00        5.004883E+13   8.8529E-07   8.8539E-07   0.99989
FLUX 1103  6010.00        4.988228E+13   8.7971E-07   8.7983E-07   0.99986
FLUX 1104  6030.00        4.971683E+13   8.7431E-07   8.7434E-07   0.99997
FLUX 1105  6050.00        4.955248E+13   8.6887E-07   8.6889E-07   0.99998
FLUX 1106  6070.00        4.938921E+13   8.6340E-07   8.6349E-07   0.99990
FLUX 1107  6090.00        4.922701E+13   8.5802E-07   8.5815E-07   0.99986
FLUX 1108  6110.00        4.906588E+13   8.5253E-07   8.5285E-07   0.99963
FLUX 1109  6130.00        4.890579E+13   8.4752E-07   8.4760E-07   0.99991
FLUX 1110  6150.00        4.874675E+13   8.4233E-07   8.4240E-07   0.99992
FLUX 1111  6170.00        4.858874E+13   8.3722E-07   8.3725E-07   0.99997
FLUX 1112  6190.00        4.843174E+13   8.3205E-07   8.3214E-07   0.99989
FLUX 1113  6210.00        4.827576E+13   8.2706E-07   8.2709E-07   0.99997
FLUX 1114  6230.00        4.812079E+13   8.2180E-07   8.2207E-07   0.99967
FLUX 1115  6250.00        4.796680E+13   8.1701E-07   8.1711E-07   0.99988
FLUX 1116  6270.00        4.781380E+13   8.1198E-07   8.1218E-07   0.99975
FLUX 1117  6290.00        4.766176E+13   7.9557E-07   8.0731E-07   0.98546
FLUX 1118  6310.00        4.751070E+13   8.0187E-07   8.0247E-07   0.99924
FLUX 1119  6330.00        4.736058E+13   7.9760E-07   7.9768E-07   0.99989
FLUX 1120  6350.00        4.721142E+13   7.9284E-07   7.9293E-07   0.99988
FLUX 1121  6370.00        4.706319E+13   7.8816E-07   7.8823E-07   0.99991
FLUX 1122  6390.00        4.691588E+13   7.8339E-07   7.8356E-07   0.99978
FLUX 1123  6420.00        4.669665E+13   7.7662E-07   7.7664E-07   0.99997
FLUX 1124  6460.00        4.640751E+13   7.6737E-07   7.6756E-07   0.99976
FLUX 1125  6500.00        4.612192E+13   7.5828E-07   7.5864E-07   0.99953
FLUX 1126  6540.00        4.583983E+13   7.4985E-07   7.4987E-07   0.99997
FLUX 1127  6580.00        4.556117E+13   7.4087E-07   7.4125E-07   0.99949
FLUX 1128  6620.00        4.528588E+13   7.3237E-07   7.3278E-07   0.99945
FLUX 1129  6660.00        4.501389E+13   7.2430E-07   7.2445E-07   0.99979
FLUX 1130  6700.00        4.474515E+13   7.1620E-07   7.1626E-07   0.99991
FLUX 1131  6740.00        4.447960E+13   7.0754E-07   7.0821E-07   0.99905
FLUX 1132  6780.00        4.421718E+13   6.9543E-07   7.0030E-07   0.99305
FLUX 1133  6820.00        4.395784E+13   6.9171E-07   6.9252E-07   0.99883
FLUX 1134  6860.00        4.370153E+13   6.8481E-07   6.8486E-07   0.99993
FLUX 1135  6900.00        4.344819E+13   6.7725E-07   6.7733E-07   0.99987
FLUX 1136  6940.00        4.319777E+13   6.6879E-07   6.6993E-07   0.99829
FLUX 1137  6980.00        4.295021E+13   6.6258E-07   6.6265E-07   0.99990
FLUX 1138  7020.00        4.270548E+13   6.5540E-07   6.5548E-07   0.99987
FLUX 1139  7060.00        4.246353E+13   6.4835E-07   6.4843E-07   0.99988
FLUX 1140  7100.00        4.222430E+13   6.4017E-07   6.4149E-07   0.99793
FLUX 1141  7140.00        4.198775E+13   6.3462E-07   6.3467E-07   0.99993
FLUX 1142  7180.00        4.175383E+13   6.2789E-07   6.2795E-07   0.99991
FLUX 1143  7220.00        4.152251E+13   6.2117E-07   6.2134E-07   0.99973
FLUX 1144  7260.00        4.129373E+13   6.1311E-07   6.1483E-07   0.99720
FLUX 1145  7300.00        4.106747E+13   6.0841E-07   6.0842E-07   0.99997
FLUX 1146  7340.00        4.084366E+13   6.0207E-07   6.0212E-07   0.99992
FLUX 1147  7380.00        4.062229E+13   5.9587E-07   5.9591E-07   0.99993
FLUX 1148  7420.00        4.040330E+13   5.8975E-07   5.8980E-07   0.99990
FLUX 1149  7460.00        4.018666E+13   5.7896E-07   5.8379E-07   0.99172
FLUX 1150  7500.00        3.997233E+13   5.6844E-07   5.7787E-07   0.98367
FLUX 1151  7540.00        3.976028E+13   5.7197E-07   5.7204E-07   0.99988
FLUX 1152  7580.00        3.955046E+13   5.6625E-07   5.6630E-07   0.99991
FLUX 1153  7620.00        3.934285E+13   5.6060E-07   5.6064E-07   0.99993
FLUX 1154  7660.00        3.913740E+13   5.5505E-07   5.5507E-07   0.99997
FLUX 1155  7700.00        3.893409E+13   5.4954E-07   5.4958E-07   0.99994
FLUX 1156  7740.00        3.873288E+13   5.4415E-07   5.4417E-07   0.99998
FLUX 1157  7780.00        3.853374E+13   5.3637E-07   5.3883E-07   0.99543
FLUX 1158  7820.00        3.833664E+13   5.3357E-07   5.3358E-07   0.99999
FLUX 1159  7860.00        3.814154E+13   5.2840E-07   5.2840E-07   0.99999
FLUX 1160  7900.00        3.794842E+13   5.2330E-07   5.2330E-07   0.99999
FLUX 1161  7940.00        3.775724E+13   5.1827E-07   5.1827E-07   0.99998
FLUX 1162  7980.00        3.756798E+13   5.1330E-07   5.1332E-07   0.99998
FLUX 1163  8020.00        3.738061E+13   5.0841E-07   5.0843E-07   0.99997
FLUX 1164  8060.00        3.719510E+13   5.0360E-07   5.0361E-07   0.99997
FLUX 1165  8100.00        3.701142E+13   4.9886E-07   4.9886E-07   0.99998
FLUX 1166  8140.00        3.682955E+13   4.9163E-07   4.9418E-07   0.99484
FLUX 1167  8180.00        3.664945E+13   4.8935E-07   4.8956E-07   0.99956
FLUX 1168  8220.00        3.647111E+13   4.8500E-07   4.8501E-07   0.99998
FLUX 1169  8260.00        3.629449E+13   4.8051E-07   4.8052E-07   0.99998
FLUX 1170  8300.00        3.611958E+13   4.7608E-07   4.7609E-07   0.99997
FLUX 1171  8340.00        3.594634E+13   4.7167E-07   4.7173E-07   0.99988
FLUX 1172  8380.00        3.577476E+13   4.6735E-07   4.6742E-07   0.99984
FLUX 1173  8420.00        3.560481E+13   4.6313E-07   4.6317E-07   0.99991
FLUX 1174  8460.00        3.543647E+13   4.5897E-07   4.5898E-07   0.99998
FLUX 1175  8500.00        3.526971E+13   4.5483E-07   4.5485E-07   0.99997
FLUX 1176  8540.00        3.510451E+13   4.5076E-07   4.5077E-07   0.99998
FLUX 1177  8580.00        3.494085E+13   4.4665E-07   4.4674E-07   0.99980
FLUX 1178  8620.00        3.477871E+13   4.4276E-07   4.4277E-07   0.99997
FLUX 1179  8660.00        3.461807E+13   4.3622E-07   4.3885E-07   0.99401
FLUX 1180  8700.00        3.445891E+13   4.3491E-07   4.3499E-07   0.99982
FLUX 1181  8740.00        3.430120E+13   4.2974E-07   4.3117E-07   0.99667
FLUX 1182  8780.00        3.414493E+13   4.2599E-07   4.2741E-07   0.99668
FLUX 1183  8820.00        3.399008E+13   4.2368E-07   4.2369E-07   0.99997
FLUX 1184  8860.00        3.383663E+13   4.1979E-07   4.2002E-07   0.99944
FLUX 1185  8900.00        3.368455E+13   4.1638E-07   4.1640E-07   0.99995
FLUX 1186  8940.00        3.353384E+13   4.1282E-07   4.1283E-07   0.99998
FLUX 1187  8980.00        3.338447E+13   4.0927E-07   4.0930E-07   0.99994
FLUX 1188  9020.00        3.323642E+13   4.0580E-07   4.0581E-07   0.99997
FLUX 1189  9060.00        3.308968E+13   4.0204E-07   4.0237E-07   0.99916
FLUX 1190  9100.00        3.294423E+13   3.9895E-07   3.9898E-07   0.99994
FLUX 1191  9140.00        3.280005E+13   3.9560E-07   3.9562E-07   0.99994
FLUX 1192  9180.00        3.265714E+13   3.9231E-07   3.9231E-07   0.99998
FLUX 1193  9220.00        3.251546E+13   3.8904E-07   3.8904E-07   0.99999
FLUX 1194  9260.00        3.237500E+13   3.8534E-07   3.8581E-07   0.99878
FLUX 1195  9300.00        3.223575E+13   3.8262E-07   3.8262E-07   0.99999
FLUX 1196  9340.00        3.209770E+13   3.7947E-07   3.7947E-07   0.99998
FLUX 1197  9380.00        3.196082E+13   3.7403E-07   3.7636E-07   0.99381
FLUX 1198  9420.00        3.182511E+13   3.7325E-07   3.7329E-07   0.99990
FLUX 1199  9460.00        3.169054E+13   3.7025E-07   3.7025E-07   0.99998
FLUX 1200  9500.00        3.155711E+13   3.6707E-07   3.6725E-07   0.99951
FLUX 1201  9540.00        3.142479E+13   3.6377E-07   3.6429E-07   0.99857
FLUX 1202  9580.00        3.129358E+13   3.6136E-07   3.6136E-07   0.99999
FLUX 1203  9620.00        3.116346E+13   3.5846E-07   3.5847E-07   0.99997
FLUX 1204  9660.00        3.103442E+13   3.5561E-07   3.5561E-07   0.99999
FLUX 1205  9700.00        3.090644E+13   3.5278E-07   3.5279E-07   0.99999
FLUX 1206  9740.00        3.077952E+13   3.4997E-07   3.5000E-07   0.99993
FLUX 1207  9780.00        3.065363E+13   3.4723E-07   3.4724E-07   0.99998
FLUX 1208  9820.00        3.052877E+13   3.4448E-07   3.4451E-07   0.99991
FLUX 1209  9860.00        3.040492E+13   3.4103E-07   3.4182E-07   0.99768
FLUX 1210  9900.00        3.028207E+13   3.3916E-07   3.3916E-07   0.99999
FLUX 1211  9940.00        3.016021E+13   3.3652E-07   3.3653E-07   0.99998
FLUX 1212  9980.00        3.003933E+13   3.3392E-07   3.3393E-07   0.99998
FLUX 1213 10020.00        2.991941E+13   3.3135E-07   3.3136E-07   0.99998
FLUX 1214 20000.00        1.498963E+13   8.5802E-08   8.5802E-08   1.00000
FLUX 1215 40000.00        7.494813E+12   2.1608E-08   2.1608E-08   1.00000
FLUX 1216 60000.00        4.996542E+12   9.5699E-09   9.5699E-09   1.00000
FLUX 1217 80000.00        3.747406E+12   5.3563E-09   5.3563E-09   1.00000
FLUX 1218100000.00        2.997925E+12   3.4111E-09   3.4111E-09   1.00000
FLUX 1219120000.00        2.498271E+12   2.3580E-09   2.3580E-09   1.00000
FLUX 1220140000.00        2.141375E+12   1.7252E-09   1.7252E-09   1.00000
FLUX 1221160000.00        1.873703E+12   1.3158E-09   1.3158E-09   1.00000
FLUX
