TEFF   5250.  GRAVITY 4.50000 LTE 
TITLE  [+0.5] VTURB=2  L/H=1.25 NOVER NEW ODF                                   
FLUX    1     9.09        3.298047E+16   2.5000E-39   2.5000E-39   1.00000
FLUX    2     9.35        3.206337E+16   2.5000E-39   2.5000E-39   1.00000
FLUX    3     9.61        3.119589E+16   2.5000E-39   2.5000E-39   1.00000
FLUX    4     9.77        3.068500E+16   2.5000E-39   2.5000E-39   1.00000
FLUX    5     9.96        3.009965E+16   2.5000E-39   2.5000E-39   1.00000
FLUX    6    10.20        2.939142E+16   2.5000E-39   2.5000E-39   1.00000
FLUX    7    10.38        2.888174E+16   2.5000E-39   2.5000E-39   1.00000
FLUX    8    10.56        2.838944E+16   2.5000E-39   2.5000E-39   1.00000
FLUX    9    10.77        2.783589E+16   2.5000E-39   2.5000E-39   1.00000
FLUX   10    11.04        2.715512E+16   2.5000E-39   2.5000E-39   1.00000
FLUX   11    11.40        2.629759E+16   2.5000E-39   2.5000E-39   1.00000
FLUX   12    11.78        2.544928E+16   2.5000E-39   2.5000E-39   1.00000
FLUX   13    12.13        2.471496E+16   2.5000E-39   2.5000E-39   1.00000
FLUX   14    12.48        2.402184E+16   2.5000E-39   2.5000E-39   1.00000
FLUX   15    12.71        2.358714E+16   2.5000E-39   2.5000E-39   1.00000
FLUX   16    12.84        2.334833E+16   2.5000E-39   2.5000E-39   1.00000
FLUX   17    13.05        2.297260E+16   2.5000E-39   2.5000E-39   1.00000
FLUX   18    13.24        2.264294E+16   2.5000E-39   2.5000E-39   1.00000
FLUX   19    13.39        2.238928E+16   2.5000E-39   2.5000E-39   1.00000
FLUX   20    13.66        2.194674E+16   2.5000E-39   2.5000E-39   1.00000
FLUX   21    13.98        2.144439E+16   2.5000E-39   2.5000E-39   1.00000
FLUX   22    14.33        2.092062E+16   2.5000E-39   2.5000E-39   1.00000
FLUX   23    14.72        2.036634E+16   2.5000E-39   2.5000E-39   1.00000
FLUX   24    15.10        1.985381E+16   2.5000E-39   2.5000E-39   1.00000
FLUX   25    15.52        1.931653E+16   2.5000E-39   2.5000E-39   1.00000
FLUX   26    15.88        1.887862E+16   4.7858-122   4.7859-122   0.99998
FLUX   27    16.20        1.850571E+16   1.0935-119   1.0935-119   0.99998
FLUX   28    16.60        1.805979E+16   7.2142-117   7.2143-117   0.99998
FLUX   29    17.03        1.760379E+16   5.4917-114   5.4918-114   0.99998
FLUX   30    17.34        1.728907E+16   5.3364-112   5.3365-112   0.99998
FLUX   31    17.68        1.695659E+16   6.7004-110   6.7005-110   0.99998
FLUX   32    18.02        1.663665E+16   6.9960-108   6.9961-108   0.99998
FLUX   33    18.17        1.649931E+16   5.1420-107   5.1421-107   0.99998
FLUX   34    18.61        1.610921E+16   1.4825-104   1.4825-104   0.99998
FLUX   35    19.10        1.569594E+16   5.9586-102   5.9587-102   0.99998
FLUX   36    19.39        1.546119E+16   1.7895-100   1.7895-100   0.99998
FLUX   37    19.84        1.511051E+16   2.8780E-98   2.8781E-98   0.99998
FLUX   38    20.18        1.485592E+16   1.1502E-96   1.1503E-96   0.99998
FLUX   39    20.50        1.462402E+16   3.3088E-95   3.3089E-95   0.99998
FLUX   40    21.05        1.424192E+16   8.3230E-93   8.3231E-93   0.99998
FLUX   41    21.62        1.386644E+16   1.8953E-90   1.8954E-90   0.99998
FLUX   42    21.98        1.363933E+16   5.0434E-89   5.0435E-89   0.99998
FLUX   43    22.30        1.344361E+16   8.4998E-88   8.5000E-88   0.99998
FLUX   44    22.68        1.321836E+16   2.1927E-86   2.1928E-86   0.99998
FLUX   45    23.00        1.303446E+16   3.1149E-85   3.1149E-85   0.99998
FLUX   46    23.40        1.281165E+16   7.7267E-84   7.7268E-84   0.99998
FLUX   47    24.00        1.249135E+16   7.7879E-82   7.7880E-82   0.99998
FLUX   48    24.65        1.216197E+16   8.9187E-80   8.9189E-80   0.99998
FLUX   49    25.24        1.187767E+16   5.3205E-78   5.3206E-78   0.99998
FLUX   50    25.68        1.167416E+16   9.9128E-77   9.9129E-77   0.99998
FLUX   51    26.00        1.153048E+16   7.8082E-76   7.8083E-76   0.99998
FLUX   52    26.40        1.135578E+16   9.5921E-75   9.5923E-75   0.99998
FLUX   53    26.85        1.116546E+16   1.4701E-73   1.4701E-73   0.99998
FLUX   54    27.35        1.096133E+16   2.7399E-72   2.7399E-72   0.99998
FLUX   55    27.85        1.076454E+16   4.5952E-71   4.5953E-71   0.99998
FLUX   56    28.40        1.055607E+16   9.0828E-70   9.0830E-70   0.99998
FLUX   57    29.00        1.033767E+16   2.0634E-68   2.0634E-68   0.99998
FLUX   58    29.60        1.012812E+16   4.1132E-67   4.1133E-67   0.99998
FLUX   59    30.10        9.959883E+15   4.5428E-66   4.5443E-66   0.99967
FLUX   60    30.80        9.733523E+15   1.1474E-64   1.1475E-64   0.99998
FLUX   61    31.80        9.427437E+15   8.9818E-63   8.9819E-63   0.99998
FLUX   62    32.80        9.140015E+15   5.3576E-61   5.3577E-61   0.99998
FLUX   63    33.80        8.869601E+15   2.4927E-59   2.4928E-59   0.99998
FLUX   64    34.80        8.614727E+15   9.2564E-58   9.2566E-58   0.99998
FLUX   65    35.70        8.397549E+15   2.0031E-56   2.0032E-56   0.99998
FLUX   66    36.60        8.191052E+15   3.7181E-55   3.7182E-55   0.99998
FLUX   67    37.50        7.994467E+15   5.9703E-54   5.9705E-54   0.99997
FLUX   68    38.50        7.786818E+15   1.1164E-52   1.1164E-52   0.99998
FLUX   69    39.50        7.589683E+15   1.7912E-51   1.7912E-51   0.99998
FLUX   70    40.50        7.402284E+15   2.4964E-50   2.4964E-50   0.99998
FLUX   71    41.40        7.241364E+15   2.3910E-49   2.3911E-49   0.99998
FLUX   72    42.20        7.104087E+15   1.6384E-48   1.6384E-48   0.99998
FLUX   73    43.00        6.971919E+15   1.0429E-47   1.0429E-47   0.99998
FLUX   74    44.10        6.798016E+15   1.1868E-46   1.1868E-46   0.99998
FLUX   75    45.10        6.647284E+15   9.7305E-46   9.7306E-46   0.99998
FLUX   76    46.00        6.517228E+15   5.9635E-45   5.9636E-45   0.99998
FLUX   77    47.00        6.378564E+15   4.1110E-44   4.1110E-44   0.99998
FLUX   78    48.00        6.245677E+15   2.6064E-43   2.6064E-43   0.99998
FLUX   79    49.00        6.118214E+15   1.5292E-42   1.5292E-42   0.99998
FLUX   80    50.00        5.995850E+15   8.3298E-42   8.3299E-42   0.99998
FLUX   81    50.60        5.924753E+15   2.9684E-41   3.3754E-41   0.87942
FLUX   82    51.20        5.855322E+15   8.6762E-41   8.7777E-41   0.98843
FLUX   83    52.00        5.765240E+15   3.0010E-40   3.0288E-40   0.99082
FLUX   84    53.00        5.656462E+15   1.3484E-39   1.3484E-39   0.99998
FLUX   85    54.00        5.551713E+15   5.6358E-39   5.6675E-39   0.99442
FLUX   86    55.00        5.450773E+15   2.2570E-38   2.2571E-38   0.99998
FLUX   87    56.00        5.353437E+15   8.5371E-38   8.5372E-38   0.99998
FLUX   88    57.00        5.259517E+15   3.0753E-37   3.0753E-37   0.99998
FLUX   89    58.00        5.168836E+15   1.0465E-36   1.0589E-36   0.98834
FLUX   90    59.00        5.081229E+15   3.4829E-36   3.4854E-36   0.99926
FLUX   91    60.00        4.996542E+15   1.0997E-35   1.1005E-35   0.99923
FLUX   92    61.00        4.914631E+15   3.3399E-35   3.3400E-35   0.99998
FLUX   93    62.00        4.835363E+15   9.7608E-35   9.7628E-35   0.99980
FLUX   94    63.00        4.758611E+15   2.7530E-34   2.7533E-34   0.99989
FLUX   95    64.00        4.684258E+15   7.5088E-34   7.5090E-34   0.99998
FLUX   96    65.00        4.612192E+15   1.9825E-33   1.9826E-33   0.99998
FLUX   97    65.80        4.556117E+15   4.2152E-33   4.2153E-33   0.99997
FLUX   98    66.50        4.508158E+15   8.0161E-33   8.0290E-33   0.99838
FLUX   99    67.50        4.441370E+15   1.9645E-32   1.9670E-32   0.99876
FLUX  100    68.50        4.376533E+15   4.6872E-32   4.6876E-32   0.99993
FLUX  101    69.50        4.313561E+15   1.0880E-31   1.0880E-31   0.99998
FLUX  102    70.50        4.252376E+15   2.4499E-31   2.4623E-31   0.99498
FLUX  103    71.60        4.187046E+15   5.8801E-31   5.8803E-31   0.99997
FLUX  104    72.60        4.129373E+15   1.2663E-30   1.2664E-30   0.99998
FLUX  105    73.50        4.078809E+15   2.4788E-30   2.4791E-30   0.99986
FLUX  106    74.50        4.024060E+15   5.1207E-30   5.1258E-30   0.99900
FLUX  107    75.50        3.970762E+15   1.0371E-29   1.0384E-29   0.99878
FLUX  108    76.50        3.918856E+15   2.0623E-29   2.0626E-29   0.99984
FLUX  109    77.50        3.868290E+15   4.0159E-29   4.0207E-29   0.99881
FLUX  110    78.50        3.819013E+15   7.6968E-29   7.6970E-29   0.99997
FLUX  111    79.50        3.770975E+15   1.4329E-28   1.4480E-28   0.98953
FLUX  112    80.50        3.724130E+15   2.6641E-28   2.6790E-28   0.99445
FLUX  113    81.50        3.678436E+15   4.8733E-28   4.8770E-28   0.99924
FLUX  114    82.50        3.633848E+15   8.7408E-28   8.7430E-28   0.99974
FLUX  115    83.50        3.590329E+15   1.5442E-27   1.5444E-27   0.99986
FLUX  116    84.50        3.547840E+15   2.6888E-27   2.6890E-27   0.99993
FLUX  117    85.50        3.506345E+15   4.6183E-27   4.6184E-27   0.99998
FLUX  118    86.50        3.465809E+15   7.8233E-27   7.8245E-27   0.99984
FLUX  119    87.50        3.426200E+15   1.3045E-26   1.3086E-26   0.99682
FLUX  120    88.50        3.387486E+15   2.1610E-26   2.1617E-26   0.99969
FLUX  121    89.50        3.349637E+15   3.5277E-26   3.5281E-26   0.99987
FLUX  122    90.50        3.312624E+15   5.6884E-26   5.6916E-26   0.99942
FLUX  123    91.50        3.276421E+15   1.0041E-22   5.7648E-22   0.17418
FLUX  124    92.50        3.241000E+15   4.0708E-22   8.4550E-22   0.48147
FLUX  125    93.50        3.206337E+15   5.6489E-22   1.2317E-21   0.45864
FLUX  126    94.50        3.172407E+15   9.0826E-22   1.7826E-21   0.50951
FLUX  127    95.50        3.139188E+15   1.3852E-21   2.5674E-21   0.53954
FLUX  128    96.50        3.106658E+15   2.2005E-21   3.6587E-21   0.60145
FLUX  129    97.50        3.074795E+15   3.0194E-21   5.1644E-21   0.58465
FLUX  130    98.50        3.043579E+15   4.4692E-21   7.3673E-21   0.60664
FLUX  131    99.50        3.012990E+15   6.3423E-21   1.0346E-20   0.61303
FLUX  132   100.50        2.983010E+15   9.7332E-21   1.4444E-20   0.67385
FLUX  133   101.50        2.953621E+15   1.4045E-20   2.0017E-20   0.70165
FLUX  134   102.50        2.924805E+15   1.8380E-20   2.7947E-20   0.65766
FLUX  135   103.50        2.896546E+15   2.8990E-20   3.8510E-20   0.75279
FLUX  136   104.50        2.868828E+15   4.1779E-20   5.2966E-20   0.78877
FLUX  137   105.50        2.841635E+15   5.4379E-20   7.2454E-20   0.75053
FLUX  138   106.50        2.814953E+15   7.8861E-20   9.8666E-20   0.79928
FLUX  139   107.50        2.788767E+15   1.0940E-19   1.3382E-19   0.81752
FLUX  140   108.50        2.763064E+15   1.5008E-19   1.8089E-19   0.82965
FLUX  141   109.50        2.737831E+15   1.9503E-19   2.4367E-19   0.80039
FLUX  142   110.50        2.713054E+15   2.5584E-19   3.3397E-19   0.76604
FLUX  143   111.50        2.688722E+15   3.5746E-19   4.4548E-19   0.80241
FLUX  144   112.50        2.664822E+15   5.0066E-19   5.9199E-19   0.84573
FLUX  145   113.50        2.641344E+15   6.9551E-19   7.8383E-19   0.88732
FLUX  146   114.50        2.618275E+15   9.4527E-19   1.0341E-18   0.91410
FLUX  147   115.50        2.595606E+15   1.2558E-18   1.3610E-18   0.92270
FLUX  148   116.50        2.573326E+15   1.6748E-18   1.7844E-18   0.93855
FLUX  149   117.50        2.551426E+15   2.2321E-18   2.3300E-18   0.95800
FLUX  150   118.50        2.529894E+15   2.8971E-18   3.0488E-18   0.95024
FLUX  151   119.50        2.508724E+15   3.6384E-18   3.9607E-18   0.91863
FLUX  152   120.50        2.487905E+15   4.6470E-18   5.1286E-18   0.90610
FLUX  153   121.50        2.467428E+15   4.6669E-18   6.6289E-18   0.70403
FLUX  154   122.50        2.447286E+15   7.8104E-18   8.5429E-18   0.91425
FLUX  155   123.50        2.427470E+15   1.0501E-17   1.0974E-17   0.95688
FLUX  156   124.50        2.407972E+15   1.3503E-17   1.3970E-17   0.96662
FLUX  157   125.50        2.388785E+15   1.6926E-17   1.7899E-17   0.94565
FLUX  158   126.50        2.369901E+15   2.1612E-17   2.2841E-17   0.94619
FLUX  159   127.50        2.351314E+15   2.7539E-17   2.9060E-17   0.94763
FLUX  160   128.50        2.333016E+15   3.4379E-17   3.6855E-17   0.93281
FLUX  161   129.50        2.315000E+15   4.3673E-17   4.6594E-17   0.93731
FLUX  162   130.50        2.297261E+15   5.3035E-17   5.8722E-17   0.90316
FLUX  163   131.50        2.279791E+15   6.9285E-17   7.3766E-17   0.93925
FLUX  164   132.50        2.262585E+15   8.6054E-17   9.2366E-17   0.93166
FLUX  165   133.50        2.245637E+15   1.0736E-16   1.1538E-16   0.93057
FLUX  166   134.50        2.228940E+15   1.3663E-16   1.4367E-16   0.95101
FLUX  167   135.50        2.212491E+15   1.7083E-16   1.7860E-16   0.95652
FLUX  168   136.50        2.196282E+15   2.1118E-16   2.2176E-16   0.95230
FLUX  169   137.50        2.180309E+15   2.5710E-16   2.7445E-16   0.93679
FLUX  170   138.50        2.164567E+15   3.0692E-16   3.3858E-16   0.90651
FLUX  171   139.50        2.149050E+15   3.7781E-16   4.1640E-16   0.90733
FLUX  172   140.50        2.133754E+15   4.8121E-16   5.1057E-16   0.94250
FLUX  173   141.50        2.118675E+15   5.9915E-16   6.2422E-16   0.95985
FLUX  174   142.50        2.103807E+15   6.9728E-16   7.6127E-16   0.91594
FLUX  175   143.50        2.089146E+15   8.7896E-16   9.2585E-16   0.94936
FLUX  176   144.20        2.079005E+15   1.0307E-15   1.0601E-15   0.97230
FLUX  177   144.70        2.071821E+15   1.0737E-15   1.1667E-15   0.92027
FLUX  178   145.50        2.060430E+15   1.2523E-15   1.3583E-15   0.92201
FLUX  179   146.50        2.046365E+15   1.5697E-15   1.6386E-15   0.95794
FLUX  180   147.50        2.032492E+15   1.8179E-15   1.9716E-15   0.92206
FLUX  181   148.50        2.018805E+15   2.0800E-15   2.3662E-15   0.87904
FLUX  182   149.50        2.005301E+15   2.7241E-15   2.8325E-15   0.96174
FLUX  183   150.50        1.991977E+15   3.3225E-15   3.3822E-15   0.98234
FLUX  184   151.20        1.982755E+15   3.3570E-15   3.8238E-15   0.87793
FLUX  185   151.70        1.976220E+15   3.9095E-15   4.4105E-15   0.88641
FLUX  186   152.50        1.965852E+15   4.9525E-15   1.0907E-14   0.45408
FLUX  187   153.50        1.953046E+15   1.4026E-14   6.1192E-14   0.22922
FLUX  188   154.50        1.940405E+15   1.5195E-14   7.0443E-14   0.21571
FLUX  189   155.50        1.927926E+15   2.5535E-14   8.1248E-14   0.31429
FLUX  190   156.50        1.915607E+15   2.5885E-14   9.4061E-14   0.27519
FLUX  191   157.50        1.903444E+15   6.2868E-14   2.1571E-13   0.29144
FLUX  192   158.50        1.891435E+15   7.6273E-14   2.4404E-13   0.31254
FLUX  193   159.50        1.879577E+15   9.0587E-14   2.7515E-13   0.32923
FLUX  194   160.50        1.867866E+15   9.8231E-14   3.0914E-13   0.31775
FLUX  195   161.50        1.856300E+15   1.0779E-13   3.4615E-13   0.31139
FLUX  196   162.50        1.844877E+15   1.2490E-13   5.5834E-13   0.22371
FLUX  197   163.50        1.833593E+15   1.7281E-13   6.3572E-13   0.27184
FLUX  198   164.50        1.822447E+15   2.5856E-13   7.2217E-13   0.35803
FLUX  199   165.50        1.811435E+15   1.9203E-13   8.1860E-13   0.23459
FLUX  200   166.50        1.800556E+15   3.2977E-13   9.2610E-13   0.35608
FLUX  201   167.20        1.793017E+15   2.2600E-13   1.0085E-12   0.22409
FLUX  202   167.70        1.787671E+15   3.7752E-13   2.4192E-12   0.15605
FLUX  203   168.50        1.779184E+15   6.4576E-13   6.8047E-12   0.09490
FLUX  204   169.50        1.768687E+15   1.1292E-12   7.5651E-12   0.14926
FLUX  205   170.50        1.758314E+15   1.3802E-12   8.4225E-12   0.16387
FLUX  206   171.50        1.748061E+15   1.3791E-12   1.5905E-11   0.08670
FLUX  207   172.50        1.737928E+15   1.9815E-12   1.7378E-11   0.11402
FLUX  208   173.50        1.727911E+15   2.3652E-12   1.8906E-11   0.12510
FLUX  209   174.50        1.718009E+15   3.3728E-12   2.0563E-11   0.16402
FLUX  210   175.50        1.708219E+15   4.1427E-12   2.2301E-11   0.18576
FLUX  211   176.50        1.698541E+15   4.1659E-12   2.4153E-11   0.17248
FLUX  212   177.50        1.688972E+15   4.3539E-12   2.6124E-11   0.16667
FLUX  213   178.50        1.679510E+15   6.6915E-12   2.8218E-11   0.23714
FLUX  214   179.50        1.670153E+15   6.8032E-12   3.0445E-11   0.22346
FLUX  215   180.50        1.660900E+15   9.0419E-12   3.2822E-11   0.27548
FLUX  216   181.50        1.651749E+15   8.1292E-12   3.5339E-11   0.23004
FLUX  217   182.50        1.642699E+15   1.1329E-11   3.8017E-11   0.29799
FLUX  218   183.50        1.633747E+15   1.1870E-11   4.0862E-11   0.29048
FLUX  219   184.50        1.624892E+15   1.0085E-11   4.3887E-11   0.22980
FLUX  220   185.50        1.616132E+15   1.2709E-11   4.7124E-11   0.26970
FLUX  221   186.50        1.607466E+15   1.6423E-11   5.0546E-11   0.32491
FLUX  222   187.50        1.598893E+15   1.7662E-11   5.6633E-11   0.31187
FLUX  223   188.50        1.590411E+15   2.0102E-11   6.0485E-11   0.33234
FLUX  224   189.50        1.582018E+15   2.7046E-11   6.4548E-11   0.41901
FLUX  225   190.50        1.573714E+15   2.5723E-11   6.8829E-11   0.37372
FLUX  226   191.50        1.565496E+15   3.1667E-11   7.3339E-11   0.43179
FLUX  227   192.50        1.557364E+15   3.1162E-11   7.8088E-11   0.39906
FLUX  228   193.50        1.549315E+15   1.8745E-11   8.3085E-11   0.22562
FLUX  229   194.50        1.541350E+15   4.1157E-11   8.8346E-11   0.46586
FLUX  230   195.50        1.533465E+15   4.8457E-11   9.3882E-11   0.51615
FLUX  231   196.70        1.524110E+15   6.0200E-11   1.0091E-10   0.59660
FLUX  232   197.60        1.517168E+15   6.3341E-11   1.0785E-10   0.58732
FLUX  233   198.40        1.511051E+15   6.9214E-11   1.1306E-10   0.61218
FLUX  234   199.50        1.502719E+15   7.0577E-11   1.2135E-10   0.58161
FLUX  235   200.50        1.495224E+15   7.3113E-11   1.2858E-10   0.56861
FLUX  236   201.50        1.487804E+15   8.3865E-11   1.3618E-10   0.61584
FLUX  237   202.50        1.480457E+15   6.7844E-11   1.4415E-10   0.47066
FLUX  238   203.50        1.473182E+15   9.4676E-11   1.5250E-10   0.62084
FLUX  239   204.50        1.465978E+15   1.0822E-10   1.6125E-10   0.67115
FLUX  240   205.50        1.458844E+15   1.1939E-10   1.7040E-10   0.70064
FLUX  241   206.50        1.451780E+15   1.2047E-10   1.7998E-10   0.66933
FLUX  242   207.40        1.445480E+15   1.1712E-10   1.8897E-10   0.61975
FLUX  243   207.80        1.442697E+15   1.4921E-10   2.2715E-09   0.06569
FLUX  244   208.50        1.437854E+15   1.6935E-10   2.3545E-09   0.07193
FLUX  245   209.50        1.430990E+15   2.6006E-10   2.4710E-09   0.10524
FLUX  246   210.50        1.424192E+15   3.5791E-10   2.5814E-09   0.13865
FLUX  247   211.50        1.417459E+15   4.2051E-10   2.6850E-09   0.15662
FLUX  248   212.50        1.410788E+15   3.9285E-10   2.7906E-09   0.14078
FLUX  249   213.50        1.404180E+15   4.6183E-10   2.8998E-09   0.15926
FLUX  250   214.50        1.397634E+15   4.8085E-10   3.0087E-09   0.15982
FLUX  251   215.50        1.391148E+15   4.8103E-10   3.1217E-09   0.15409
FLUX  252   216.50        1.384723E+15   4.8141E-10   3.2411E-09   0.14853
FLUX  253   217.50        1.378356E+15   5.1696E-10   3.3680E-09   0.15349
FLUX  254   218.50        1.372048E+15   5.4225E-10   3.5058E-09   0.15467
FLUX  255   219.50        1.365797E+15   6.8004E-10   3.6527E-09   0.18617
FLUX  256   220.50        1.359603E+15   6.6886E-10   3.8096E-09   0.17557
FLUX  257   221.50        1.353465E+15   6.2004E-10   3.9775E-09   0.15589
FLUX  258   222.50        1.347382E+15   7.0542E-10   4.2814E-09   0.16476
FLUX  259   223.50        1.341353E+15   9.7799E-10   4.4722E-09   0.21868
FLUX  260   224.50        1.335379E+15   1.0381E-09   4.6739E-09   0.22211
FLUX  261   225.50        1.329457E+15   9.9956E-10   5.9986E-09   0.16663
FLUX  262   226.50        1.323587E+15   7.8815E-10   6.1807E-09   0.12752
FLUX  263   227.50        1.317769E+15   1.0000E-09   6.3690E-09   0.15701
FLUX  264   228.50        1.312002E+15   1.2511E-09   6.5635E-09   0.19061
FLUX  265   229.50        1.306285E+15   1.2452E-09   6.7647E-09   0.18407
FLUX  266   230.50        1.300618E+15   1.0476E-09   6.9716E-09   0.15027
FLUX  267   231.50        1.295000E+15   1.4476E-09   7.1863E-09   0.20144
FLUX  268   232.50        1.289430E+15   1.5117E-09   7.4094E-09   0.20403
FLUX  269   233.50        1.283908E+15   1.8380E-09   7.9198E-09   0.23207
FLUX  270   234.50        1.278433E+15   1.3120E-09   8.1446E-09   0.16109
FLUX  271   235.50        1.273004E+15   1.5946E-09   8.3781E-09   0.19033
FLUX  272   236.50        1.267622E+15   1.5396E-09   8.6210E-09   0.17859
FLUX  273   237.50        1.262284E+15   1.7252E-09   8.8738E-09   0.19442
FLUX  274   238.50        1.256992E+15   1.6791E-09   9.1387E-09   0.18373
FLUX  275   239.50        1.251743E+15   1.9066E-09   9.4118E-09   0.20258
FLUX  276   240.50        1.246538E+15   2.3648E-09   9.6952E-09   0.24391
FLUX  277   241.50        1.241377E+15   1.8995E-09   9.9892E-09   0.19016
FLUX  278   242.50        1.236258E+15   2.5215E-09   1.0294E-08   0.24494
FLUX  279   243.50        1.231181E+15   2.9276E-09   1.0610E-08   0.27593
FLUX  280   244.50        1.226145E+15   3.6225E-09   1.1301E-08   0.32054
FLUX  281   245.50        1.221151E+15   3.9257E-09   1.1619E-08   0.33788
FLUX  282   246.50        1.216197E+15   3.2054E-09   1.1946E-08   0.26832
FLUX  283   247.50        1.211283E+15   3.3483E-09   1.2284E-08   0.27257
FLUX  284   248.50        1.206408E+15   1.5006E-09   1.2632E-08   0.11879
FLUX  285   249.50        1.201573E+15   2.1226E-09   1.2991E-08   0.16339
FLUX  286   250.50        1.196776E+15   3.5681E-09   1.3632E-08   0.26175
FLUX  287   251.30        1.192967E+15   2.4992E-09   1.3922E-08   0.17952
FLUX  288   251.80        1.190598E+15   1.8903E-09   6.7789E-07   0.00279
FLUX  289   252.50        1.187297E+15   1.8163E-09   6.8497E-07   0.00265
FLUX  290   253.50        1.182613E+15   3.2563E-09   6.9507E-07   0.00468
FLUX  291   254.50        1.177967E+15   4.1364E-09   7.0520E-07   0.00587
FLUX  292   255.50        1.173356E+15   7.8004E-09   7.1557E-07   0.01090
FLUX  293   256.50        1.168782E+15   6.7816E-09   7.2620E-07   0.00934
FLUX  294   257.50        1.164243E+15   1.0175E-08   7.3713E-07   0.01380
FLUX  295   258.50        1.159739E+15   1.0382E-08   7.4837E-07   0.01387
FLUX  296   259.50        1.155270E+15   1.0767E-08   7.5988E-07   0.01417
FLUX  297   260.50        1.150835E+15   1.1338E-08   7.7176E-07   0.01469
FLUX  298   261.50        1.146434E+15   1.0459E-08   7.8398E-07   0.01334
FLUX  299   262.50        1.142067E+15   1.4424E-08   7.9658E-07   0.01811
FLUX  300   263.50        1.137732E+15   2.8666E-08   8.4988E-07   0.03373
FLUX  301   264.50        1.133431E+15   3.1239E-08   8.6170E-07   0.03625
FLUX  302   265.50        1.129162E+15   6.0674E-08   8.7391E-07   0.06943
FLUX  303   266.50        1.124925E+15   3.1383E-08   8.8643E-07   0.03540
FLUX  304   267.50        1.120720E+15   3.2602E-08   8.9927E-07   0.03625
FLUX  305   268.50        1.116546E+15   4.6456E-08   9.1240E-07   0.05092
FLUX  306   269.50        1.112403E+15   2.5722E-08   9.2581E-07   0.02778
FLUX  307   270.50        1.108290E+15   4.0133E-08   9.8709E-07   0.04066
FLUX  308   271.50        1.104208E+15   2.6760E-08   9.9860E-07   0.02680
FLUX  309   272.50        1.100156E+15   1.6325E-08   1.0103E-06   0.01616
FLUX  310   273.50        1.096133E+15   2.3149E-08   1.0221E-06   0.02265
FLUX  311   274.50        1.092140E+15   1.9323E-08   1.0341E-06   0.01869
FLUX  312   275.50        1.088176E+15   2.5481E-08   1.0463E-06   0.02435
FLUX  313   276.50        1.084240E+15   3.4819E-08   1.0585E-06   0.03290
FLUX  314   277.50        1.080333E+15   3.7396E-08   1.0708E-06   0.03492
FLUX  315   278.50        1.076454E+15   2.3617E-08   1.0834E-06   0.02180
FLUX  316   279.50        1.072603E+15   1.1660E-08   1.0962E-06   0.01064
FLUX  317   280.50        1.068779E+15   1.4713E-08   1.1093E-06   0.01326
FLUX  318   281.50        1.064982E+15   3.5583E-08   1.1226E-06   0.03170
FLUX  319   282.50        1.061212E+15   4.2636E-08   1.1364E-06   0.03752
FLUX  320   283.50        1.057469E+15   3.1141E-08   1.1504E-06   0.02707
FLUX  321   284.50        1.053752E+15   1.7860E-08   1.1647E-06   0.01533
FLUX  322   285.50        1.050061E+15   7.9191E-09   1.1792E-06   0.00672
FLUX  323   286.50        1.046396E+15   2.4984E-08   1.1939E-06   0.02093
FLUX  324   287.50        1.042757E+15   4.5025E-08   1.2089E-06   0.03725
FLUX  325   288.50        1.039142E+15   5.6938E-08   1.2240E-06   0.04652
FLUX  326   289.50        1.035553E+15   8.9699E-08   1.2390E-06   0.07240
FLUX  327   291.00        1.030215E+15   1.3561E-07   1.2933E-06   0.10486
FLUX  328   293.00        1.023183E+15   1.2996E-07   1.3211E-06   0.09837
FLUX  329   295.00        1.016246E+15   1.1841E-07   1.3556E-06   0.08735
FLUX  330   297.00        1.009402E+15   1.2251E-07   1.3834E-06   0.08856
FLUX  331   299.00        1.002650E+15   1.1840E-07   1.4119E-06   0.08386
FLUX  332   301.00        9.959884E+14   1.0464E-07   1.4411E-06   0.07261
FLUX  333   303.00        9.894142E+14   1.4734E-07   1.4707E-06   0.10018
FLUX  334   305.00        9.829262E+14   1.5195E-07   1.5003E-06   0.10128
FLUX  335   307.00        9.765228E+14   2.1061E-07   1.5301E-06   0.13765
FLUX  336   309.00        9.702023E+14   1.9419E-07   1.5871E-06   0.12235
FLUX  337   311.00        9.639630E+14   2.8093E-07   1.6134E-06   0.17413
FLUX  338   313.00        9.578035E+14   2.4841E-07   1.6471E-06   0.15081
FLUX  339   315.00        9.517222E+14   2.7925E-07   1.6716E-06   0.16706
FLUX  340   317.00        9.457177E+14   3.2292E-07   1.6955E-06   0.19045
FLUX  341   319.00        9.397884E+14   2.6738E-07   1.7197E-06   0.15548
FLUX  342   321.00        9.339330E+14   2.8624E-07   1.7440E-06   0.16413
FLUX  343   323.00        9.281501E+14   2.2856E-07   1.7756E-06   0.12872
FLUX  344   325.00        9.224385E+14   3.7391E-07   1.7980E-06   0.20796
FLUX  345   327.00        9.167966E+14   4.8875E-07   1.8203E-06   0.26850
FLUX  346   329.00        9.112234E+14   4.8730E-07   1.8467E-06   0.26388
FLUX  347   331.00        9.057175E+14   4.2450E-07   1.8683E-06   0.22721
FLUX  348   333.00        9.002778E+14   4.4626E-07   1.8894E-06   0.23619
FLUX  349   335.00        8.949030E+14   4.1816E-07   1.9099E-06   0.21895
FLUX  350   337.00        8.895920E+14   2.9037E-07   1.9316E-06   0.15032
FLUX  351   339.00        8.843436E+14   3.4150E-07   1.9556E-06   0.17462
FLUX  352   341.00        8.791569E+14   3.5922E-07   1.9763E-06   0.18176
FLUX  353   343.00        8.740306E+14   3.8703E-07   1.9964E-06   0.19386
FLUX  354   345.00        8.689638E+14   4.0375E-07   2.0189E-06   0.19998
FLUX  355   347.00        8.639553E+14   4.3094E-07   2.0411E-06   0.21113
FLUX  356   349.00        8.590043E+14   5.3179E-07   2.0631E-06   0.25776
FLUX  357   351.00        8.541097E+14   5.7407E-07   2.0850E-06   0.27533
FLUX  358   353.00        8.492705E+14   4.8920E-07   2.1067E-06   0.23221
FLUX  359   355.00        8.444859E+14   5.6935E-07   2.1301E-06   0.26729
FLUX  360   357.00        8.397549E+14   3.1053E-07   2.1563E-06   0.14401
FLUX  361   359.00        8.350766E+14   3.7215E-07   2.1825E-06   0.17052
FLUX  362   361.00        8.304501E+14   5.3298E-07   2.2087E-06   0.24131
FLUX  363   363.00        8.258746E+14   5.9007E-07   2.2349E-06   0.26402
FLUX  364   364.00        8.236058E+14   5.9977E-07   2.2488E-06   0.26670
FLUX  365   365.00        8.213493E+14   7.5591E-07   2.6026E-06   0.29044
FLUX  366   367.00        8.168733E+14   8.2464E-07   2.6345E-06   0.31301
FLUX  367   369.00        8.124458E+14   7.3043E-07   2.6664E-06   0.27394
FLUX  368   371.00        8.080660E+14   7.6181E-07   2.6996E-06   0.28219
FLUX  369   373.00        8.037332E+14   3.9963E-07   2.7311E-06   0.14632
FLUX  370   375.00        7.994467E+14   4.7157E-07   2.7626E-06   0.17070
FLUX  371   377.00        7.952056E+14   6.8501E-07   2.8694E-06   0.23873
FLUX  372   379.00        7.910092E+14   6.7382E-07   2.9056E-06   0.23190
FLUX  373   381.00        7.868569E+14   5.7226E-07   2.9415E-06   0.19455
FLUX  374   383.00        7.827480E+14   2.8744E-07   2.9772E-06   0.09655
FLUX  375   385.00        7.786818E+14   3.6092E-07   3.0169E-06   0.11963
FLUX  376   387.00        7.746576E+14   4.0329E-07   3.0520E-06   0.13214
FLUX  377   389.00        7.706748E+14   6.9725E-07   3.0903E-06   0.22563
FLUX  378   391.00        7.667327E+14   9.2711E-07   3.1290E-06   0.29629
FLUX  379   393.00        7.628308E+14   4.2939E-07   3.1672E-06   0.13557
FLUX  380   395.00        7.589683E+14   8.1161E-07   3.2049E-06   0.25324
FLUX  381   397.00        7.551448E+14   5.6360E-07   3.2421E-06   0.17384
FLUX  382   399.00        7.513596E+14   1.3362E-06   3.2789E-06   0.40752
FLUX  383   401.00        7.476122E+14   1.4921E-06   3.3211E-06   0.44929
FLUX  384   403.00        7.439020E+14   1.4384E-06   3.3611E-06   0.42795
FLUX  385   405.00        7.402284E+14   1.3289E-06   3.4002E-06   0.39082
FLUX  386   407.00        7.365909E+14   1.2656E-06   3.4385E-06   0.36807
FLUX  387   409.00        7.329890E+14   1.6605E-06   3.4760E-06   0.47772
FLUX  388   411.00        7.294221E+14   1.6283E-06   3.5128E-06   0.46353
FLUX  389   413.00        7.258898E+14   1.4601E-06   3.5488E-06   0.41144
FLUX  390   415.00        7.223916E+14   1.3731E-06   3.5864E-06   0.38285
FLUX  391   417.00        7.189269E+14   1.4357E-06   3.6244E-06   0.39612
FLUX  392   419.00        7.154952E+14   1.4155E-06   3.6603E-06   0.38672
FLUX  393   421.00        7.120962E+14   1.5654E-06   3.6952E-06   0.42364
FLUX  394   423.00        7.087293E+14   1.5324E-06   3.7295E-06   0.41087
FLUX  395   425.00        7.053941E+14   1.7103E-06   3.7631E-06   0.45450
FLUX  396   427.00        7.020902E+14   1.5704E-06   3.7959E-06   0.41370
FLUX  397   429.00        6.988170E+14   1.4305E-06   3.8285E-06   0.37364
FLUX  398   431.00        6.955742E+14   1.2582E-06   3.8605E-06   0.32592
FLUX  399   433.00        6.923614E+14   1.9577E-06   3.8919E-06   0.50302
FLUX  400   435.00        6.891782E+14   1.9434E-06   3.9237E-06   0.49529
FLUX  401   437.00        6.860240E+14   2.1728E-06   3.9539E-06   0.54953
FLUX  402   439.00        6.828986E+14   1.8871E-06   3.9837E-06   0.47371
FLUX  403   441.00        6.798016E+14   2.0772E-06   4.0131E-06   0.51760
FLUX  404   443.00        6.767325E+14   2.2338E-06   4.0420E-06   0.55263
FLUX  405   445.00        6.736910E+14   2.2828E-06   4.0708E-06   0.56076
FLUX  406   447.00        6.706767E+14   2.5148E-06   4.0992E-06   0.61350
FLUX  407   449.00        6.676893E+14   2.5902E-06   4.1273E-06   0.62759
FLUX  408   451.00        6.647284E+14   3.0536E-06   4.1550E-06   0.73492
FLUX  409   453.00        6.617936E+14   2.6450E-06   4.1824E-06   0.63242
FLUX  410   455.00        6.588846E+14   2.8104E-06   4.2096E-06   0.66763
FLUX  411   457.00        6.560011E+14   3.0734E-06   4.2365E-06   0.72546
FLUX  412   459.00        6.531427E+14   2.9349E-06   4.2631E-06   0.68846
FLUX  413   461.00        6.503091E+14   3.0371E-06   4.2895E-06   0.70805
FLUX  414   463.00        6.475000E+14   2.9667E-06   4.3156E-06   0.68743
FLUX  415   465.00        6.447150E+14   3.0347E-06   4.3416E-06   0.69899
FLUX  416   467.00        6.419540E+14   3.2018E-06   4.3673E-06   0.73313
FLUX  417   469.00        6.392164E+14   3.1478E-06   4.3928E-06   0.71659
FLUX  418   471.00        6.365021E+14   3.0214E-06   4.4181E-06   0.68388
FLUX  419   473.00        6.338108E+14   3.2393E-06   4.4431E-06   0.72905
FLUX  420   475.00        6.311421E+14   3.3885E-06   4.4680E-06   0.75840
FLUX  421   477.00        6.284958E+14   3.4488E-06   4.4931E-06   0.76757
FLUX  422   479.00        6.258716E+14   3.4815E-06   4.5176E-06   0.77065
FLUX  423   481.00        6.232692E+14   3.4637E-06   4.5419E-06   0.76261
FLUX  424   483.00        6.206884E+14   3.6276E-06   4.5660E-06   0.79449
FLUX  425   485.00        6.181289E+14   3.4059E-06   4.6124E-06   0.73841
FLUX  426   487.00        6.155903E+14   3.0743E-06   4.6363E-06   0.66311
FLUX  427   489.00        6.130726E+14   3.4688E-06   4.6600E-06   0.74438
FLUX  428   491.00        6.105753E+14   3.4997E-06   4.6835E-06   0.74723
FLUX  429   493.00        6.080984E+14   3.4191E-06   4.7069E-06   0.72640
FLUX  430   495.00        6.056414E+14   3.6774E-06   4.7302E-06   0.77743
FLUX  431   497.00        6.032042E+14   3.6572E-06   4.7532E-06   0.76941
FLUX  432   499.00        6.007866E+14   3.3553E-06   4.7762E-06   0.70250
FLUX  433   501.00        5.983882E+14   3.1551E-06   4.7989E-06   0.65746
FLUX  434   503.00        5.960089E+14   3.4348E-06   4.8216E-06   0.71237
FLUX  435   505.00        5.936485E+14   3.4551E-06   4.8441E-06   0.71325
FLUX  436   507.00        5.913067E+14   3.6567E-06   4.8664E-06   0.75142
FLUX  437   509.00        5.889833E+14   3.4354E-06   4.8886E-06   0.70273
FLUX  438   511.00        5.866781E+14   3.5583E-06   4.9107E-06   0.72459
FLUX  439   513.00        5.843908E+14   3.4369E-06   4.9326E-06   0.69677
FLUX  440   515.00        5.821214E+14   3.2853E-06   4.9544E-06   0.66312
FLUX  441   517.00        5.798694E+14   2.6577E-06   4.9760E-06   0.53411
FLUX  442   519.00        5.776349E+14   2.8581E-06   4.9974E-06   0.57191
FLUX  443   521.00        5.754175E+14   3.4642E-06   5.0187E-06   0.69025
FLUX  444   523.00        5.732170E+14   3.7442E-06   5.0399E-06   0.74291
FLUX  445   525.00        5.710333E+14   3.9962E-06   5.0609E-06   0.78961
FLUX  446   527.00        5.688662E+14   3.3481E-06   5.0818E-06   0.65884
FLUX  447   529.00        5.667155E+14   4.0637E-06   5.1025E-06   0.79642
FLUX  448   531.00        5.645810E+14   4.4142E-06   5.1231E-06   0.86163
FLUX  449   533.00        5.624625E+14   3.7306E-06   5.1435E-06   0.72530
FLUX  450   535.00        5.603598E+14   4.2289E-06   5.1638E-06   0.81895
FLUX  451   537.00        5.582728E+14   4.2730E-06   5.1857E-06   0.82400
FLUX  452   539.00        5.562013E+14   4.1821E-06   5.2144E-06   0.80202
FLUX  453   541.00        5.541451E+14   4.0565E-06   5.2343E-06   0.77499
FLUX  454   543.00        5.521040E+14   4.2411E-06   5.2541E-06   0.80720
FLUX  455   545.00        5.500780E+14   4.4953E-06   5.2737E-06   0.85239
FLUX  456   547.00        5.480667E+14   4.3872E-06   5.2932E-06   0.82885
FLUX  457   549.00        5.460701E+14   4.3494E-06   5.3125E-06   0.81870
FLUX  458   551.00        5.440880E+14   4.3622E-06   5.3318E-06   0.81816
FLUX  459   553.00        5.421202E+14   4.5192E-06   5.3509E-06   0.84457
FLUX  460   555.00        5.401667E+14   4.6733E-06   5.3699E-06   0.87028
FLUX  461   557.00        5.382271E+14   4.5327E-06   5.3887E-06   0.84114
FLUX  462   559.00        5.363014E+14   4.3714E-06   5.4074E-06   0.80841
FLUX  463   561.00        5.343895E+14   4.7091E-06   5.4260E-06   0.86788
FLUX  464   563.00        5.324911E+14   4.7024E-06   5.4546E-06   0.86211
FLUX  465   565.00        5.306062E+14   4.7532E-06   5.4729E-06   0.86850
FLUX  466   567.00        5.287346E+14   4.6470E-06   5.4911E-06   0.84628
FLUX  467   569.00        5.268761E+14   4.8113E-06   5.5092E-06   0.87331
FLUX  468   571.00        5.250306E+14   4.6791E-06   5.5272E-06   0.84656
FLUX  469   573.00        5.231981E+14   5.2038E-06   5.5450E-06   0.93847
FLUX  470   575.00        5.213783E+14   4.9728E-06   5.5626E-06   0.89396
FLUX  471   577.00        5.195711E+14   5.1044E-06   5.5801E-06   0.91476
FLUX  472   579.00        5.177763E+14   4.8362E-06   5.5974E-06   0.86401
FLUX  473   581.00        5.159940E+14   5.1410E-06   5.6146E-06   0.91565
FLUX  474   583.00        5.142238E+14   5.3526E-06   5.6316E-06   0.95045
FLUX  475   585.00        5.124658E+14   5.1829E-06   5.6485E-06   0.91756
FLUX  476   587.00        5.107198E+14   5.2299E-06   5.6653E-06   0.92315
FLUX  477   589.00        5.089856E+14   4.3429E-06   5.6820E-06   0.76433
FLUX  478   591.00        5.072631E+14   5.2008E-06   5.6985E-06   0.91267
FLUX  479   593.00        5.055523E+14   5.2650E-06   5.7148E-06   0.92128
FLUX  480   595.00        5.038529E+14   5.3188E-06   5.7347E-06   0.92748
FLUX  481   597.00        5.021650E+14   5.4206E-06   5.7508E-06   0.94258
FLUX  482   599.00        5.004883E+14   5.3559E-06   5.7668E-06   0.92875
FLUX  483   601.00        4.988228E+14   5.2676E-06   5.7826E-06   0.91093
FLUX  484   603.00        4.971683E+14   5.3911E-06   5.7984E-06   0.92976
FLUX  485   605.00        4.955248E+14   5.5663E-06   5.8145E-06   0.95731
FLUX  486   607.00        4.938921E+14   5.5656E-06   5.8300E-06   0.95465
FLUX  487   609.00        4.922701E+14   5.3253E-06   5.8453E-06   0.91104
FLUX  488   611.00        4.906588E+14   5.3573E-06   5.8606E-06   0.91413
FLUX  489   613.00        4.890579E+14   5.0521E-06   5.8757E-06   0.85984
FLUX  490   615.00        4.874675E+14   5.2764E-06   5.8906E-06   0.89573
FLUX  491   617.00        4.858874E+14   4.9789E-06   5.9055E-06   0.84311
FLUX  492   619.00        4.843174E+14   5.4998E-06   5.9202E-06   0.92898
FLUX  493   621.00        4.827576E+14   5.5370E-06   5.9350E-06   0.93294
FLUX  494   623.00        4.812079E+14   5.3488E-06   5.9495E-06   0.89903
FLUX  495   625.00        4.796680E+14   5.1891E-06   5.9638E-06   0.87009
FLUX  496   627.00        4.781380E+14   5.5144E-06   5.9955E-06   0.91976
FLUX  497   629.00        4.766176E+14   5.6266E-06   6.0096E-06   0.93627
FLUX  498   631.00        4.751070E+14   5.4000E-06   6.0236E-06   0.89646
FLUX  499   633.00        4.736058E+14   5.4726E-06   6.0375E-06   0.90643
FLUX  500   635.00        4.721142E+14   5.4547E-06   6.0528E-06   0.90119
FLUX  501   637.00        4.706319E+14   5.4606E-06   6.0664E-06   0.90014
FLUX  502   639.00        4.691588E+14   5.6866E-06   6.0800E-06   0.93531
FLUX  503   641.00        4.676950E+14   5.5508E-06   6.0934E-06   0.91096
FLUX  504   643.00        4.662403E+14   5.6617E-06   6.1067E-06   0.92714
FLUX  505   645.00        4.647946E+14   5.5834E-06   6.1198E-06   0.91235
FLUX  506   647.00        4.633578E+14   5.5963E-06   6.1329E-06   0.91251
FLUX  507   649.00        4.619299E+14   5.5447E-06   6.1458E-06   0.90219
FLUX  508   651.00        4.605107E+14   5.7704E-06   6.1610E-06   0.93661
FLUX  509   653.00        4.591003E+14   5.8040E-06   6.1736E-06   0.94013
FLUX  510   655.00        4.576985E+14   5.7235E-06   6.2091E-06   0.92180
FLUX  511   657.00        4.563052E+14   5.4308E-06   6.2216E-06   0.87289
FLUX  512   659.00        4.549203E+14   5.8211E-06   6.2339E-06   0.93378
FLUX  513   661.00        4.535439E+14   5.9305E-06   6.2462E-06   0.94946
FLUX  514   663.00        4.521757E+14   5.8689E-06   6.2583E-06   0.93778
FLUX  515   665.00        4.508158E+14   5.9085E-06   6.2704E-06   0.94228
FLUX  516   667.00        4.494640E+14   5.8200E-06   6.2823E-06   0.92642
FLUX  517   669.00        4.481203E+14   6.0014E-06   6.2941E-06   0.95350
FLUX  518   671.00        4.467846E+14   5.8223E-06   6.3057E-06   0.92333
FLUX  519   673.00        4.454569E+14   6.0393E-06   6.3173E-06   0.95600
FLUX  520   675.00        4.441370E+14   5.9594E-06   6.3288E-06   0.94164
FLUX  521   677.00        4.428250E+14   6.0000E-06   6.3401E-06   0.94635
FLUX  522   679.00        4.415206E+14   5.9702E-06   6.3514E-06   0.93999
FLUX  523   681.00        4.402239E+14   5.9705E-06   6.3625E-06   0.93839
FLUX  524   683.00        4.389348E+14   6.1028E-06   6.3736E-06   0.95751
FLUX  525   685.00        4.376533E+14   5.9076E-06   6.3845E-06   0.92531
FLUX  526   687.00        4.363792E+14   6.0562E-06   6.3953E-06   0.94698
FLUX  527   689.00        4.351125E+14   6.0913E-06   6.4060E-06   0.95087
FLUX  528   691.00        4.338531E+14   6.0732E-06   6.4166E-06   0.94649
FLUX  529   693.00        4.326010E+14   6.0461E-06   6.4271E-06   0.94071
FLUX  530   695.00        4.313561E+14   6.0516E-06   6.4375E-06   0.94005
FLUX  531   697.00        4.301184E+14   6.0760E-06   6.4478E-06   0.94234
FLUX  532   699.00        4.288877E+14   6.0694E-06   6.4582E-06   0.93981
FLUX  533   701.00        4.276640E+14   5.8552E-06   6.4682E-06   0.90522
FLUX  534   703.00        4.264474E+14   6.0564E-06   6.4782E-06   0.93489
FLUX  535   705.00        4.252376E+14   6.1506E-06   6.4881E-06   0.94798
FLUX  536   707.00        4.240346E+14   6.0641E-06   6.4979E-06   0.93324
FLUX  537   709.00        4.228385E+14   6.0609E-06   6.5075E-06   0.93137
FLUX  538   711.00        4.216491E+14   6.1313E-06   6.5171E-06   0.94081
FLUX  539   713.00        4.204663E+14   5.9952E-06   6.5265E-06   0.91858
FLUX  540   715.00        4.192902E+14   5.9617E-06   6.5359E-06   0.91215
FLUX  541   717.00        4.181206E+14   6.0465E-06   6.5451E-06   0.92382
FLUX  542   719.00        4.169576E+14   5.8274E-06   6.5543E-06   0.88911
FLUX  543   721.00        4.158010E+14   6.0567E-06   6.5633E-06   0.92281
FLUX  544   723.00        4.146508E+14   6.1431E-06   6.5722E-06   0.93471
FLUX  545   725.00        4.135069E+14   6.1881E-06   6.5949E-06   0.93833
FLUX  546   727.00        4.123693E+14   6.1902E-06   6.6036E-06   0.93740
FLUX  547   729.00        4.112380E+14   5.9713E-06   6.6123E-06   0.90307
FLUX  548   731.00        4.101129E+14   6.1670E-06   6.6510E-06   0.92723
FLUX  549   733.00        4.089939E+14   6.1454E-06   6.6596E-06   0.92279
FLUX  550   735.00        4.078809E+14   6.1922E-06   6.6681E-06   0.92864
FLUX  551   737.00        4.067741E+14   6.2670E-06   6.6765E-06   0.93867
FLUX  552   739.00        4.056732E+14   6.1055E-06   6.6848E-06   0.91335
FLUX  553   741.00        4.045783E+14   6.0921E-06   6.6930E-06   0.91022
FLUX  554   743.00        4.034892E+14   6.2011E-06   6.7011E-06   0.92539
FLUX  555   745.00        4.024060E+14   6.2214E-06   6.7091E-06   0.92731
FLUX  556   747.00        4.013286E+14   6.3208E-06   6.7171E-06   0.94101
FLUX  557   749.00        4.002570E+14   6.2613E-06   6.7249E-06   0.93106
FLUX  558   751.00        3.991911E+14   6.3376E-06   6.7327E-06   0.94133
FLUX  559   753.00        3.981308E+14   6.4024E-06   6.7403E-06   0.94986
FLUX  560   755.00        3.970762E+14   6.4362E-06   6.7479E-06   0.95381
FLUX  561   757.00        3.960271E+14   6.3666E-06   6.7555E-06   0.94244
FLUX  562   759.00        3.949835E+14   6.3918E-06   6.7629E-06   0.94512
FLUX  563   761.00        3.939455E+14   6.3516E-06   6.7702E-06   0.93817
FLUX  564   763.00        3.929128E+14   6.4859E-06   6.7775E-06   0.95698
FLUX  565   765.00        3.918856E+14   6.4808E-06   6.7847E-06   0.95521
FLUX  566   767.00        3.908638E+14   6.2476E-06   6.7917E-06   0.91988
FLUX  567   769.00        3.898472E+14   6.4941E-06   6.7987E-06   0.95519
FLUX  568   771.00        3.888359E+14   6.4323E-06   6.8057E-06   0.94514
FLUX  569   773.00        3.878299E+14   6.4370E-06   6.8125E-06   0.94488
FLUX  570   775.00        3.868290E+14   6.3961E-06   6.8193E-06   0.93794
FLUX  571   777.00        3.858333E+14   6.5947E-06   6.8259E-06   0.96612
FLUX  572   779.00        3.848427E+14   6.6186E-06   6.8326E-06   0.96869
FLUX  573   781.00        3.838572E+14   6.5617E-06   6.8391E-06   0.95944
FLUX  574   783.00        3.828768E+14   6.5152E-06   6.8455E-06   0.95175
FLUX  575   785.00        3.819013E+14   6.5343E-06   6.8519E-06   0.95365
FLUX  576   787.00        3.809307E+14   6.6147E-06   6.8582E-06   0.96450
FLUX  577   789.00        3.799651E+14   6.5125E-06   6.8644E-06   0.94874
FLUX  578   791.00        3.790044E+14   6.3823E-06   6.8705E-06   0.92894
FLUX  579   793.00        3.780485E+14   6.2698E-06   6.8766E-06   0.91177
FLUX  580   795.00        3.770975E+14   6.2636E-06   6.8825E-06   0.91007
FLUX  581   797.00        3.761512E+14   6.5125E-06   6.8895E-06   0.94528
FLUX  582   799.00        3.752096E+14   6.5286E-06   6.8953E-06   0.94683
FLUX  583   801.00        3.742728E+14   6.4766E-06   6.9010E-06   0.93849
FLUX  584   803.00        3.733406E+14   6.5112E-06   6.9067E-06   0.94274
FLUX  585   805.00        3.724130E+14   6.4466E-06   6.9123E-06   0.93263
FLUX  586   807.00        3.714901E+14   6.5097E-06   6.9178E-06   0.94102
FLUX  587   809.00        3.705717E+14   6.3470E-06   6.9232E-06   0.91678
FLUX  588   811.00        3.696578E+14   6.4017E-06   6.9285E-06   0.92396
FLUX  589   813.00        3.687485E+14   6.5215E-06   6.9338E-06   0.94053
FLUX  590   815.00        3.678436E+14   6.4973E-06   6.9390E-06   0.93635
FLUX  591   817.00        3.669431E+14   6.5299E-06   6.9442E-06   0.94035
FLUX  592   819.00        3.660470E+14   6.2816E-06   6.9492E-06   0.90393
FLUX  593   821.00        3.651553E+14   6.3612E-06   6.9656E-06   0.91323
FLUX  594   823.00        3.642679E+14   6.4253E-06   6.9705E-06   0.92178
FLUX  595   825.00        3.633848E+14   6.5424E-06   6.9754E-06   0.93792
FLUX  596   827.00        3.625060E+14   6.6429E-06   6.9802E-06   0.95167
FLUX  597   829.00        3.616315E+14   6.6161E-06   6.9850E-06   0.94719
FLUX  598   831.00        3.607611E+14   6.3733E-06   6.9897E-06   0.91182
FLUX  599   833.00        3.598950E+14   6.4160E-06   6.9943E-06   0.91732
FLUX  600   835.00        3.590329E+14   6.4514E-06   6.9989E-06   0.92178
FLUX  601   837.00        3.581750E+14   6.5696E-06   7.0034E-06   0.93806
FLUX  602   839.00        3.573212E+14   6.3567E-06   7.0078E-06   0.90708
FLUX  603   841.00        3.564715E+14   6.6224E-06   7.0122E-06   0.94442
FLUX  604   843.00        3.556257E+14   6.4556E-06   7.0165E-06   0.92005
FLUX  605   845.00        3.547840E+14   6.5848E-06   7.0208E-06   0.93790
FLUX  606   847.00        3.539463E+14   6.5536E-06   7.0250E-06   0.93290
FLUX  607   849.00        3.531125E+14   6.5475E-06   7.0291E-06   0.93148
FLUX  608   851.00        3.522826E+14   6.2222E-06   7.0332E-06   0.88469
FLUX  609   853.00        3.514566E+14   6.4431E-06   7.0372E-06   0.91557
FLUX  610   855.00        3.506345E+14   5.4816E-06   7.0424E-06   0.77837
FLUX  611   857.00        3.498162E+14   6.7134E-06   7.0463E-06   0.95275
FLUX  612   859.00        3.490017E+14   6.5894E-06   7.0502E-06   0.93464
FLUX  613   861.00        3.481911E+14   6.6339E-06   7.0540E-06   0.94045
FLUX  614   863.00        3.473841E+14   6.7265E-06   7.0577E-06   0.95307
FLUX  615   865.00        3.465809E+14   6.6532E-06   7.0614E-06   0.94220
FLUX  616   867.00        3.457814E+14   5.6477E-06   7.0650E-06   0.79938
FLUX  617   869.00        3.449856E+14   6.4437E-06   7.0686E-06   0.91159
FLUX  618   871.00        3.441935E+14   6.6545E-06   7.0721E-06   0.94094
FLUX  619   873.00        3.434049E+14   6.6774E-06   7.0756E-06   0.94373
FLUX  620   875.00        3.426200E+14   6.6483E-06   7.0790E-06   0.93916
FLUX  621   877.00        3.418387E+14   6.7776E-06   7.0824E-06   0.95696
FLUX  622   879.00        3.410609E+14   6.7285E-06   7.0857E-06   0.94960
FLUX  623   881.00        3.402866E+14   6.4829E-06   7.0890E-06   0.91451
FLUX  624   883.00        3.395159E+14   6.7094E-06   7.0922E-06   0.94603
FLUX  625   885.00        3.387486E+14   6.7945E-06   7.0953E-06   0.95760
FLUX  626   887.00        3.379848E+14   6.6452E-06   7.0984E-06   0.93615
FLUX  627   889.00        3.372244E+14   6.8431E-06   7.1015E-06   0.96361
FLUX  628   891.00        3.364674E+14   6.9233E-06   7.1045E-06   0.97450
FLUX  629   893.00        3.357139E+14   6.7323E-06   7.1074E-06   0.94722
FLUX  630   895.00        3.349637E+14   6.7724E-06   7.1103E-06   0.95247
FLUX  631   897.00        3.342168E+14   6.8030E-06   7.1132E-06   0.95639
FLUX  632   899.00        3.334733E+14   6.8481E-06   7.1160E-06   0.96235
FLUX  633   901.00        3.327331E+14   6.5197E-06   7.1187E-06   0.91586
FLUX  634   903.00        3.319961E+14   6.7886E-06   7.1214E-06   0.95327
FLUX  635   905.00        3.312624E+14   6.9898E-06   7.1240E-06   0.98116
FLUX  636   907.00        3.305320E+14   6.8966E-06   7.1266E-06   0.96773
FLUX  637   909.00        3.298047E+14   6.6569E-06   7.1291E-06   0.93375
FLUX  638   911.00        3.290807E+14   6.6844E-06   7.1316E-06   0.93728
FLUX  639   913.00        3.283598E+14   6.9309E-06   7.1341E-06   0.97151
FLUX  640   915.00        3.276421E+14   6.6592E-06   7.1365E-06   0.93311
FLUX  641   917.00        3.269275E+14   6.5662E-06   7.1388E-06   0.91978
FLUX  642   919.00        3.262160E+14   6.6479E-06   7.1412E-06   0.93093
FLUX  643   921.00        3.255076E+14   6.4410E-06   7.1434E-06   0.90166
FLUX  644   923.00        3.248023E+14   6.4869E-06   7.1457E-06   0.90781
FLUX  645   925.00        3.241000E+14   6.4703E-06   7.1479E-06   0.90521
FLUX  646   927.00        3.234008E+14   6.6314E-06   7.1501E-06   0.92746
FLUX  647   929.00        3.227045E+14   6.5956E-06   7.1522E-06   0.92217
FLUX  648   931.00        3.220113E+14   6.7502E-06   7.1544E-06   0.94350
FLUX  649   933.00        3.213210E+14   6.7424E-06   7.1565E-06   0.94214
FLUX  650   935.00        3.206337E+14   6.7184E-06   7.1585E-06   0.93852
FLUX  651   937.00        3.199493E+14   6.7106E-06   7.1605E-06   0.93717
FLUX  652   939.00        3.192678E+14   6.6581E-06   7.1625E-06   0.92957
FLUX  653   941.00        3.185893E+14   6.3878E-06   7.1644E-06   0.89160
FLUX  654   943.00        3.179136E+14   6.5973E-06   7.1663E-06   0.92059
FLUX  655   945.00        3.172407E+14   6.4674E-06   7.1682E-06   0.90223
FLUX  656   947.00        3.165707E+14   6.6914E-06   7.1700E-06   0.93324
FLUX  657   949.00        3.159036E+14   6.7239E-06   7.1718E-06   0.93754
FLUX  658   951.00        3.152392E+14   6.7554E-06   7.1736E-06   0.94171
FLUX  659   953.00        3.145776E+14   6.6972E-06   7.1753E-06   0.93337
FLUX  660   955.00        3.139188E+14   6.6017E-06   7.1770E-06   0.91985
FLUX  661   957.00        3.132628E+14   6.6985E-06   7.1786E-06   0.93313
FLUX  662   959.00        3.126095E+14   6.8266E-06   7.1802E-06   0.95075
FLUX  663   961.00        3.119589E+14   6.7527E-06   7.1817E-06   0.94025
FLUX  664   963.00        3.113110E+14   6.7253E-06   7.1833E-06   0.93625
FLUX  665   965.00        3.106658E+14   6.6567E-06   7.1848E-06   0.92651
FLUX  666   967.00        3.100233E+14   6.6506E-06   7.1862E-06   0.92547
FLUX  667   969.00        3.093834E+14   6.8040E-06   7.1876E-06   0.94663
FLUX  668   971.00        3.087461E+14   6.7587E-06   7.1890E-06   0.94014
FLUX  669   973.00        3.081115E+14   6.7856E-06   7.1904E-06   0.94370
FLUX  670   975.00        3.074795E+14   6.7354E-06   7.1917E-06   0.93655
FLUX  671   977.00        3.068500E+14   6.7853E-06   7.1930E-06   0.94332
FLUX  672   979.00        3.062232E+14   6.6863E-06   7.1942E-06   0.92939
FLUX  673   981.00        3.055989E+14   6.8785E-06   7.1955E-06   0.95594
FLUX  674   983.00        3.049771E+14   6.8217E-06   7.1967E-06   0.94789
FLUX  675   985.00        3.043579E+14   6.9150E-06   7.1978E-06   0.96071
FLUX  676   987.00        3.037411E+14   6.8854E-06   7.1990E-06   0.95644
FLUX  677   989.00        3.031269E+14   6.9241E-06   7.2001E-06   0.96167
FLUX  678   991.00        3.025151E+14   6.8573E-06   7.2012E-06   0.95225
FLUX  679   993.00        3.019058E+14   6.9802E-06   7.2022E-06   0.96917
FLUX  680   995.00        3.012990E+14   6.9566E-06   7.2033E-06   0.96576
FLUX  681   997.00        3.006946E+14   6.9879E-06   7.2043E-06   0.96996
FLUX  682   999.00        3.000926E+14   6.9788E-06   7.2053E-06   0.96857
FLUX  683  1002.50        2.990449E+14   6.9715E-06   7.2070E-06   0.96732
FLUX  684  1007.50        2.975608E+14   6.9305E-06   7.2093E-06   0.96133
FLUX  685  1012.50        2.960914E+14   7.0113E-06   7.2115E-06   0.97224
FLUX  686  1017.50        2.946364E+14   6.9215E-06   7.2136E-06   0.95951
FLUX  687  1022.50        2.931956E+14   6.9856E-06   7.2156E-06   0.96813
FLUX  688  1027.50        2.917689E+14   7.0665E-06   7.2176E-06   0.97907
FLUX  689  1032.50        2.903559E+14   6.9821E-06   7.2195E-06   0.96712
FLUX  690  1037.50        2.889566E+14   6.9875E-06   7.2212E-06   0.96764
FLUX  691  1042.50        2.875707E+14   7.0593E-06   7.2228E-06   0.97736
FLUX  692  1047.50        2.861981E+14   7.0122E-06   7.2243E-06   0.97063
FLUX  693  1052.50        2.848385E+14   7.0691E-06   7.2257E-06   0.97834
FLUX  694  1057.50        2.834917E+14   7.0298E-06   7.2268E-06   0.97274
FLUX  695  1062.50        2.821576E+14   7.0380E-06   7.2282E-06   0.97370
FLUX  696  1067.50        2.808361E+14   6.9231E-06   7.2291E-06   0.95767
FLUX  697  1072.50        2.795268E+14   6.9891E-06   7.2300E-06   0.96668
FLUX  698  1077.50        2.782297E+14   6.9600E-06   7.2310E-06   0.96253
FLUX  699  1082.50        2.769446E+14   6.8013E-06   7.2319E-06   0.94046
FLUX  700  1087.50        2.756713E+14   6.8545E-06   7.2328E-06   0.94769
FLUX  701  1092.50        2.744096E+14   6.8445E-06   7.2337E-06   0.94621
FLUX  702  1097.50        2.731595E+14   6.5282E-06   7.2345E-06   0.90237
FLUX  703  1102.50        2.719206E+14   6.5960E-06   7.2352E-06   0.91166
FLUX  704  1107.50        2.706930E+14   6.7085E-06   7.2357E-06   0.92714
FLUX  705  1112.50        2.694764E+14   6.7171E-06   7.2363E-06   0.92825
FLUX  706  1117.50        2.682707E+14   6.7892E-06   7.2368E-06   0.93814
FLUX  707  1122.50        2.670757E+14   6.8166E-06   7.2373E-06   0.94187
FLUX  708  1127.50        2.658913E+14   6.7030E-06   7.2379E-06   0.92610
FLUX  709  1132.50        2.647174E+14   6.8349E-06   7.2385E-06   0.94424
FLUX  710  1137.50        2.635538E+14   6.7519E-06   7.2391E-06   0.93270
FLUX  711  1142.50        2.624004E+14   6.7691E-06   7.2397E-06   0.93501
FLUX  712  1147.50        2.612571E+14   6.9394E-06   7.2401E-06   0.95846
FLUX  713  1152.50        2.601236E+14   6.9582E-06   7.2406E-06   0.96100
FLUX  714  1157.50        2.590000E+14   6.9011E-06   7.2410E-06   0.95305
FLUX  715  1162.50        2.578860E+14   6.8476E-06   7.2415E-06   0.94560
FLUX  716  1167.50        2.567816E+14   6.9042E-06   7.2420E-06   0.95336
FLUX  717  1172.50        2.556866E+14   7.0415E-06   7.2425E-06   0.97225
FLUX  718  1177.50        2.546008E+14   6.9271E-06   7.2430E-06   0.95638
FLUX  719  1182.50        2.535243E+14   6.8630E-06   7.2436E-06   0.94745
FLUX  720  1187.50        2.524568E+14   6.8826E-06   7.2454E-06   0.94993
FLUX  721  1192.50        2.513983E+14   7.0877E-06   7.2460E-06   0.97816
FLUX  722  1197.50        2.503486E+14   6.7451E-06   7.2467E-06   0.93078
FLUX  723  1202.50        2.493077E+14   6.9418E-06   7.2474E-06   0.95783
FLUX  724  1207.50        2.482754E+14   6.8734E-06   7.2481E-06   0.94831
FLUX  725  1212.50        2.472515E+14   6.9892E-06   7.2488E-06   0.96419
FLUX  726  1217.50        2.462361E+14   7.0969E-06   7.2495E-06   0.97895
FLUX  727  1222.50        2.452290E+14   7.0977E-06   7.2503E-06   0.97895
FLUX  728  1227.50        2.442301E+14   7.0677E-06   7.2512E-06   0.97469
FLUX  729  1232.50        2.432393E+14   7.0608E-06   7.2522E-06   0.97360
FLUX  730  1237.50        2.422566E+14   7.0879E-06   7.2533E-06   0.97721
FLUX  731  1242.50        2.412817E+14   7.0306E-06   7.2544E-06   0.96915
FLUX  732  1247.50        2.403146E+14   7.1188E-06   7.2556E-06   0.98115
FLUX  733  1252.50        2.393553E+14   7.0627E-06   7.2569E-06   0.97324
FLUX  734  1257.50        2.384036E+14   7.1016E-06   7.2582E-06   0.97842
FLUX  735  1262.50        2.374594E+14   7.1124E-06   7.2597E-06   0.97972
FLUX  736  1267.50        2.365227E+14   7.0354E-06   7.2612E-06   0.96891
FLUX  737  1272.50        2.355933E+14   7.1126E-06   7.2628E-06   0.97933
FLUX  738  1277.50        2.346712E+14   7.1547E-06   7.2646E-06   0.98487
FLUX  739  1282.50        2.337563E+14   6.7887E-06   7.2665E-06   0.93424
FLUX  740  1287.50        2.328485E+14   7.0624E-06   7.2685E-06   0.97164
FLUX  741  1292.50        2.319478E+14   7.0227E-06   7.2706E-06   0.96591
FLUX  742  1297.50        2.310539E+14   7.1442E-06   7.2727E-06   0.98232
FLUX  743  1302.50        2.301670E+14   7.0441E-06   7.2750E-06   0.96827
FLUX  744  1307.50        2.292868E+14   7.1518E-06   7.2773E-06   0.98276
FLUX  745  1312.50        2.284133E+14   6.9932E-06   7.2796E-06   0.96065
FLUX  746  1317.50        2.275465E+14   7.0234E-06   7.2821E-06   0.96448
FLUX  747  1322.50        2.266862E+14   7.1295E-06   7.2846E-06   0.97871
FLUX  748  1327.50        2.258324E+14   7.0178E-06   7.2872E-06   0.96303
FLUX  749  1332.50        2.249850E+14   7.1032E-06   7.2900E-06   0.97438
FLUX  750  1337.50        2.241439E+14   7.0875E-06   7.2928E-06   0.97185
FLUX  751  1342.50        2.233091E+14   7.1646E-06   7.2957E-06   0.98203
FLUX  752  1347.50        2.224805E+14   7.1404E-06   7.2987E-06   0.97830
FLUX  753  1352.50        2.216580E+14   7.1641E-06   7.3020E-06   0.98111
FLUX  754  1357.50        2.208416E+14   7.0417E-06   7.3053E-06   0.96392
FLUX  755  1362.50        2.200312E+14   7.0763E-06   7.3087E-06   0.96820
FLUX  756  1367.50        2.192267E+14   7.0972E-06   7.3122E-06   0.97060
FLUX  757  1372.50        2.184280E+14   7.1448E-06   7.3157E-06   0.97664
FLUX  758  1377.50        2.176352E+14   7.1278E-06   7.3192E-06   0.97384
FLUX  759  1382.50        2.168481E+14   7.1591E-06   7.3228E-06   0.97764
FLUX  760  1387.50        2.160667E+14   7.1519E-06   7.3265E-06   0.97618
FLUX  761  1392.50        2.152908E+14   7.1714E-06   7.3301E-06   0.97835
FLUX  762  1397.50        2.145206E+14   7.1550E-06   7.3348E-06   0.97548
FLUX  763  1402.50        2.137558E+14   7.0769E-06   7.3389E-06   0.96430
FLUX  764  1407.50        2.129964E+14   7.0814E-06   7.3428E-06   0.96440
FLUX  765  1412.50        2.122425E+14   6.8966E-06   7.3469E-06   0.93872
FLUX  766  1417.50        2.114938E+14   7.0088E-06   7.3509E-06   0.95346
FLUX  767  1422.50        2.107504E+14   6.8850E-06   7.3554E-06   0.93605
FLUX  768  1427.50        2.100123E+14   6.7418E-06   7.3595E-06   0.91608
FLUX  769  1432.50        2.092792E+14   6.9639E-06   7.3634E-06   0.94574
FLUX  770  1437.50        2.085513E+14   7.0561E-06   7.3673E-06   0.95776
FLUX  771  1442.50        2.078284E+14   6.7814E-06   7.3712E-06   0.91998
FLUX  772  1447.50        2.071105E+14   7.0333E-06   7.3751E-06   0.95366
FLUX  773  1452.50        2.063976E+14   6.8777E-06   7.3790E-06   0.93207
FLUX  774  1457.00        2.057601E+14   6.9388E-06   7.3825E-06   0.93989
FLUX  775  1462.00        2.050564E+14   6.9290E-06   7.4106E-06   0.93501
FLUX  776  1467.50        2.042879E+14   6.9181E-06   7.4176E-06   0.93267
FLUX  777  1472.50        2.035942E+14   6.7862E-06   7.4218E-06   0.91435
FLUX  778  1477.50        2.029052E+14   6.8632E-06   7.4260E-06   0.92421
FLUX  779  1482.50        2.022209E+14   6.8905E-06   7.4299E-06   0.92740
FLUX  780  1487.50        2.015412E+14   6.6959E-06   7.4337E-06   0.90075
FLUX  781  1492.50        2.008660E+14   7.0448E-06   7.4373E-06   0.94723
FLUX  782  1497.50        2.001953E+14   6.9630E-06   7.4407E-06   0.93580
FLUX  783  1502.50        1.995291E+14   6.6296E-06   7.4439E-06   0.89061
FLUX  784  1507.50        1.988673E+14   6.7465E-06   7.4469E-06   0.90595
FLUX  785  1512.50        1.982099E+14   6.9436E-06   7.4496E-06   0.93209
FLUX  786  1517.50        1.975568E+14   7.0226E-06   7.4520E-06   0.94238
FLUX  787  1522.50        1.969080E+14   6.8976E-06   7.4540E-06   0.92536
FLUX  788  1527.50        1.962635E+14   7.0318E-06   7.4556E-06   0.94315
FLUX  789  1532.50        1.956232E+14   6.9946E-06   7.4568E-06   0.93801
FLUX  790  1537.50        1.949870E+14   7.0443E-06   7.4575E-06   0.94459
FLUX  791  1542.50        1.943549E+14   7.0489E-06   7.4577E-06   0.94518
FLUX  792  1547.50        1.937270E+14   7.0457E-06   7.4574E-06   0.94479
FLUX  793  1552.50        1.931031E+14   6.9311E-06   7.4565E-06   0.92954
FLUX  794  1557.50        1.924831E+14   6.9340E-06   7.4549E-06   0.93013
FLUX  795  1562.50        1.918672E+14   7.0895E-06   7.4526E-06   0.95129
FLUX  796  1567.50        1.912552E+14   6.8480E-06   7.4495E-06   0.91925
FLUX  797  1572.50        1.906471E+14   6.9989E-06   7.4457E-06   0.93998
FLUX  798  1577.50        1.900428E+14   6.5728E-06   7.4412E-06   0.88330
FLUX  799  1582.50        1.894423E+14   6.8497E-06   7.4356E-06   0.92120
FLUX  800  1587.50        1.888457E+14   6.5940E-06   7.4290E-06   0.88759
FLUX  801  1592.50        1.882527E+14   6.7649E-06   7.4214E-06   0.91154
FLUX  802  1597.50        1.876635E+14   6.8799E-06   7.4128E-06   0.92812
FLUX  803  1605.00        1.867866E+14   6.8903E-06   7.3974E-06   0.93144
FLUX  804  1615.00        1.856300E+14   6.8350E-06   7.3717E-06   0.92720
FLUX  805  1625.00        1.844877E+14   6.9140E-06   7.3387E-06   0.94213
FLUX  806  1635.00        1.833593E+14   6.8349E-06   7.2949E-06   0.93694
FLUX  807  1645.00        1.822447E+14   6.7699E-06   7.2364E-06   0.93553
FLUX  808  1655.00        1.811435E+14   6.8481E-06   7.1684E-06   0.95531
FLUX  809  1665.00        1.800556E+14   6.7954E-06   7.1013E-06   0.95692
FLUX  810  1675.00        1.789806E+14   6.6526E-06   7.0358E-06   0.94554
FLUX  811  1685.00        1.779184E+14   6.5611E-06   6.9704E-06   0.94129
FLUX  812  1695.00        1.768687E+14   6.7300E-06   6.9059E-06   0.97454
FLUX  813  1705.00        1.758314E+14   6.5373E-06   6.8422E-06   0.95544
FLUX  814  1715.00        1.748061E+14   6.5167E-06   6.7794E-06   0.96126
FLUX  815  1725.00        1.737928E+14   6.3846E-06   6.7174E-06   0.95046
FLUX  816  1735.00        1.727911E+14   6.2154E-06   6.6562E-06   0.93378
FLUX  817  1745.00        1.718009E+14   6.2940E-06   6.5958E-06   0.95424
FLUX  818  1755.00        1.708219E+14   6.3084E-06   6.5362E-06   0.96514
FLUX  819  1765.00        1.698541E+14   6.2730E-06   6.4774E-06   0.96846
FLUX  820  1775.00        1.688972E+14   6.1660E-06   6.4193E-06   0.96055
FLUX  821  1785.00        1.679510E+14   6.1942E-06   6.3619E-06   0.97364
FLUX  822  1795.00        1.670153E+14   6.1394E-06   6.3053E-06   0.97369
FLUX  823  1805.00        1.660900E+14   6.0432E-06   6.2494E-06   0.96700
FLUX  824  1815.00        1.651749E+14   5.9125E-06   6.1941E-06   0.95453
FLUX  825  1825.00        1.642699E+14   5.8982E-06   6.1396E-06   0.96067
FLUX  826  1835.00        1.633747E+14   5.8585E-06   6.0857E-06   0.96267
FLUX  827  1845.00        1.624892E+14   5.7397E-06   6.0325E-06   0.95146
FLUX  828  1855.00        1.616132E+14   5.7841E-06   5.9799E-06   0.96726
FLUX  829  1865.00        1.607466E+14   5.6337E-06   5.9280E-06   0.95036
FLUX  830  1875.00        1.598893E+14   5.4480E-06   5.8767E-06   0.92704
FLUX  831  1885.00        1.590411E+14   5.6090E-06   5.8261E-06   0.96273
FLUX  832  1895.00        1.582018E+14   5.3653E-06   5.7761E-06   0.92888
FLUX  833  1905.00        1.573714E+14   5.5682E-06   5.7267E-06   0.97232
FLUX  834  1915.00        1.565496E+14   5.4807E-06   5.6779E-06   0.96526
FLUX  835  1925.00        1.557364E+14   5.4509E-06   5.6297E-06   0.96823
FLUX  836  1935.00        1.549315E+14   5.3234E-06   5.5821E-06   0.95366
FLUX  837  1945.00        1.541350E+14   5.1737E-06   5.5351E-06   0.93470
FLUX  838  1955.00        1.533465E+14   5.3299E-06   5.4886E-06   0.97107
FLUX  839  1965.00        1.525662E+14   5.2483E-06   5.4427E-06   0.96427
FLUX  840  1975.00        1.517937E+14   5.1565E-06   5.3974E-06   0.95537
FLUX  841  1985.00        1.510290E+14   5.1714E-06   5.3526E-06   0.96615
FLUX  842  1995.00        1.502719E+14   5.1366E-06   5.3083E-06   0.96765
FLUX  843  2005.00        1.495224E+14   5.1555E-06   5.2645E-06   0.97929
FLUX  844  2015.00        1.487804E+14   5.1537E-06   5.2213E-06   0.98705
FLUX  845  2025.00        1.480457E+14   5.0203E-06   5.1786E-06   0.96944
FLUX  846  2035.00        1.473182E+14   4.9530E-06   5.1364E-06   0.96430
FLUX  847  2045.00        1.465978E+14   5.0208E-06   5.0947E-06   0.98550
FLUX  848  2055.00        1.458844E+14   4.9250E-06   5.0534E-06   0.97459
FLUX  849  2065.00        1.451780E+14   4.8622E-06   5.0127E-06   0.96997
FLUX  850  2075.00        1.444783E+14   4.8617E-06   4.9725E-06   0.97771
FLUX  851  2085.00        1.437854E+14   4.8012E-06   4.9327E-06   0.97334
FLUX  852  2095.00        1.430990E+14   4.7243E-06   4.8934E-06   0.96544
FLUX  853  2105.00        1.424192E+14   4.7742E-06   4.8545E-06   0.98344
FLUX  854  2115.00        1.417459E+14   4.7146E-06   4.8161E-06   0.97892
FLUX  855  2125.00        1.410788E+14   4.6619E-06   4.7782E-06   0.97567
FLUX  856  2135.00        1.404180E+14   4.6696E-06   4.7406E-06   0.98501
FLUX  857  2145.00        1.397634E+14   4.6322E-06   4.7035E-06   0.98484
FLUX  858  2155.00        1.391148E+14   4.5955E-06   4.6669E-06   0.98472
FLUX  859  2165.00        1.384723E+14   4.4294E-06   4.6306E-06   0.95655
FLUX  860  2175.00        1.378356E+14   4.4514E-06   4.5948E-06   0.96881
FLUX  861  2185.00        1.372048E+14   4.4562E-06   4.5594E-06   0.97738
FLUX  862  2195.00        1.365797E+14   4.4684E-06   4.5243E-06   0.98763
FLUX  863  2205.00        1.359603E+14   4.3554E-06   4.4897E-06   0.97009
FLUX  864  2215.00        1.353465E+14   4.4108E-06   4.4554E-06   0.98997
FLUX  865  2225.00        1.347382E+14   4.3424E-06   4.4215E-06   0.98210
FLUX  866  2235.00        1.341353E+14   4.3111E-06   4.3880E-06   0.98247
FLUX  867  2245.00        1.335379E+14   4.2822E-06   4.3549E-06   0.98331
FLUX  868  2255.00        1.329457E+14   4.2517E-06   4.3221E-06   0.98370
FLUX  869  2265.00        1.323587E+14   4.1927E-06   4.2897E-06   0.97739
FLUX  870  2275.00        1.317769E+14   4.2153E-06   4.2576E-06   0.99007
FLUX  871  2285.00        1.312002E+14   4.1179E-06   4.2296E-06   0.97359
FLUX  872  2295.00        1.306285E+14   3.9224E-06   4.1983E-06   0.93429
FLUX  873  2305.00        1.300618E+14   4.0230E-06   4.1673E-06   0.96538
FLUX  874  2315.00        1.295000E+14   4.0029E-06   4.1366E-06   0.96767
FLUX  875  2325.00        1.289430E+14   3.7607E-06   4.1063E-06   0.91583
FLUX  876  2335.00        1.283908E+14   3.8566E-06   4.0763E-06   0.94612
FLUX  877  2345.00        1.278433E+14   3.9049E-06   4.0466E-06   0.96497
FLUX  878  2355.00        1.273004E+14   3.6305E-06   4.0172E-06   0.90374
FLUX  879  2365.00        1.267622E+14   3.7879E-06   3.9882E-06   0.94977
FLUX  880  2375.00        1.262284E+14   3.7246E-06   3.9594E-06   0.94070
FLUX  881  2385.00        1.256992E+14   3.5282E-06   3.9310E-06   0.89754
FLUX  882  2395.00        1.251743E+14   3.6763E-06   3.9029E-06   0.94194
FLUX  883  2405.00        1.246538E+14   3.6883E-06   3.8750E-06   0.95182
FLUX  884  2415.00        1.241377E+14   3.4708E-06   3.8475E-06   0.90211
FLUX  885  2425.00        1.236258E+14   3.5710E-06   3.8202E-06   0.93477
FLUX  886  2435.00        1.231181E+14   3.5903E-06   3.7932E-06   0.94652
FLUX  887  2445.00        1.226145E+14   3.4734E-06   3.7665E-06   0.92217
FLUX  888  2455.00        1.221151E+14   3.4101E-06   3.7401E-06   0.91179
FLUX  889  2465.00        1.216197E+14   3.5274E-06   3.7139E-06   0.94979
FLUX  890  2475.00        1.211283E+14   3.4328E-06   3.6880E-06   0.93081
FLUX  891  2485.00        1.206408E+14   3.3419E-06   3.6624E-06   0.91250
FLUX  892  2495.00        1.201573E+14   3.4361E-06   3.6370E-06   0.94477
FLUX  893  2505.00        1.196776E+14   3.4244E-06   3.6119E-06   0.94809
FLUX  894  2515.00        1.192018E+14   3.3257E-06   3.5871E-06   0.92713
FLUX  895  2525.00        1.187297E+14   3.3900E-06   3.5625E-06   0.95158
FLUX  896  2535.00        1.182613E+14   3.3744E-06   3.5381E-06   0.95373
FLUX  897  2545.00        1.177967E+14   3.2918E-06   3.5140E-06   0.93674
FLUX  898  2555.00        1.173356E+14   3.2990E-06   3.4902E-06   0.94523
FLUX  899  2565.00        1.168782E+14   3.2975E-06   3.4666E-06   0.95123
FLUX  900  2575.00        1.164243E+14   3.3195E-06   3.4432E-06   0.96407
FLUX  901  2585.00        1.159739E+14   3.1777E-06   3.4200E-06   0.92915
FLUX  902  2595.00        1.155270E+14   3.2406E-06   3.3971E-06   0.95391
FLUX  903  2605.00        1.150835E+14   3.2529E-06   3.3744E-06   0.96397
FLUX  904  2615.00        1.146434E+14   3.2199E-06   3.3520E-06   0.96060
FLUX  905  2625.00        1.142067E+14   3.1248E-06   3.3297E-06   0.93846
FLUX  906  2635.00        1.137732E+14   3.1678E-06   3.3077E-06   0.95769
FLUX  907  2645.00        1.133431E+14   3.1384E-06   3.2859E-06   0.95510
FLUX  908  2655.00        1.129162E+14   3.1244E-06   3.2643E-06   0.95715
FLUX  909  2665.00        1.124925E+14   3.0834E-06   3.2429E-06   0.95081
FLUX  910  2675.00        1.120720E+14   3.1382E-06   3.2217E-06   0.97409
FLUX  911  2685.00        1.116546E+14   3.1235E-06   3.2007E-06   0.97588
FLUX  912  2695.00        1.112403E+14   3.0848E-06   3.1800E-06   0.97007
FLUX  913  2705.00        1.108290E+14   3.0853E-06   3.1594E-06   0.97657
FLUX  914  2715.00        1.104208E+14   3.0623E-06   3.1390E-06   0.97558
FLUX  915  2725.00        1.100156E+14   3.0493E-06   3.1188E-06   0.97772
FLUX  916  2735.00        1.096133E+14   3.0266E-06   3.0988E-06   0.97672
FLUX  917  2745.00        1.092140E+14   3.0274E-06   3.0789E-06   0.98327
FLUX  918  2755.00        1.088176E+14   2.9972E-06   3.0593E-06   0.97970
FLUX  919  2765.00        1.084240E+14   2.9718E-06   3.0399E-06   0.97762
FLUX  920  2775.00        1.080333E+14   2.9501E-06   3.0206E-06   0.97666
FLUX  921  2785.00        1.076454E+14   2.9405E-06   3.0015E-06   0.97967
FLUX  922  2795.00        1.072603E+14   2.9419E-06   2.9826E-06   0.98635
FLUX  923  2805.00        1.068779E+14   2.9196E-06   2.9639E-06   0.98507
FLUX  924  2815.00        1.064982E+14   2.9037E-06   2.9453E-06   0.98587
FLUX  925  2825.00        1.061212E+14   2.8870E-06   2.9269E-06   0.98636
FLUX  926  2835.00        1.057469E+14   2.8850E-06   2.9087E-06   0.99186
FLUX  927  2845.00        1.053752E+14   2.8459E-06   2.8907E-06   0.98452
FLUX  928  2855.00        1.050061E+14   2.8388E-06   2.8728E-06   0.98819
FLUX  929  2865.00        1.046396E+14   2.8198E-06   2.8550E-06   0.98765
FLUX  930  2875.00        1.042757E+14   2.7977E-06   2.8375E-06   0.98598
FLUX  931  2885.00        1.039142E+14   2.7883E-06   2.8201E-06   0.98873
FLUX  932  2895.00        1.035553E+14   2.7782E-06   2.8029E-06   0.99119
FLUX  933  2905.00        1.031988E+14   2.7613E-06   2.7858E-06   0.99120
FLUX  934  2915.00        1.028448E+14   2.7490E-06   2.7688E-06   0.99285
FLUX  935  2925.00        1.024932E+14   2.6963E-06   2.7521E-06   0.97972
FLUX  936  2935.00        1.021440E+14   2.7097E-06   2.7354E-06   0.99059
FLUX  937  2945.00        1.017971E+14   2.6876E-06   2.7190E-06   0.98848
FLUX  938  2955.00        1.014526E+14   2.6795E-06   2.7026E-06   0.99143
FLUX  939  2965.00        1.011105E+14   2.6668E-06   2.6864E-06   0.99268
FLUX  940  2975.00        1.007706E+14   2.6545E-06   2.6704E-06   0.99404
FLUX  941  2985.00        1.004330E+14   2.6359E-06   2.6545E-06   0.99298
FLUX  942  2995.00        1.000977E+14   2.6095E-06   2.6387E-06   0.98894
FLUX  943  3005.00        9.976456E+13   2.5943E-06   2.6231E-06   0.98902
FLUX  944  3015.00        9.943366E+13   2.5941E-06   2.6076E-06   0.99482
FLUX  945  3025.00        9.910496E+13   2.5694E-06   2.5923E-06   0.99119
FLUX  946  3035.00        9.877842E+13   2.5428E-06   2.5771E-06   0.98671
FLUX  947  3045.00        9.845402E+13   2.5375E-06   2.5619E-06   0.99047
FLUX  948  3055.00        9.813175E+13   2.5296E-06   2.5469E-06   0.99318
FLUX  949  3065.00        9.781158E+13   2.5078E-06   2.5321E-06   0.99042
FLUX  950  3075.00        9.749349E+13   2.5069E-06   2.5173E-06   0.99584
FLUX  951  3085.00        9.717747E+13   2.4697E-06   2.5027E-06   0.98683
FLUX  952  3095.00        9.686349E+13   2.4656E-06   2.4882E-06   0.99090
FLUX  953  3105.00        9.655153E+13   2.4650E-06   2.4739E-06   0.99641
FLUX  954  3115.00        9.624157E+13   2.4144E-06   2.4596E-06   0.98164
FLUX  955  3125.00        9.593360E+13   2.4322E-06   2.4455E-06   0.99457
FLUX  956  3135.00        9.562759E+13   2.4157E-06   2.4315E-06   0.99350
FLUX  957  3145.00        9.532353E+13   2.4085E-06   2.4176E-06   0.99625
FLUX  958  3155.00        9.502139E+13   2.3805E-06   2.4039E-06   0.99030
FLUX  959  3165.00        9.472117E+13   2.3656E-06   2.3902E-06   0.98971
FLUX  960  3175.00        9.442283E+13   2.3617E-06   2.3767E-06   0.99370
FLUX  961  3185.00        9.412637E+13   2.3482E-06   2.3633E-06   0.99362
FLUX  962  3195.00        9.383177E+13   2.3422E-06   2.3500E-06   0.99670
FLUX  963  3210.00        9.339330E+13   2.3172E-06   2.3302E-06   0.99443
FLUX  964  3230.00        9.281501E+13   2.2871E-06   2.3043E-06   0.99254
FLUX  965  3250.00        9.224385E+13   2.2614E-06   2.2787E-06   0.99240
FLUX  966  3270.00        9.167966E+13   2.2357E-06   2.2536E-06   0.99205
FLUX  967  3290.00        9.112234E+13   2.2009E-06   2.2292E-06   0.98734
FLUX  968  3310.00        9.057175E+13   2.1803E-06   2.2048E-06   0.98888
FLUX  969  3330.00        9.002778E+13   2.1527E-06   2.1809E-06   0.98705
FLUX  970  3350.00        8.949030E+13   2.1416E-06   2.1574E-06   0.99270
FLUX  971  3370.00        8.895920E+13   2.1143E-06   2.1342E-06   0.99065
FLUX  972  3390.00        8.843436E+13   2.0849E-06   2.1114E-06   0.98742
FLUX  973  3410.00        8.791569E+13   2.0601E-06   2.0890E-06   0.98619
FLUX  974  3430.00        8.740306E+13   2.0526E-06   2.0669E-06   0.99309
FLUX  975  3450.00        8.689638E+13   2.0327E-06   2.0452E-06   0.99392
FLUX  976  3470.00        8.639553E+13   2.0095E-06   2.0238E-06   0.99293
FLUX  977  3490.00        8.590043E+13   1.9910E-06   2.0027E-06   0.99412
FLUX  978  3510.00        8.541097E+13   1.9726E-06   1.9820E-06   0.99527
FLUX  979  3530.00        8.492705E+13   1.9448E-06   1.9616E-06   0.99145
FLUX  980  3550.00        8.444859E+13   1.9316E-06   1.9415E-06   0.99491
FLUX  981  3570.00        8.397549E+13   1.9079E-06   1.9217E-06   0.99286
FLUX  982  3590.00        8.350766E+13   1.8855E-06   1.9022E-06   0.99123
FLUX  983  3610.00        8.304501E+13   1.8772E-06   1.8829E-06   0.99696
FLUX  984  3630.00        8.258746E+13   1.8566E-06   1.8640E-06   0.99600
FLUX  985  3650.00        8.213493E+13   1.8183E-06   1.8454E-06   0.98531
FLUX  986  3670.00        8.168733E+13   1.8057E-06   1.8270E-06   0.98835
FLUX  987  3690.00        8.124458E+13   1.7718E-06   1.8089E-06   0.97946
FLUX  988  3710.00        8.080660E+13   1.7481E-06   1.7911E-06   0.97596
FLUX  989  3730.00        8.037332E+13   1.7497E-06   1.7736E-06   0.98656
FLUX  990  3750.00        7.994467E+13   1.7052E-06   1.7563E-06   0.97092
FLUX  991  3770.00        7.952056E+13   1.7140E-06   1.7392E-06   0.98551
FLUX  992  3790.00        7.910092E+13   1.6978E-06   1.7224E-06   0.98574
FLUX  993  3810.00        7.868569E+13   1.6835E-06   1.7058E-06   0.98689
FLUX  994  3830.00        7.827480E+13   1.6790E-06   1.6895E-06   0.99380
FLUX  995  3850.00        7.786818E+13   1.6656E-06   1.6734E-06   0.99537
FLUX  996  3870.00        7.746576E+13   1.6416E-06   1.6575E-06   0.99043
FLUX  997  3890.00        7.706748E+13   1.6213E-06   1.6419E-06   0.98750
FLUX  998  3910.00        7.667327E+13   1.6196E-06   1.6264E-06   0.99583
FLUX  999  3930.00        7.628308E+13   1.6031E-06   1.6112E-06   0.99499
FLUX 1000  3950.00        7.589683E+13   1.5734E-06   1.5962E-06   0.98574
FLUX 1001  3970.00        7.551448E+13   1.5680E-06   1.5814E-06   0.99155
FLUX 1002  3990.00        7.513596E+13   1.5361E-06   1.5668E-06   0.98040
FLUX 1003  4010.00        7.476122E+13   1.5333E-06   1.5524E-06   0.98771
FLUX 1004  4030.00        7.439020E+13   1.5287E-06   1.5382E-06   0.99383
FLUX 1005  4050.00        7.402284E+13   1.5034E-06   1.5242E-06   0.98635
FLUX 1006  4070.00        7.365909E+13   1.4925E-06   1.5104E-06   0.98815
FLUX 1007  4090.00        7.329890E+13   1.4859E-06   1.4967E-06   0.99276
FLUX 1008  4110.00        7.294221E+13   1.4731E-06   1.4833E-06   0.99314
FLUX 1009  4130.00        7.258898E+13   1.4656E-06   1.4700E-06   0.99703
FLUX 1010  4150.00        7.223916E+13   1.4444E-06   1.4569E-06   0.99138
FLUX 1011  4170.00        7.189269E+13   1.4364E-06   1.4440E-06   0.99472
FLUX 1012  4190.00        7.154952E+13   1.4217E-06   1.4313E-06   0.99331
FLUX 1013  4210.00        7.120962E+13   1.3959E-06   1.4187E-06   0.98391
FLUX 1014  4230.00        7.087293E+13   1.4046E-06   1.4063E-06   0.99883
FLUX 1015  4250.00        7.053941E+13   1.3835E-06   1.3940E-06   0.99247
FLUX 1016  4270.00        7.020902E+13   1.3779E-06   1.3819E-06   0.99712
FLUX 1017  4290.00        6.988170E+13   1.3216E-06   1.3700E-06   0.96466
FLUX 1018  4310.00        6.955742E+13   1.2824E-06   1.3582E-06   0.94417
FLUX 1019  4330.00        6.923614E+13   1.2947E-06   1.3466E-06   0.96146
FLUX 1020  4350.00        6.891782E+13   1.2407E-06   1.3351E-06   0.92931
FLUX 1021  4370.00        6.860240E+13   1.2254E-06   1.3237E-06   0.92569
FLUX 1022  4390.00        6.828986E+13   1.2275E-06   1.3125E-06   0.93519
FLUX 1023  4410.00        6.798016E+13   1.1633E-06   1.3015E-06   0.89382
FLUX 1024  4430.00        6.767325E+13   1.1747E-06   1.2905E-06   0.91019
FLUX 1025  4450.00        6.736910E+13   1.1686E-06   1.2798E-06   0.91317
FLUX 1026  4470.00        6.706767E+13   1.1195E-06   1.2691E-06   0.88212
FLUX 1027  4490.00        6.676893E+13   1.1389E-06   1.2586E-06   0.90484
FLUX 1028  4510.00        6.647284E+13   1.1238E-06   1.2482E-06   0.90029
FLUX 1029  4530.00        6.617936E+13   1.0837E-06   1.2380E-06   0.87537
FLUX 1030  4550.00        6.588846E+13   1.0990E-06   1.2278E-06   0.89508
FLUX 1031  4570.00        6.560011E+13   1.0979E-06   1.2178E-06   0.90150
FLUX 1032  4590.00        6.531427E+13   1.0549E-06   1.2079E-06   0.87334
FLUX 1033  4610.00        6.503091E+13   1.0721E-06   1.1981E-06   0.89479
FLUX 1034  4630.00        6.475000E+13   1.0610E-06   1.1885E-06   0.89269
FLUX 1035  4650.00        6.447150E+13   1.0502E-06   1.1789E-06   0.89082
FLUX 1036  4670.00        6.419540E+13   1.0511E-06   1.1695E-06   0.89873
FLUX 1037  4690.00        6.392164E+13   1.0482E-06   1.1602E-06   0.90343
FLUX 1038  4710.00        6.365021E+13   1.0320E-06   1.1510E-06   0.89661
FLUX 1039  4730.00        6.338108E+13   1.0414E-06   1.1419E-06   0.91196
FLUX 1040  4750.00        6.311421E+13   1.0294E-06   1.1329E-06   0.90864
FLUX 1041  4770.00        6.284958E+13   1.0204E-06   1.1240E-06   0.90782
FLUX 1042  4790.00        6.258716E+13   1.0131E-06   1.1152E-06   0.90843
FLUX 1043  4810.00        6.232692E+13   1.0004E-06   1.1066E-06   0.90409
FLUX 1044  4830.00        6.206884E+13   1.0121E-06   1.0980E-06   0.92181
FLUX 1045  4850.00        6.181289E+13   9.9714E-07   1.0895E-06   0.91522
FLUX 1046  4870.00        6.155903E+13   9.8727E-07   1.0811E-06   0.91319
FLUX 1047  4890.00        6.130726E+13   9.8572E-07   1.0728E-06   0.91880
FLUX 1048  4910.00        6.105753E+13   9.7524E-07   1.0646E-06   0.91603
FLUX 1049  4930.00        6.080984E+13   9.6998E-07   1.0565E-06   0.91807
FLUX 1050  4950.00        6.056414E+13   9.6194E-07   1.0485E-06   0.91741
FLUX 1051  4970.00        6.032042E+13   9.5934E-07   1.0406E-06   0.92189
FLUX 1052  4990.00        6.007866E+13   9.5193E-07   1.0328E-06   0.92170
FLUX 1053  5010.00        5.983882E+13   9.3865E-07   1.0251E-06   0.91571
FLUX 1054  5030.00        5.960089E+13   9.4445E-07   1.0174E-06   0.92830
FLUX 1055  5050.00        5.936485E+13   9.3054E-07   1.0098E-06   0.92148
FLUX 1056  5070.00        5.913067E+13   9.2642E-07   1.0024E-06   0.92425
FLUX 1057  5090.00        5.889833E+13   9.2251E-07   9.9495E-07   0.92719
FLUX 1058  5110.00        5.866781E+13   9.1043E-07   9.8763E-07   0.92183
FLUX 1059  5130.00        5.843908E+13   9.0986E-07   9.8040E-07   0.92806
FLUX 1060  5150.00        5.821214E+13   9.0307E-07   9.7323E-07   0.92790
FLUX 1061  5170.00        5.798694E+13   9.0607E-07   9.6615E-07   0.93782
FLUX 1062  5190.00        5.776349E+13   8.9359E-07   9.5915E-07   0.93165
FLUX 1063  5210.00        5.754175E+13   8.8620E-07   9.5221E-07   0.93067
FLUX 1064  5230.00        5.732170E+13   8.8000E-07   9.4536E-07   0.93086
FLUX 1065  5250.00        5.710333E+13   8.8069E-07   9.3858E-07   0.93833
FLUX 1066  5270.00        5.688662E+13   8.8119E-07   9.3187E-07   0.94562
FLUX 1067  5290.00        5.667155E+13   8.6413E-07   9.2523E-07   0.93397
FLUX 1068  5310.00        5.645810E+13   8.6096E-07   9.1866E-07   0.93719
FLUX 1069  5330.00        5.624625E+13   8.5835E-07   9.1216E-07   0.94101
FLUX 1070  5350.00        5.603598E+13   8.5303E-07   9.0573E-07   0.94182
FLUX 1071  5370.00        5.582728E+13   8.4601E-07   8.9936E-07   0.94068
FLUX 1072  5390.00        5.562013E+13   8.4530E-07   8.9307E-07   0.94651
FLUX 1073  5410.00        5.541451E+13   8.3999E-07   8.8683E-07   0.94717
FLUX 1074  5430.00        5.521040E+13   8.2860E-07   8.8067E-07   0.94088
FLUX 1075  5450.00        5.500780E+13   8.3101E-07   8.7456E-07   0.95020
FLUX 1076  5470.00        5.480667E+13   8.2327E-07   8.6852E-07   0.94790
FLUX 1077  5490.00        5.460701E+13   8.1863E-07   8.6255E-07   0.94908
FLUX 1078  5510.00        5.440880E+13   8.1467E-07   8.5663E-07   0.95102
FLUX 1079  5530.00        5.421202E+13   8.1774E-07   8.5077E-07   0.96118
FLUX 1080  5550.00        5.401667E+13   8.0248E-07   8.4498E-07   0.94970
FLUX 1081  5570.00        5.382271E+13   8.0759E-07   8.3924E-07   0.96228
FLUX 1082  5590.00        5.363014E+13   7.9388E-07   8.3356E-07   0.95240
FLUX 1083  5610.00        5.343895E+13   7.9429E-07   8.2794E-07   0.95935
FLUX 1084  5630.00        5.324911E+13   7.8615E-07   8.2237E-07   0.95596
FLUX 1085  5650.00        5.306062E+13   7.8784E-07   8.1686E-07   0.96448
FLUX 1086  5670.00        5.287346E+13   7.8297E-07   8.1141E-07   0.96495
FLUX 1087  5690.00        5.268761E+13   7.7153E-07   8.0600E-07   0.95722
FLUX 1088  5710.00        5.250306E+13   7.7438E-07   8.0066E-07   0.96718
FLUX 1089  5730.00        5.231981E+13   7.6991E-07   7.9536E-07   0.96800
FLUX 1090  5750.00        5.213783E+13   7.6532E-07   7.9012E-07   0.96861
FLUX 1091  5770.00        5.195711E+13   7.5910E-07   7.8493E-07   0.96709
FLUX 1092  5790.00        5.177763E+13   7.5786E-07   7.7979E-07   0.97188
FLUX 1093  5810.00        5.159940E+13   7.5036E-07   7.7470E-07   0.96859
FLUX 1094  5830.00        5.142238E+13   7.4731E-07   7.6966E-07   0.97096
FLUX 1095  5850.00        5.124658E+13   7.4463E-07   7.6467E-07   0.97379
FLUX 1096  5870.00        5.107198E+13   7.3693E-07   7.5973E-07   0.97000
FLUX 1097  5890.00        5.089856E+13   7.3093E-07   7.5483E-07   0.96834
FLUX 1098  5910.00        5.072631E+13   7.3139E-07   7.4998E-07   0.97521
FLUX 1099  5930.00        5.055523E+13   7.2717E-07   7.4518E-07   0.97584
FLUX 1100  5950.00        5.038529E+13   7.1966E-07   7.4042E-07   0.97195
FLUX 1101  5970.00        5.021650E+13   7.2011E-07   7.3571E-07   0.97880
FLUX 1102  5990.00        5.004883E+13   7.1573E-07   7.3105E-07   0.97905
FLUX 1103  6010.00        4.988228E+13   7.1035E-07   7.2643E-07   0.97788
FLUX 1104  6030.00        4.971683E+13   7.0726E-07   7.2185E-07   0.97979
FLUX 1105  6050.00        4.955248E+13   7.0198E-07   7.1731E-07   0.97862
FLUX 1106  6070.00        4.938921E+13   6.9803E-07   7.1282E-07   0.97925
FLUX 1107  6090.00        4.922701E+13   6.9272E-07   7.0837E-07   0.97790
FLUX 1108  6110.00        4.906588E+13   6.8716E-07   7.0396E-07   0.97613
FLUX 1109  6130.00        4.890579E+13   6.8630E-07   6.9959E-07   0.98100
FLUX 1110  6150.00        4.874675E+13   6.8344E-07   6.9526E-07   0.98300
FLUX 1111  6170.00        4.858874E+13   6.7997E-07   6.9097E-07   0.98407
FLUX 1112  6190.00        4.843174E+13   6.7668E-07   6.8673E-07   0.98538
FLUX 1113  6210.00        4.827576E+13   6.7362E-07   6.8251E-07   0.98696
FLUX 1114  6230.00        4.812079E+13   6.6610E-07   6.7834E-07   0.98195
FLUX 1115  6250.00        4.796680E+13   6.6259E-07   6.7421E-07   0.98277
FLUX 1116  6270.00        4.781380E+13   6.5934E-07   6.7011E-07   0.98393
FLUX 1117  6290.00        4.766176E+13   6.5730E-07   6.6605E-07   0.98686
FLUX 1118  6310.00        4.751070E+13   6.5045E-07   6.6203E-07   0.98251
FLUX 1119  6330.00        4.736058E+13   6.5157E-07   6.5804E-07   0.99016
FLUX 1120  6350.00        4.721142E+13   6.4624E-07   6.5409E-07   0.98799
FLUX 1121  6370.00        4.706319E+13   6.4432E-07   6.5018E-07   0.99100
FLUX 1122  6390.00        4.691588E+13   6.3887E-07   6.4629E-07   0.98851
FLUX 1123  6420.00        4.669665E+13   6.3478E-07   6.4054E-07   0.99100
FLUX 1124  6460.00        4.640751E+13   6.2637E-07   6.3298E-07   0.98955
FLUX 1125  6500.00        4.612192E+13   6.1960E-07   6.2556E-07   0.99048
FLUX 1126  6540.00        4.583983E+13   6.1390E-07   6.1826E-07   0.99294
FLUX 1127  6580.00        4.556117E+13   6.0777E-07   6.1109E-07   0.99456
FLUX 1128  6620.00        4.528588E+13   6.0025E-07   6.0405E-07   0.99371
FLUX 1129  6660.00        4.501389E+13   5.9451E-07   5.9712E-07   0.99563
FLUX 1130  6700.00        4.474515E+13   5.8739E-07   5.9032E-07   0.99504
FLUX 1131  6740.00        4.447960E+13   5.8009E-07   5.8363E-07   0.99394
FLUX 1132  6780.00        4.421718E+13   5.7480E-07   5.7705E-07   0.99611
FLUX 1133  6820.00        4.395784E+13   5.6838E-07   5.7058E-07   0.99614
FLUX 1134  6860.00        4.370153E+13   5.6257E-07   5.6422E-07   0.99707
FLUX 1135  6900.00        4.344819E+13   5.5628E-07   5.5797E-07   0.99698
FLUX 1136  6940.00        4.319777E+13   5.4996E-07   5.5181E-07   0.99664
FLUX 1137  6980.00        4.295021E+13   5.4475E-07   5.4576E-07   0.99814
FLUX 1138  7020.00        4.270548E+13   5.3748E-07   5.3981E-07   0.99567
FLUX 1139  7060.00        4.246353E+13   5.3289E-07   5.3396E-07   0.99799
FLUX 1140  7100.00        4.222430E+13   5.2732E-07   5.2820E-07   0.99834
FLUX 1141  7140.00        4.198774E+13   5.2165E-07   5.2253E-07   0.99831
FLUX 1142  7180.00        4.175383E+13   5.1608E-07   5.1695E-07   0.99830
FLUX 1143  7220.00        4.152251E+13   5.1081E-07   5.1146E-07   0.99871
FLUX 1144  7260.00        4.129373E+13   5.0514E-07   5.0606E-07   0.99818
FLUX 1145  7300.00        4.106747E+13   5.0035E-07   5.0074E-07   0.99922
FLUX 1146  7340.00        4.084366E+13   4.9449E-07   4.9551E-07   0.99794
FLUX 1147  7380.00        4.062229E+13   4.8995E-07   4.9035E-07   0.99917
FLUX 1148  7420.00        4.040330E+13   4.8405E-07   4.8528E-07   0.99746
FLUX 1149  7460.00        4.018666E+13   4.7856E-07   4.8028E-07   0.99641
FLUX 1150  7500.00        3.997233E+13   4.7476E-07   4.7536E-07   0.99873
FLUX 1151  7540.00        3.976028E+13   4.6979E-07   4.7052E-07   0.99844
FLUX 1152  7580.00        3.955046E+13   4.6540E-07   4.6575E-07   0.99924
FLUX 1153  7620.00        3.934285E+13   4.6062E-07   4.6105E-07   0.99907
FLUX 1154  7660.00        3.913740E+13   4.5599E-07   4.5642E-07   0.99906
FLUX 1155  7700.00        3.893409E+13   4.5055E-07   4.5186E-07   0.99711
FLUX 1156  7740.00        3.873288E+13   4.4680E-07   4.4737E-07   0.99872
FLUX 1157  7780.00        3.853374E+13   4.4240E-07   4.4294E-07   0.99877
FLUX 1158  7820.00        3.833664E+13   4.3801E-07   4.3858E-07   0.99868
FLUX 1159  7860.00        3.814154E+13   4.3370E-07   4.3429E-07   0.99864
FLUX 1160  7900.00        3.794842E+13   4.2943E-07   4.3006E-07   0.99854
FLUX 1161  7940.00        3.775724E+13   4.2521E-07   4.2588E-07   0.99841
FLUX 1162  7980.00        3.756798E+13   4.2119E-07   4.2177E-07   0.99862
FLUX 1163  8020.00        3.738061E+13   4.1653E-07   4.1772E-07   0.99715
FLUX 1164  8060.00        3.719510E+13   4.1253E-07   4.1372E-07   0.99711
FLUX 1165  8100.00        3.701142E+13   4.0918E-07   4.0979E-07   0.99853
FLUX 1166  8140.00        3.682955E+13   4.0446E-07   4.0590E-07   0.99644
FLUX 1167  8180.00        3.664945E+13   4.0140E-07   4.0208E-07   0.99832
FLUX 1168  8220.00        3.647111E+13   3.9790E-07   3.9830E-07   0.99899
FLUX 1169  8260.00        3.629449E+13   3.9403E-07   3.9458E-07   0.99861
FLUX 1170  8300.00        3.611958E+13   3.9046E-07   3.9091E-07   0.99885
FLUX 1171  8340.00        3.594634E+13   3.8622E-07   3.8729E-07   0.99723
FLUX 1172  8380.00        3.577476E+13   3.8288E-07   3.8373E-07   0.99779
FLUX 1173  8420.00        3.560481E+13   3.7973E-07   3.8021E-07   0.99876
FLUX 1174  8460.00        3.543647E+13   3.7625E-07   3.7673E-07   0.99872
FLUX 1175  8500.00        3.526971E+13   3.7285E-07   3.7331E-07   0.99878
FLUX 1176  8540.00        3.510451E+13   3.6944E-07   3.6993E-07   0.99868
FLUX 1177  8580.00        3.494085E+13   3.6624E-07   3.6660E-07   0.99901
FLUX 1178  8620.00        3.477871E+13   3.6279E-07   3.6331E-07   0.99857
FLUX 1179  8660.00        3.461807E+13   3.5975E-07   3.6007E-07   0.99911
FLUX 1180  8700.00        3.445891E+13   3.5654E-07   3.5687E-07   0.99908
FLUX 1181  8740.00        3.430120E+13   3.5339E-07   3.5371E-07   0.99911
FLUX 1182  8780.00        3.414493E+13   3.5022E-07   3.5059E-07   0.99896
FLUX 1183  8820.00        3.399008E+13   3.4658E-07   3.4751E-07   0.99731
FLUX 1184  8860.00        3.383662E+13   3.4369E-07   3.4448E-07   0.99772
FLUX 1185  8900.00        3.368455E+13   3.4064E-07   3.4148E-07   0.99754
FLUX 1186  8940.00        3.353384E+13   3.3802E-07   3.3852E-07   0.99852
FLUX 1187  8980.00        3.338447E+13   3.3466E-07   3.3560E-07   0.99718
FLUX 1188  9020.00        3.323642E+13   3.3205E-07   3.3272E-07   0.99800
FLUX 1189  9060.00        3.308968E+13   3.2959E-07   3.2987E-07   0.99915
FLUX 1190  9100.00        3.294423E+13   3.2617E-07   3.2707E-07   0.99727
FLUX 1191  9140.00        3.280005E+13   3.2362E-07   3.2429E-07   0.99794
FLUX 1192  9180.00        3.265713E+13   3.2108E-07   3.2155E-07   0.99853
FLUX 1193  9220.00        3.251546E+13   3.1859E-07   3.1885E-07   0.99917
FLUX 1194  9260.00        3.237500E+13   3.1586E-07   3.1618E-07   0.99898
FLUX 1195  9300.00        3.223575E+13   3.1333E-07   3.1354E-07   0.99933
FLUX 1196  9340.00        3.209770E+13   3.1050E-07   3.1094E-07   0.99859
FLUX 1197  9380.00        3.196082E+13   3.0803E-07   3.0837E-07   0.99890
FLUX 1198  9420.00        3.182511E+13   3.0564E-07   3.0583E-07   0.99938
FLUX 1199  9460.00        3.169054E+13   3.0290E-07   3.0332E-07   0.99861
FLUX 1200  9500.00        3.155710E+13   3.0059E-07   3.0084E-07   0.99916
FLUX 1201  9540.00        3.142479E+13   2.9815E-07   2.9839E-07   0.99918
FLUX 1202  9580.00        3.129358E+13   2.9562E-07   2.9597E-07   0.99881
FLUX 1203  9620.00        3.116346E+13   2.9332E-07   2.9359E-07   0.99911
FLUX 1204  9660.00        3.103442E+13   2.9083E-07   2.9123E-07   0.99864
FLUX 1205  9700.00        3.090644E+13   2.8874E-07   2.8889E-07   0.99947
FLUX 1206  9740.00        3.077952E+13   2.8571E-07   2.8659E-07   0.99694
FLUX 1207  9780.00        3.065363E+13   2.8355E-07   2.8431E-07   0.99731
FLUX 1208  9820.00        3.052877E+13   2.8188E-07   2.8206E-07   0.99935
FLUX 1209  9860.00        3.040492E+13   2.7966E-07   2.7984E-07   0.99937
FLUX 1210  9900.00        3.028207E+13   2.7743E-07   2.7764E-07   0.99922
FLUX 1211  9940.00        3.016021E+13   2.7502E-07   2.7547E-07   0.99838
FLUX 1212  9980.00        3.003933E+13   2.7321E-07   2.7332E-07   0.99959
FLUX 1213 10020.00        2.991941E+13   2.7109E-07   2.7120E-07   0.99959
FLUX 1214 20000.00        1.498962E+13   6.9530E-08   6.9535E-08   0.99992
FLUX 1215 40000.00        7.494812E+12   1.7389E-08   1.7390E-08   0.99998
FLUX 1216 60000.00        4.996542E+12   7.6776E-09   7.6777E-09   0.99999
FLUX 1217 80000.00        3.747406E+12   4.2887E-09   4.2887E-09   0.99999
FLUX 1218100000.00        2.997925E+12   2.7271E-09   2.7271E-09   0.99999
FLUX 1219120000.00        2.498271E+12   1.8827E-09   1.8827E-09   1.00000
FLUX 1220140000.00        2.141375E+12   1.3759E-09   1.3759E-09   1.00000
FLUX 1221160000.00        1.873703E+12   1.0483E-09   1.0483E-09   1.00000
FLUX
