TEFF   7500.  GRAVITY 1.00000 LTE 
TITLE  [+0.5] N(He)/Ntot=0.07813 VTURB=2.0  L/H=1.25 NOVER                      
FLUX    1     9.09        3.298047E+16   1.0000E-50   0.0000E+00   1.00000
FLUX    2     9.35        3.206337E+16   1.0000E-50   0.0000E+00   1.00000
FLUX    3     9.61        3.119589E+16   1.0000E-50   0.0000E+00   1.00000
FLUX    4     9.77        3.068501E+16   1.0000E-50   0.0000E+00   1.00000
FLUX    5     9.96        3.009965E+16   1.0000E-50   0.0000E+00   1.00000
FLUX    6    10.20        2.939142E+16   1.0000E-50   0.0000E+00   1.00000
FLUX    7    10.38        2.888174E+16   1.0000E-50   0.0000E+00   1.00000
FLUX    8    10.56        2.838944E+16   1.0000E-50   0.0000E+00   1.00000
FLUX    9    10.77        2.783589E+16   1.0000E-50   0.0000E+00   1.00000
FLUX   10    11.04        2.715512E+16   1.0000E-50   0.0000E+00   1.00000
FLUX   11    11.40        2.629759E+16   1.0000E-50   0.0000E+00   1.00000
FLUX   12    11.78        2.544928E+16   1.0000E-50   0.0000E+00   1.00000
FLUX   13    12.13        2.471496E+16   1.0000E-50   0.0000E+00   1.00000
FLUX   14    12.48        2.402183E+16   1.0000E-50   0.0000E+00   1.00000
FLUX   15    12.71        2.358714E+16   1.0000E-50   0.0000E+00   1.00000
FLUX   16    12.84        2.334833E+16   1.0000E-50   0.0000E+00   1.00000
FLUX   17    13.05        2.297261E+16   1.0000E-50   0.0000E+00   1.00000
FLUX   18    13.24        2.264294E+16   1.0000E-50   0.0000E+00   1.00000
FLUX   19    13.39        2.238928E+16   1.0000E-50   0.0000E+00   1.00000
FLUX   20    13.66        2.194674E+16   1.0000E-50   0.0000E+00   1.00000
FLUX   21    13.98        2.144438E+16   1.0000E-50   0.0000E+00   1.00000
FLUX   22    14.33        2.092062E+16   1.0000E-50   0.0000E+00   1.00000
FLUX   23    14.72        2.036634E+16   1.0000E-50   0.0000E+00   1.00000
FLUX   24    15.10        1.985381E+16   1.0000E-50   0.0000E+00   1.00000
FLUX   25    15.52        1.931653E+16   1.0000E-50   0.0000E+00   1.00000
FLUX   26    15.88        1.887862E+16   1.0000E-50   0.0000E+00   1.00000
FLUX   27    16.20        1.850571E+16   1.0000E-50   0.0000E+00   1.00000
FLUX   28    16.60        1.805979E+16   1.0000E-50   0.0000E+00   1.00000
FLUX   29    17.03        1.760379E+16   1.0000E-50   0.0000E+00   1.00000
FLUX   30    17.34        1.728907E+16   1.0000E-50   0.0000E+00   1.00000
FLUX   31    17.68        1.695659E+16   1.0000E-50   0.0000E+00   1.00000
FLUX   32    18.02        1.663665E+16   1.0000E-50   0.0000E+00   1.00000
FLUX   33    18.17        1.649931E+16   1.0000E-50   0.0000E+00   1.00000
FLUX   34    18.61        1.610922E+16   1.0000E-50   0.0000E+00   1.00000
FLUX   35    19.10        1.569594E+16   1.0000E-50   0.0000E+00   1.00000
FLUX   36    19.39        1.546119E+16   1.0000E-50   0.0000E+00   1.00000
FLUX   37    19.84        1.511051E+16   1.0000E-50   0.0000E+00   1.00000
FLUX   38    20.18        1.485592E+16   1.0000E-50   0.0000E+00   1.00000
FLUX   39    20.50        1.462402E+16   1.0000E-50   0.0000E+00   1.00000
FLUX   40    21.05        1.424192E+16   1.0000E-50   0.0000E+00   1.00000
FLUX   41    21.62        1.386644E+16   1.0000E-50   0.0000E+00   1.00000
FLUX   42    21.98        1.363933E+16   1.0000E-50   0.0000E+00   1.00000
FLUX   43    22.30        1.344361E+16   1.0000E-50   0.0000E+00   1.00000
FLUX   44    22.68        1.321836E+16   1.0000E-50   0.0000E+00   1.00000
FLUX   45    23.00        1.303446E+16   1.0000E-50   0.0000E+00   1.00000
FLUX   46    23.40        1.281165E+16   1.0000E-50   0.0000E+00   1.00000
FLUX   47    24.00        1.249135E+16   1.0000E-50   0.0000E+00   1.00000
FLUX   48    24.65        1.216197E+16   1.0000E-50   0.0000E+00   1.00000
FLUX   49    25.24        1.187767E+16   1.0000E-50   0.0000E+00   1.00000
FLUX   50    25.68        1.167416E+16   1.0000E-50   0.0000E+00   1.00000
FLUX   51    26.00        1.153048E+16   1.0000E-50   0.0000E+00   1.00000
FLUX   52    26.40        1.135578E+16   1.0000E-50   0.0000E+00   1.00000
FLUX   53    26.85        1.116546E+16   1.0000E-50   0.0000E+00   1.00000
FLUX   54    27.35        1.096133E+16   1.0000E-50   0.0000E+00   1.00000
FLUX   55    27.85        1.076454E+16   1.0000E-50   0.0000E+00   1.00000
FLUX   56    28.40        1.055607E+16   1.0000E-50   0.0000E+00   1.00000
FLUX   57    29.00        1.033767E+16   1.0000E-50   0.0000E+00   1.00000
FLUX   58    29.60        1.012813E+16   1.0000E-50   0.0000E+00   1.00000
FLUX   59    30.10        9.959884E+15   1.0000E-50   0.0000E+00   1.00000
FLUX   60    30.80        9.733523E+15   1.0000E-50   0.0000E+00   1.00000
FLUX   61    31.80        9.427437E+15   1.0000E-50   0.0000E+00   1.00000
FLUX   62    32.80        9.140015E+15   1.0000E-50   0.0000E+00   1.00000
FLUX   63    33.80        8.869601E+15   1.0000E-50   0.0000E+00   1.00000
FLUX   64    34.80        8.614727E+15   1.0000E-50   0.0000E+00   1.00000
FLUX   65    35.70        8.397549E+15   1.0000E-50   0.0000E+00   1.00000
FLUX   66    36.60        8.191052E+15   1.0000E-50   0.0000E+00   1.00000
FLUX   67    37.50        7.994467E+15   1.0000E-50   0.0000E+00   1.00000
FLUX   68    38.50        7.786818E+15   1.0000E-50   0.0000E+00   1.00000
FLUX   69    39.50        7.589684E+15   8.0898E-38   8.0898E-38   1.00000
FLUX   70    40.50        7.402284E+15   4.9366E-38   4.9369E-38   0.99993
FLUX   71    41.40        7.241365E+15   2.6297E-37   2.6298E-37   0.99998
FLUX   72    42.20        7.104088E+15   1.0924E-36   1.0924E-36   0.99997
FLUX   73    43.00        6.971919E+15   4.2934E-36   4.2943E-36   0.99980
FLUX   74    44.10        6.798016E+15   2.5919E-35   2.5921E-35   0.99991
FLUX   75    45.10        6.647284E+15   1.2266E-34   1.2266E-34   0.99998
FLUX   76    46.00        6.517228E+15   4.6785E-34   4.6787E-34   0.99997
FLUX   77    47.00        6.378564E+15   1.9447E-33   1.9452E-33   0.99974
FLUX   78    48.00        6.245677E+15   7.5961E-33   7.5962E-33   0.99998
FLUX   79    49.00        6.118214E+15   2.7999E-32   2.8000E-32   0.99998
FLUX   80    50.00        5.995850E+15   9.7616E-32   9.7618E-32   0.99998
FLUX   81    50.60        5.924753E+15   2.6696E-31   3.0532E-31   0.87435
FLUX   82    51.20        5.855322E+15   6.1051E-31   6.1840E-31   0.98725
FLUX   83    52.00        5.765240E+15   1.5208E-30   1.5363E-30   0.98986
FLUX   84    53.00        5.656462E+15   4.5978E-30   4.6000E-30   0.99951
FLUX   85    54.00        5.551713E+15   1.3068E-29   1.3195E-29   0.99037
FLUX   86    55.00        5.450773E+15   3.6299E-29   3.6366E-29   0.99816
FLUX   87    56.00        5.353438E+15   9.6426E-29   9.6446E-29   0.99979
FLUX   88    57.00        5.259518E+15   2.4665E-28   2.4666E-28   0.99998
FLUX   89    58.00        5.168836E+15   6.0211E-28   6.1012E-28   0.98688
FLUX   90    59.00        5.081229E+15   1.4563E-27   1.4590E-27   0.99815
FLUX   91    60.00        4.996542E+15   3.3738E-27   3.3824E-27   0.99744
FLUX   92    61.00        4.914631E+15   7.6137E-27   7.6143E-27   0.99992
FLUX   93    62.00        4.835363E+15   1.6663E-26   1.6668E-26   0.99969
FLUX   94    63.00        4.758611E+15   3.5523E-26   3.5529E-26   0.99984
FLUX   95    64.00        4.684258E+15   7.3778E-26   7.3878E-26   0.99864
FLUX   96    65.00        4.612192E+15   1.4994E-25   1.4997E-25   0.99982
FLUX   97    65.80        4.556117E+15   2.5983E-25   2.5987E-25   0.99982
FLUX   98    66.50        4.508158E+15   4.1402E-25   4.1554E-25   0.99635
FLUX   99    67.50        4.441370E+15   7.9606E-25   7.9789E-25   0.99771
FLUX  100    68.50        4.376533E+15   1.4987E-24   1.5010E-24   0.99850
FLUX  101    69.50        4.313561E+15   2.7683E-24   2.7687E-24   0.99986
FLUX  102    70.50        4.252376E+15   4.9690E-24   5.0124E-24   0.99134
FLUX  103    71.60        4.187046E+15   9.4286E-24   9.4320E-24   0.99964
FLUX  104    72.60        4.129373E+15   1.6457E-23   1.6458E-23   0.99991
FLUX  105    73.50        4.078810E+15   2.6779E-23   2.6793E-23   0.99949
FLUX  106    74.50        4.024060E+15   4.5262E-23   4.5366E-23   0.99770
FLUX  107    75.50        3.970762E+15   7.5445E-23   7.5660E-23   0.99715
FLUX  108    76.50        3.918856E+15   1.2406E-22   1.2437E-22   0.99745
FLUX  109    77.50        3.868290E+15   2.0112E-22   2.0160E-22   0.99763
FLUX  110    78.50        3.819013E+15   3.2241E-22   3.2243E-22   0.99993
FLUX  111    79.50        3.770975E+15   5.0206E-22   5.0907E-22   0.98625
FLUX  112    80.50        3.724130E+15   7.8645E-22   7.9385E-22   0.99068
FLUX  113    81.50        3.678436E+15   1.2213E-21   1.2233E-21   0.99839
FLUX  114    82.50        3.633848E+15   1.8617E-21   1.8637E-21   0.99894
FLUX  115    83.50        3.590329E+15   2.8055E-21   2.8087E-21   0.99885
FLUX  116    84.50        3.547840E+15   4.1864E-21   4.1880E-21   0.99960
FLUX  117    85.50        3.506345E+15   6.1810E-21   6.1844E-21   0.99946
FLUX  118    86.50        3.465809E+15   9.0352E-21   9.0371E-21   0.99979
FLUX  119    87.50        3.426200E+15   1.2984E-20   1.3080E-20   0.99269
FLUX  120    88.50        3.387486E+15   1.8750E-20   1.8760E-20   0.99947
FLUX  121    89.50        3.349637E+15   2.6665E-20   2.6669E-20   0.99985
FLUX  122    90.50        3.312624E+15   3.7187E-20   3.7587E-20   0.98937
FLUX  123    91.50        3.276421E+15   1.7466E-17   4.3269E-17   0.40365
FLUX  124    92.50        3.241000E+15   5.3784E-17   6.1572E-17   0.87351
FLUX  125    93.50        3.206337E+15   7.4774E-17   8.6507E-17   0.86437
FLUX  126    94.50        3.172407E+15   1.0458E-16   1.2041E-16   0.86851
FLUX  127    95.50        3.139188E+15   1.5508E-16   1.6632E-16   0.93247
FLUX  128    96.50        3.106658E+15   2.1649E-16   2.2780E-16   0.95037
FLUX  129    97.50        3.074795E+15   2.9192E-16   3.0955E-16   0.94305
FLUX  130    98.50        3.043579E+15   3.8985E-16   4.1946E-16   0.92941
FLUX  131    99.50        3.012990E+15   5.0946E-16   5.6330E-16   0.90441
FLUX  132   100.50        2.983010E+15   7.2862E-16   7.5158E-16   0.96945
FLUX  133   101.50        2.953621E+15   9.7561E-16   9.9561E-16   0.97991
FLUX  134   102.50        2.924805E+15   1.2514E-15   1.3174E-15   0.94990
FLUX  135   103.50        2.896546E+15   1.6780E-15   1.7288E-15   0.97061
FLUX  136   104.50        2.868828E+15   2.2234E-15   2.2599E-15   0.98386
FLUX  137   105.50        2.841635E+15   2.9049E-15   2.9417E-15   0.98749
FLUX  138   106.50        2.814953E+15   3.6858E-15   3.8150E-15   0.96614
FLUX  139   107.50        2.788767E+15   4.8172E-15   4.9282E-15   0.97748
FLUX  140   108.50        2.763065E+15   6.2079E-15   6.3373E-15   0.97958
FLUX  141   109.50        2.737831E+15   7.7646E-15   8.1078E-15   0.95767
FLUX  142   110.50        2.713054E+15   2.7310E-14   1.2216E-13   0.22356
FLUX  143   111.50        2.688722E+15   1.0097E-13   1.6847E-13   0.59930
FLUX  144   112.50        2.664822E+15   1.5591E-13   2.2620E-13   0.68928
FLUX  145   113.50        2.641344E+15   2.2457E-13   2.9593E-13   0.75886
FLUX  146   114.50        2.618275E+15   2.9362E-13   3.7673E-13   0.77939
FLUX  147   115.50        2.595606E+15   3.3796E-13   4.6779E-13   0.72245
FLUX  148   116.50        2.573326E+15   4.8290E-13   5.6602E-13   0.85315
FLUX  149   117.50        2.551426E+15   5.9066E-13   6.6349E-13   0.89022
FLUX  150   118.50        2.529895E+15   6.3736E-13   9.0805E-13   0.70190
FLUX  151   119.50        2.508724E+15   3.0094E-13   1.0938E-12   0.27512
FLUX  152   120.50        2.487905E+15   3.7282E-13   1.3088E-12   0.28486
FLUX  153   121.50        2.467428E+15   8.9371E-14   1.5572E-12   0.05739
FLUX  154   122.50        2.447286E+15   4.7711E-13   1.9281E-12   0.24745
FLUX  155   123.50        2.427470E+15   1.1592E-12   2.2727E-12   0.51005
FLUX  156   124.50        2.407972E+15   3.0019E-12   6.4720E-12   0.46384
FLUX  157   125.50        2.388785E+15   8.5364E-12   1.2501E-11   0.68284
FLUX  158   126.50        2.369901E+15   7.1913E-12   2.0799E-11   0.34575
FLUX  159   127.50        2.351314E+15   1.6885E-11   2.9598E-11   0.57046
FLUX  160   128.50        2.333016E+15   2.9282E-11   4.1284E-11   0.70928
FLUX  161   129.50        2.315000E+15   3.8419E-11   5.3522E-11   0.71781
FLUX  162   130.50        2.297261E+15   2.0749E-11   6.8189E-11   0.30428
FLUX  163   131.50        2.279791E+15   5.4348E-11   8.3953E-11   0.64737
FLUX  164   132.50        2.262585E+15   7.3289E-11   1.0176E-10   0.72019
FLUX  165   133.50        2.245637E+15   7.3924E-11   1.2111E-10   0.61040
FLUX  166   134.50        2.228941E+15   1.1753E-10   1.4246E-10   0.82503
FLUX  167   135.50        2.212491E+15   1.2194E-10   1.6569E-10   0.73594
FLUX  168   136.50        2.196282E+15   1.3364E-10   1.9112E-10   0.69922
FLUX  169   137.50        2.180309E+15   1.5016E-10   2.1873E-10   0.68648
FLUX  170   138.50        2.164567E+15   1.7429E-10   2.4891E-10   0.70022
FLUX  171   139.50        2.149050E+15   2.1329E-10   2.8156E-10   0.75753
FLUX  172   140.50        2.133754E+15   2.5086E-10   3.1840E-10   0.78788
FLUX  173   141.50        2.118675E+15   2.4867E-10   3.5964E-10   0.69144
FLUX  174   142.50        2.103807E+15   3.1039E-10   4.0911E-10   0.75870
FLUX  175   143.50        2.089146E+15   3.1444E-10   4.5908E-10   0.68494
FLUX  176   144.20        2.079005E+15   3.8191E-10   4.9703E-10   0.76838
FLUX  177   144.70        2.071821E+15   4.4056E-10   6.9367E-10   0.63511
FLUX  178   145.50        2.060430E+15   5.4769E-10   7.5939E-10   0.72122
FLUX  179   146.50        2.046365E+15   5.6251E-10   8.4882E-10   0.66269
FLUX  180   147.50        2.032492E+15   6.4657E-10   9.4617E-10   0.68336
FLUX  181   148.50        2.018805E+15   7.6220E-10   1.0519E-09   0.72458
FLUX  182   149.50        2.005301E+15   9.4059E-10   1.1672E-09   0.80585
FLUX  183   150.50        1.991977E+15   1.0751E-09   1.2915E-09   0.83238
FLUX  184   151.20        1.982755E+15   1.0716E-09   1.3850E-09   0.77374
FLUX  185   151.70        1.976220E+15   9.4461E-10   1.4551E-09   0.64916
FLUX  186   152.50        1.965852E+15   9.7309E-10   3.6385E-08   0.02674
FLUX  187   153.50        1.953046E+15   1.8261E-09   3.8257E-08   0.04773
FLUX  188   154.50        1.940405E+15   6.7555E-09   4.0178E-08   0.16814
FLUX  189   155.50        1.927926E+15   4.9419E-09   4.1947E-08   0.11781
FLUX  190   156.50        1.915607E+15   3.2653E-09   4.3817E-08   0.07452
FLUX  191   157.50        1.903444E+15   7.7651E-09   5.4932E-08   0.14136
FLUX  192   158.50        1.891435E+15   1.0866E-08   5.6708E-08   0.19161
FLUX  193   159.50        1.879577E+15   1.8642E-08   5.8472E-08   0.31882
FLUX  194   160.50        1.867866E+15   1.2943E-08   6.0082E-08   0.21542
FLUX  195   161.50        1.856300E+15   9.7389E-09   6.1588E-08   0.15813
FLUX  196   162.50        1.844877E+15   7.3076E-09   6.7167E-08   0.10880
FLUX  197   163.50        1.833593E+15   7.8655E-09   6.8835E-08   0.11427
FLUX  198   164.50        1.822447E+15   1.1761E-08   7.0461E-08   0.16692
FLUX  199   165.50        1.811435E+15   5.4515E-09   7.2095E-08   0.07562
FLUX  200   166.50        1.800556E+15   8.1873E-09   7.3622E-08   0.11121
FLUX  201   167.20        1.793017E+15   2.5880E-09   7.4686E-08   0.03465
FLUX  202   167.70        1.787671E+15   2.2847E-08   6.5697E-07   0.03478
FLUX  203   168.50        1.779184E+15   4.6707E-08   6.7054E-07   0.06966
FLUX  204   169.50        1.768687E+15   6.4718E-08   6.8422E-07   0.09459
FLUX  205   170.50        1.758314E+15   5.1598E-08   6.9800E-07   0.07392
FLUX  206   171.50        1.748061E+15   9.1665E-08   7.6168E-07   0.12035
FLUX  207   172.50        1.737928E+15   1.3101E-07   7.7609E-07   0.16880
FLUX  208   173.50        1.727911E+15   1.9422E-07   7.8831E-07   0.24638
FLUX  209   174.50        1.718009E+15   1.3351E-07   8.0198E-07   0.16648
FLUX  210   175.50        1.708219E+15   2.2518E-07   8.1381E-07   0.27670
FLUX  211   176.50        1.698541E+15   1.6267E-07   8.2496E-07   0.19718
FLUX  212   177.50        1.688972E+15   2.5474E-07   8.3601E-07   0.30471
FLUX  213   178.50        1.679510E+15   1.7451E-07   8.4699E-07   0.20603
FLUX  214   179.50        1.670153E+15   3.5108E-07   8.5734E-07   0.40949
FLUX  215   180.50        1.660900E+15   2.6147E-07   8.6786E-07   0.30128
FLUX  216   181.50        1.651749E+15   3.3440E-07   8.7795E-07   0.38089
FLUX  217   182.50        1.642699E+15   2.6287E-07   8.8805E-07   0.29601
FLUX  218   183.50        1.633747E+15   2.1977E-07   8.9775E-07   0.24480
FLUX  219   184.50        1.624892E+15   2.2487E-07   9.0738E-07   0.24782
FLUX  220   185.50        1.616132E+15   2.9225E-07   9.1754E-07   0.31852
FLUX  221   186.50        1.607466E+15   3.4619E-07   9.2689E-07   0.37350
FLUX  222   187.50        1.598893E+15   3.1374E-07   9.4712E-07   0.33126
FLUX  223   188.50        1.590411E+15   3.3914E-07   9.5582E-07   0.35482
FLUX  224   189.50        1.582018E+15   4.0855E-07   9.6443E-07   0.42362
FLUX  225   190.50        1.573714E+15   3.5162E-07   9.7271E-07   0.36149
FLUX  226   191.50        1.565496E+15   3.5958E-07   9.8243E-07   0.36601
FLUX  227   192.50        1.557364E+15   3.4196E-07   9.9047E-07   0.34525
FLUX  228   193.50        1.549315E+15   1.8987E-07   9.9846E-07   0.19016
FLUX  229   194.50        1.541350E+15   4.5663E-07   1.0062E-06   0.45379
FLUX  230   195.50        1.533465E+15   4.8180E-07   1.0139E-06   0.47519
FLUX  231   196.70        1.524110E+15   5.7925E-07   1.0233E-06   0.56609
FLUX  232   197.60        1.517169E+15   5.5027E-07   1.0303E-06   0.53408
FLUX  233   198.40        1.511051E+15   5.6427E-07   1.0949E-06   0.51538
FLUX  234   199.50        1.502719E+15   5.5541E-07   1.1033E-06   0.50340
FLUX  235   200.50        1.495224E+15   4.9509E-07   1.1111E-06   0.44558
FLUX  236   201.50        1.487804E+15   4.0764E-07   1.1190E-06   0.36429
FLUX  237   202.50        1.480457E+15   4.0264E-07   1.1270E-06   0.35726
FLUX  238   203.50        1.473182E+15   5.2545E-07   1.1349E-06   0.46300
FLUX  239   204.50        1.465978E+15   6.2633E-07   1.1428E-06   0.54806
FLUX  240   205.50        1.458844E+15   4.7861E-07   1.1509E-06   0.41587
FLUX  241   206.50        1.451780E+15   4.4554E-07   1.1590E-06   0.38442
FLUX  242   207.40        1.445480E+15   6.8263E-07   1.1663E-06   0.58529
FLUX  243   207.80        1.442697E+15   7.8422E-07   1.3916E-06   0.56355
FLUX  244   208.50        1.437854E+15   7.4513E-07   1.4005E-06   0.53204
FLUX  245   209.50        1.430990E+15   6.8046E-07   1.4134E-06   0.48143
FLUX  246   210.50        1.424192E+15   6.4786E-07   1.4264E-06   0.45419
FLUX  247   211.50        1.417459E+15   6.5304E-07   1.4396E-06   0.45362
FLUX  248   212.50        1.410788E+15   6.7976E-07   1.4528E-06   0.46790
FLUX  249   213.50        1.404180E+15   4.7073E-07   1.4661E-06   0.32108
FLUX  250   214.50        1.397634E+15   6.4725E-07   1.4795E-06   0.43748
FLUX  251   215.50        1.391148E+15   7.0884E-07   1.4932E-06   0.47473
FLUX  252   216.50        1.384723E+15   5.3727E-07   1.5070E-06   0.35651
FLUX  253   217.50        1.378356E+15   5.9163E-07   1.5210E-06   0.38897
FLUX  254   218.50        1.372048E+15   6.3462E-07   1.5352E-06   0.41338
FLUX  255   219.50        1.365797E+15   7.8002E-07   1.5496E-06   0.50337
FLUX  256   220.50        1.359603E+15   6.8602E-07   1.5642E-06   0.43856
FLUX  257   221.50        1.353465E+15   4.7828E-07   1.5792E-06   0.30287
FLUX  258   222.50        1.347382E+15   4.5705E-07   1.5958E-06   0.28641
FLUX  259   223.50        1.341353E+15   7.3729E-07   1.6110E-06   0.45767
FLUX  260   224.50        1.335379E+15   6.4501E-07   1.6264E-06   0.39659
FLUX  261   225.50        1.329457E+15   4.4547E-07   1.6515E-06   0.26973
FLUX  262   226.50        1.323587E+15   4.2949E-07   1.6669E-06   0.25765
FLUX  263   227.50        1.317769E+15   6.0635E-07   1.6826E-06   0.36038
FLUX  264   228.50        1.312002E+15   6.6307E-07   1.6982E-06   0.39045
FLUX  265   229.50        1.306285E+15   6.1704E-07   1.7141E-06   0.35999
FLUX  266   230.50        1.300618E+15   6.4703E-07   1.7301E-06   0.37398
FLUX  267   231.50        1.295000E+15   5.6441E-07   1.7463E-06   0.32320
FLUX  268   232.50        1.289430E+15   5.1761E-07   1.7627E-06   0.29364
FLUX  269   233.50        1.283908E+15   2.4539E-07   1.7814E-06   0.13775
FLUX  270   234.50        1.278433E+15   1.6539E-07   1.7980E-06   0.09198
FLUX  271   235.50        1.273004E+15   3.6151E-07   1.8148E-06   0.19920
FLUX  272   236.50        1.267622E+15   1.6298E-07   1.8317E-06   0.08898
FLUX  273   237.50        1.262284E+15   2.5229E-07   1.8489E-06   0.13645
FLUX  274   238.50        1.256992E+15   1.2389E-07   1.8664E-06   0.06638
FLUX  275   239.50        1.251743E+15   1.7723E-07   1.8840E-06   0.09407
FLUX  276   240.50        1.246538E+15   1.6779E-07   1.9016E-06   0.08823
FLUX  277   241.50        1.241377E+15   2.9644E-07   1.9195E-06   0.15444
FLUX  278   242.50        1.236258E+15   6.5834E-07   1.9375E-06   0.33979
FLUX  279   243.50        1.231181E+15   6.2083E-07   1.9557E-06   0.31744
FLUX  280   244.50        1.226145E+15   7.2116E-07   1.9771E-06   0.36475
FLUX  281   245.50        1.221151E+15   7.3312E-07   1.9956E-06   0.36738
FLUX  282   246.50        1.216197E+15   6.5029E-07   2.0142E-06   0.32286
FLUX  283   247.50        1.211283E+15   6.2406E-07   2.0329E-06   0.30698
FLUX  284   248.50        1.206408E+15   6.4827E-07   2.0518E-06   0.31596
FLUX  285   249.50        1.201573E+15   6.3137E-07   2.0708E-06   0.30489
FLUX  286   250.50        1.196776E+15   9.2423E-07   2.0923E-06   0.44173
FLUX  287   251.30        1.192967E+15   6.2490E-07   2.1077E-06   0.29648
FLUX  288   251.80        1.190598E+15   7.4138E-07   2.2154E-06   0.33465
FLUX  289   252.50        1.187297E+15   5.2905E-07   2.2297E-06   0.23727
FLUX  290   253.50        1.182613E+15   5.3571E-07   2.2505E-06   0.23804
FLUX  291   254.50        1.177967E+15   5.4865E-07   2.2714E-06   0.24155
FLUX  292   255.50        1.173356E+15   7.5283E-07   2.2925E-06   0.32838
FLUX  293   256.50        1.168782E+15   5.3388E-07   2.3138E-06   0.23074
FLUX  294   257.50        1.164243E+15   6.6077E-07   2.3352E-06   0.28296
FLUX  295   258.50        1.159739E+15   5.3327E-07   2.3568E-06   0.22627
FLUX  296   259.50        1.155270E+15   4.2970E-07   2.3785E-06   0.18066
FLUX  297   260.50        1.150835E+15   3.4353E-07   2.4004E-06   0.14311
FLUX  298   261.50        1.146434E+15   3.2639E-07   2.4224E-06   0.13474
FLUX  299   262.50        1.142067E+15   4.6113E-07   2.4445E-06   0.18864
FLUX  300   263.50        1.137732E+15   7.6461E-07   2.4676E-06   0.30986
FLUX  301   264.50        1.133431E+15   1.3767E-06   2.4899E-06   0.55292
FLUX  302   265.50        1.129162E+15   1.4729E-06   2.5125E-06   0.58624
FLUX  303   266.50        1.124925E+15   1.0503E-06   2.5352E-06   0.41431
FLUX  304   267.50        1.120720E+15   1.2187E-06   2.5580E-06   0.47644
FLUX  305   268.50        1.116546E+15   1.1949E-06   2.5809E-06   0.46299
FLUX  306   269.50        1.112403E+15   1.1499E-06   2.6040E-06   0.44159
FLUX  307   270.50        1.108290E+15   1.2754E-06   2.6280E-06   0.48530
FLUX  308   271.50        1.104208E+15   9.7750E-07   2.6513E-06   0.36869
FLUX  309   272.50        1.100156E+15   9.9519E-07   2.6747E-06   0.37208
FLUX  310   273.50        1.096133E+15   1.0365E-06   2.6982E-06   0.38415
FLUX  311   274.50        1.092140E+15   4.5799E-07   2.7219E-06   0.16826
FLUX  312   275.50        1.088176E+15   5.9895E-07   2.7457E-06   0.21814
FLUX  313   276.50        1.084241E+15   7.8882E-07   2.7696E-06   0.28481
FLUX  314   277.50        1.080333E+15   9.9598E-07   2.7936E-06   0.35652
FLUX  315   278.50        1.076454E+15   6.6104E-07   2.8177E-06   0.23460
FLUX  316   279.50        1.072603E+15   2.2567E-07   2.8420E-06   0.07941
FLUX  317   280.50        1.068779E+15   2.9421E-07   2.8664E-06   0.10264
FLUX  318   281.50        1.064982E+15   8.9080E-07   2.8909E-06   0.30814
FLUX  319   282.50        1.061212E+15   1.3995E-06   2.9155E-06   0.48001
FLUX  320   283.50        1.057469E+15   1.3999E-06   2.9402E-06   0.47613
FLUX  321   284.50        1.053752E+15   1.4097E-06   2.9651E-06   0.47544
FLUX  322   285.50        1.050061E+15   1.2013E-06   2.9900E-06   0.40178
FLUX  323   286.50        1.046396E+15   1.5739E-06   3.0150E-06   0.52204
FLUX  324   287.50        1.042757E+15   1.5511E-06   3.0401E-06   0.51021
FLUX  325   288.50        1.039142E+15   1.6580E-06   3.0653E-06   0.54090
FLUX  326   289.50        1.035553E+15   1.5601E-06   3.0906E-06   0.50478
FLUX  327   291.00        1.030215E+15   2.0324E-06   3.1292E-06   0.64950
FLUX  328   293.00        1.023183E+15   1.8727E-06   3.1804E-06   0.58884
FLUX  329   295.00        1.016246E+15   1.8560E-06   3.2319E-06   0.57427
FLUX  330   297.00        1.009402E+15   2.1624E-06   3.2837E-06   0.65853
FLUX  331   299.00        1.002651E+15   2.2128E-06   3.3359E-06   0.66333
FLUX  332   301.00        9.959884E+14   2.4436E-06   3.3884E-06   0.72116
FLUX  333   303.00        9.894142E+14   2.4428E-06   3.4412E-06   0.70987
FLUX  334   305.00        9.829262E+14   2.4630E-06   3.4942E-06   0.70487
FLUX  335   307.00        9.765228E+14   2.4885E-06   3.5475E-06   0.70149
FLUX  336   309.00        9.702023E+14   2.7256E-06   3.6015E-06   0.75681
FLUX  337   311.00        9.639630E+14   2.6212E-06   3.6552E-06   0.71711
FLUX  338   313.00        9.578035E+14   2.6065E-06   3.7093E-06   0.70269
FLUX  339   315.00        9.517222E+14   2.8501E-06   3.7636E-06   0.75727
FLUX  340   317.00        9.457177E+14   2.8192E-06   3.8182E-06   0.73836
FLUX  341   319.00        9.397884E+14   2.5802E-06   3.8730E-06   0.66620
FLUX  342   321.00        9.339330E+14   2.8696E-06   3.9280E-06   0.73056
FLUX  343   323.00        9.281502E+14   2.6481E-06   3.9833E-06   0.66481
FLUX  344   325.00        9.224385E+14   2.9835E-06   4.0386E-06   0.73876
FLUX  345   327.00        9.167966E+14   3.1635E-06   4.0940E-06   0.77272
FLUX  346   329.00        9.112234E+14   3.2068E-06   4.1496E-06   0.77279
FLUX  347   331.00        9.057175E+14   3.3952E-06   4.2052E-06   0.80738
FLUX  348   333.00        9.002778E+14   3.3161E-06   4.2609E-06   0.77826
FLUX  349   335.00        8.949030E+14   3.3013E-06   4.3167E-06   0.76478
FLUX  350   337.00        8.895920E+14   3.2301E-06   4.3726E-06   0.73871
FLUX  351   339.00        8.843437E+14   3.4310E-06   4.4286E-06   0.77474
FLUX  352   341.00        8.791569E+14   3.6240E-06   4.4845E-06   0.80810
FLUX  353   343.00        8.740306E+14   3.7341E-06   4.5406E-06   0.82240
FLUX  354   345.00        8.689638E+14   3.7718E-06   4.5966E-06   0.82057
FLUX  355   347.00        8.639553E+14   3.7274E-06   4.6527E-06   0.80114
FLUX  356   349.00        8.590043E+14   3.7043E-06   4.7087E-06   0.78669
FLUX  357   351.00        8.541097E+14   3.9641E-06   4.7648E-06   0.83196
FLUX  358   353.00        8.492705E+14   4.0561E-06   4.8208E-06   0.84137
FLUX  359   355.00        8.444859E+14   4.3377E-06   4.8769E-06   0.88944
FLUX  360   357.00        8.397549E+14   4.0563E-06   4.9329E-06   0.82230
FLUX  361   359.00        8.350766E+14   4.1606E-06   4.9889E-06   0.83398
FLUX  362   361.00        8.304501E+14   4.2402E-06   5.0449E-06   0.84049
FLUX  363   363.00        8.258747E+14   4.3928E-06   5.1006E-06   0.86122
FLUX  364   364.00        8.236058E+14   4.2990E-06   5.1286E-06   0.83824
FLUX  365   365.00        8.213493E+14   4.5997E-06   3.0253E-05   0.15204
FLUX  366   367.00        8.168733E+14   4.5955E-06   3.0225E-05   0.15204
FLUX  367   369.00        8.124458E+14   5.0876E-06   3.0205E-05   0.16844
FLUX  368   371.00        8.080660E+14   6.7843E-06   3.0173E-05   0.22485
FLUX  369   373.00        8.037332E+14   9.9602E-06   3.0139E-05   0.33047
FLUX  370   375.00        7.994467E+14   1.5045E-05   3.0104E-05   0.49979
FLUX  371   377.00        7.952056E+14   1.5705E-05   3.0091E-05   0.52193
FLUX  372   379.00        7.910092E+14   1.8998E-05   3.0052E-05   0.63217
FLUX  373   381.00        7.868570E+14   2.1180E-05   3.0011E-05   0.70574
FLUX  374   383.00        7.827480E+14   1.7294E-05   2.9969E-05   0.57708
FLUX  375   385.00        7.786818E+14   2.1663E-05   2.9925E-05   0.72392
FLUX  376   387.00        7.746576E+14   2.3363E-05   2.9879E-05   0.78191
FLUX  377   389.00        7.706748E+14   1.7510E-05   2.9833E-05   0.58696
FLUX  378   391.00        7.667327E+14   2.1463E-05   2.9784E-05   0.72060
FLUX  379   393.00        7.628308E+14   1.1474E-05   2.9735E-05   0.38588
FLUX  380   395.00        7.589684E+14   1.9490E-05   2.9685E-05   0.65656
FLUX  381   397.00        7.551448E+14   1.1795E-05   2.9633E-05   0.39805
FLUX  382   399.00        7.513596E+14   2.2941E-05   2.9580E-05   0.77556
FLUX  383   401.00        7.476122E+14   2.3993E-05   2.9526E-05   0.81262
FLUX  384   403.00        7.439020E+14   2.3686E-05   2.9471E-05   0.80370
FLUX  385   405.00        7.402284E+14   2.3593E-05   2.9415E-05   0.80208
FLUX  386   407.00        7.365909E+14   2.3434E-05   2.9358E-05   0.79823
FLUX  387   409.00        7.329890E+14   2.3933E-05   2.9300E-05   0.81682
FLUX  388   411.00        7.294221E+14   1.9803E-05   2.9242E-05   0.67723
FLUX  389   413.00        7.258898E+14   2.3985E-05   2.9183E-05   0.82187
FLUX  390   415.00        7.223916E+14   2.4952E-05   2.9124E-05   0.85674
FLUX  391   417.00        7.189269E+14   2.4142E-05   2.9065E-05   0.83065
FLUX  392   419.00        7.154952E+14   2.4361E-05   2.9004E-05   0.83993
FLUX  393   421.00        7.120962E+14   2.4257E-05   2.8943E-05   0.83809
FLUX  394   423.00        7.087293E+14   2.3870E-05   2.8881E-05   0.82650
FLUX  395   425.00        7.053941E+14   2.4361E-05   2.8819E-05   0.84531
FLUX  396   427.00        7.020902E+14   2.3626E-05   2.8756E-05   0.82159
FLUX  397   429.00        6.988170E+14   2.4485E-05   2.8692E-05   0.85334
FLUX  398   431.00        6.955742E+14   2.3083E-05   2.8629E-05   0.80631
FLUX  399   433.00        6.923614E+14   2.2530E-05   2.8564E-05   0.78875
FLUX  400   435.00        6.891782E+14   1.9740E-05   2.8499E-05   0.69265
FLUX  401   437.00        6.860240E+14   2.4842E-05   2.8434E-05   0.87366
FLUX  402   439.00        6.828986E+14   2.4316E-05   2.8368E-05   0.85714
FLUX  403   441.00        6.798016E+14   2.3792E-05   2.8302E-05   0.84063
FLUX  404   443.00        6.767325E+14   2.4005E-05   2.8235E-05   0.85019
FLUX  405   445.00        6.736910E+14   2.4455E-05   2.8169E-05   0.86815
FLUX  406   447.00        6.706767E+14   2.4646E-05   2.8102E-05   0.87703
FLUX  407   449.00        6.676893E+14   2.4771E-05   2.8035E-05   0.88360
FLUX  408   451.00        6.647284E+14   2.5595E-05   2.7967E-05   0.91518
FLUX  409   453.00        6.617936E+14   2.4462E-05   2.7900E-05   0.87677
FLUX  410   455.00        6.588846E+14   2.4206E-05   2.7832E-05   0.86973
FLUX  411   457.00        6.560011E+14   2.5569E-05   2.7764E-05   0.92094
FLUX  412   459.00        6.531427E+14   2.4284E-05   2.7696E-05   0.87680
FLUX  413   461.00        6.503091E+14   2.5702E-05   2.7628E-05   0.93028
FLUX  414   463.00        6.475000E+14   2.4866E-05   2.7559E-05   0.90227
FLUX  415   465.00        6.447151E+14   2.5604E-05   2.7491E-05   0.93136
FLUX  416   467.00        6.419540E+14   2.5586E-05   2.7423E-05   0.93303
FLUX  417   469.00        6.392164E+14   2.4952E-05   2.7354E-05   0.91218
FLUX  418   471.00        6.365021E+14   2.4285E-05   2.7285E-05   0.89003
FLUX  419   473.00        6.338108E+14   2.5393E-05   2.7217E-05   0.93301
FLUX  420   475.00        6.311421E+14   2.5817E-05   2.7148E-05   0.95096
FLUX  421   477.00        6.284958E+14   2.5343E-05   2.7079E-05   0.93589
FLUX  422   479.00        6.258716E+14   2.5483E-05   2.7011E-05   0.94346
FLUX  423   481.00        6.232692E+14   2.5309E-05   2.6942E-05   0.93937
FLUX  424   483.00        6.206884E+14   2.5261E-05   2.6873E-05   0.94000
FLUX  425   485.00        6.181289E+14   2.2707E-05   2.6805E-05   0.84714
FLUX  426   487.00        6.155903E+14   1.8585E-05   2.6736E-05   0.69511
FLUX  427   489.00        6.130726E+14   2.4773E-05   2.6668E-05   0.92895
FLUX  428   491.00        6.105754E+14   2.4931E-05   2.6599E-05   0.93727
FLUX  429   493.00        6.080984E+14   2.4244E-05   2.6531E-05   0.91377
FLUX  430   495.00        6.056414E+14   2.5074E-05   2.6463E-05   0.94752
FLUX  431   497.00        6.032042E+14   2.5488E-05   2.6395E-05   0.96563
FLUX  432   499.00        6.007866E+14   2.4181E-05   2.6327E-05   0.91850
FLUX  433   501.00        5.983882E+14   2.3004E-05   2.6259E-05   0.87603
FLUX  434   503.00        5.960089E+14   2.3987E-05   2.6191E-05   0.91585
FLUX  435   505.00        5.936485E+14   2.4023E-05   2.6124E-05   0.91959
FLUX  436   507.00        5.913067E+14   2.4604E-05   2.6056E-05   0.94428
FLUX  437   509.00        5.889833E+14   2.4395E-05   2.5989E-05   0.93867
FLUX  438   511.00        5.866781E+14   2.4473E-05   2.5921E-05   0.94413
FLUX  439   513.00        5.843908E+14   2.3799E-05   2.5854E-05   0.92052
FLUX  440   515.00        5.821214E+14   2.3400E-05   2.5787E-05   0.90740
FLUX  441   517.00        5.798694E+14   2.3176E-05   2.5721E-05   0.90106
FLUX  442   519.00        5.776349E+14   2.3170E-05   2.5654E-05   0.90317
FLUX  443   521.00        5.754175E+14   2.3268E-05   2.5588E-05   0.90934
FLUX  444   523.00        5.732170E+14   2.3250E-05   2.5521E-05   0.91101
FLUX  445   525.00        5.710333E+14   2.3753E-05   2.5455E-05   0.93313
FLUX  446   527.00        5.688662E+14   2.2284E-05   2.5390E-05   0.87770
FLUX  447   529.00        5.667155E+14   2.3727E-05   2.5324E-05   0.93694
FLUX  448   531.00        5.645810E+14   2.3041E-05   2.5259E-05   0.91220
FLUX  449   533.00        5.624625E+14   2.2759E-05   2.5193E-05   0.90336
FLUX  450   535.00        5.603598E+14   2.3719E-05   2.5128E-05   0.94390
FLUX  451   537.00        5.582728E+14   2.3753E-05   2.5064E-05   0.94772
FLUX  452   539.00        5.562013E+14   2.3371E-05   2.5004E-05   0.93468
FLUX  453   541.00        5.541451E+14   2.3042E-05   2.4939E-05   0.92393
FLUX  454   543.00        5.521041E+14   2.3190E-05   2.4875E-05   0.93227
FLUX  455   545.00        5.500780E+14   2.3755E-05   2.4811E-05   0.95743
FLUX  456   547.00        5.480667E+14   2.3495E-05   2.4747E-05   0.94942
FLUX  457   549.00        5.460701E+14   2.3532E-05   2.4683E-05   0.95336
FLUX  458   551.00        5.440880E+14   2.3336E-05   2.4620E-05   0.94784
FLUX  459   553.00        5.421203E+14   2.3442E-05   2.4557E-05   0.95462
FLUX  460   555.00        5.401667E+14   2.3583E-05   2.4494E-05   0.96284
FLUX  461   557.00        5.382271E+14   2.3403E-05   2.4431E-05   0.95792
FLUX  462   559.00        5.363014E+14   2.3424E-05   2.4368E-05   0.96125
FLUX  463   561.00        5.343895E+14   2.3606E-05   2.4306E-05   0.97121
FLUX  464   563.00        5.324911E+14   2.3595E-05   2.4250E-05   0.97299
FLUX  465   565.00        5.306062E+14   2.3290E-05   2.4188E-05   0.96287
FLUX  466   567.00        5.287346E+14   2.3031E-05   2.4127E-05   0.95459
FLUX  467   569.00        5.268761E+14   2.3409E-05   2.4065E-05   0.97273
FLUX  468   571.00        5.250306E+14   2.3387E-05   2.4004E-05   0.97431
FLUX  469   573.00        5.231981E+14   2.3676E-05   2.3943E-05   0.98883
FLUX  470   575.00        5.213783E+14   2.3399E-05   2.3882E-05   0.97977
FLUX  471   577.00        5.195711E+14   2.3449E-05   2.3822E-05   0.98438
FLUX  472   579.00        5.177763E+14   2.3199E-05   2.3761E-05   0.97634
FLUX  473   581.00        5.159940E+14   2.3237E-05   2.3701E-05   0.98042
FLUX  474   583.00        5.142238E+14   2.3198E-05   2.3641E-05   0.98126
FLUX  475   585.00        5.124658E+14   2.3225E-05   2.3582E-05   0.98489
FLUX  476   587.00        5.107198E+14   2.3224E-05   2.3522E-05   0.98733
FLUX  477   589.00        5.089856E+14   2.2650E-05   2.3463E-05   0.96535
FLUX  478   591.00        5.072631E+14   2.3022E-05   2.3404E-05   0.98369
FLUX  479   593.00        5.055523E+14   2.2954E-05   2.3345E-05   0.98325
FLUX  480   595.00        5.038529E+14   2.2831E-05   2.3286E-05   0.98045
FLUX  481   597.00        5.021650E+14   2.2921E-05   2.3228E-05   0.98680
FLUX  482   599.00        5.004883E+14   2.2646E-05   2.3170E-05   0.97741
FLUX  483   601.00        4.988228E+14   2.2454E-05   2.3112E-05   0.97153
FLUX  484   603.00        4.971683E+14   2.2658E-05   2.3054E-05   0.98284
FLUX  485   605.00        4.955248E+14   2.2521E-05   2.2997E-05   0.97931
FLUX  486   607.00        4.938921E+14   2.2660E-05   2.2940E-05   0.98780
FLUX  487   609.00        4.922701E+14   2.2447E-05   2.2883E-05   0.98095
FLUX  488   611.00        4.906588E+14   2.2241E-05   2.2826E-05   0.97436
FLUX  489   613.00        4.890579E+14   2.1992E-05   2.2770E-05   0.96585
FLUX  490   615.00        4.874675E+14   2.1535E-05   2.2714E-05   0.94813
FLUX  491   617.00        4.858874E+14   2.1901E-05   2.2658E-05   0.96662
FLUX  492   619.00        4.843174E+14   2.2245E-05   2.2602E-05   0.98421
FLUX  493   621.00        4.827576E+14   2.2256E-05   2.2546E-05   0.98713
FLUX  494   623.00        4.812079E+14   2.1887E-05   2.2491E-05   0.97317
FLUX  495   625.00        4.796680E+14   2.1120E-05   2.2436E-05   0.94133
FLUX  496   627.00        4.781380E+14   2.2151E-05   2.2391E-05   0.98926
FLUX  497   629.00        4.766176E+14   2.2087E-05   2.2336E-05   0.98886
FLUX  498   631.00        4.751070E+14   2.1562E-05   2.2282E-05   0.96770
FLUX  499   633.00        4.736058E+14   2.1786E-05   2.2227E-05   0.98014
FLUX  500   635.00        4.721142E+14   2.1564E-05   2.2174E-05   0.97251
FLUX  501   637.00        4.706319E+14   2.1573E-05   2.2120E-05   0.97527
FLUX  502   639.00        4.691588E+14   2.1664E-05   2.2066E-05   0.98177
FLUX  503   641.00        4.676950E+14   2.1393E-05   2.2013E-05   0.97184
FLUX  504   643.00        4.662403E+14   2.1520E-05   2.1959E-05   0.98000
FLUX  505   645.00        4.647946E+14   2.1039E-05   2.1906E-05   0.96041
FLUX  506   647.00        4.633578E+14   2.1557E-05   2.1853E-05   0.98644
FLUX  507   649.00        4.619299E+14   2.0934E-05   2.1800E-05   0.96028
FLUX  508   651.00        4.605108E+14   2.1192E-05   2.1749E-05   0.97440
FLUX  509   653.00        4.591003E+14   2.1272E-05   2.1697E-05   0.98043
FLUX  510   655.00        4.576985E+14   1.9700E-05   2.1650E-05   0.90993
FLUX  511   657.00        4.563052E+14   1.5597E-05   2.1598E-05   0.72216
FLUX  512   659.00        4.549203E+14   2.0789E-05   2.1546E-05   0.96489
FLUX  513   661.00        4.535439E+14   2.0999E-05   2.1494E-05   0.97697
FLUX  514   663.00        4.521757E+14   2.1193E-05   2.1443E-05   0.98834
FLUX  515   665.00        4.508158E+14   2.1154E-05   2.1391E-05   0.98892
FLUX  516   667.00        4.494640E+14   2.1003E-05   2.1340E-05   0.98419
FLUX  517   669.00        4.481203E+14   2.1047E-05   2.1289E-05   0.98864
FLUX  518   671.00        4.467846E+14   2.1016E-05   2.1238E-05   0.98954
FLUX  519   673.00        4.454569E+14   2.0931E-05   2.1188E-05   0.98787
FLUX  520   675.00        4.441370E+14   2.0797E-05   2.1137E-05   0.98393
FLUX  521   677.00        4.428250E+14   2.0970E-05   2.1087E-05   0.99447
FLUX  522   679.00        4.415206E+14   2.0812E-05   2.1037E-05   0.98933
FLUX  523   681.00        4.402239E+14   2.0856E-05   2.0987E-05   0.99376
FLUX  524   683.00        4.389348E+14   2.0650E-05   2.0937E-05   0.98626
FLUX  525   685.00        4.376533E+14   2.0640E-05   2.0888E-05   0.98816
FLUX  526   687.00        4.363792E+14   2.0703E-05   2.0838E-05   0.99350
FLUX  527   689.00        4.351125E+14   2.0674E-05   2.0789E-05   0.99445
FLUX  528   691.00        4.338531E+14   2.0593E-05   2.0740E-05   0.99289
FLUX  529   693.00        4.326010E+14   2.0510E-05   2.0691E-05   0.99124
FLUX  530   695.00        4.313561E+14   2.0498E-05   2.0643E-05   0.99298
FLUX  531   697.00        4.301184E+14   2.0400E-05   2.0594E-05   0.99057
FLUX  532   699.00        4.288877E+14   2.0420E-05   2.0546E-05   0.99388
FLUX  533   701.00        4.276641E+14   2.0044E-05   2.0498E-05   0.97789
FLUX  534   703.00        4.264474E+14   2.0254E-05   2.0450E-05   0.99043
FLUX  535   705.00        4.252376E+14   2.0233E-05   2.0402E-05   0.99174
FLUX  536   707.00        4.240347E+14   2.0231E-05   2.0354E-05   0.99394
FLUX  537   709.00        4.228385E+14   2.0202E-05   2.0307E-05   0.99486
FLUX  538   711.00        4.216491E+14   1.9576E-05   2.0259E-05   0.96630
FLUX  539   713.00        4.204663E+14   1.9863E-05   2.0212E-05   0.98274
FLUX  540   715.00        4.192902E+14   1.9909E-05   2.0165E-05   0.98729
FLUX  541   717.00        4.181206E+14   1.9877E-05   2.0118E-05   0.98801
FLUX  542   719.00        4.169576E+14   1.9725E-05   2.0071E-05   0.98274
FLUX  543   721.00        4.158010E+14   1.9754E-05   2.0025E-05   0.98646
FLUX  544   723.00        4.146508E+14   1.9653E-05   1.9978E-05   0.98372
FLUX  545   725.00        4.135069E+14   1.9591E-05   1.9935E-05   0.98273
FLUX  546   727.00        4.123693E+14   1.9695E-05   1.9889E-05   0.99027
FLUX  547   729.00        4.112380E+14   1.9496E-05   1.9843E-05   0.98252
FLUX  548   731.00        4.101129E+14   1.9408E-05   1.9803E-05   0.98004
FLUX  549   733.00        4.089939E+14   1.9465E-05   1.9758E-05   0.98519
FLUX  550   735.00        4.078810E+14   1.9455E-05   1.9712E-05   0.98698
FLUX  551   737.00        4.067741E+14   1.9558E-05   1.9667E-05   0.99447
FLUX  552   739.00        4.056732E+14   1.9352E-05   1.9621E-05   0.98626
FLUX  553   741.00        4.045783E+14   1.9179E-05   1.9576E-05   0.97974
FLUX  554   743.00        4.034892E+14   1.8983E-05   1.9531E-05   0.97192
FLUX  555   745.00        4.024060E+14   1.9096E-05   1.9486E-05   0.97997
FLUX  556   747.00        4.013286E+14   1.8912E-05   1.9442E-05   0.97273
FLUX  557   749.00        4.002570E+14   1.9012E-05   1.9397E-05   0.98015
FLUX  558   751.00        3.991911E+14   1.8994E-05   1.9353E-05   0.98147
FLUX  559   753.00        3.981308E+14   1.9062E-05   1.9309E-05   0.98722
FLUX  560   755.00        3.970762E+14   1.9185E-05   1.9265E-05   0.99586
FLUX  561   757.00        3.960271E+14   1.9003E-05   1.9221E-05   0.98868
FLUX  562   759.00        3.949835E+14   1.9059E-05   1.9177E-05   0.99388
FLUX  563   761.00        3.939455E+14   1.9039E-05   1.9133E-05   0.99510
FLUX  564   763.00        3.929128E+14   1.8996E-05   1.9090E-05   0.99509
FLUX  565   765.00        3.918856E+14   1.8804E-05   1.9046E-05   0.98730
FLUX  566   767.00        3.908638E+14   1.8678E-05   1.9003E-05   0.98291
FLUX  567   769.00        3.898472E+14   1.8755E-05   1.8960E-05   0.98922
FLUX  568   771.00        3.888359E+14   1.8638E-05   1.8917E-05   0.98526
FLUX  569   773.00        3.878299E+14   1.8742E-05   1.8874E-05   0.99301
FLUX  570   775.00        3.868290E+14   1.8672E-05   1.8831E-05   0.99153
FLUX  571   777.00        3.858333E+14   1.8167E-05   1.8789E-05   0.96689
FLUX  572   779.00        3.848427E+14   1.8682E-05   1.8746E-05   0.99658
FLUX  573   781.00        3.838572E+14   1.8607E-05   1.8704E-05   0.99479
FLUX  574   783.00        3.828768E+14   1.8410E-05   1.8662E-05   0.98648
FLUX  575   785.00        3.819013E+14   1.8232E-05   1.8620E-05   0.97915
FLUX  576   787.00        3.809307E+14   1.8321E-05   1.8578E-05   0.98618
FLUX  577   789.00        3.799651E+14   1.8185E-05   1.8536E-05   0.98102
FLUX  578   791.00        3.790044E+14   1.8141E-05   1.8495E-05   0.98089
FLUX  579   793.00        3.780485E+14   1.8175E-05   1.8453E-05   0.98492
FLUX  580   795.00        3.770975E+14   1.7978E-05   1.8412E-05   0.97645
FLUX  581   797.00        3.761512E+14   1.8299E-05   1.8371E-05   0.99610
FLUX  582   799.00        3.752096E+14   1.7903E-05   1.8330E-05   0.97670
FLUX  583   801.00        3.742728E+14   1.8141E-05   1.8289E-05   0.99194
FLUX  584   803.00        3.733406E+14   1.8024E-05   1.8248E-05   0.98772
FLUX  585   805.00        3.724130E+14   1.8083E-05   1.8207E-05   0.99317
FLUX  586   807.00        3.714901E+14   1.7984E-05   1.8167E-05   0.98996
FLUX  587   809.00        3.705717E+14   1.7951E-05   1.8126E-05   0.99037
FLUX  588   811.00        3.696578E+14   1.7991E-05   1.8086E-05   0.99475
FLUX  589   813.00        3.687485E+14   1.8005E-05   1.8045E-05   0.99776
FLUX  590   815.00        3.678436E+14   1.7957E-05   1.8005E-05   0.99733
FLUX  591   817.00        3.669431E+14   1.7918E-05   1.7965E-05   0.99735
FLUX  592   819.00        3.660470E+14   1.7476E-05   1.7925E-05   0.97494
FLUX  593   821.00        3.651553E+14   1.7474E-05   2.3134E-05   0.75534
FLUX  594   823.00        3.642679E+14   1.7457E-05   2.3069E-05   0.75673
FLUX  595   825.00        3.633848E+14   1.7508E-05   2.3005E-05   0.76108
FLUX  596   827.00        3.625060E+14   1.7783E-05   2.2940E-05   0.77519
FLUX  597   829.00        3.616315E+14   1.7675E-05   2.2876E-05   0.77264
FLUX  598   831.00        3.607611E+14   1.7545E-05   2.2812E-05   0.76912
FLUX  599   833.00        3.598950E+14   1.7196E-05   2.2749E-05   0.75592
FLUX  600   835.00        3.590329E+14   1.7507E-05   2.2685E-05   0.77174
FLUX  601   837.00        3.581750E+14   1.7147E-05   2.2622E-05   0.75798
FLUX  602   839.00        3.573212E+14   1.7273E-05   2.2559E-05   0.76566
FLUX  603   841.00        3.564715E+14   1.7294E-05   2.2496E-05   0.76875
FLUX  604   843.00        3.556257E+14   1.7792E-05   2.2434E-05   0.79310
FLUX  605   845.00        3.547840E+14   1.7414E-05   2.2372E-05   0.77839
FLUX  606   847.00        3.539463E+14   1.7092E-05   2.2310E-05   0.76613
FLUX  607   849.00        3.531125E+14   1.8466E-05   2.2249E-05   0.83001
FLUX  608   851.00        3.522826E+14   1.6418E-05   2.2187E-05   0.74000
FLUX  609   853.00        3.514566E+14   1.8945E-05   2.2126E-05   0.85623
FLUX  610   855.00        3.506345E+14   1.4724E-05   2.2065E-05   0.66731
FLUX  611   857.00        3.498162E+14   1.9958E-05   2.2005E-05   0.90701
FLUX  612   859.00        3.490017E+14   1.8803E-05   2.1944E-05   0.85685
FLUX  613   861.00        3.481911E+14   1.8357E-05   2.1884E-05   0.83885
FLUX  614   863.00        3.473841E+14   2.0791E-05   2.1824E-05   0.95264
FLUX  615   865.00        3.465809E+14   2.0305E-05   2.1765E-05   0.93296
FLUX  616   867.00        3.457814E+14   1.5180E-05   2.1705E-05   0.69935
FLUX  617   869.00        3.449856E+14   2.0103E-05   2.1646E-05   0.92874
FLUX  618   871.00        3.441935E+14   2.1042E-05   2.1587E-05   0.97475
FLUX  619   873.00        3.434049E+14   2.0727E-05   2.1529E-05   0.96279
FLUX  620   875.00        3.426200E+14   1.6905E-05   2.1470E-05   0.78736
FLUX  621   877.00        3.418387E+14   2.0526E-05   2.1412E-05   0.95861
FLUX  622   879.00        3.410609E+14   2.1047E-05   2.1354E-05   0.98561
FLUX  623   881.00        3.402866E+14   2.0890E-05   2.1296E-05   0.98093
FLUX  624   883.00        3.395159E+14   2.0258E-05   2.1239E-05   0.95380
FLUX  625   885.00        3.387486E+14   1.9642E-05   2.1182E-05   0.92734
FLUX  626   887.00        3.379848E+14   1.6787E-05   2.1124E-05   0.79465
FLUX  627   889.00        3.372244E+14   2.0498E-05   2.1068E-05   0.97296
FLUX  628   891.00        3.364675E+14   2.0591E-05   2.1011E-05   0.98002
FLUX  629   893.00        3.357139E+14   2.0452E-05   2.0955E-05   0.97598
FLUX  630   895.00        3.349637E+14   2.0655E-05   2.0899E-05   0.98834
FLUX  631   897.00        3.342168E+14   2.0509E-05   2.0843E-05   0.98399
FLUX  632   899.00        3.334733E+14   2.0270E-05   2.0787E-05   0.97510
FLUX  633   901.00        3.327331E+14   1.7062E-05   2.0732E-05   0.82301
FLUX  634   903.00        3.319961E+14   1.8927E-05   2.0677E-05   0.91540
FLUX  635   905.00        3.312624E+14   2.0303E-05   2.0622E-05   0.98454
FLUX  636   907.00        3.305320E+14   1.9617E-05   2.0567E-05   0.95383
FLUX  637   909.00        3.298047E+14   1.9395E-05   2.0512E-05   0.94551
FLUX  638   911.00        3.290807E+14   1.9883E-05   2.0458E-05   0.97190
FLUX  639   913.00        3.283598E+14   2.0060E-05   2.0404E-05   0.98317
FLUX  640   915.00        3.276421E+14   2.0231E-05   2.0350E-05   0.99413
FLUX  641   917.00        3.269275E+14   2.0026E-05   2.0296E-05   0.98668
FLUX  642   919.00        3.262160E+14   1.9727E-05   2.0243E-05   0.97451
FLUX  643   921.00        3.255076E+14   1.9277E-05   2.0190E-05   0.95480
FLUX  644   923.00        3.248023E+14   1.5693E-05   2.0136E-05   0.77935
FLUX  645   925.00        3.241000E+14   1.8745E-05   2.0084E-05   0.93336
FLUX  646   927.00        3.234008E+14   1.9040E-05   2.0031E-05   0.95051
FLUX  647   929.00        3.227045E+14   1.9760E-05   1.9979E-05   0.98908
FLUX  648   931.00        3.220113E+14   1.9773E-05   1.9926E-05   0.99233
FLUX  649   933.00        3.213210E+14   1.9616E-05   1.9874E-05   0.98700
FLUX  650   935.00        3.206337E+14   1.9688E-05   1.9823E-05   0.99322
FLUX  651   937.00        3.199493E+14   1.9705E-05   1.9771E-05   0.99664
FLUX  652   939.00        3.192678E+14   1.9368E-05   1.9720E-05   0.98217
FLUX  653   941.00        3.185893E+14   1.8622E-05   1.9668E-05   0.94679
FLUX  654   943.00        3.179136E+14   1.9204E-05   1.9617E-05   0.97891
FLUX  655   945.00        3.172407E+14   1.9247E-05   1.9567E-05   0.98367
FLUX  656   947.00        3.165707E+14   1.9311E-05   1.9516E-05   0.98950
FLUX  657   949.00        3.159036E+14   1.9372E-05   1.9466E-05   0.99521
FLUX  658   951.00        3.152392E+14   1.9191E-05   1.9415E-05   0.98843
FLUX  659   953.00        3.145776E+14   1.8728E-05   1.9365E-05   0.96707
FLUX  660   955.00        3.139188E+14   1.5420E-05   1.9315E-05   0.79834
FLUX  661   957.00        3.132628E+14   1.8733E-05   1.9266E-05   0.97233
FLUX  662   959.00        3.126095E+14   1.9046E-05   1.9216E-05   0.99116
FLUX  663   961.00        3.119589E+14   1.8799E-05   1.9167E-05   0.98081
FLUX  664   963.00        3.113110E+14   1.8412E-05   1.9118E-05   0.96309
FLUX  665   965.00        3.106658E+14   1.8795E-05   1.9069E-05   0.98564
FLUX  666   967.00        3.100233E+14   1.8473E-05   1.9020E-05   0.97124
FLUX  667   969.00        3.093834E+14   1.8452E-05   1.8971E-05   0.97261
FLUX  668   971.00        3.087461E+14   1.8860E-05   1.8923E-05   0.99666
FLUX  669   973.00        3.081115E+14   1.8743E-05   1.8875E-05   0.99302
FLUX  670   975.00        3.074795E+14   1.8461E-05   1.8827E-05   0.98059
FLUX  671   977.00        3.068501E+14   1.8706E-05   1.8779E-05   0.99610
FLUX  672   979.00        3.062232E+14   1.8629E-05   1.8731E-05   0.99456
FLUX  673   981.00        3.055989E+14   1.8525E-05   1.8684E-05   0.99150
FLUX  674   983.00        3.049771E+14   1.8440E-05   1.8636E-05   0.98943
FLUX  675   985.00        3.043579E+14   1.8207E-05   1.8589E-05   0.97941
FLUX  676   987.00        3.037411E+14   1.8241E-05   1.8542E-05   0.98375
FLUX  677   989.00        3.031269E+14   1.8097E-05   1.8496E-05   0.97846
FLUX  678   991.00        3.025151E+14   1.8148E-05   1.8449E-05   0.98370
FLUX  679   993.00        3.019058E+14   1.8206E-05   1.8403E-05   0.98934
FLUX  680   995.00        3.012990E+14   1.8096E-05   1.8356E-05   0.98583
FLUX  681   997.00        3.006946E+14   1.8201E-05   1.8310E-05   0.99401
FLUX  682   999.00        3.000926E+14   1.8138E-05   1.8264E-05   0.99308
FLUX  683  1002.50        2.990449E+14   1.7424E-05   1.8184E-05   0.95816
FLUX  684  1007.50        2.975608E+14   1.6695E-05   1.8071E-05   0.92386
FLUX  685  1012.50        2.960914E+14   1.7482E-05   1.7959E-05   0.97344
FLUX  686  1017.50        2.946364E+14   1.7596E-05   1.7848E-05   0.98591
FLUX  687  1022.50        2.931956E+14   1.7613E-05   1.7738E-05   0.99298
FLUX  688  1027.50        2.917689E+14   1.7562E-05   1.7629E-05   0.99623
FLUX  689  1032.50        2.903559E+14   1.7304E-05   1.7521E-05   0.98764
FLUX  690  1037.50        2.889566E+14   1.7262E-05   1.7413E-05   0.99129
FLUX  691  1042.50        2.875707E+14   1.7179E-05   1.7307E-05   0.99258
FLUX  692  1047.50        2.861981E+14   1.6744E-05   1.7202E-05   0.97338
FLUX  693  1052.50        2.848385E+14   1.6737E-05   1.7098E-05   0.97893
FLUX  694  1057.50        2.834917E+14   1.6759E-05   1.6994E-05   0.98618
FLUX  695  1062.50        2.821576E+14   1.6698E-05   1.6892E-05   0.98853
FLUX  696  1067.50        2.808361E+14   1.6246E-05   1.6790E-05   0.96759
FLUX  697  1072.50        2.795268E+14   1.6371E-05   1.6690E-05   0.98088
FLUX  698  1077.50        2.782297E+14   1.6295E-05   1.6590E-05   0.98222
FLUX  699  1082.50        2.769446E+14   1.6225E-05   1.6491E-05   0.98383
FLUX  700  1087.50        2.756713E+14   1.6147E-05   1.6393E-05   0.98499
FLUX  701  1092.50        2.744096E+14   1.4705E-05   1.6296E-05   0.90235
FLUX  702  1097.50        2.731595E+14   1.5725E-05   1.6200E-05   0.97071
FLUX  703  1102.50        2.719206E+14   1.6023E-05   1.6104E-05   0.99493
FLUX  704  1107.50        2.706930E+14   1.5958E-05   1.6010E-05   0.99674
FLUX  705  1112.50        2.694764E+14   1.5781E-05   1.5916E-05   0.99153
FLUX  706  1117.50        2.682707E+14   1.5713E-05   1.5823E-05   0.99306
FLUX  707  1122.50        2.670757E+14   1.5668E-05   1.5731E-05   0.99596
FLUX  708  1127.50        2.658914E+14   1.5154E-05   1.5640E-05   0.96893
FLUX  709  1132.50        2.647174E+14   1.5123E-05   1.5549E-05   0.97259
FLUX  710  1137.50        2.635538E+14   1.5269E-05   1.5459E-05   0.98769
FLUX  711  1142.50        2.624004E+14   1.5043E-05   1.5370E-05   0.97870
FLUX  712  1147.50        2.612571E+14   1.5221E-05   1.5282E-05   0.99603
FLUX  713  1152.50        2.601236E+14   1.5157E-05   1.5194E-05   0.99753
FLUX  714  1157.50        2.590000E+14   1.5012E-05   1.5108E-05   0.99370
FLUX  715  1162.50        2.578860E+14   1.4677E-05   1.5021E-05   0.97707
FLUX  716  1167.50        2.567816E+14   1.4515E-05   1.4936E-05   0.97182
FLUX  717  1172.50        2.556866E+14   1.4794E-05   1.4851E-05   0.99614
FLUX  718  1177.50        2.546008E+14   1.4379E-05   1.4767E-05   0.97367
FLUX  719  1182.50        2.535243E+14   1.4420E-05   1.4684E-05   0.98203
FLUX  720  1187.50        2.524568E+14   1.4240E-05   1.4601E-05   0.97527
FLUX  721  1192.50        2.513983E+14   1.4509E-05   1.4519E-05   0.99928
FLUX  722  1197.50        2.503486E+14   1.4206E-05   1.4438E-05   0.98393
FLUX  723  1202.50        2.493077E+14   1.4245E-05   1.4358E-05   0.99213
FLUX  724  1207.50        2.482754E+14   1.4114E-05   1.4278E-05   0.98850
FLUX  725  1212.50        2.472515E+14   1.4055E-05   1.4198E-05   0.98992
FLUX  726  1217.50        2.462361E+14   1.4034E-05   1.4120E-05   0.99396
FLUX  727  1222.50        2.452290E+14   1.3912E-05   1.4042E-05   0.99073
FLUX  728  1227.50        2.442301E+14   1.3823E-05   1.3964E-05   0.98986
FLUX  729  1232.50        2.432394E+14   1.3765E-05   1.3887E-05   0.99118
FLUX  730  1237.50        2.422566E+14   1.3717E-05   1.3811E-05   0.99318
FLUX  731  1242.50        2.412817E+14   1.3699E-05   1.3736E-05   0.99731
FLUX  732  1247.50        2.403146E+14   1.3543E-05   1.3661E-05   0.99139
FLUX  733  1252.50        2.393553E+14   1.3476E-05   1.3586E-05   0.99189
FLUX  734  1257.50        2.384036E+14   1.3289E-05   1.3512E-05   0.98348
FLUX  735  1262.50        2.374594E+14   1.3318E-05   1.3439E-05   0.99102
FLUX  736  1267.50        2.365227E+14   1.3306E-05   1.3366E-05   0.99545
FLUX  737  1272.50        2.355933E+14   1.3273E-05   1.3294E-05   0.99840
FLUX  738  1277.50        2.346712E+14   1.3136E-05   1.3223E-05   0.99346
FLUX  739  1282.50        2.337563E+14   1.1954E-05   1.3152E-05   0.90889
FLUX  740  1287.50        2.328485E+14   1.3000E-05   1.3081E-05   0.99379
FLUX  741  1292.50        2.319478E+14   1.2941E-05   1.3011E-05   0.99461
FLUX  742  1297.50        2.310539E+14   1.2886E-05   1.2942E-05   0.99570
FLUX  743  1302.50        2.301670E+14   1.2842E-05   1.2873E-05   0.99754
FLUX  744  1307.50        2.292868E+14   1.2789E-05   1.2805E-05   0.99872
FLUX  745  1312.50        2.284133E+14   1.2690E-05   1.2737E-05   0.99633
FLUX  746  1317.50        2.275465E+14   1.2545E-05   1.2670E-05   0.99014
FLUX  747  1322.50        2.266862E+14   1.2574E-05   1.2603E-05   0.99769
FLUX  748  1327.50        2.258324E+14   1.2500E-05   1.2537E-05   0.99704
FLUX  749  1332.50        2.249850E+14   1.2448E-05   1.2471E-05   0.99811
FLUX  750  1337.50        2.241439E+14   1.2381E-05   1.2406E-05   0.99802
FLUX  751  1342.50        2.233091E+14   1.2295E-05   1.2341E-05   0.99625
FLUX  752  1347.50        2.224805E+14   1.2237E-05   1.2277E-05   0.99678
FLUX  753  1352.50        2.216580E+14   1.2126E-05   1.2213E-05   0.99283
FLUX  754  1357.50        2.208416E+14   1.2045E-05   1.2150E-05   0.99135
FLUX  755  1362.50        2.200312E+14   1.2037E-05   1.2087E-05   0.99589
FLUX  756  1367.50        2.192267E+14   1.1936E-05   1.2025E-05   0.99262
FLUX  757  1372.50        2.184281E+14   1.1750E-05   1.1963E-05   0.98222
FLUX  758  1377.50        2.176352E+14   1.1809E-05   1.1901E-05   0.99231
FLUX  759  1382.50        2.168481E+14   1.1767E-05   1.1840E-05   0.99381
FLUX  760  1387.50        2.160667E+14   1.1767E-05   1.1779E-05   0.99891
FLUX  761  1392.50        2.152908E+14   1.1620E-05   1.1719E-05   0.99157
FLUX  762  1397.50        2.145206E+14   1.1604E-05   1.1659E-05   0.99523
FLUX  763  1402.50        2.137558E+14   1.1558E-05   1.1600E-05   0.99637
FLUX  764  1407.50        2.129964E+14   1.1526E-05   1.1541E-05   0.99864
FLUX  765  1412.50        2.122425E+14   1.1430E-05   1.1483E-05   0.99537
FLUX  766  1417.50        2.114938E+14   1.1384E-05   1.1425E-05   0.99642
FLUX  767  1422.50        2.107504E+14   1.1315E-05   1.1367E-05   0.99538
FLUX  768  1427.50        2.100123E+14   1.1248E-05   1.1310E-05   0.99453
FLUX  769  1432.50        2.092792E+14   1.1210E-05   1.1253E-05   0.99611
FLUX  770  1437.50        2.085513E+14   1.1183E-05   1.1197E-05   0.99880
FLUX  771  1442.50        2.078284E+14   1.0843E-05   1.1141E-05   0.97329
FLUX  772  1447.50        2.071105E+14   1.1040E-05   1.1085E-05   0.99587
FLUX  773  1452.50        2.063976E+14   1.0830E-05   1.1030E-05   0.98185
FLUX  774  1457.00        2.057601E+14   1.0930E-05   1.0981E-05   0.99542
FLUX  775  1462.00        2.050564E+14   1.0838E-05   1.1742E-05   0.92298
FLUX  776  1467.50        2.042879E+14   1.0840E-05   1.1676E-05   0.92839
FLUX  777  1472.50        2.035942E+14   1.0740E-05   1.1616E-05   0.92453
FLUX  778  1477.50        2.029052E+14   1.0638E-05   1.1557E-05   0.92045
FLUX  779  1482.50        2.022209E+14   1.0633E-05   1.1498E-05   0.92479
FLUX  780  1487.50        2.015412E+14   1.0523E-05   1.1440E-05   0.91988
FLUX  781  1492.50        2.008660E+14   1.0592E-05   1.1381E-05   0.93060
FLUX  782  1497.50        2.001953E+14   1.0491E-05   1.1324E-05   0.92646
FLUX  783  1502.50        1.995291E+14   1.0359E-05   1.1266E-05   0.91949
FLUX  784  1507.50        1.988673E+14   1.0297E-05   1.1210E-05   0.91861
FLUX  785  1512.50        1.982099E+14   1.0308E-05   1.1153E-05   0.92424
FLUX  786  1517.50        1.975568E+14   1.0279E-05   1.1097E-05   0.92632
FLUX  787  1522.50        1.969080E+14   1.0385E-05   1.1041E-05   0.94057
FLUX  788  1527.50        1.962635E+14   1.0108E-05   1.0986E-05   0.92010
FLUX  789  1532.50        1.956232E+14   1.0093E-05   1.0931E-05   0.92330
FLUX  790  1537.50        1.949870E+14   1.0300E-05   1.0876E-05   0.94698
FLUX  791  1542.50        1.943549E+14   9.8641E-06   1.0822E-05   0.91147
FLUX  792  1547.50        1.937270E+14   1.0249E-05   1.0768E-05   0.95173
FLUX  793  1552.50        1.931031E+14   1.0285E-05   1.0715E-05   0.95990
FLUX  794  1557.50        1.924831E+14   9.7235E-06   1.0662E-05   0.91200
FLUX  795  1562.50        1.918672E+14   1.0315E-05   1.0609E-05   0.97233
FLUX  796  1567.50        1.912552E+14   1.0090E-05   1.0556E-05   0.95583
FLUX  797  1572.50        1.906471E+14   9.6538E-06   1.0504E-05   0.91902
FLUX  798  1577.50        1.900428E+14   1.0147E-05   1.0453E-05   0.97077
FLUX  799  1582.50        1.894423E+14   1.0202E-05   1.0401E-05   0.98084
FLUX  800  1587.50        1.888457E+14   9.3152E-06   1.0350E-05   0.90001
FLUX  801  1592.50        1.882527E+14   1.0095E-05   1.0299E-05   0.98020
FLUX  802  1597.50        1.876635E+14   1.0150E-05   1.0249E-05   0.99031
FLUX  803  1605.00        1.867866E+14   1.0010E-05   1.0174E-05   0.98393
FLUX  804  1615.00        1.856300E+14   9.5757E-06   1.0075E-05   0.95046
FLUX  805  1625.00        1.844877E+14   9.9443E-06   9.9768E-06   0.99674
FLUX  806  1635.00        1.833593E+14   9.7353E-06   9.8798E-06   0.98537
FLUX  807  1645.00        1.822447E+14   9.2818E-06   9.7837E-06   0.94870
FLUX  808  1655.00        1.811435E+14   9.6386E-06   9.6887E-06   0.99483
FLUX  809  1665.00        1.800556E+14   9.5522E-06   9.5951E-06   0.99554
FLUX  810  1675.00        1.789806E+14   9.3773E-06   9.5028E-06   0.98680
FLUX  811  1685.00        1.779184E+14   8.9473E-06   9.4118E-06   0.95064
FLUX  812  1695.00        1.768687E+14   9.2883E-06   9.3221E-06   0.99637
FLUX  813  1705.00        1.758314E+14   9.1450E-06   9.2337E-06   0.99039
FLUX  814  1715.00        1.748061E+14   9.1158E-06   9.1466E-06   0.99663
FLUX  815  1725.00        1.737928E+14   8.9562E-06   9.0607E-06   0.98847
FLUX  816  1735.00        1.727911E+14   8.4370E-06   8.9760E-06   0.93995
FLUX  817  1745.00        1.718009E+14   8.7369E-06   8.8924E-06   0.98251
FLUX  818  1755.00        1.708219E+14   8.7103E-06   8.8100E-06   0.98868
FLUX  819  1765.00        1.698541E+14   8.6223E-06   8.7288E-06   0.98780
FLUX  820  1775.00        1.688972E+14   8.5735E-06   8.6486E-06   0.99131
FLUX  821  1785.00        1.679510E+14   8.4806E-06   8.5696E-06   0.98961
FLUX  822  1795.00        1.670153E+14   8.4686E-06   8.4917E-06   0.99729
FLUX  823  1805.00        1.660900E+14   8.3225E-06   8.4148E-06   0.98903
FLUX  824  1815.00        1.651749E+14   7.9226E-06   8.3389E-06   0.95007
FLUX  825  1825.00        1.642699E+14   8.1573E-06   8.2641E-06   0.98707
FLUX  826  1835.00        1.633747E+14   8.1509E-06   8.1904E-06   0.99518
FLUX  827  1845.00        1.624892E+14   8.0810E-06   8.1176E-06   0.99550
FLUX  828  1855.00        1.616132E+14   7.9725E-06   8.0458E-06   0.99090
FLUX  829  1865.00        1.607466E+14   7.9308E-06   7.9749E-06   0.99447
FLUX  830  1875.00        1.598893E+14   7.4514E-06   7.9050E-06   0.94263
FLUX  831  1885.00        1.590411E+14   7.7674E-06   7.8360E-06   0.99125
FLUX  832  1895.00        1.582018E+14   7.6654E-06   7.7679E-06   0.98681
FLUX  833  1905.00        1.573714E+14   7.6888E-06   7.7007E-06   0.99846
FLUX  834  1915.00        1.565496E+14   7.6161E-06   7.6343E-06   0.99761
FLUX  835  1925.00        1.557364E+14   7.5452E-06   7.5688E-06   0.99688
FLUX  836  1935.00        1.549315E+14   7.4732E-06   7.5042E-06   0.99588
FLUX  837  1945.00        1.541350E+14   7.0646E-06   7.4404E-06   0.94949
FLUX  838  1955.00        1.533465E+14   7.3557E-06   7.3773E-06   0.99707
FLUX  839  1965.00        1.525662E+14   7.2989E-06   7.3151E-06   0.99778
FLUX  840  1975.00        1.517937E+14   7.2118E-06   7.2537E-06   0.99423
FLUX  841  1985.00        1.510290E+14   7.1757E-06   7.1931E-06   0.99758
FLUX  842  1995.00        1.502719E+14   7.1170E-06   7.1332E-06   0.99773
FLUX  843  2005.00        1.495224E+14   7.0641E-06   7.0740E-06   0.99860
FLUX  844  2015.00        1.487804E+14   7.0107E-06   7.0156E-06   0.99930
FLUX  845  2025.00        1.480457E+14   6.9418E-06   6.9579E-06   0.99768
FLUX  846  2035.00        1.473182E+14   6.8769E-06   6.9009E-06   0.99652
FLUX  847  2045.00        1.465978E+14   6.8412E-06   6.8447E-06   0.99950
FLUX  848  2055.00        1.458844E+14   6.7817E-06   6.7891E-06   0.99891
FLUX  849  2065.00        1.451780E+14   6.7105E-06   6.7341E-06   0.99649
FLUX  850  2075.00        1.444783E+14   6.6604E-06   6.6799E-06   0.99708
FLUX  851  2085.00        1.437854E+14   6.6130E-06   6.6262E-06   0.99799
FLUX  852  2095.00        1.430990E+14   6.5573E-06   6.5733E-06   0.99757
FLUX  853  2105.00        1.424192E+14   6.5024E-06   6.5209E-06   0.99716
FLUX  854  2115.00        1.417459E+14   6.4287E-06   6.4692E-06   0.99374
FLUX  855  2125.00        1.410788E+14   6.3863E-06   6.4181E-06   0.99506
FLUX  856  2135.00        1.404180E+14   6.3294E-06   6.3675E-06   0.99402
FLUX  857  2145.00        1.397634E+14   6.3057E-06   6.3176E-06   0.99811
FLUX  858  2155.00        1.391148E+14   6.2606E-06   6.2683E-06   0.99877
FLUX  859  2165.00        1.384723E+14   5.9221E-06   6.2195E-06   0.95218
FLUX  860  2175.00        1.378356E+14   6.1433E-06   6.1713E-06   0.99547
FLUX  861  2185.00        1.372048E+14   6.1085E-06   6.1237E-06   0.99752
FLUX  862  2195.00        1.365797E+14   6.0746E-06   6.0766E-06   0.99967
FLUX  863  2205.00        1.359603E+14   6.0060E-06   6.0301E-06   0.99601
FLUX  864  2215.00        1.353465E+14   5.9531E-06   5.9841E-06   0.99483
FLUX  865  2225.00        1.347382E+14   5.9352E-06   5.9386E-06   0.99942
FLUX  866  2235.00        1.341353E+14   5.8887E-06   5.8937E-06   0.99916
FLUX  867  2245.00        1.335379E+14   5.8461E-06   5.8492E-06   0.99946
FLUX  868  2255.00        1.329457E+14   5.7719E-06   5.8053E-06   0.99425
FLUX  869  2265.00        1.323587E+14   5.7499E-06   5.7618E-06   0.99792
FLUX  870  2275.00        1.317769E+14   5.7105E-06   5.7189E-06   0.99853
FLUX  871  2285.00        1.312002E+14   5.6703E-06   5.8239E-06   0.97363
FLUX  872  2295.00        1.306285E+14   5.6190E-06   5.7801E-06   0.97213
FLUX  873  2305.00        1.300618E+14   5.5931E-06   5.7369E-06   0.97493
FLUX  874  2315.00        1.295000E+14   5.5489E-06   5.6942E-06   0.97450
FLUX  875  2325.00        1.289430E+14   5.5155E-06   5.6519E-06   0.97587
FLUX  876  2335.00        1.283908E+14   5.4722E-06   5.6101E-06   0.97543
FLUX  877  2345.00        1.278433E+14   5.4333E-06   5.5687E-06   0.97568
FLUX  878  2355.00        1.273004E+14   5.3944E-06   5.5278E-06   0.97586
FLUX  879  2365.00        1.267622E+14   5.3537E-06   5.4874E-06   0.97563
FLUX  880  2375.00        1.262284E+14   5.3144E-06   5.4474E-06   0.97560
FLUX  881  2385.00        1.256992E+14   5.2734E-06   5.4078E-06   0.97515
FLUX  882  2395.00        1.251743E+14   5.2339E-06   5.3686E-06   0.97491
FLUX  883  2405.00        1.246538E+14   5.1840E-06   5.3299E-06   0.97263
FLUX  884  2415.00        1.241377E+14   5.1402E-06   5.2916E-06   0.97139
FLUX  885  2425.00        1.236258E+14   5.1537E-06   5.2537E-06   0.98096
FLUX  886  2435.00        1.231181E+14   5.0622E-06   5.2162E-06   0.97048
FLUX  887  2445.00        1.226145E+14   5.0219E-06   5.1791E-06   0.96964
FLUX  888  2455.00        1.221151E+14   5.0429E-06   5.1425E-06   0.98064
FLUX  889  2465.00        1.216197E+14   4.9752E-06   5.1062E-06   0.97434
FLUX  890  2475.00        1.211283E+14   4.9434E-06   5.0703E-06   0.97498
FLUX  891  2485.00        1.206408E+14   4.9574E-06   5.0347E-06   0.98464
FLUX  892  2495.00        1.201573E+14   4.7857E-06   4.9996E-06   0.95721
FLUX  893  2505.00        1.196776E+14   4.9115E-06   4.9648E-06   0.98927
FLUX  894  2515.00        1.192018E+14   4.8762E-06   4.9304E-06   0.98902
FLUX  895  2525.00        1.187297E+14   4.6870E-06   4.8963E-06   0.95725
FLUX  896  2535.00        1.182613E+14   4.8146E-06   4.8626E-06   0.99013
FLUX  897  2545.00        1.177967E+14   4.7902E-06   4.8292E-06   0.99191
FLUX  898  2555.00        1.173356E+14   4.7430E-06   4.7962E-06   0.98891
FLUX  899  2565.00        1.168782E+14   4.5355E-06   4.7635E-06   0.95213
FLUX  900  2575.00        1.164243E+14   4.6880E-06   4.7312E-06   0.99086
FLUX  901  2585.00        1.159739E+14   4.6563E-06   4.6992E-06   0.99087
FLUX  902  2595.00        1.155270E+14   4.6496E-06   4.6675E-06   0.99617
FLUX  903  2605.00        1.150835E+14   4.5985E-06   4.6361E-06   0.99188
FLUX  904  2615.00        1.146434E+14   4.3897E-06   4.6051E-06   0.95324
FLUX  905  2625.00        1.142067E+14   4.3269E-06   4.5743E-06   0.94591
FLUX  906  2635.00        1.137732E+14   4.5173E-06   4.5439E-06   0.99415
FLUX  907  2645.00        1.133431E+14   4.5040E-06   4.5137E-06   0.99783
FLUX  908  2655.00        1.129162E+14   4.4679E-06   4.4839E-06   0.99644
FLUX  909  2665.00        1.124925E+14   4.4205E-06   4.4544E-06   0.99239
FLUX  910  2675.00        1.120720E+14   4.2119E-06   4.4251E-06   0.95182
FLUX  911  2685.00        1.116546E+14   4.3793E-06   4.3961E-06   0.99617
FLUX  912  2695.00        1.112403E+14   4.3637E-06   4.3675E-06   0.99914
FLUX  913  2705.00        1.108290E+14   4.3271E-06   4.3391E-06   0.99724
FLUX  914  2715.00        1.104208E+14   4.3085E-06   4.3109E-06   0.99943
FLUX  915  2725.00        1.100156E+14   4.2795E-06   4.2831E-06   0.99917
FLUX  916  2735.00        1.096133E+14   4.2508E-06   4.2555E-06   0.99890
FLUX  917  2745.00        1.092140E+14   4.2260E-06   4.2282E-06   0.99948
FLUX  918  2755.00        1.088176E+14   4.0225E-06   4.2012E-06   0.95747
FLUX  919  2765.00        1.084241E+14   4.1225E-06   4.1744E-06   0.98757
FLUX  920  2775.00        1.080333E+14   4.1438E-06   4.1478E-06   0.99903
FLUX  921  2785.00        1.076454E+14   4.1188E-06   4.1215E-06   0.99933
FLUX  922  2795.00        1.072603E+14   4.0951E-06   4.0955E-06   0.99989
FLUX  923  2805.00        1.068779E+14   4.0684E-06   4.0697E-06   0.99967
FLUX  924  2815.00        1.064982E+14   4.0412E-06   4.0442E-06   0.99928
FLUX  925  2825.00        1.061212E+14   4.0157E-06   4.0188E-06   0.99923
FLUX  926  2835.00        1.057469E+14   3.9933E-06   3.9938E-06   0.99987
FLUX  927  2845.00        1.053752E+14   3.9598E-06   3.9689E-06   0.99770
FLUX  928  2855.00        1.050061E+14   3.9430E-06   3.9443E-06   0.99967
FLUX  929  2865.00        1.046396E+14   3.9021E-06   3.9199E-06   0.99545
FLUX  930  2875.00        1.042757E+14   3.7194E-06   3.8958E-06   0.95472
FLUX  931  2885.00        1.039142E+14   3.8644E-06   3.8718E-06   0.99808
FLUX  932  2895.00        1.035553E+14   3.8383E-06   3.8481E-06   0.99744
FLUX  933  2905.00        1.031988E+14   3.8233E-06   3.8246E-06   0.99966
FLUX  934  2915.00        1.028448E+14   3.7884E-06   3.8013E-06   0.99660
FLUX  935  2925.00        1.024932E+14   3.7725E-06   3.7782E-06   0.99849
FLUX  936  2935.00        1.021440E+14   3.7535E-06   3.7554E-06   0.99951
FLUX  937  2945.00        1.017971E+14   3.7302E-06   3.7327E-06   0.99932
FLUX  938  2955.00        1.014526E+14   3.7091E-06   3.7103E-06   0.99969
FLUX  939  2965.00        1.011105E+14   3.6869E-06   3.6880E-06   0.99970
FLUX  940  2975.00        1.007706E+14   3.6642E-06   3.6660E-06   0.99953
FLUX  941  2985.00        1.004330E+14   3.6432E-06   3.6441E-06   0.99975
FLUX  942  2995.00        1.000977E+14   3.6186E-06   3.6224E-06   0.99895
FLUX  943  3005.00        9.976456E+13   3.5966E-06   3.6010E-06   0.99879
FLUX  944  3015.00        9.943367E+13   3.5740E-06   3.5797E-06   0.99842
FLUX  945  3025.00        9.910496E+13   3.5558E-06   3.5586E-06   0.99921
FLUX  946  3035.00        9.877842E+13   3.4120E-06   3.5377E-06   0.96446
FLUX  947  3045.00        9.845402E+13   3.4690E-06   3.5170E-06   0.98633
FLUX  948  3055.00        9.813175E+13   3.4918E-06   3.4965E-06   0.99865
FLUX  949  3065.00        9.781158E+13   3.4725E-06   3.4761E-06   0.99895
FLUX  950  3075.00        9.749350E+13   3.4520E-06   3.4559E-06   0.99886
FLUX  951  3085.00        9.717747E+13   3.4221E-06   3.4359E-06   0.99598
FLUX  952  3095.00        9.686349E+13   3.4090E-06   3.4161E-06   0.99793
FLUX  953  3105.00        9.655153E+13   3.3884E-06   3.3965E-06   0.99764
FLUX  954  3115.00        9.624157E+13   3.3595E-06   3.3770E-06   0.99482
FLUX  955  3125.00        9.593360E+13   3.3484E-06   3.3576E-06   0.99726
FLUX  956  3135.00        9.562759E+13   3.3283E-06   3.3385E-06   0.99695
FLUX  957  3145.00        9.532353E+13   3.3101E-06   3.3195E-06   0.99716
FLUX  958  3155.00        9.502139E+13   3.2964E-06   3.3007E-06   0.99870
FLUX  959  3165.00        9.472117E+13   3.2806E-06   3.2820E-06   0.99958
FLUX  960  3175.00        9.442283E+13   3.2557E-06   3.2635E-06   0.99762
FLUX  961  3185.00        9.412637E+13   3.2439E-06   3.2451E-06   0.99963
FLUX  962  3195.00        9.383177E+13   3.2241E-06   3.2269E-06   0.99911
FLUX  963  3210.00        9.339330E+13   3.1968E-06   3.1999E-06   0.99904
FLUX  964  3230.00        9.281502E+13   3.1637E-06   3.1644E-06   0.99978
FLUX  965  3250.00        9.224385E+13   3.1283E-06   3.1295E-06   0.99961
FLUX  966  3270.00        9.167966E+13   3.0928E-06   3.0952E-06   0.99923
FLUX  967  3290.00        9.112234E+13   2.9726E-06   3.0943E-06   0.96066
FLUX  968  3310.00        9.057175E+13   3.0008E-06   3.0605E-06   0.98049
FLUX  969  3330.00        9.002778E+13   2.9773E-06   3.0273E-06   0.98347
FLUX  970  3350.00        8.949030E+13   2.9495E-06   2.9946E-06   0.98494
FLUX  971  3370.00        8.895920E+13   2.9115E-06   2.9625E-06   0.98280
FLUX  972  3390.00        8.843437E+13   2.8816E-06   2.9308E-06   0.98321
FLUX  973  3410.00        8.791569E+13   2.8521E-06   2.8997E-06   0.98360
FLUX  974  3430.00        8.740306E+13   2.8273E-06   2.8690E-06   0.98546
FLUX  975  3450.00        8.689638E+13   2.8034E-06   2.8389E-06   0.98749
FLUX  976  3470.00        8.639553E+13   2.7730E-06   2.8092E-06   0.98711
FLUX  977  3490.00        8.590043E+13   2.7453E-06   2.7799E-06   0.98754
FLUX  978  3510.00        8.541097E+13   2.7179E-06   2.7512E-06   0.98791
FLUX  979  3530.00        8.492705E+13   2.6896E-06   2.7228E-06   0.98778
FLUX  980  3550.00        8.444859E+13   2.6596E-06   2.6949E-06   0.98689
FLUX  981  3570.00        8.397549E+13   2.6280E-06   2.6675E-06   0.98521
FLUX  982  3590.00        8.350766E+13   2.6162E-06   2.6404E-06   0.99083
FLUX  983  3610.00        8.304501E+13   2.5726E-06   2.6138E-06   0.98425
FLUX  984  3630.00        8.258747E+13   2.5674E-06   2.5875E-06   0.99223
FLUX  985  3650.00        8.213493E+13   2.5183E-06   2.5617E-06   0.98308
FLUX  986  3670.00        8.168733E+13   2.5164E-06   2.5362E-06   0.99220
FLUX  987  3690.00        8.124458E+13   2.4580E-06   2.5111E-06   0.97885
FLUX  988  3710.00        8.080660E+13   2.4652E-06   2.4864E-06   0.99149
FLUX  989  3730.00        8.037332E+13   2.4183E-06   2.4620E-06   0.98225
FLUX  990  3750.00        7.994467E+13   2.3439E-06   2.4380E-06   0.96140
FLUX  991  3770.00        7.952056E+13   2.3963E-06   2.4144E-06   0.99251
FLUX  992  3790.00        7.910092E+13   2.3766E-06   2.3910E-06   0.99397
FLUX  993  3810.00        7.868570E+13   2.3264E-06   2.3681E-06   0.98239
FLUX  994  3830.00        7.827480E+13   2.3202E-06   2.3454E-06   0.98926
FLUX  995  3850.00        7.786818E+13   2.3135E-06   2.3231E-06   0.99588
FLUX  996  3870.00        7.746576E+13   2.2874E-06   2.3011E-06   0.99405
FLUX  997  3890.00        7.706748E+13   2.2647E-06   2.2794E-06   0.99356
FLUX  998  3910.00        7.667327E+13   2.2031E-06   2.2580E-06   0.97567
FLUX  999  3930.00        7.628308E+13   2.2321E-06   2.2369E-06   0.99786
FLUX 1000  3950.00        7.589684E+13   2.2111E-06   2.2161E-06   0.99775
FLUX 1001  3970.00        7.551448E+13   2.1927E-06   2.1956E-06   0.99870
FLUX 1002  3990.00        7.513596E+13   2.1654E-06   2.1754E-06   0.99543
FLUX 1003  4010.00        7.476122E+13   2.1319E-06   2.1554E-06   0.98909
FLUX 1004  4030.00        7.439020E+13   2.0964E-06   2.1358E-06   0.98157
FLUX 1005  4050.00        7.402284E+13   2.0620E-06   2.1164E-06   0.97429
FLUX 1006  4070.00        7.365909E+13   2.0938E-06   2.0972E-06   0.99834
FLUX 1007  4090.00        7.329890E+13   2.0720E-06   2.0783E-06   0.99694
FLUX 1008  4110.00        7.294221E+13   2.0587E-06   2.0597E-06   0.99952
FLUX 1009  4130.00        7.258898E+13   2.0401E-06   2.0413E-06   0.99941
FLUX 1010  4150.00        7.223916E+13   2.0197E-06   2.0232E-06   0.99826
FLUX 1011  4170.00        7.189269E+13   1.9548E-06   2.0053E-06   0.97483
FLUX 1012  4190.00        7.154952E+13   1.9829E-06   1.9876E-06   0.99759
FLUX 1013  4210.00        7.120962E+13   1.9641E-06   1.9702E-06   0.99688
FLUX 1014  4230.00        7.087293E+13   1.9526E-06   1.9530E-06   0.99978
FLUX 1015  4250.00        7.053941E+13   1.9351E-06   1.9360E-06   0.99951
FLUX 1016  4270.00        7.020902E+13   1.9190E-06   1.9193E-06   0.99986
FLUX 1017  4290.00        6.988170E+13   1.9025E-06   1.9027E-06   0.99988
FLUX 1018  4310.00        6.955742E+13   1.8858E-06   1.8864E-06   0.99967
FLUX 1019  4330.00        6.923614E+13   1.8691E-06   1.8703E-06   0.99938
FLUX 1020  4350.00        6.891782E+13   1.8537E-06   1.8544E-06   0.99961
FLUX 1021  4370.00        6.860240E+13   1.7963E-06   1.8387E-06   0.97694
FLUX 1022  4390.00        6.828986E+13   1.8180E-06   1.8232E-06   0.99716
FLUX 1023  4410.00        6.798016E+13   1.8050E-06   1.8078E-06   0.99844
FLUX 1024  4430.00        6.767325E+13   1.7913E-06   1.7927E-06   0.99922
FLUX 1025  4450.00        6.736910E+13   1.7760E-06   1.7778E-06   0.99898
FLUX 1026  4470.00        6.706767E+13   1.7656E-06   1.7721E-06   0.99634
FLUX 1027  4490.00        6.676893E+13   1.7469E-06   1.7574E-06   0.99405
FLUX 1028  4510.00        6.647284E+13   1.7337E-06   1.7429E-06   0.99472
FLUX 1029  4530.00        6.617936E+13   1.7188E-06   1.7286E-06   0.99432
FLUX 1030  4550.00        6.588846E+13   1.7054E-06   1.7144E-06   0.99473
FLUX 1031  4570.00        6.560011E+13   1.6902E-06   1.7004E-06   0.99397
FLUX 1032  4590.00        6.531427E+13   1.6764E-06   1.6866E-06   0.99390
FLUX 1033  4610.00        6.503091E+13   1.6645E-06   1.6730E-06   0.99489
FLUX 1034  4630.00        6.475000E+13   1.6503E-06   1.6595E-06   0.99441
FLUX 1035  4650.00        6.447151E+13   1.5967E-06   1.6462E-06   0.96994
FLUX 1036  4670.00        6.419540E+13   1.5838E-06   1.6331E-06   0.96987
FLUX 1037  4690.00        6.392164E+13   1.6094E-06   1.6201E-06   0.99344
FLUX 1038  4710.00        6.365021E+13   1.5986E-06   1.6072E-06   0.99464
FLUX 1039  4730.00        6.338108E+13   1.5868E-06   1.5945E-06   0.99517
FLUX 1040  4750.00        6.311421E+13   1.5724E-06   1.5820E-06   0.99394
FLUX 1041  4770.00        6.284958E+13   1.5606E-06   1.5696E-06   0.99428
FLUX 1042  4790.00        6.258716E+13   1.5495E-06   1.5573E-06   0.99501
FLUX 1043  4810.00        6.232692E+13   1.5374E-06   1.5452E-06   0.99492
FLUX 1044  4830.00        6.206884E+13   1.5264E-06   1.5332E-06   0.99554
FLUX 1045  4850.00        6.181289E+13   1.5132E-06   1.5214E-06   0.99462
FLUX 1046  4870.00        6.155903E+13   1.5035E-06   1.5097E-06   0.99585
FLUX 1047  4890.00        6.130726E+13   1.4900E-06   1.4982E-06   0.99453
FLUX 1048  4910.00        6.105754E+13   1.4799E-06   1.4867E-06   0.99539
FLUX 1049  4930.00        6.080984E+13   1.4663E-06   1.4754E-06   0.99381
FLUX 1050  4950.00        6.056414E+13   1.4592E-06   1.4643E-06   0.99651
FLUX 1051  4970.00        6.032042E+13   1.4427E-06   1.4532E-06   0.99274
FLUX 1052  4990.00        6.007866E+13   1.4371E-06   1.4423E-06   0.99637
FLUX 1053  5010.00        5.983882E+13   1.4264E-06   1.4315E-06   0.99646
FLUX 1054  5030.00        5.960089E+13   1.4087E-06   1.4209E-06   0.99148
FLUX 1055  5050.00        5.936485E+13   1.4061E-06   1.4103E-06   0.99701
FLUX 1056  5070.00        5.913067E+13   1.3960E-06   1.3999E-06   0.99726
FLUX 1057  5090.00        5.889833E+13   1.3757E-06   1.3895E-06   0.99002
FLUX 1058  5110.00        5.866781E+13   1.3739E-06   1.3793E-06   0.99604
FLUX 1059  5130.00        5.843908E+13   1.3324E-06   1.3692E-06   0.97311
FLUX 1060  5150.00        5.821214E+13   1.3548E-06   1.3592E-06   0.99676
FLUX 1061  5170.00        5.798694E+13   1.3333E-06   1.3494E-06   0.98813
FLUX 1062  5190.00        5.776349E+13   1.3365E-06   1.3396E-06   0.99768
FLUX 1063  5210.00        5.754175E+13   1.3287E-06   1.3299E-06   0.99905
FLUX 1064  5230.00        5.732170E+13   1.3192E-06   1.3204E-06   0.99911
FLUX 1065  5250.00        5.710333E+13   1.3065E-06   1.3109E-06   0.99666
FLUX 1066  5270.00        5.688662E+13   1.2843E-06   1.3015E-06   0.98676
FLUX 1067  5290.00        5.667155E+13   1.2917E-06   1.2923E-06   0.99955
FLUX 1068  5310.00        5.645810E+13   1.2828E-06   1.2831E-06   0.99972
FLUX 1069  5330.00        5.624625E+13   1.2737E-06   1.2741E-06   0.99971
FLUX 1070  5350.00        5.603598E+13   1.2647E-06   1.2651E-06   0.99968
FLUX 1071  5370.00        5.582728E+13   1.2428E-06   1.2562E-06   0.98929
FLUX 1072  5390.00        5.562013E+13   1.2370E-06   1.2474E-06   0.99162
FLUX 1073  5410.00        5.541451E+13   1.2384E-06   1.2387E-06   0.99974
FLUX 1074  5430.00        5.521041E+13   1.2292E-06   1.2301E-06   0.99923
FLUX 1075  5450.00        5.500780E+13   1.2209E-06   1.2216E-06   0.99944
FLUX 1076  5470.00        5.480667E+13   1.2120E-06   1.2132E-06   0.99901
FLUX 1077  5490.00        5.460701E+13   1.2044E-06   1.2049E-06   0.99962
FLUX 1078  5510.00        5.440880E+13   1.1943E-06   1.1966E-06   0.99805
FLUX 1079  5530.00        5.421203E+13   1.1658E-06   1.1885E-06   0.98097
FLUX 1080  5550.00        5.401667E+13   1.1796E-06   1.1804E-06   0.99932
FLUX 1081  5570.00        5.382271E+13   1.1712E-06   1.1724E-06   0.99899
FLUX 1082  5590.00        5.363014E+13   1.1618E-06   1.1644E-06   0.99775
FLUX 1083  5610.00        5.343895E+13   1.1557E-06   1.1566E-06   0.99925
FLUX 1084  5630.00        5.324911E+13   1.1484E-06   1.1488E-06   0.99959
FLUX 1085  5650.00        5.306062E+13   1.1409E-06   1.1411E-06   0.99975
FLUX 1086  5670.00        5.287346E+13   1.1329E-06   1.1335E-06   0.99948
FLUX 1087  5690.00        5.268761E+13   1.1254E-06   1.1260E-06   0.99947
FLUX 1088  5710.00        5.250306E+13   1.0939E-06   1.1185E-06   0.97795
FLUX 1089  5730.00        5.231981E+13   1.1101E-06   1.1112E-06   0.99908
FLUX 1090  5750.00        5.213783E+13   1.1037E-06   1.1038E-06   0.99987
FLUX 1091  5770.00        5.195711E+13   1.0964E-06   1.0966E-06   0.99982
FLUX 1092  5790.00        5.177763E+13   1.0887E-06   1.0894E-06   0.99935
FLUX 1093  5810.00        5.159940E+13   1.0822E-06   1.0823E-06   0.99985
FLUX 1094  5830.00        5.142238E+13   1.0745E-06   1.0753E-06   0.99929
FLUX 1095  5850.00        5.124658E+13   1.0678E-06   1.0712E-06   0.99680
FLUX 1096  5870.00        5.107198E+13   1.0608E-06   1.0643E-06   0.99666
FLUX 1097  5890.00        5.089856E+13   1.0523E-06   1.0575E-06   0.99515
FLUX 1098  5910.00        5.072631E+13   1.0214E-06   1.0507E-06   0.97212
FLUX 1099  5930.00        5.055523E+13   1.0394E-06   1.0439E-06   0.99565
FLUX 1100  5950.00        5.038529E+13   1.0097E-06   1.0373E-06   0.97345
FLUX 1101  5970.00        5.021650E+13   1.0235E-06   1.0307E-06   0.99300
FLUX 1102  5990.00        5.004883E+13   1.0208E-06   1.0241E-06   0.99671
FLUX 1103  6010.00        4.988228E+13   1.0146E-06   1.0177E-06   0.99695
FLUX 1104  6030.00        4.971683E+13   1.0085E-06   1.0113E-06   0.99729
FLUX 1105  6050.00        4.955248E+13   1.0022E-06   1.0049E-06   0.99728
FLUX 1106  6070.00        4.938921E+13   9.9571E-07   9.9862E-07   0.99709
FLUX 1107  6090.00        4.922701E+13   9.8936E-07   9.9238E-07   0.99695
FLUX 1108  6110.00        4.906588E+13   9.8245E-07   9.8621E-07   0.99620
FLUX 1109  6130.00        4.890579E+13   9.7750E-07   9.8009E-07   0.99736
FLUX 1110  6150.00        4.874675E+13   9.7141E-07   9.7403E-07   0.99731
FLUX 1111  6170.00        4.858874E+13   9.6553E-07   9.6802E-07   0.99743
FLUX 1112  6190.00        4.843174E+13   9.5934E-07   9.6207E-07   0.99716
FLUX 1113  6210.00        4.827576E+13   9.5376E-07   9.5617E-07   0.99748
FLUX 1114  6230.00        4.812079E+13   9.4712E-07   9.5033E-07   0.99662
FLUX 1115  6250.00        4.796680E+13   9.4184E-07   9.4454E-07   0.99714
FLUX 1116  6270.00        4.781380E+13   9.3528E-07   9.3880E-07   0.99625
FLUX 1117  6290.00        4.766176E+13   9.0757E-07   9.3312E-07   0.97262
FLUX 1118  6310.00        4.751070E+13   9.2307E-07   9.2749E-07   0.99524
FLUX 1119  6330.00        4.736058E+13   9.1909E-07   9.2190E-07   0.99695
FLUX 1120  6350.00        4.721142E+13   9.1340E-07   9.1637E-07   0.99676
FLUX 1121  6370.00        4.706319E+13   9.0878E-07   9.1089E-07   0.99768
FLUX 1122  6390.00        4.691588E+13   9.0275E-07   9.0545E-07   0.99702
FLUX 1123  6420.00        4.669665E+13   8.9589E-07   8.9739E-07   0.99833
FLUX 1124  6460.00        4.640751E+13   8.8511E-07   8.8681E-07   0.99808
FLUX 1125  6500.00        4.612192E+13   8.7400E-07   8.7642E-07   0.99724
FLUX 1126  6540.00        4.583983E+13   8.6534E-07   8.6620E-07   0.99901
FLUX 1127  6580.00        4.556117E+13   8.5413E-07   8.5617E-07   0.99762
FLUX 1128  6620.00        4.528588E+13   8.4434E-07   8.4630E-07   0.99769
FLUX 1129  6660.00        4.501389E+13   8.3539E-07   8.3660E-07   0.99855
FLUX 1130  6700.00        4.474515E+13   8.2609E-07   8.2707E-07   0.99881
FLUX 1131  6740.00        4.447960E+13   8.1459E-07   8.1770E-07   0.99619
FLUX 1132  6780.00        4.421718E+13   7.9631E-07   8.0849E-07   0.98494
FLUX 1133  6820.00        4.395784E+13   7.9617E-07   7.9943E-07   0.99591
FLUX 1134  6860.00        4.370153E+13   7.8980E-07   7.9052E-07   0.99908
FLUX 1135  6900.00        4.344819E+13   7.8060E-07   7.8176E-07   0.99851
FLUX 1136  6940.00        4.319777E+13   7.6892E-07   7.7314E-07   0.99454
FLUX 1137  6980.00        4.295021E+13   7.6369E-07   7.6467E-07   0.99872
FLUX 1138  7020.00        4.270548E+13   7.5555E-07   7.5633E-07   0.99897
FLUX 1139  7060.00        4.246353E+13   7.4716E-07   7.4812E-07   0.99872
FLUX 1140  7100.00        4.222430E+13   7.3589E-07   7.4005E-07   0.99438
FLUX 1141  7140.00        4.198775E+13   7.3149E-07   7.3211E-07   0.99915
FLUX 1142  7180.00        4.175383E+13   7.2369E-07   7.2429E-07   0.99917
FLUX 1143  7220.00        4.152251E+13   7.1509E-07   7.1660E-07   0.99788
FLUX 1144  7260.00        4.129373E+13   7.0372E-07   7.0903E-07   0.99250
FLUX 1145  7300.00        4.106747E+13   7.0093E-07   7.0158E-07   0.99907
FLUX 1146  7340.00        4.084366E+13   6.9379E-07   6.9425E-07   0.99934
FLUX 1147  7380.00        4.062229E+13   6.8615E-07   6.8703E-07   0.99872
FLUX 1148  7420.00        4.040330E+13   6.7789E-07   6.7994E-07   0.99698
FLUX 1149  7460.00        4.018666E+13   6.6160E-07   6.7297E-07   0.98311
FLUX 1150  7500.00        3.997233E+13   6.4524E-07   6.6610E-07   0.96869
FLUX 1151  7540.00        3.976028E+13   6.5721E-07   6.5934E-07   0.99678
FLUX 1152  7580.00        3.955046E+13   6.5150E-07   6.5267E-07   0.99820
FLUX 1153  7620.00        3.934285E+13   6.4566E-07   6.4611E-07   0.99931
FLUX 1154  7660.00        3.913740E+13   6.3917E-07   6.3965E-07   0.99925
FLUX 1155  7700.00        3.893409E+13   6.3292E-07   6.3328E-07   0.99943
FLUX 1156  7740.00        3.873288E+13   6.2639E-07   6.2700E-07   0.99902
FLUX 1157  7780.00        3.853374E+13   6.1357E-07   6.2082E-07   0.98832
FLUX 1158  7820.00        3.833664E+13   6.1433E-07   6.1473E-07   0.99935
FLUX 1159  7860.00        3.814154E+13   6.0858E-07   6.0872E-07   0.99977
FLUX 1160  7900.00        3.794842E+13   6.0274E-07   6.0281E-07   0.99989
FLUX 1161  7940.00        3.775724E+13   5.9682E-07   5.9698E-07   0.99974
FLUX 1162  7980.00        3.756798E+13   5.9101E-07   5.9123E-07   0.99963
FLUX 1163  8020.00        3.738061E+13   5.8521E-07   5.8556E-07   0.99940
FLUX 1164  8060.00        3.719510E+13   5.7964E-07   5.7998E-07   0.99941
FLUX 1165  8100.00        3.701142E+13   5.7433E-07   5.7448E-07   0.99975
FLUX 1166  8140.00        3.682955E+13   5.6223E-07   5.6905E-07   0.98801
FLUX 1167  8180.00        3.664945E+13   5.6223E-07   5.6370E-07   0.99741
FLUX 1168  8220.00        3.647111E+13   5.5815E-07   5.5842E-07   0.99952
FLUX 1169  8260.00        3.629449E+13   5.5309E-07   5.5321E-07   0.99977
FLUX 1170  8300.00        3.611958E+13   5.4765E-07   5.4808E-07   0.99922
FLUX 1171  8340.00        3.594634E+13   5.4250E-07   5.4302E-07   0.99904
FLUX 1172  8380.00        3.577476E+13   5.3693E-07   5.3803E-07   0.99796
FLUX 1173  8420.00        3.560481E+13   5.3261E-07   5.3310E-07   0.99908
FLUX 1174  8460.00        3.543647E+13   5.2805E-07   5.2824E-07   0.99963
FLUX 1175  8500.00        3.526971E+13   5.2294E-07   5.2345E-07   0.99902
FLUX 1176  8540.00        3.510451E+13   5.1853E-07   5.1872E-07   0.99962
FLUX 1177  8580.00        3.494085E+13   5.1337E-07   5.1406E-07   0.99866
FLUX 1178  8620.00        3.477871E+13   5.0912E-07   5.0946E-07   0.99934
FLUX 1179  8660.00        3.461807E+13   4.9753E-07   5.0492E-07   0.98537
FLUX 1180  8700.00        3.445891E+13   4.9987E-07   5.0044E-07   0.99887
FLUX 1181  8740.00        3.430120E+13   4.9175E-07   4.9601E-07   0.99141
FLUX 1182  8780.00        3.414493E+13   4.8785E-07   4.9165E-07   0.99226
FLUX 1183  8820.00        3.399008E+13   4.8712E-07   4.8734E-07   0.99953
FLUX 1184  8860.00        3.383663E+13   4.8188E-07   4.8309E-07   0.99748
FLUX 1185  8900.00        3.368455E+13   4.7870E-07   4.7890E-07   0.99958
FLUX 1186  8940.00        3.353384E+13   4.7469E-07   4.7476E-07   0.99985
FLUX 1187  8980.00        3.338447E+13   4.7045E-07   4.7067E-07   0.99952
FLUX 1188  9020.00        3.323642E+13   4.6636E-07   4.6663E-07   0.99942
FLUX 1189  9060.00        3.308968E+13   4.6144E-07   4.6265E-07   0.99739
FLUX 1190  9100.00        3.294423E+13   4.5849E-07   4.5872E-07   0.99951
FLUX 1191  9140.00        3.280005E+13   4.5466E-07   4.5483E-07   0.99963
FLUX 1192  9180.00        3.265714E+13   4.5089E-07   4.5100E-07   0.99976
FLUX 1193  9220.00        3.251546E+13   4.4709E-07   4.4721E-07   0.99973
FLUX 1194  9260.00        3.237500E+13   4.4135E-07   4.4347E-07   0.99521
FLUX 1195  9300.00        3.223575E+13   4.3971E-07   4.3978E-07   0.99986
FLUX 1196  9340.00        3.209770E+13   4.3603E-07   4.3613E-07   0.99976
FLUX 1197  9380.00        3.196082E+13   4.2601E-07   4.3253E-07   0.98494
FLUX 1198  9420.00        3.182511E+13   4.2812E-07   4.2897E-07   0.99802
FLUX 1199  9460.00        3.169054E+13   4.2533E-07   4.2545E-07   0.99971
FLUX 1200  9500.00        3.155711E+13   4.2098E-07   4.2198E-07   0.99762
FLUX 1201  9540.00        3.142479E+13   4.1666E-07   4.1855E-07   0.99548
FLUX 1202  9580.00        3.129358E+13   4.1512E-07   4.1516E-07   0.99990
FLUX 1203  9620.00        3.116346E+13   4.1167E-07   4.1181E-07   0.99965
FLUX 1204  9660.00        3.103442E+13   4.0847E-07   4.0851E-07   0.99990
FLUX 1205  9700.00        3.090644E+13   4.0519E-07   4.0524E-07   0.99989
FLUX 1206  9740.00        3.077952E+13   4.0184E-07   4.0201E-07   0.99959
FLUX 1207  9780.00        3.065363E+13   3.9871E-07   3.9882E-07   0.99974
FLUX 1208  9820.00        3.052877E+13   3.9512E-07   3.9566E-07   0.99862
FLUX 1209  9860.00        3.040492E+13   3.8986E-07   3.9255E-07   0.99314
FLUX 1210  9900.00        3.028207E+13   3.8943E-07   3.8947E-07   0.99990
FLUX 1211  9940.00        3.016021E+13   3.8636E-07   3.8642E-07   0.99984
FLUX 1212  9980.00        3.003933E+13   3.8325E-07   3.8341E-07   0.99957
FLUX 1213 10020.00        2.991941E+13   3.8028E-07   3.8044E-07   0.99957
FLUX 1214 20000.00        1.498963E+13   9.7367E-08   9.7377E-08   0.99991
FLUX 1215 40000.00        7.494813E+12   2.4239E-08   2.4239E-08   0.99998
FLUX 1216 60000.00        4.996542E+12   1.0677E-08   1.0677E-08   0.99999
FLUX 1217 80000.00        3.747406E+12   5.9573E-09   5.9573E-09   1.00000
FLUX 1218100000.00        2.997925E+12   3.7857E-09   3.7857E-09   1.00000
FLUX 1219120000.00        2.498271E+12   2.6128E-09   2.6128E-09   1.00000
FLUX 1220140000.00        2.141375E+12   1.9092E-09   1.9092E-09   1.00000
FLUX 1221160000.00        1.873703E+12   1.4548E-09   1.4548E-09   1.00000
FLUX
