TEFF   6500.  GRAVITY 3.00000 LTE 
TITLE  [+0.5] N(He)/Ntot=0.07813 VTURB=2.0  L/H=1.25 NOVER                      
FLUX    1     9.09        3.298047E+16   1.0000E-50   0.0000E+00   1.00000
FLUX    2     9.35        3.206337E+16   1.0000E-50   0.0000E+00   1.00000
FLUX    3     9.61        3.119589E+16   1.0000E-50   0.0000E+00   1.00000
FLUX    4     9.77        3.068501E+16   1.0000E-50   0.0000E+00   1.00000
FLUX    5     9.96        3.009965E+16   1.0000E-50   0.0000E+00   1.00000
FLUX    6    10.20        2.939142E+16   1.0000E-50   0.0000E+00   1.00000
FLUX    7    10.38        2.888174E+16   1.0000E-50   0.0000E+00   1.00000
FLUX    8    10.56        2.838944E+16   1.0000E-50   0.0000E+00   1.00000
FLUX    9    10.77        2.783589E+16   1.0000E-50   0.0000E+00   1.00000
FLUX   10    11.04        2.715512E+16   1.0000E-50   0.0000E+00   1.00000
FLUX   11    11.40        2.629759E+16   1.0000E-50   0.0000E+00   1.00000
FLUX   12    11.78        2.544928E+16   1.0000E-50   0.0000E+00   1.00000
FLUX   13    12.13        2.471496E+16   1.0000E-50   0.0000E+00   1.00000
FLUX   14    12.48        2.402183E+16   1.0000E-50   0.0000E+00   1.00000
FLUX   15    12.71        2.358714E+16   1.0000E-50   0.0000E+00   1.00000
FLUX   16    12.84        2.334833E+16   1.0000E-50   0.0000E+00   1.00000
FLUX   17    13.05        2.297261E+16   1.0000E-50   0.0000E+00   1.00000
FLUX   18    13.24        2.264294E+16   1.0000E-50   0.0000E+00   1.00000
FLUX   19    13.39        2.238928E+16   1.0000E-50   0.0000E+00   1.00000
FLUX   20    13.66        2.194674E+16   1.0000E-50   0.0000E+00   1.00000
FLUX   21    13.98        2.144438E+16   1.0000E-50   0.0000E+00   1.00000
FLUX   22    14.33        2.092062E+16   1.0000E-50   0.0000E+00   1.00000
FLUX   23    14.72        2.036634E+16   4.6309-106   4.6310-106   0.99998
FLUX   24    15.10        1.985381E+16   1.8483-103   1.8483-103   0.99998
FLUX   25    15.52        1.931653E+16   9.8093-101   9.8095-101   0.99998
FLUX   26    15.88        1.887862E+16   1.6240E-98   1.6240E-98   0.99998
FLUX   27    16.20        1.850571E+16   1.2564E-96   1.2564E-96   0.99998
FLUX   28    16.60        1.805979E+16   2.2702E-94   2.2702E-94   0.99998
FLUX   29    17.03        1.760379E+16   4.5962E-92   4.5963E-92   0.99998
FLUX   30    17.34        1.728907E+16   1.7904E-90   1.7904E-90   0.99998
FLUX   31    17.68        1.695659E+16   8.5581E-89   8.5583E-89   0.99998
FLUX   32    18.02        1.663665E+16   3.5279E-87   3.5279E-87   0.99998
FLUX   33    18.17        1.649931E+16   1.7399E-86   1.7399E-86   0.99998
FLUX   34    18.61        1.610922E+16   1.6152E-84   1.6152E-84   0.99998
FLUX   35    19.10        1.569594E+16   1.9540E-82   1.9541E-82   0.99998
FLUX   36    19.39        1.546119E+16   2.9670E-81   2.9671E-81   0.99998
FLUX   37    19.84        1.511051E+16   1.7226E-79   1.7226E-79   0.99998
FLUX   38    20.18        1.485592E+16   3.2856E-78   3.2856E-78   0.99998
FLUX   39    20.50        1.462402E+16   4.8177E-77   4.8178E-77   0.99998
FLUX   40    21.05        1.424192E+16   3.9925E-75   3.9925E-75   0.99998
FLUX   41    21.62        1.386644E+16   3.0531E-73   3.0532E-73   0.99998
FLUX   42    21.98        1.363933E+16   4.1990E-72   4.1991E-72   0.99998
FLUX   43    22.30        1.344361E+16   4.0068E-71   4.0069E-71   0.99998
FLUX   44    22.68        1.321836E+16   5.3710E-70   5.3711E-70   0.99998
FLUX   45    23.00        1.303446E+16   4.4707E-69   4.4707E-69   0.99998
FLUX   46    23.40        1.281165E+16   5.8033E-68   5.8034E-68   0.99998
FLUX   47    24.00        1.249135E+16   2.3055E-66   2.3056E-66   0.99998
FLUX   48    24.65        1.216197E+16   1.0135E-64   1.0135E-64   0.99998
FLUX   49    25.24        1.187767E+16   2.6458E-63   2.6458E-63   0.99998
FLUX   50    25.68        1.167416E+16   2.7280E-62   2.7281E-62   0.99998
FLUX   51    26.00        1.153048E+16   1.4151E-61   1.4151E-61   0.99998
FLUX   52    26.40        1.135578E+16   1.0461E-60   1.0461E-60   0.99998
FLUX   53    26.85        1.116546E+16   9.2189E-60   9.2191E-60   0.99998
FLUX   54    27.35        1.096133E+16   9.4915E-59   9.4917E-59   0.99998
FLUX   55    27.85        1.076454E+16   8.9827E-58   8.9829E-58   0.99998
FLUX   56    28.40        1.055607E+16   9.6844E-57   9.6847E-57   0.99998
FLUX   57    29.00        1.033767E+16   1.1658E-55   1.1659E-55   0.99998
FLUX   58    29.60        1.012813E+16   1.2636E-54   1.2636E-54   0.99998
FLUX   59    30.10        9.959884E+15   8.5558E-54   8.5587E-54   0.99966
FLUX   60    30.80        9.733523E+15   1.1189E-52   1.1189E-52   0.99998
FLUX   61    31.80        9.427437E+15   3.5961E-51   3.5962E-51   0.99998
FLUX   62    32.80        9.140015E+15   9.2985E-50   9.2986E-50   0.99998
FLUX   63    33.80        8.869601E+15   1.9703E-48   1.9704E-48   0.99998
FLUX   64    34.80        8.614727E+15   3.4862E-47   3.4862E-47   0.99998
FLUX   65    35.70        8.397549E+15   4.0111E-46   4.0111E-46   0.99998
FLUX   66    36.60        8.191052E+15   4.0832E-45   4.0833E-45   0.99998
FLUX   67    37.50        7.994467E+15   3.7010E-44   3.7011E-44   0.99997
FLUX   68    38.50        7.786818E+15   3.7827E-43   3.7828E-43   0.99998
FLUX   69    39.50        7.589684E+15   3.4203E-42   3.4204E-42   0.99998
FLUX   70    40.50        7.402284E+15   2.7635E-41   2.7636E-41   0.99998
FLUX   71    41.40        7.241365E+15   1.6573E-40   1.6574E-40   0.99998
FLUX   72    42.20        7.104088E+15   7.6172E-40   7.6173E-40   0.99998
FLUX   73    43.00        6.971919E+15   3.3006E-39   3.3007E-39   0.99998
FLUX   74    44.10        6.798016E+15   2.2647E-38   2.2647E-38   0.99997
FLUX   75    45.10        6.647284E+15   1.1975E-37   1.1976E-37   0.99998
FLUX   76    46.00        6.517228E+15   5.0270E-37   5.0271E-37   0.99998
FLUX   77    47.00        6.378564E+15   2.3148E-36   2.3149E-36   0.99997
FLUX   78    48.00        6.245677E+15   9.9697E-36   9.9699E-36   0.99998
FLUX   79    49.00        6.118214E+15   4.0367E-35   4.0368E-35   0.99998
FLUX   80    50.00        5.995850E+15   1.5401E-34   1.5402E-34   0.99998
FLUX   81    50.60        5.924753E+15   4.4405E-34   5.0686E-34   0.87608
FLUX   82    51.20        5.855322E+15   1.0636E-33   1.0770E-33   0.98754
FLUX   83    52.00        5.765240E+15   2.8313E-33   2.8595E-33   0.99012
FLUX   84    53.00        5.656462E+15   9.2759E-33   9.2768E-33   0.99991
FLUX   85    54.00        5.551713E+15   2.8562E-32   2.8747E-32   0.99358
FLUX   86    55.00        5.450773E+15   8.5338E-32   8.5348E-32   0.99988
FLUX   87    56.00        5.353438E+15   2.4318E-31   2.4320E-31   0.99993
FLUX   88    57.00        5.259518E+15   6.6655E-31   6.6656E-31   0.99998
FLUX   89    58.00        5.168836E+15   1.7407E-30   1.7628E-30   0.98747
FLUX   90    59.00        5.081229E+15   4.4911E-30   4.4966E-30   0.99878
FLUX   91    60.00        4.996542E+15   1.1078E-29   1.1096E-29   0.99837
FLUX   92    61.00        4.914631E+15   2.6533E-29   2.6535E-29   0.99992
FLUX   93    62.00        4.835363E+15   6.1564E-29   6.1583E-29   0.99969
FLUX   94    63.00        4.758611E+15   1.3889E-28   1.3891E-28   0.99985
FLUX   95    64.00        4.684258E+15   3.0503E-28   3.0513E-28   0.99966
FLUX   96    65.00        4.612192E+15   6.5313E-28   6.5320E-28   0.99988
FLUX   97    65.80        4.556117E+15   1.1795E-27   1.1797E-27   0.99982
FLUX   98    66.50        4.508158E+15   1.9477E-27   1.9543E-27   0.99666
FLUX   99    67.50        4.441370E+15   3.9330E-27   3.9419E-27   0.99773
FLUX  100    68.50        4.376533E+15   7.7763E-27   7.7785E-27   0.99972
FLUX  101    69.50        4.313561E+15   1.5028E-26   1.5031E-26   0.99986
FLUX  102    70.50        4.252376E+15   2.8223E-26   2.8467E-26   0.99142
FLUX  103    71.60        4.187046E+15   5.6192E-26   5.6212E-26   0.99965
FLUX  104    72.60        4.129373E+15   1.0234E-25   1.0235E-25   0.99992
FLUX  105    73.50        4.078810E+15   1.7286E-25   1.7295E-25   0.99950
FLUX  106    74.50        4.024060E+15   3.0430E-25   3.0490E-25   0.99804
FLUX  107    75.50        3.970762E+15   5.2740E-25   5.2890E-25   0.99718
FLUX  108    76.50        3.918856E+15   9.0230E-25   9.0334E-25   0.99884
FLUX  109    77.50        3.868290E+15   1.5163E-24   1.5199E-24   0.99764
FLUX  110    78.50        3.819013E+15   2.5208E-24   2.5208E-24   0.99998
FLUX  111    79.50        3.770975E+15   4.0674E-24   4.1236E-24   0.98637
FLUX  112    80.50        3.724130E+15   6.5951E-24   6.6564E-24   0.99079
FLUX  113    81.50        3.678436E+15   1.0592E-23   1.0609E-23   0.99841
FLUX  114    82.50        3.633848E+15   1.6686E-23   1.6703E-23   0.99896
FLUX  115    83.50        3.590329E+15   2.5977E-23   2.5994E-23   0.99935
FLUX  116    84.50        3.547840E+15   3.9978E-23   3.9994E-23   0.99961
FLUX  117    85.50        3.506345E+15   6.0885E-23   6.0893E-23   0.99987
FLUX  118    86.50        3.465809E+15   9.1663E-23   9.1683E-23   0.99979
FLUX  119    87.50        3.426200E+15   1.3587E-22   1.3663E-22   0.99444
FLUX  120    88.50        3.387486E+15   2.0154E-22   2.0164E-22   0.99946
FLUX  121    89.50        3.349637E+15   2.9472E-22   2.9477E-22   0.99985
FLUX  122    90.50        3.312624E+15   4.2618E-22   4.2695E-22   0.99821
FLUX  123    91.50        3.276421E+15   3.8033E-19   9.4721E-19   0.40152
FLUX  124    92.50        3.241000E+15   1.3341E-18   1.4046E-18   0.94981
FLUX  125    93.50        3.206337E+15   1.9610E-18   2.0645E-18   0.94990
FLUX  126    94.50        3.172407E+15   2.8584E-18   3.0087E-18   0.95005
FLUX  127    95.50        3.139188E+15   4.2762E-18   4.3489E-18   0.98330
FLUX  128    96.50        3.106658E+15   6.1322E-18   6.2357E-18   0.98339
FLUX  129    97.50        3.074795E+15   8.7235E-18   8.8719E-18   0.98328
FLUX  130    98.50        3.043579E+15   1.2324E-17   1.2532E-17   0.98333
FLUX  131    99.50        3.012990E+15   1.7279E-17   1.7572E-17   0.98331
FLUX  132   100.50        2.983010E+15   2.4465E-17   2.4465E-17   0.99998
FLUX  133   101.50        2.953621E+15   3.3827E-17   3.3828E-17   0.99998
FLUX  134   102.50        2.924805E+15   4.4188E-17   4.6479E-17   0.95070
FLUX  135   103.50        2.896546E+15   6.3439E-17   6.3440E-17   0.99998
FLUX  136   104.50        2.868828E+15   8.6058E-17   8.6060E-17   0.99998
FLUX  137   105.50        2.841635E+15   1.1604E-16   1.1604E-16   0.99998
FLUX  138   106.50        2.814953E+15   1.5300E-16   1.5554E-16   0.98363
FLUX  139   107.50        2.788767E+15   2.0398E-16   2.0732E-16   0.98390
FLUX  140   108.50        2.763065E+15   2.7478E-16   2.7479E-16   0.99998
FLUX  141   109.50        2.737831E+15   3.5635E-16   3.6226E-16   0.98369
FLUX  142   110.50        2.713054E+15   7.1362E-16   2.5110E-15   0.28420
FLUX  143   111.50        2.688722E+15   2.2666E-15   3.5980E-15   0.62997
FLUX  144   112.50        2.664822E+15   3.5673E-15   5.0096E-15   0.71210
FLUX  145   113.50        2.641344E+15   5.3465E-15   6.7804E-15   0.78852
FLUX  146   114.50        2.618275E+15   7.4135E-15   8.9422E-15   0.82905
FLUX  147   115.50        2.595606E+15   8.7002E-15   1.1527E-14   0.75479
FLUX  148   116.50        2.573326E+15   1.3029E-14   1.4544E-14   0.89582
FLUX  149   117.50        2.551426E+15   1.6678E-14   1.7939E-14   0.92974
FLUX  150   118.50        2.529895E+15   1.8770E-14   2.3748E-14   0.79036
FLUX  151   119.50        2.508724E+15   1.1955E-14   2.9401E-14   0.40661
FLUX  152   120.50        2.487905E+15   1.5882E-14   3.6143E-14   0.43941
FLUX  153   121.50        2.467428E+15   6.9333E-15   4.4171E-14   0.15697
FLUX  154   122.50        2.447286E+15   2.1688E-14   5.4566E-14   0.39746
FLUX  155   123.50        2.427470E+15   4.4305E-14   6.6035E-14   0.67093
FLUX  156   124.50        2.407972E+15   9.7233E-14   1.8158E-13   0.53549
FLUX  157   125.50        2.388785E+15   1.9508E-13   2.5882E-13   0.75371
FLUX  158   126.50        2.369901E+15   1.8110E-13   3.3614E-13   0.53875
FLUX  159   127.50        2.351314E+15   2.7679E-13   4.1317E-13   0.66990
FLUX  160   128.50        2.333016E+15   3.6620E-13   5.0097E-13   0.73098
FLUX  161   129.50        2.315000E+15   4.6319E-13   5.9685E-13   0.77606
FLUX  162   130.50        2.297261E+15   3.9712E-13   7.0631E-13   0.56224
FLUX  163   131.50        2.279791E+15   6.0266E-13   8.2961E-13   0.72644
FLUX  164   132.50        2.262585E+15   6.8542E-13   9.6995E-13   0.70665
FLUX  165   133.50        2.245637E+15   7.9937E-13   1.1290E-12   0.70802
FLUX  166   134.50        2.228941E+15   9.4393E-13   1.3096E-12   0.72079
FLUX  167   135.50        2.212491E+15   1.0552E-12   1.5140E-12   0.69691
FLUX  168   136.50        2.196282E+15   1.1604E-12   1.7454E-12   0.66482
FLUX  169   137.50        2.180309E+15   1.2644E-12   2.0068E-12   0.63004
FLUX  170   138.50        2.164567E+15   1.4138E-12   2.3017E-12   0.61423
FLUX  171   139.50        2.149050E+15   1.6139E-12   2.6338E-12   0.61276
FLUX  172   140.50        2.133754E+15   1.9417E-12   3.0289E-12   0.64105
FLUX  173   141.50        2.118675E+15   2.1404E-12   3.5002E-12   0.61150
FLUX  174   142.50        2.103807E+15   2.4247E-12   4.0369E-12   0.60064
FLUX  175   143.50        2.089146E+15   2.7396E-12   4.6448E-12   0.58983
FLUX  176   144.20        2.079005E+15   3.5184E-12   5.1179E-12   0.68745
FLUX  177   144.70        2.071821E+15   3.3213E-12   5.5362E-12   0.59993
FLUX  178   145.50        2.060430E+15   3.9585E-12   6.1726E-12   0.64131
FLUX  179   146.50        2.046365E+15   4.6085E-12   7.0595E-12   0.65281
FLUX  180   147.50        2.032492E+15   4.6909E-12   8.0576E-12   0.58218
FLUX  181   148.50        2.018805E+15   5.6312E-12   9.1788E-12   0.61350
FLUX  182   149.50        2.005301E+15   7.3441E-12   1.0436E-11   0.70373
FLUX  183   150.50        1.991977E+15   8.9685E-12   1.1843E-11   0.75730
FLUX  184   151.20        1.982755E+15   7.6876E-12   1.2925E-11   0.59480
FLUX  185   151.70        1.976220E+15   7.7130E-12   1.3750E-11   0.56094
FLUX  186   152.50        1.965852E+15   9.8211E-12   8.4569E-11   0.11613
FLUX  187   153.50        1.953046E+15   2.2251E-11   9.3415E-11   0.23819
FLUX  188   154.50        1.940405E+15   2.7631E-11   1.0306E-10   0.26809
FLUX  189   155.50        1.927926E+15   3.7528E-11   1.1361E-10   0.33032
FLUX  190   156.50        1.915607E+15   3.5545E-11   1.2519E-10   0.28393
FLUX  191   157.50        1.903444E+15   5.9268E-11   1.5128E-10   0.39178
FLUX  192   158.50        1.891435E+15   7.2411E-11   1.6589E-10   0.43650
FLUX  193   159.50        1.879577E+15   8.7211E-11   1.8169E-10   0.48001
FLUX  194   160.50        1.867866E+15   9.1686E-11   1.9871E-10   0.46141
FLUX  195   161.50        1.856300E+15   9.7908E-11   2.1700E-10   0.45119
FLUX  196   162.50        1.844877E+15   1.0625E-10   2.4261E-10   0.43794
FLUX  197   163.50        1.833593E+15   1.2518E-10   2.6460E-10   0.47308
FLUX  198   164.50        1.822447E+15   1.6472E-10   2.8824E-10   0.57146
FLUX  199   165.50        1.811435E+15   9.5217E-11   3.1365E-10   0.30358
FLUX  200   166.50        1.800556E+15   1.8098E-10   3.4093E-10   0.53084
FLUX  201   167.20        1.793017E+15   1.1565E-10   3.6120E-10   0.32020
FLUX  202   167.70        1.787671E+15   2.5670E-10   5.0659E-09   0.05067
FLUX  203   168.50        1.779184E+15   3.7330E-10   5.4780E-09   0.06814
FLUX  204   169.50        1.768687E+15   5.8395E-10   5.8609E-09   0.09964
FLUX  205   170.50        1.758314E+15   6.8645E-10   6.2939E-09   0.10907
FLUX  206   171.50        1.748061E+15   9.2440E-10   1.5087E-08   0.06127
FLUX  207   172.50        1.737928E+15   1.1061E-09   1.6043E-08   0.06895
FLUX  208   173.50        1.727911E+15   1.4817E-09   1.6633E-08   0.08908
FLUX  209   174.50        1.718009E+15   1.6185E-09   1.7495E-08   0.09251
FLUX  210   175.50        1.708219E+15   2.4433E-09   1.8040E-08   0.13544
FLUX  211   176.50        1.698541E+15   2.0197E-09   1.8560E-08   0.10882
FLUX  212   177.50        1.688972E+15   2.4544E-09   1.9066E-08   0.12873
FLUX  213   178.50        1.679510E+15   2.8050E-09   1.9557E-08   0.14343
FLUX  214   179.50        1.670153E+15   4.3402E-09   2.0029E-08   0.21669
FLUX  215   180.50        1.660900E+15   3.1570E-09   2.0556E-08   0.15358
FLUX  216   181.50        1.651749E+15   3.3385E-09   2.1023E-08   0.15880
FLUX  217   182.50        1.642699E+15   3.5382E-09   2.1521E-08   0.16441
FLUX  218   183.50        1.633747E+15   4.3183E-09   2.1993E-08   0.19635
FLUX  219   184.50        1.624892E+15   3.6418E-09   2.2465E-08   0.16211
FLUX  220   185.50        1.616132E+15   5.1789E-09   2.3043E-08   0.22475
FLUX  221   186.50        1.607466E+15   6.4861E-09   2.3516E-08   0.27581
FLUX  222   187.50        1.598893E+15   6.6800E-09   2.7029E-08   0.24715
FLUX  223   188.50        1.590411E+15   7.4138E-09   2.7358E-08   0.27099
FLUX  224   189.50        1.582018E+15   9.2767E-09   2.7675E-08   0.33520
FLUX  225   190.50        1.573714E+15   8.5687E-09   2.7978E-08   0.30627
FLUX  226   191.50        1.565496E+15   9.2435E-09   2.8282E-08   0.32683
FLUX  227   192.50        1.557364E+15   8.1269E-09   2.8582E-08   0.28434
FLUX  228   193.50        1.549315E+15   5.1072E-09   2.8916E-08   0.17662
FLUX  229   194.50        1.541350E+15   1.2109E-08   2.9297E-08   0.41331
FLUX  230   195.50        1.533465E+15   1.3014E-08   2.9706E-08   0.43810
FLUX  231   196.70        1.524110E+15   1.6292E-08   3.0234E-08   0.53886
FLUX  232   197.60        1.517169E+15   1.3666E-08   3.0708E-08   0.44503
FLUX  233   198.40        1.511051E+15   1.7276E-08   4.9112E-08   0.35177
FLUX  234   199.50        1.502719E+15   1.8451E-08   4.9222E-08   0.37486
FLUX  235   200.50        1.495224E+15   1.9399E-08   4.9493E-08   0.39196
FLUX  236   201.50        1.487804E+15   1.9455E-08   4.9906E-08   0.38984
FLUX  237   202.50        1.480457E+15   1.7206E-08   5.0354E-08   0.34170
FLUX  238   203.50        1.473182E+15   2.3998E-08   5.0847E-08   0.47196
FLUX  239   204.50        1.465978E+15   2.7640E-08   5.1438E-08   0.53735
FLUX  240   205.50        1.458844E+15   2.4632E-08   5.2024E-08   0.47348
FLUX  241   206.50        1.451780E+15   2.3650E-08   5.2639E-08   0.44929
FLUX  242   207.40        1.445480E+15   2.7583E-08   5.3216E-08   0.51832
FLUX  243   207.80        1.442697E+15   4.3721E-08   4.2997E-07   0.10168
FLUX  244   208.50        1.437854E+15   4.5070E-08   4.3532E-07   0.10353
FLUX  245   209.50        1.430990E+15   6.6709E-08   4.4264E-07   0.15071
FLUX  246   210.50        1.424192E+15   1.0122E-07   4.4938E-07   0.22524
FLUX  247   211.50        1.417459E+15   1.1658E-07   4.5544E-07   0.25597
FLUX  248   212.50        1.410788E+15   1.0225E-07   4.6136E-07   0.22163
FLUX  249   213.50        1.404180E+15   8.7290E-08   4.6737E-07   0.18677
FLUX  250   214.50        1.397634E+15   1.2381E-07   4.7301E-07   0.26174
FLUX  251   215.50        1.391148E+15   1.3828E-07   4.7871E-07   0.28887
FLUX  252   216.50        1.384723E+15   1.0890E-07   4.8463E-07   0.22471
FLUX  253   217.50        1.378356E+15   1.2108E-07   4.9079E-07   0.24672
FLUX  254   218.50        1.372048E+15   1.4784E-07   4.9742E-07   0.29722
FLUX  255   219.50        1.365797E+15   1.5732E-07   5.0446E-07   0.31187
FLUX  256   220.50        1.359603E+15   1.4436E-07   5.1192E-07   0.28200
FLUX  257   221.50        1.353465E+15   9.3724E-08   5.1984E-07   0.18029
FLUX  258   222.50        1.347382E+15   1.0570E-07   5.3621E-07   0.19713
FLUX  259   223.50        1.341353E+15   1.6583E-07   5.4478E-07   0.30440
FLUX  260   224.50        1.335379E+15   1.5067E-07   5.5371E-07   0.27210
FLUX  261   225.50        1.329457E+15   1.0071E-07   6.1913E-07   0.16266
FLUX  262   226.50        1.323587E+15   9.2624E-08   6.2625E-07   0.14790
FLUX  263   227.50        1.317769E+15   1.3771E-07   6.3337E-07   0.21742
FLUX  264   228.50        1.312002E+15   1.6261E-07   6.4047E-07   0.25389
FLUX  265   229.50        1.306285E+15   1.4158E-07   6.4761E-07   0.21862
FLUX  266   230.50        1.300618E+15   1.7166E-07   6.5475E-07   0.26218
FLUX  267   231.50        1.295000E+15   1.3707E-07   6.6195E-07   0.20708
FLUX  268   232.50        1.289430E+15   1.2512E-07   6.6927E-07   0.18695
FLUX  269   233.50        1.283908E+15   6.1798E-08   6.8955E-07   0.08962
FLUX  270   234.50        1.278433E+15   3.8293E-08   6.9638E-07   0.05499
FLUX  271   235.50        1.273004E+15   9.2957E-08   7.0330E-07   0.13217
FLUX  272   236.50        1.267622E+15   4.2285E-08   7.1034E-07   0.05953
FLUX  273   237.50        1.262284E+15   6.2835E-08   7.1751E-07   0.08757
FLUX  274   238.50        1.256992E+15   3.1046E-08   7.2528E-07   0.04280
FLUX  275   239.50        1.251743E+15   4.3594E-08   7.3274E-07   0.05949
FLUX  276   240.50        1.246538E+15   4.2927E-08   7.4040E-07   0.05798
FLUX  277   241.50        1.241377E+15   6.8025E-08   7.4822E-07   0.09092
FLUX  278   242.50        1.236258E+15   1.5309E-07   7.5621E-07   0.20244
FLUX  279   243.50        1.231181E+15   1.6319E-07   7.6431E-07   0.21351
FLUX  280   244.50        1.226145E+15   1.9777E-07   7.9134E-07   0.24992
FLUX  281   245.50        1.221151E+15   2.1555E-07   7.9868E-07   0.26989
FLUX  282   246.50        1.216197E+15   1.7568E-07   8.0609E-07   0.21795
FLUX  283   247.50        1.211283E+15   1.6172E-07   8.1354E-07   0.19878
FLUX  284   248.50        1.206408E+15   1.2198E-07   8.2109E-07   0.14856
FLUX  285   249.50        1.201573E+15   1.4414E-07   8.2870E-07   0.17393
FLUX  286   250.50        1.196776E+15   2.3024E-07   8.5096E-07   0.27057
FLUX  287   251.30        1.192967E+15   1.1621E-07   8.5651E-07   0.13568
FLUX  288   251.80        1.190598E+15   1.0105E-07   1.8903E-06   0.05346
FLUX  289   252.50        1.187297E+15   8.2003E-08   1.9053E-06   0.04304
FLUX  290   253.50        1.182613E+15   9.8339E-08   1.9267E-06   0.05104
FLUX  291   254.50        1.177967E+15   1.2770E-07   1.9483E-06   0.06554
FLUX  292   255.50        1.173356E+15   2.5468E-07   1.9700E-06   0.12928
FLUX  293   256.50        1.168782E+15   1.6762E-07   1.9918E-06   0.08415
FLUX  294   257.50        1.164243E+15   2.2149E-07   2.0138E-06   0.10998
FLUX  295   258.50        1.159739E+15   1.7078E-07   2.0360E-06   0.08388
FLUX  296   259.50        1.155270E+15   1.4019E-07   2.0584E-06   0.06811
FLUX  297   260.50        1.150835E+15   1.0639E-07   2.0809E-06   0.05113
FLUX  298   261.50        1.146434E+15   9.9654E-08   2.1034E-06   0.04738
FLUX  299   262.50        1.142067E+15   1.4839E-07   2.1262E-06   0.06979
FLUX  300   263.50        1.137732E+15   3.2671E-07   2.1634E-06   0.15102
FLUX  301   264.50        1.133431E+15   5.6474E-07   2.1858E-06   0.25836
FLUX  302   265.50        1.129162E+15   7.2820E-07   2.2084E-06   0.32974
FLUX  303   266.50        1.124925E+15   4.2349E-07   2.2311E-06   0.18981
FLUX  304   267.50        1.120720E+15   5.1345E-07   2.2541E-06   0.22779
FLUX  305   268.50        1.116546E+15   5.5789E-07   2.2771E-06   0.24500
FLUX  306   269.50        1.112403E+15   4.6048E-07   2.3003E-06   0.20018
FLUX  307   270.50        1.108290E+15   5.8029E-07   2.3396E-06   0.24803
FLUX  308   271.50        1.104208E+15   3.9285E-07   2.3623E-06   0.16630
FLUX  309   272.50        1.100156E+15   3.6201E-07   2.3851E-06   0.15178
FLUX  310   273.50        1.096133E+15   4.0389E-07   2.4080E-06   0.16773
FLUX  311   274.50        1.092140E+15   1.6149E-07   2.4310E-06   0.06643
FLUX  312   275.50        1.088176E+15   2.2898E-07   2.4542E-06   0.09330
FLUX  313   276.50        1.084241E+15   3.2940E-07   2.4773E-06   0.13297
FLUX  314   277.50        1.080333E+15   3.9246E-07   2.5006E-06   0.15695
FLUX  315   278.50        1.076454E+15   2.1712E-07   2.5240E-06   0.08603
FLUX  316   279.50        1.072603E+15   7.3163E-08   2.5474E-06   0.02872
FLUX  317   280.50        1.068779E+15   9.5464E-08   2.5710E-06   0.03713
FLUX  318   281.50        1.064982E+15   3.3708E-07   2.5946E-06   0.12991
FLUX  319   282.50        1.061212E+15   6.1632E-07   2.6185E-06   0.23537
FLUX  320   283.50        1.057469E+15   6.5530E-07   2.6425E-06   0.24799
FLUX  321   284.50        1.053752E+15   6.3214E-07   2.6666E-06   0.23706
FLUX  322   285.50        1.050061E+15   3.8281E-07   2.6907E-06   0.14227
FLUX  323   286.50        1.046396E+15   7.4664E-07   2.7150E-06   0.27501
FLUX  324   287.50        1.042757E+15   8.6031E-07   2.7393E-06   0.31406
FLUX  325   288.50        1.039142E+15   8.2160E-07   2.7638E-06   0.29727
FLUX  326   289.50        1.035553E+15   8.5712E-07   2.7883E-06   0.30740
FLUX  327   291.00        1.030215E+15   1.1722E-06   2.8353E-06   0.41342
FLUX  328   293.00        1.023183E+15   1.0500E-06   2.8838E-06   0.36409
FLUX  329   295.00        1.016246E+15   1.0226E-06   2.9344E-06   0.34847
FLUX  330   297.00        1.009402E+15   1.2486E-06   2.9831E-06   0.41854
FLUX  331   299.00        1.002651E+15   1.2398E-06   3.0321E-06   0.40889
FLUX  332   301.00        9.959884E+14   1.3915E-06   3.0815E-06   0.45155
FLUX  333   303.00        9.894142E+14   1.4081E-06   3.1312E-06   0.44969
FLUX  334   305.00        9.829262E+14   1.4571E-06   3.1810E-06   0.45806
FLUX  335   307.00        9.765228E+14   1.4594E-06   3.2310E-06   0.45168
FLUX  336   309.00        9.702023E+14   1.6356E-06   3.2898E-06   0.49717
FLUX  337   311.00        9.639630E+14   1.6193E-06   3.3388E-06   0.48499
FLUX  338   313.00        9.578035E+14   1.5969E-06   3.3906E-06   0.47098
FLUX  339   315.00        9.517222E+14   1.6360E-06   3.4395E-06   0.47566
FLUX  340   317.00        9.457177E+14   1.6874E-06   3.4885E-06   0.48369
FLUX  341   319.00        9.397884E+14   1.5038E-06   3.5376E-06   0.42508
FLUX  342   321.00        9.339330E+14   1.7365E-06   3.5868E-06   0.48412
FLUX  343   323.00        9.281502E+14   1.4073E-06   3.6386E-06   0.38676
FLUX  344   325.00        9.224385E+14   1.8205E-06   3.6874E-06   0.49371
FLUX  345   327.00        9.167966E+14   2.0757E-06   3.7363E-06   0.55555
FLUX  346   329.00        9.112234E+14   2.0159E-06   3.7865E-06   0.53238
FLUX  347   331.00        9.057175E+14   2.1076E-06   3.8352E-06   0.54955
FLUX  348   333.00        9.002778E+14   2.0996E-06   3.8837E-06   0.54062
FLUX  349   335.00        8.949030E+14   2.0854E-06   3.9323E-06   0.53033
FLUX  350   337.00        8.895920E+14   1.9213E-06   3.9809E-06   0.48262
FLUX  351   339.00        8.843437E+14   2.1048E-06   4.0303E-06   0.52225
FLUX  352   341.00        8.791569E+14   2.1949E-06   4.0786E-06   0.53814
FLUX  353   343.00        8.740306E+14   2.2093E-06   4.1268E-06   0.53535
FLUX  354   345.00        8.689638E+14   2.4015E-06   4.1756E-06   0.57513
FLUX  355   347.00        8.639553E+14   2.3704E-06   4.2238E-06   0.56121
FLUX  356   349.00        8.590043E+14   2.4461E-06   4.2720E-06   0.57259
FLUX  357   351.00        8.541097E+14   2.5943E-06   4.3200E-06   0.60054
FLUX  358   353.00        8.492705E+14   2.5289E-06   4.3680E-06   0.57896
FLUX  359   355.00        8.444859E+14   2.8934E-06   4.4160E-06   0.65519
FLUX  360   357.00        8.397549E+14   2.4535E-06   4.4644E-06   0.54957
FLUX  361   359.00        8.350766E+14   2.4945E-06   4.5127E-06   0.55276
FLUX  362   361.00        8.304501E+14   2.6162E-06   4.5609E-06   0.57362
FLUX  363   363.00        8.258747E+14   2.7128E-06   4.6090E-06   0.58859
FLUX  364   364.00        8.236058E+14   2.6803E-06   4.6333E-06   0.57848
FLUX  365   365.00        8.213493E+14   3.0179E-06   1.1277E-05   0.26760
FLUX  366   367.00        8.168733E+14   3.0086E-06   1.1333E-05   0.26546
FLUX  367   369.00        8.124458E+14   2.9987E-06   1.1389E-05   0.26330
FLUX  368   371.00        8.080660E+14   3.4134E-06   1.1445E-05   0.29825
FLUX  369   373.00        8.037332E+14   3.4007E-06   1.1496E-05   0.29581
FLUX  370   375.00        7.994467E+14   4.0288E-06   1.1548E-05   0.34889
FLUX  371   377.00        7.952056E+14   4.4619E-06   1.1687E-05   0.38178
FLUX  372   379.00        7.910092E+14   5.0134E-06   1.1739E-05   0.42709
FLUX  373   381.00        7.868570E+14   5.6121E-06   1.1789E-05   0.47605
FLUX  374   383.00        7.827480E+14   4.2860E-06   1.1839E-05   0.36203
FLUX  375   385.00        7.786818E+14   5.4867E-06   1.1888E-05   0.46154
FLUX  376   387.00        7.746576E+14   5.9035E-06   1.1936E-05   0.49459
FLUX  377   389.00        7.706748E+14   5.0092E-06   1.1985E-05   0.41795
FLUX  378   391.00        7.667327E+14   6.0568E-06   1.2034E-05   0.50330
FLUX  379   393.00        7.628308E+14   2.7930E-06   1.2082E-05   0.23116
FLUX  380   395.00        7.589684E+14   4.9070E-06   1.2130E-05   0.40455
FLUX  381   397.00        7.551448E+14   3.0054E-06   1.2176E-05   0.24682
FLUX  382   399.00        7.513596E+14   6.8236E-06   1.2222E-05   0.55829
FLUX  383   401.00        7.476122E+14   7.5512E-06   1.2268E-05   0.61551
FLUX  384   403.00        7.439020E+14   7.6054E-06   1.2314E-05   0.61761
FLUX  385   405.00        7.402284E+14   7.5344E-06   1.2359E-05   0.60962
FLUX  386   407.00        7.365909E+14   7.5364E-06   1.2403E-05   0.60762
FLUX  387   409.00        7.329890E+14   7.8828E-06   1.2446E-05   0.63336
FLUX  388   411.00        7.294221E+14   7.1459E-06   1.2488E-05   0.57221
FLUX  389   413.00        7.258898E+14   8.2350E-06   1.2529E-05   0.65725
FLUX  390   415.00        7.223916E+14   8.8079E-06   1.2571E-05   0.70068
FLUX  391   417.00        7.189269E+14   8.5940E-06   1.2612E-05   0.68140
FLUX  392   419.00        7.154952E+14   8.7109E-06   1.2652E-05   0.68853
FLUX  393   421.00        7.120962E+14   8.7728E-06   1.2690E-05   0.69132
FLUX  394   423.00        7.087293E+14   8.5216E-06   1.2727E-05   0.66957
FLUX  395   425.00        7.053941E+14   8.9785E-06   1.2763E-05   0.70349
FLUX  396   427.00        7.020902E+14   8.6126E-06   1.2798E-05   0.67299
FLUX  397   429.00        6.988170E+14   8.3071E-06   1.2832E-05   0.64739
FLUX  398   431.00        6.955742E+14   7.5048E-06   1.2865E-05   0.58333
FLUX  399   433.00        6.923614E+14   8.5063E-06   1.2898E-05   0.65949
FLUX  400   435.00        6.891782E+14   7.7731E-06   1.2932E-05   0.60109
FLUX  401   437.00        6.860240E+14   9.7847E-06   1.2963E-05   0.75481
FLUX  402   439.00        6.828986E+14   9.3472E-06   1.2994E-05   0.71935
FLUX  403   441.00        6.798016E+14   9.5387E-06   1.3024E-05   0.73238
FLUX  404   443.00        6.767325E+14   9.4238E-06   1.3054E-05   0.72191
FLUX  405   445.00        6.736910E+14   9.6925E-06   1.3083E-05   0.74084
FLUX  406   447.00        6.706767E+14   1.0125E-05   1.3112E-05   0.77221
FLUX  407   449.00        6.676893E+14   1.0127E-05   1.3140E-05   0.77069
FLUX  408   451.00        6.647284E+14   1.1205E-05   1.3167E-05   0.85096
FLUX  409   453.00        6.617936E+14   1.0203E-05   1.3194E-05   0.77330
FLUX  410   455.00        6.588846E+14   1.0415E-05   1.3220E-05   0.78777
FLUX  411   457.00        6.560011E+14   1.1230E-05   1.3246E-05   0.84779
FLUX  412   459.00        6.531427E+14   1.0566E-05   1.3271E-05   0.79618
FLUX  413   461.00        6.503091E+14   1.1052E-05   1.3296E-05   0.83126
FLUX  414   463.00        6.475000E+14   1.0784E-05   1.3320E-05   0.80963
FLUX  415   465.00        6.447151E+14   1.1123E-05   1.3344E-05   0.83358
FLUX  416   467.00        6.419540E+14   1.1412E-05   1.3368E-05   0.85371
FLUX  417   469.00        6.392164E+14   1.1031E-05   1.3391E-05   0.82381
FLUX  418   471.00        6.365021E+14   1.0610E-05   1.3413E-05   0.79100
FLUX  419   473.00        6.338108E+14   1.1393E-05   1.3436E-05   0.84794
FLUX  420   475.00        6.311421E+14   1.1671E-05   1.3458E-05   0.86726
FLUX  421   477.00        6.284958E+14   1.1643E-05   1.3480E-05   0.86376
FLUX  422   479.00        6.258716E+14   1.1751E-05   1.3500E-05   0.87039
FLUX  423   481.00        6.232692E+14   1.1539E-05   1.3520E-05   0.85347
FLUX  424   483.00        6.206884E+14   1.1804E-05   1.3540E-05   0.87184
FLUX  425   485.00        6.181289E+14   1.0365E-05   1.3559E-05   0.76448
FLUX  426   487.00        6.155903E+14   8.8637E-06   1.3578E-05   0.65282
FLUX  427   489.00        6.130726E+14   1.1372E-05   1.3596E-05   0.83642
FLUX  428   491.00        6.105754E+14   1.1517E-05   1.3614E-05   0.84599
FLUX  429   493.00        6.080984E+14   1.1365E-05   1.3632E-05   0.83371
FLUX  430   495.00        6.056414E+14   1.2057E-05   1.3649E-05   0.88336
FLUX  431   497.00        6.032042E+14   1.2132E-05   1.3666E-05   0.88776
FLUX  432   499.00        6.007866E+14   1.1258E-05   1.3682E-05   0.82279
FLUX  433   501.00        5.983882E+14   1.0764E-05   1.3698E-05   0.78576
FLUX  434   503.00        5.960089E+14   1.1493E-05   1.3714E-05   0.83806
FLUX  435   505.00        5.936485E+14   1.1619E-05   1.3729E-05   0.84632
FLUX  436   507.00        5.913067E+14   1.2212E-05   1.3744E-05   0.88854
FLUX  437   509.00        5.889833E+14   1.1882E-05   1.3759E-05   0.86359
FLUX  438   511.00        5.866781E+14   1.2147E-05   1.3773E-05   0.88198
FLUX  439   513.00        5.843908E+14   1.1722E-05   1.3787E-05   0.85026
FLUX  440   515.00        5.821214E+14   1.1527E-05   1.3800E-05   0.83527
FLUX  441   517.00        5.798694E+14   1.1433E-05   1.3813E-05   0.82767
FLUX  442   519.00        5.776349E+14   1.1312E-05   1.3826E-05   0.81817
FLUX  443   521.00        5.754175E+14   1.1754E-05   1.3839E-05   0.84934
FLUX  444   523.00        5.732170E+14   1.1905E-05   1.3851E-05   0.85947
FLUX  445   525.00        5.710333E+14   1.2102E-05   1.3863E-05   0.87301
FLUX  446   527.00        5.688662E+14   1.0898E-05   1.3874E-05   0.78544
FLUX  447   529.00        5.667155E+14   1.2117E-05   1.3886E-05   0.87261
FLUX  448   531.00        5.645810E+14   1.2292E-05   1.3897E-05   0.88450
FLUX  449   533.00        5.624625E+14   1.1482E-05   1.3907E-05   0.82564
FLUX  450   535.00        5.603598E+14   1.2322E-05   1.3917E-05   0.88542
FLUX  451   537.00        5.582728E+14   1.2559E-05   1.3927E-05   0.90177
FLUX  452   539.00        5.562013E+14   1.2379E-05   1.3957E-05   0.88690
FLUX  453   541.00        5.541451E+14   1.2037E-05   1.3966E-05   0.86187
FLUX  454   543.00        5.521041E+14   1.2424E-05   1.3975E-05   0.88907
FLUX  455   545.00        5.500780E+14   1.2954E-05   1.3983E-05   0.92645
FLUX  456   547.00        5.480667E+14   1.2635E-05   1.3991E-05   0.90307
FLUX  457   549.00        5.460701E+14   1.2494E-05   1.3999E-05   0.89249
FLUX  458   551.00        5.440880E+14   1.2500E-05   1.4006E-05   0.89248
FLUX  459   553.00        5.421203E+14   1.2767E-05   1.4014E-05   0.91101
FLUX  460   555.00        5.401667E+14   1.2862E-05   1.4021E-05   0.91737
FLUX  461   557.00        5.382271E+14   1.2767E-05   1.4028E-05   0.91012
FLUX  462   559.00        5.363014E+14   1.2594E-05   1.4035E-05   0.89738
FLUX  463   561.00        5.343895E+14   1.3028E-05   1.4041E-05   0.92782
FLUX  464   563.00        5.324911E+14   1.3024E-05   1.4072E-05   0.92551
FLUX  465   565.00        5.306062E+14   1.2937E-05   1.4078E-05   0.91893
FLUX  466   567.00        5.287346E+14   1.2646E-05   1.4084E-05   0.89786
FLUX  467   569.00        5.268761E+14   1.2974E-05   1.4090E-05   0.92080
FLUX  468   571.00        5.250306E+14   1.2888E-05   1.4095E-05   0.91434
FLUX  469   573.00        5.231981E+14   1.3723E-05   1.4100E-05   0.97323
FLUX  470   575.00        5.213783E+14   1.3262E-05   1.4105E-05   0.94024
FLUX  471   577.00        5.195711E+14   1.3483E-05   1.4110E-05   0.95557
FLUX  472   579.00        5.177763E+14   1.3129E-05   1.4114E-05   0.93020
FLUX  473   581.00        5.159940E+14   1.3443E-05   1.4118E-05   0.95221
FLUX  474   583.00        5.142238E+14   1.3683E-05   1.4122E-05   0.96897
FLUX  475   585.00        5.124658E+14   1.3511E-05   1.4125E-05   0.95655
FLUX  476   587.00        5.107198E+14   1.3605E-05   1.4128E-05   0.96293
FLUX  477   589.00        5.089856E+14   1.3115E-05   1.4131E-05   0.92806
FLUX  478   591.00        5.072631E+14   1.3573E-05   1.4134E-05   0.96032
FLUX  479   593.00        5.055523E+14   1.3556E-05   1.4136E-05   0.95897
FLUX  480   595.00        5.038529E+14   1.3615E-05   1.4139E-05   0.96298
FLUX  481   597.00        5.021650E+14   1.3726E-05   1.4141E-05   0.97064
FLUX  482   599.00        5.004883E+14   1.3563E-05   1.4142E-05   0.95905
FLUX  483   601.00        4.988228E+14   1.3340E-05   1.4144E-05   0.94314
FLUX  484   603.00        4.971683E+14   1.3557E-05   1.4145E-05   0.95842
FLUX  485   605.00        4.955248E+14   1.3701E-05   1.4146E-05   0.96852
FLUX  486   607.00        4.938921E+14   1.3858E-05   1.4147E-05   0.97953
FLUX  487   609.00        4.922701E+14   1.3494E-05   1.4148E-05   0.95376
FLUX  488   611.00        4.906588E+14   1.3361E-05   1.4149E-05   0.94435
FLUX  489   613.00        4.890579E+14   1.3057E-05   1.4149E-05   0.92283
FLUX  490   615.00        4.874675E+14   1.3067E-05   1.4149E-05   0.92351
FLUX  491   617.00        4.858874E+14   1.2917E-05   1.4149E-05   0.91289
FLUX  492   619.00        4.843174E+14   1.3631E-05   1.4149E-05   0.96336
FLUX  493   621.00        4.827576E+14   1.3708E-05   1.4149E-05   0.96882
FLUX  494   623.00        4.812079E+14   1.3375E-05   1.4149E-05   0.94532
FLUX  495   625.00        4.796680E+14   1.2853E-05   1.4148E-05   0.90845
FLUX  496   627.00        4.781380E+14   1.3701E-05   1.4193E-05   0.96536
FLUX  497   629.00        4.766176E+14   1.3783E-05   1.4192E-05   0.97118
FLUX  498   631.00        4.751070E+14   1.3324E-05   1.4191E-05   0.93895
FLUX  499   633.00        4.736058E+14   1.3475E-05   1.4189E-05   0.94966
FLUX  500   635.00        4.721142E+14   1.3396E-05   1.4192E-05   0.94391
FLUX  501   637.00        4.706319E+14   1.3390E-05   1.4190E-05   0.94365
FLUX  502   639.00        4.691588E+14   1.3681E-05   1.4188E-05   0.96427
FLUX  503   641.00        4.676950E+14   1.3413E-05   1.4186E-05   0.94552
FLUX  504   643.00        4.662403E+14   1.3626E-05   1.4183E-05   0.96074
FLUX  505   645.00        4.647946E+14   1.3412E-05   1.4181E-05   0.94579
FLUX  506   647.00        4.633578E+14   1.3580E-05   1.4178E-05   0.95785
FLUX  507   649.00        4.619299E+14   1.3356E-05   1.4175E-05   0.94220
FLUX  508   651.00        4.605108E+14   1.3651E-05   1.4179E-05   0.96270
FLUX  509   653.00        4.591003E+14   1.3576E-05   1.4176E-05   0.95769
FLUX  510   655.00        4.576985E+14   1.2829E-05   1.4199E-05   0.90349
FLUX  511   657.00        4.563052E+14   1.0870E-05   1.4196E-05   0.76572
FLUX  512   659.00        4.549203E+14   1.3369E-05   1.4192E-05   0.94198
FLUX  513   661.00        4.535439E+14   1.3697E-05   1.4188E-05   0.96543
FLUX  514   663.00        4.521757E+14   1.3742E-05   1.4184E-05   0.96882
FLUX  515   665.00        4.508158E+14   1.3758E-05   1.4180E-05   0.97027
FLUX  516   667.00        4.494640E+14   1.3628E-05   1.4175E-05   0.96143
FLUX  517   669.00        4.481203E+14   1.3855E-05   1.4171E-05   0.97774
FLUX  518   671.00        4.467846E+14   1.3688E-05   1.4166E-05   0.96629
FLUX  519   673.00        4.454569E+14   1.3830E-05   1.4161E-05   0.97665
FLUX  520   675.00        4.441370E+14   1.3572E-05   1.4156E-05   0.95879
FLUX  521   677.00        4.428250E+14   1.3797E-05   1.4151E-05   0.97499
FLUX  522   679.00        4.415206E+14   1.3707E-05   1.4145E-05   0.96900
FLUX  523   681.00        4.402239E+14   1.3722E-05   1.4140E-05   0.97041
FLUX  524   683.00        4.389348E+14   1.3769E-05   1.4134E-05   0.97413
FLUX  525   685.00        4.376533E+14   1.3587E-05   1.4129E-05   0.96166
FLUX  526   687.00        4.363792E+14   1.3798E-05   1.4123E-05   0.97699
FLUX  527   689.00        4.351125E+14   1.3807E-05   1.4117E-05   0.97808
FLUX  528   691.00        4.338531E+14   1.3752E-05   1.4111E-05   0.97456
FLUX  529   693.00        4.326010E+14   1.3732E-05   1.4105E-05   0.97356
FLUX  530   695.00        4.313561E+14   1.3759E-05   1.4098E-05   0.97589
FLUX  531   697.00        4.301184E+14   1.3751E-05   1.4092E-05   0.97578
FLUX  532   699.00        4.288877E+14   1.3792E-05   1.4085E-05   0.97919
FLUX  533   701.00        4.276641E+14   1.3319E-05   1.4079E-05   0.94603
FLUX  534   703.00        4.264474E+14   1.3643E-05   1.4072E-05   0.96950
FLUX  535   705.00        4.252376E+14   1.3732E-05   1.4065E-05   0.97629
FLUX  536   707.00        4.240347E+14   1.3684E-05   1.4058E-05   0.97342
FLUX  537   709.00        4.228385E+14   1.3662E-05   1.4051E-05   0.97229
FLUX  538   711.00        4.216491E+14   1.3448E-05   1.4044E-05   0.95756
FLUX  539   713.00        4.204663E+14   1.3523E-05   1.4036E-05   0.96347
FLUX  540   715.00        4.192902E+14   1.3556E-05   1.4029E-05   0.96630
FLUX  541   717.00        4.181206E+14   1.3465E-05   1.4021E-05   0.96035
FLUX  542   719.00        4.169576E+14   1.3223E-05   1.4013E-05   0.94362
FLUX  543   721.00        4.158010E+14   1.3530E-05   1.4005E-05   0.96604
FLUX  544   723.00        4.146508E+14   1.3430E-05   1.3997E-05   0.95949
FLUX  545   725.00        4.135069E+14   1.3492E-05   1.4005E-05   0.96341
FLUX  546   727.00        4.123693E+14   1.3618E-05   1.3996E-05   0.97295
FLUX  547   729.00        4.112380E+14   1.3266E-05   1.3988E-05   0.94836
FLUX  548   731.00        4.101129E+14   1.3492E-05   1.4013E-05   0.96280
FLUX  549   733.00        4.089939E+14   1.3547E-05   1.4005E-05   0.96732
FLUX  550   735.00        4.078810E+14   1.3593E-05   1.3996E-05   0.97118
FLUX  551   737.00        4.067741E+14   1.3638E-05   1.3988E-05   0.97498
FLUX  552   739.00        4.056732E+14   1.3341E-05   1.3979E-05   0.95438
FLUX  553   741.00        4.045783E+14   1.3234E-05   1.3970E-05   0.94732
FLUX  554   743.00        4.034892E+14   1.3241E-05   1.3961E-05   0.94843
FLUX  555   745.00        4.024060E+14   1.3341E-05   1.3952E-05   0.95622
FLUX  556   747.00        4.013286E+14   1.3429E-05   1.3942E-05   0.96316
FLUX  557   749.00        4.002570E+14   1.3418E-05   1.3933E-05   0.96300
FLUX  558   751.00        3.991911E+14   1.3510E-05   1.3924E-05   0.97030
FLUX  559   753.00        3.981308E+14   1.3529E-05   1.3914E-05   0.97228
FLUX  560   755.00        3.970762E+14   1.3646E-05   1.3905E-05   0.98137
FLUX  561   757.00        3.960271E+14   1.3497E-05   1.3895E-05   0.97135
FLUX  562   759.00        3.949835E+14   1.3564E-05   1.3885E-05   0.97684
FLUX  563   761.00        3.939455E+14   1.3494E-05   1.3876E-05   0.97250
FLUX  564   763.00        3.929128E+14   1.3614E-05   1.3866E-05   0.98183
FLUX  565   765.00        3.918856E+14   1.3523E-05   1.3856E-05   0.97601
FLUX  566   767.00        3.908638E+14   1.3241E-05   1.3846E-05   0.95636
FLUX  567   769.00        3.898472E+14   1.3440E-05   1.3836E-05   0.97140
FLUX  568   771.00        3.888359E+14   1.3409E-05   1.3825E-05   0.96990
FLUX  569   773.00        3.878299E+14   1.3427E-05   1.3815E-05   0.97194
FLUX  570   775.00        3.868290E+14   1.3347E-05   1.3805E-05   0.96689
FLUX  571   777.00        3.858333E+14   1.3306E-05   1.3794E-05   0.96464
FLUX  572   779.00        3.848427E+14   1.3600E-05   1.3784E-05   0.98668
FLUX  573   781.00        3.838572E+14   1.3491E-05   1.3773E-05   0.97954
FLUX  574   783.00        3.828768E+14   1.3367E-05   1.3762E-05   0.97130
FLUX  575   785.00        3.819013E+14   1.3289E-05   1.3752E-05   0.96638
FLUX  576   787.00        3.809307E+14   1.3468E-05   1.3741E-05   0.98012
FLUX  577   789.00        3.799651E+14   1.3397E-05   1.3730E-05   0.97572
FLUX  578   791.00        3.790044E+14   1.3254E-05   1.3719E-05   0.96607
FLUX  579   793.00        3.780485E+14   1.3111E-05   1.3708E-05   0.95648
FLUX  580   795.00        3.770975E+14   1.3193E-05   1.3697E-05   0.96322
FLUX  581   797.00        3.761512E+14   1.3462E-05   1.3686E-05   0.98368
FLUX  582   799.00        3.752096E+14   1.3399E-05   1.3674E-05   0.97986
FLUX  583   801.00        3.742728E+14   1.3356E-05   1.3663E-05   0.97753
FLUX  584   803.00        3.733406E+14   1.3259E-05   1.3652E-05   0.97123
FLUX  585   805.00        3.724130E+14   1.3284E-05   1.3640E-05   0.97389
FLUX  586   807.00        3.714901E+14   1.3328E-05   1.3629E-05   0.97797
FLUX  587   809.00        3.705717E+14   1.3204E-05   1.3617E-05   0.96965
FLUX  588   811.00        3.696578E+14   1.3408E-05   1.3605E-05   0.98551
FLUX  589   813.00        3.687485E+14   1.3467E-05   1.3594E-05   0.99064
FLUX  590   815.00        3.678436E+14   1.3390E-05   1.3582E-05   0.98587
FLUX  591   817.00        3.669431E+14   1.3395E-05   1.3570E-05   0.98708
FLUX  592   819.00        3.660470E+14   1.2992E-05   1.3558E-05   0.95826
FLUX  593   821.00        3.651553E+14   1.2980E-05   1.4350E-05   0.90452
FLUX  594   823.00        3.642679E+14   1.3065E-05   1.4337E-05   0.91124
FLUX  595   825.00        3.633848E+14   1.3095E-05   1.4324E-05   0.91422
FLUX  596   827.00        3.625060E+14   1.3355E-05   1.4311E-05   0.93322
FLUX  597   829.00        3.616315E+14   1.3303E-05   1.4298E-05   0.93039
FLUX  598   831.00        3.607611E+14   1.3082E-05   1.4285E-05   0.91579
FLUX  599   833.00        3.598950E+14   1.3031E-05   1.4272E-05   0.91306
FLUX  600   835.00        3.590329E+14   1.3152E-05   1.4259E-05   0.92239
FLUX  601   837.00        3.581750E+14   1.3236E-05   1.4246E-05   0.92916
FLUX  602   839.00        3.573212E+14   1.3092E-05   1.4232E-05   0.91990
FLUX  603   841.00        3.564715E+14   1.3197E-05   1.4219E-05   0.92814
FLUX  604   843.00        3.556257E+14   1.2997E-05   1.4206E-05   0.91489
FLUX  605   845.00        3.547840E+14   1.2889E-05   1.4192E-05   0.90820
FLUX  606   847.00        3.539463E+14   1.2889E-05   1.4179E-05   0.90902
FLUX  607   849.00        3.531125E+14   1.2831E-05   1.4166E-05   0.90578
FLUX  608   851.00        3.522826E+14   1.1975E-05   1.4152E-05   0.84613
FLUX  609   853.00        3.514566E+14   1.2705E-05   1.4139E-05   0.89861
FLUX  610   855.00        3.506345E+14   1.0192E-05   1.4125E-05   0.72155
FLUX  611   857.00        3.498162E+14   1.3298E-05   1.4112E-05   0.94231
FLUX  612   859.00        3.490017E+14   1.2763E-05   1.4098E-05   0.90532
FLUX  613   861.00        3.481911E+14   1.2598E-05   1.4085E-05   0.89446
FLUX  614   863.00        3.473841E+14   1.3350E-05   1.4071E-05   0.94878
FLUX  615   865.00        3.465809E+14   1.2986E-05   1.4057E-05   0.92382
FLUX  616   867.00        3.457814E+14   1.0278E-05   1.4044E-05   0.73188
FLUX  617   869.00        3.449856E+14   1.2807E-05   1.4030E-05   0.91282
FLUX  618   871.00        3.441935E+14   1.3369E-05   1.4016E-05   0.95384
FLUX  619   873.00        3.434049E+14   1.3256E-05   1.4003E-05   0.94665
FLUX  620   875.00        3.426200E+14   1.1872E-05   1.3989E-05   0.84871
FLUX  621   877.00        3.418387E+14   1.3232E-05   1.3975E-05   0.94684
FLUX  622   879.00        3.410609E+14   1.3444E-05   1.3961E-05   0.96297
FLUX  623   881.00        3.402866E+14   1.3330E-05   1.3947E-05   0.95575
FLUX  624   883.00        3.395159E+14   1.3239E-05   1.3934E-05   0.95017
FLUX  625   885.00        3.387486E+14   1.2860E-05   1.3920E-05   0.92384
FLUX  626   887.00        3.379848E+14   1.1747E-05   1.3906E-05   0.84475
FLUX  627   889.00        3.372244E+14   1.3220E-05   1.3892E-05   0.95160
FLUX  628   891.00        3.364675E+14   1.3487E-05   1.3878E-05   0.97184
FLUX  629   893.00        3.357139E+14   1.3255E-05   1.3864E-05   0.95609
FLUX  630   895.00        3.349637E+14   1.3442E-05   1.3850E-05   0.97049
FLUX  631   897.00        3.342168E+14   1.3343E-05   1.3836E-05   0.96434
FLUX  632   899.00        3.334733E+14   1.3267E-05   1.3822E-05   0.95979
FLUX  633   901.00        3.327331E+14   1.1749E-05   1.3808E-05   0.85087
FLUX  634   903.00        3.319961E+14   1.2652E-05   1.3794E-05   0.91719
FLUX  635   905.00        3.312624E+14   1.3444E-05   1.3780E-05   0.97561
FLUX  636   907.00        3.305320E+14   1.3109E-05   1.3766E-05   0.95223
FLUX  637   909.00        3.298047E+14   1.2801E-05   1.3752E-05   0.93088
FLUX  638   911.00        3.290807E+14   1.3076E-05   1.3738E-05   0.95185
FLUX  639   913.00        3.283598E+14   1.3426E-05   1.3724E-05   0.97827
FLUX  640   915.00        3.276421E+14   1.3445E-05   1.3710E-05   0.98074
FLUX  641   917.00        3.269275E+14   1.3351E-05   1.3695E-05   0.97486
FLUX  642   919.00        3.262160E+14   1.3357E-05   1.3681E-05   0.97628
FLUX  643   921.00        3.255076E+14   1.2806E-05   1.3667E-05   0.93700
FLUX  644   923.00        3.248023E+14   1.1376E-05   1.3653E-05   0.83324
FLUX  645   925.00        3.241000E+14   1.2552E-05   1.3639E-05   0.92033
FLUX  646   927.00        3.234008E+14   1.2952E-05   1.3624E-05   0.95064
FLUX  647   929.00        3.227045E+14   1.3307E-05   1.3610E-05   0.97769
FLUX  648   931.00        3.220113E+14   1.3372E-05   1.3596E-05   0.98352
FLUX  649   933.00        3.213210E+14   1.3302E-05   1.3582E-05   0.97941
FLUX  650   935.00        3.206337E+14   1.3344E-05   1.3568E-05   0.98355
FLUX  651   937.00        3.199493E+14   1.3348E-05   1.3553E-05   0.98488
FLUX  652   939.00        3.192678E+14   1.3244E-05   1.3539E-05   0.97819
FLUX  653   941.00        3.185893E+14   1.2586E-05   1.3525E-05   0.93055
FLUX  654   943.00        3.179136E+14   1.3083E-05   1.3511E-05   0.96835
FLUX  655   945.00        3.172407E+14   1.2970E-05   1.3496E-05   0.96096
FLUX  656   947.00        3.165707E+14   1.3242E-05   1.3482E-05   0.98221
FLUX  657   949.00        3.159036E+14   1.3305E-05   1.3468E-05   0.98790
FLUX  658   951.00        3.152392E+14   1.3118E-05   1.3454E-05   0.97503
FLUX  659   953.00        3.145776E+14   1.2764E-05   1.3439E-05   0.94977
FLUX  660   955.00        3.139188E+14   1.1352E-05   1.3425E-05   0.84561
FLUX  661   957.00        3.132628E+14   1.2747E-05   1.3411E-05   0.95050
FLUX  662   959.00        3.126095E+14   1.3111E-05   1.3396E-05   0.97868
FLUX  663   961.00        3.119589E+14   1.2946E-05   1.3382E-05   0.96744
FLUX  664   963.00        3.113110E+14   1.2779E-05   1.3367E-05   0.95595
FLUX  665   965.00        3.106658E+14   1.2933E-05   1.3353E-05   0.96855
FLUX  666   967.00        3.100233E+14   1.2760E-05   1.3339E-05   0.95658
FLUX  667   969.00        3.093834E+14   1.2784E-05   1.3324E-05   0.95947
FLUX  668   971.00        3.087461E+14   1.3087E-05   1.3310E-05   0.98323
FLUX  669   973.00        3.081115E+14   1.3070E-05   1.3296E-05   0.98304
FLUX  670   975.00        3.074795E+14   1.2798E-05   1.3281E-05   0.96364
FLUX  671   977.00        3.068501E+14   1.3023E-05   1.3267E-05   0.98164
FLUX  672   979.00        3.062232E+14   1.2938E-05   1.3252E-05   0.97627
FLUX  673   981.00        3.055989E+14   1.3057E-05   1.3238E-05   0.98634
FLUX  674   983.00        3.049771E+14   1.2974E-05   1.3223E-05   0.98117
FLUX  675   985.00        3.043579E+14   1.2900E-05   1.3209E-05   0.97662
FLUX  676   987.00        3.037411E+14   1.2862E-05   1.3195E-05   0.97482
FLUX  677   989.00        3.031269E+14   1.2805E-05   1.3180E-05   0.97151
FLUX  678   991.00        3.025151E+14   1.2733E-05   1.3166E-05   0.96715
FLUX  679   993.00        3.019058E+14   1.2951E-05   1.3151E-05   0.98480
FLUX  680   995.00        3.012990E+14   1.2892E-05   1.3137E-05   0.98137
FLUX  681   997.00        3.006946E+14   1.2897E-05   1.3122E-05   0.98284
FLUX  682   999.00        3.000926E+14   1.2882E-05   1.3108E-05   0.98276
FLUX  683  1002.50        2.990449E+14   1.2471E-05   1.3083E-05   0.95328
FLUX  684  1007.50        2.975608E+14   1.2116E-05   1.3047E-05   0.92867
FLUX  685  1012.50        2.960914E+14   1.2675E-05   1.3011E-05   0.97421
FLUX  686  1017.50        2.946364E+14   1.2644E-05   1.2975E-05   0.97450
FLUX  687  1022.50        2.931956E+14   1.2719E-05   1.2939E-05   0.98296
FLUX  688  1027.50        2.917689E+14   1.2789E-05   1.2903E-05   0.99112
FLUX  689  1032.50        2.903559E+14   1.2607E-05   1.2868E-05   0.97976
FLUX  690  1037.50        2.889566E+14   1.2605E-05   1.2832E-05   0.98232
FLUX  691  1042.50        2.875707E+14   1.2606E-05   1.2796E-05   0.98515
FLUX  692  1047.50        2.861981E+14   1.2305E-05   1.2761E-05   0.96424
FLUX  693  1052.50        2.848385E+14   1.2415E-05   1.2725E-05   0.97563
FLUX  694  1057.50        2.834917E+14   1.2428E-05   1.2689E-05   0.97940
FLUX  695  1062.50        2.821576E+14   1.2410E-05   1.2654E-05   0.98076
FLUX  696  1067.50        2.808361E+14   1.2072E-05   1.2618E-05   0.95672
FLUX  697  1072.50        2.795268E+14   1.2205E-05   1.2583E-05   0.96996
FLUX  698  1077.50        2.782297E+14   1.2171E-05   1.2547E-05   0.97000
FLUX  699  1082.50        2.769446E+14   1.2033E-05   1.2512E-05   0.96169
FLUX  700  1087.50        2.756713E+14   1.2033E-05   1.2477E-05   0.96440
FLUX  701  1092.50        2.744096E+14   1.1263E-05   1.2442E-05   0.90527
FLUX  702  1097.50        2.731595E+14   1.1731E-05   1.2407E-05   0.94557
FLUX  703  1102.50        2.719206E+14   1.2110E-05   1.2372E-05   0.97887
FLUX  704  1107.50        2.706930E+14   1.2137E-05   1.2337E-05   0.98380
FLUX  705  1112.50        2.694764E+14   1.2029E-05   1.2302E-05   0.97786
FLUX  706  1117.50        2.682707E+14   1.1991E-05   1.2267E-05   0.97752
FLUX  707  1122.50        2.670757E+14   1.2030E-05   1.2232E-05   0.98354
FLUX  708  1127.50        2.658914E+14   1.1689E-05   1.2197E-05   0.95832
FLUX  709  1132.50        2.647174E+14   1.1705E-05   1.2163E-05   0.96241
FLUX  710  1137.50        2.635538E+14   1.1794E-05   1.2128E-05   0.97244
FLUX  711  1142.50        2.624004E+14   1.1597E-05   1.2094E-05   0.95895
FLUX  712  1147.50        2.612571E+14   1.1910E-05   1.2059E-05   0.98763
FLUX  713  1152.50        2.601236E+14   1.1868E-05   1.2025E-05   0.98700
FLUX  714  1157.50        2.590000E+14   1.1746E-05   1.1990E-05   0.97963
FLUX  715  1162.50        2.578860E+14   1.1524E-05   1.1956E-05   0.96390
FLUX  716  1167.50        2.567816E+14   1.1452E-05   1.1922E-05   0.96060
FLUX  717  1172.50        2.556866E+14   1.1747E-05   1.1887E-05   0.98820
FLUX  718  1177.50        2.546008E+14   1.1414E-05   1.1853E-05   0.96296
FLUX  719  1182.50        2.535243E+14   1.1473E-05   1.1820E-05   0.97073
FLUX  720  1187.50        2.524568E+14   1.1331E-05   1.1786E-05   0.96145
FLUX  721  1192.50        2.513983E+14   1.1685E-05   1.1752E-05   0.99433
FLUX  722  1197.50        2.503486E+14   1.1331E-05   1.1718E-05   0.96699
FLUX  723  1202.50        2.493077E+14   1.1479E-05   1.1684E-05   0.98242
FLUX  724  1207.50        2.482754E+14   1.1365E-05   1.1651E-05   0.97551
FLUX  725  1212.50        2.472515E+14   1.1367E-05   1.1617E-05   0.97843
FLUX  726  1217.50        2.462361E+14   1.1452E-05   1.1584E-05   0.98863
FLUX  727  1222.50        2.452290E+14   1.1384E-05   1.1550E-05   0.98565
FLUX  728  1227.50        2.442301E+14   1.1351E-05   1.1517E-05   0.98560
FLUX  729  1232.50        2.432394E+14   1.1303E-05   1.1484E-05   0.98426
FLUX  730  1237.50        2.422566E+14   1.1304E-05   1.1450E-05   0.98719
FLUX  731  1242.50        2.412817E+14   1.1278E-05   1.1417E-05   0.98782
FLUX  732  1247.50        2.403146E+14   1.1258E-05   1.1384E-05   0.98892
FLUX  733  1252.50        2.393553E+14   1.1137E-05   1.1351E-05   0.98114
FLUX  734  1257.50        2.384036E+14   1.1072E-05   1.1319E-05   0.97823
FLUX  735  1262.50        2.374594E+14   1.1115E-05   1.1286E-05   0.98482
FLUX  736  1267.50        2.365227E+14   1.1070E-05   1.1253E-05   0.98370
FLUX  737  1272.50        2.355933E+14   1.1100E-05   1.1221E-05   0.98927
FLUX  738  1277.50        2.346712E+14   1.0967E-05   1.1188E-05   0.98024
FLUX  739  1282.50        2.337563E+14   9.8761E-06   1.1156E-05   0.88528
FLUX  740  1287.50        2.328485E+14   1.0861E-05   1.1124E-05   0.97641
FLUX  741  1292.50        2.319478E+14   1.0871E-05   1.1091E-05   0.98017
FLUX  742  1297.50        2.310539E+14   1.0934E-05   1.1059E-05   0.98864
FLUX  743  1302.50        2.301670E+14   1.0843E-05   1.1027E-05   0.98334
FLUX  744  1307.50        2.292868E+14   1.0903E-05   1.0995E-05   0.99162
FLUX  745  1312.50        2.284133E+14   1.0785E-05   1.0963E-05   0.98375
FLUX  746  1317.50        2.275465E+14   1.0712E-05   1.0931E-05   0.97993
FLUX  747  1322.50        2.266862E+14   1.0789E-05   1.0899E-05   0.98988
FLUX  748  1327.50        2.258324E+14   1.0666E-05   1.0868E-05   0.98149
FLUX  749  1332.50        2.249850E+14   1.0708E-05   1.0836E-05   0.98817
FLUX  750  1337.50        2.241439E+14   1.0656E-05   1.0804E-05   0.98630
FLUX  751  1342.50        2.233091E+14   1.0656E-05   1.0773E-05   0.98923
FLUX  752  1347.50        2.224805E+14   1.0628E-05   1.0741E-05   0.98948
FLUX  753  1352.50        2.216580E+14   1.0565E-05   1.0709E-05   0.98651
FLUX  754  1357.50        2.208416E+14   1.0438E-05   1.0678E-05   0.97752
FLUX  755  1362.50        2.200312E+14   1.0483E-05   1.0647E-05   0.98466
FLUX  756  1367.50        2.192267E+14   1.0421E-05   1.0615E-05   0.98167
FLUX  757  1372.50        2.184281E+14   1.0292E-05   1.0584E-05   0.97241
FLUX  758  1377.50        2.176352E+14   1.0342E-05   1.0553E-05   0.98002
FLUX  759  1382.50        2.168481E+14   1.0347E-05   1.0522E-05   0.98340
FLUX  760  1387.50        2.160667E+14   1.0393E-05   1.0490E-05   0.99070
FLUX  761  1392.50        2.152908E+14   1.0270E-05   1.0459E-05   0.98195
FLUX  762  1397.50        2.145206E+14   1.0269E-05   1.0428E-05   0.98479
FLUX  763  1402.50        2.137558E+14   1.0202E-05   1.0397E-05   0.98128
FLUX  764  1407.50        2.129964E+14   1.0239E-05   1.0365E-05   0.98785
FLUX  765  1412.50        2.122425E+14   1.0115E-05   1.0334E-05   0.97875
FLUX  766  1417.50        2.114938E+14   1.0172E-05   1.0303E-05   0.98723
FLUX  767  1422.50        2.107504E+14   1.0038E-05   1.0272E-05   0.97725
FLUX  768  1427.50        2.100123E+14   9.9395E-06   1.0241E-05   0.97058
FLUX  769  1432.50        2.092792E+14   1.0028E-05   1.0210E-05   0.98224
FLUX  770  1437.50        2.085513E+14   1.0087E-05   1.0178E-05   0.99103
FLUX  771  1442.50        2.078284E+14   9.6404E-06   1.0147E-05   0.95007
FLUX  772  1447.50        2.071105E+14   9.9446E-06   1.0116E-05   0.98309
FLUX  773  1452.50        2.063976E+14   9.7101E-06   1.0084E-05   0.96288
FLUX  774  1457.00        2.057601E+14   9.8724E-06   1.0056E-05   0.98172
FLUX  775  1462.00        2.050564E+14   9.7760E-06   1.0347E-05   0.94486
FLUX  776  1467.50        2.042879E+14   9.8177E-06   1.0313E-05   0.95197
FLUX  777  1472.50        2.035942E+14   9.6530E-06   1.0283E-05   0.93877
FLUX  778  1477.50        2.029052E+14   9.6104E-06   1.0252E-05   0.93742
FLUX  779  1482.50        2.022209E+14   9.6372E-06   1.0221E-05   0.94285
FLUX  780  1487.50        2.015412E+14   9.5268E-06   1.0190E-05   0.93487
FLUX  781  1492.50        2.008660E+14   9.7243E-06   1.0160E-05   0.95715
FLUX  782  1497.50        2.001953E+14   9.5875E-06   1.0129E-05   0.94659
FLUX  783  1502.50        1.995291E+14   9.5113E-06   1.0097E-05   0.94195
FLUX  784  1507.50        1.988673E+14   9.4062E-06   1.0066E-05   0.93444
FLUX  785  1512.50        1.982099E+14   9.5123E-06   1.0035E-05   0.94794
FLUX  786  1517.50        1.975568E+14   9.5348E-06   1.0003E-05   0.95317
FLUX  787  1522.50        1.969080E+14   9.4108E-06   9.9715E-06   0.94378
FLUX  788  1527.50        1.962635E+14   9.4564E-06   9.9396E-06   0.95139
FLUX  789  1532.50        1.956232E+14   9.3690E-06   9.9074E-06   0.94565
FLUX  790  1537.50        1.949870E+14   9.3882E-06   9.8751E-06   0.95069
FLUX  791  1542.50        1.943549E+14   9.2103E-06   9.8426E-06   0.93575
FLUX  792  1547.50        1.937270E+14   9.2811E-06   9.8099E-06   0.94609
FLUX  793  1552.50        1.931031E+14   9.2395E-06   9.7770E-06   0.94502
FLUX  794  1557.50        1.924831E+14   9.0374E-06   9.7439E-06   0.92750
FLUX  795  1562.50        1.918672E+14   9.3371E-06   9.7104E-06   0.96155
FLUX  796  1567.50        1.912552E+14   9.0364E-06   9.6767E-06   0.93383
FLUX  797  1572.50        1.906471E+14   8.9381E-06   9.6428E-06   0.92692
FLUX  798  1577.50        1.900428E+14   8.9942E-06   9.6085E-06   0.93606
FLUX  799  1582.50        1.894423E+14   9.0923E-06   9.5740E-06   0.94969
FLUX  800  1587.50        1.888457E+14   8.3890E-06   9.5390E-06   0.87944
FLUX  801  1592.50        1.882527E+14   8.9314E-06   9.5038E-06   0.93978
FLUX  802  1597.50        1.876635E+14   9.0976E-06   9.4682E-06   0.96086
FLUX  803  1605.00        1.867866E+14   8.9420E-06   9.4140E-06   0.94986
FLUX  804  1615.00        1.856300E+14   8.5885E-06   9.3399E-06   0.91954
FLUX  805  1625.00        1.844877E+14   9.0040E-06   9.2635E-06   0.97199
FLUX  806  1635.00        1.833593E+14   8.7398E-06   9.1833E-06   0.95171
FLUX  807  1645.00        1.822447E+14   8.3387E-06   9.0979E-06   0.91656
FLUX  808  1655.00        1.811435E+14   8.7725E-06   9.0093E-06   0.97371
FLUX  809  1665.00        1.800556E+14   8.7466E-06   8.9220E-06   0.98034
FLUX  810  1675.00        1.789806E+14   8.4591E-06   8.8359E-06   0.95735
FLUX  811  1685.00        1.779184E+14   8.0456E-06   8.7510E-06   0.91938
FLUX  812  1695.00        1.768687E+14   8.5439E-06   8.6674E-06   0.98576
FLUX  813  1705.00        1.758314E+14   8.3564E-06   8.5848E-06   0.97339
FLUX  814  1715.00        1.748061E+14   8.3809E-06   8.5035E-06   0.98559
FLUX  815  1725.00        1.737928E+14   8.1464E-06   8.4232E-06   0.96714
FLUX  816  1735.00        1.727911E+14   7.5247E-06   8.3441E-06   0.90180
FLUX  817  1745.00        1.718009E+14   7.9430E-06   8.2660E-06   0.96091
FLUX  818  1755.00        1.708219E+14   7.9891E-06   8.1891E-06   0.97557
FLUX  819  1765.00        1.698541E+14   7.9243E-06   8.1132E-06   0.97671
FLUX  820  1775.00        1.688972E+14   7.8584E-06   8.0384E-06   0.97761
FLUX  821  1785.00        1.679510E+14   7.8043E-06   7.9646E-06   0.97988
FLUX  822  1795.00        1.670153E+14   7.7901E-06   7.8917E-06   0.98712
FLUX  823  1805.00        1.660900E+14   7.6260E-06   7.8198E-06   0.97522
FLUX  824  1815.00        1.651749E+14   7.1233E-06   7.7489E-06   0.91927
FLUX  825  1825.00        1.642699E+14   7.4029E-06   7.6789E-06   0.96407
FLUX  826  1835.00        1.633747E+14   7.4741E-06   7.6097E-06   0.98218
FLUX  827  1845.00        1.624892E+14   7.3855E-06   7.5415E-06   0.97931
FLUX  828  1855.00        1.616132E+14   7.3162E-06   7.4742E-06   0.97885
FLUX  829  1865.00        1.607466E+14   7.2016E-06   7.4078E-06   0.97216
FLUX  830  1875.00        1.598893E+14   6.6705E-06   7.3423E-06   0.90851
FLUX  831  1885.00        1.590411E+14   7.0818E-06   7.2776E-06   0.97310
FLUX  832  1895.00        1.582018E+14   6.9092E-06   7.2137E-06   0.95779
FLUX  833  1905.00        1.573714E+14   7.0663E-06   7.1507E-06   0.98820
FLUX  834  1915.00        1.565496E+14   6.9783E-06   7.0885E-06   0.98445
FLUX  835  1925.00        1.557364E+14   6.9209E-06   7.0271E-06   0.98489
FLUX  836  1935.00        1.549315E+14   6.7860E-06   6.9665E-06   0.97410
FLUX  837  1945.00        1.541350E+14   6.3051E-06   6.9066E-06   0.91291
FLUX  838  1955.00        1.533465E+14   6.7210E-06   6.8475E-06   0.98153
FLUX  839  1965.00        1.525662E+14   6.6806E-06   6.7891E-06   0.98402
FLUX  840  1975.00        1.517937E+14   6.6030E-06   6.7315E-06   0.98091
FLUX  841  1985.00        1.510290E+14   6.5857E-06   6.6746E-06   0.98668
FLUX  842  1995.00        1.502719E+14   6.5333E-06   6.6184E-06   0.98714
FLUX  843  2005.00        1.495224E+14   6.5031E-06   6.5629E-06   0.99089
FLUX  844  2015.00        1.487804E+14   6.4780E-06   6.5080E-06   0.99538
FLUX  845  2025.00        1.480457E+14   6.3722E-06   6.4539E-06   0.98734
FLUX  846  2035.00        1.473182E+14   6.2844E-06   6.4003E-06   0.98188
FLUX  847  2045.00        1.465978E+14   6.3197E-06   6.3475E-06   0.99563
FLUX  848  2055.00        1.458844E+14   6.2414E-06   6.2953E-06   0.99145
FLUX  849  2065.00        1.451780E+14   6.1694E-06   6.2437E-06   0.98809
FLUX  850  2075.00        1.444783E+14   6.1256E-06   6.1927E-06   0.98916
FLUX  851  2085.00        1.437854E+14   6.0747E-06   6.1424E-06   0.98898
FLUX  852  2095.00        1.430990E+14   6.0147E-06   6.0927E-06   0.98719
FLUX  853  2105.00        1.424192E+14   5.9986E-06   6.0435E-06   0.99257
FLUX  854  2115.00        1.417459E+14   5.9191E-06   5.9950E-06   0.98734
FLUX  855  2125.00        1.410788E+14   5.8731E-06   5.9470E-06   0.98757
FLUX  856  2135.00        1.404180E+14   5.8425E-06   5.8997E-06   0.99030
FLUX  857  2145.00        1.397634E+14   5.8183E-06   5.8528E-06   0.99409
FLUX  858  2155.00        1.391148E+14   5.7503E-06   5.8066E-06   0.99031
FLUX  859  2165.00        1.384723E+14   5.3307E-06   5.7608E-06   0.92534
FLUX  860  2175.00        1.378356E+14   5.6037E-06   5.7156E-06   0.98041
FLUX  861  2185.00        1.372048E+14   5.6158E-06   5.6710E-06   0.99027
FLUX  862  2195.00        1.365797E+14   5.6081E-06   5.6268E-06   0.99666
FLUX  863  2205.00        1.359603E+14   5.5124E-06   5.5832E-06   0.98731
FLUX  864  2215.00        1.353465E+14   5.4906E-06   5.5401E-06   0.99106
FLUX  865  2225.00        1.347382E+14   5.4701E-06   5.4974E-06   0.99503
FLUX  866  2235.00        1.341353E+14   5.4252E-06   5.4552E-06   0.99450
FLUX  867  2245.00        1.335379E+14   5.3852E-06   5.4135E-06   0.99476
FLUX  868  2255.00        1.329457E+14   5.3002E-06   5.3723E-06   0.98658
FLUX  869  2265.00        1.323587E+14   5.2763E-06   5.3316E-06   0.98963
FLUX  870  2275.00        1.317769E+14   5.2648E-06   5.2913E-06   0.99499
FLUX  871  2285.00        1.312002E+14   5.2016E-06   5.3044E-06   0.98064
FLUX  872  2295.00        1.306285E+14   5.1535E-06   5.2642E-06   0.97896
FLUX  873  2305.00        1.300618E+14   5.1518E-06   5.2246E-06   0.98606
FLUX  874  2315.00        1.295000E+14   5.0975E-06   5.1854E-06   0.98306
FLUX  875  2325.00        1.289430E+14   5.0719E-06   5.1466E-06   0.98549
FLUX  876  2335.00        1.283908E+14   5.0271E-06   5.1082E-06   0.98412
FLUX  877  2345.00        1.278433E+14   5.0053E-06   5.0702E-06   0.98720
FLUX  878  2355.00        1.273004E+14   4.9565E-06   5.0327E-06   0.98485
FLUX  879  2365.00        1.267622E+14   4.9377E-06   4.9956E-06   0.98840
FLUX  880  2375.00        1.262284E+14   4.8601E-06   4.9589E-06   0.98008
FLUX  881  2385.00        1.256992E+14   4.8312E-06   4.9226E-06   0.98143
FLUX  882  2395.00        1.251743E+14   4.8170E-06   4.8867E-06   0.98574
FLUX  883  2405.00        1.246538E+14   4.7705E-06   4.8511E-06   0.98337
FLUX  884  2415.00        1.241377E+14   4.7201E-06   4.8160E-06   0.98008
FLUX  885  2425.00        1.236258E+14   4.7055E-06   4.7812E-06   0.98417
FLUX  886  2435.00        1.231181E+14   4.6509E-06   4.7468E-06   0.97980
FLUX  887  2445.00        1.226145E+14   4.6344E-06   4.7128E-06   0.98337
FLUX  888  2455.00        1.221151E+14   4.5706E-06   4.6791E-06   0.97679
FLUX  889  2465.00        1.216197E+14   4.5743E-06   4.6458E-06   0.98460
FLUX  890  2475.00        1.211283E+14   4.5240E-06   4.6129E-06   0.98072
FLUX  891  2485.00        1.206408E+14   4.4863E-06   4.5803E-06   0.97948
FLUX  892  2495.00        1.201573E+14   4.4321E-06   4.5480E-06   0.97450
FLUX  893  2505.00        1.196776E+14   4.4502E-06   4.5161E-06   0.98540
FLUX  894  2515.00        1.192018E+14   4.4195E-06   4.4845E-06   0.98551
FLUX  895  2525.00        1.187297E+14   4.3565E-06   4.4532E-06   0.97828
FLUX  896  2535.00        1.182613E+14   4.3624E-06   4.4223E-06   0.98645
FLUX  897  2545.00        1.177967E+14   4.3227E-06   4.3917E-06   0.98430
FLUX  898  2555.00        1.173356E+14   4.2828E-06   4.3614E-06   0.98197
FLUX  899  2565.00        1.168782E+14   4.1779E-06   4.3314E-06   0.96456
FLUX  900  2575.00        1.164243E+14   4.2476E-06   4.3017E-06   0.98741
FLUX  901  2585.00        1.159739E+14   4.1816E-06   4.2723E-06   0.97876
FLUX  902  2595.00        1.155270E+14   4.1965E-06   4.2432E-06   0.98899
FLUX  903  2605.00        1.150835E+14   4.1528E-06   4.2144E-06   0.98537
FLUX  904  2615.00        1.146434E+14   4.0240E-06   4.1859E-06   0.96132
FLUX  905  2625.00        1.142067E+14   3.8650E-06   4.1577E-06   0.92959
FLUX  906  2635.00        1.137732E+14   4.0567E-06   4.1298E-06   0.98230
FLUX  907  2645.00        1.133431E+14   4.0418E-06   4.1021E-06   0.98530
FLUX  908  2655.00        1.129162E+14   4.0253E-06   4.0748E-06   0.98786
FLUX  909  2665.00        1.124925E+14   3.9641E-06   4.0477E-06   0.97936
FLUX  910  2675.00        1.120720E+14   3.8379E-06   4.0208E-06   0.95451
FLUX  911  2685.00        1.116546E+14   3.9526E-06   3.9943E-06   0.98956
FLUX  912  2695.00        1.112403E+14   3.9480E-06   3.9680E-06   0.99496
FLUX  913  2705.00        1.108290E+14   3.9194E-06   3.9419E-06   0.99428
FLUX  914  2715.00        1.104208E+14   3.8956E-06   3.9161E-06   0.99475
FLUX  915  2725.00        1.100156E+14   3.8707E-06   3.8906E-06   0.99490
FLUX  916  2735.00        1.096133E+14   3.8476E-06   3.8653E-06   0.99542
FLUX  917  2745.00        1.092140E+14   3.8226E-06   3.8403E-06   0.99539
FLUX  918  2755.00        1.088176E+14   3.6444E-06   3.8155E-06   0.95516
FLUX  919  2765.00        1.084241E+14   3.7125E-06   3.7909E-06   0.97933
FLUX  920  2775.00        1.080333E+14   3.7411E-06   3.7666E-06   0.99324
FLUX  921  2785.00        1.076454E+14   3.7232E-06   3.7425E-06   0.99483
FLUX  922  2795.00        1.072603E+14   3.7109E-06   3.7186E-06   0.99793
FLUX  923  2805.00        1.068779E+14   3.6843E-06   3.6950E-06   0.99711
FLUX  924  2815.00        1.064982E+14   3.6626E-06   3.6716E-06   0.99756
FLUX  925  2825.00        1.061212E+14   3.6366E-06   3.6484E-06   0.99677
FLUX  926  2835.00        1.057469E+14   3.6213E-06   3.6254E-06   0.99888
FLUX  927  2845.00        1.053752E+14   3.5820E-06   3.6026E-06   0.99428
FLUX  928  2855.00        1.050061E+14   3.5682E-06   3.5801E-06   0.99669
FLUX  929  2865.00        1.046396E+14   3.5151E-06   3.5577E-06   0.98802
FLUX  930  2875.00        1.042757E+14   3.3549E-06   3.5356E-06   0.94891
FLUX  931  2885.00        1.039142E+14   3.4849E-06   3.5136E-06   0.99181
FLUX  932  2895.00        1.035553E+14   3.4790E-06   3.4919E-06   0.99632
FLUX  933  2905.00        1.031988E+14   3.4627E-06   3.4704E-06   0.99779
FLUX  934  2915.00        1.028448E+14   3.4328E-06   3.4490E-06   0.99530
FLUX  935  2925.00        1.024932E+14   3.4054E-06   3.4279E-06   0.99343
FLUX  936  2935.00        1.021440E+14   3.3981E-06   3.4069E-06   0.99740
FLUX  937  2945.00        1.017971E+14   3.3723E-06   3.3862E-06   0.99590
FLUX  938  2955.00        1.014526E+14   3.3574E-06   3.3656E-06   0.99756
FLUX  939  2965.00        1.011105E+14   3.3388E-06   3.3452E-06   0.99808
FLUX  940  2975.00        1.007706E+14   3.3166E-06   3.3250E-06   0.99746
FLUX  941  2985.00        1.004330E+14   3.2990E-06   3.3050E-06   0.99816
FLUX  942  2995.00        1.000977E+14   3.2695E-06   3.2852E-06   0.99523
FLUX  943  3005.00        9.976456E+13   3.2504E-06   3.2655E-06   0.99537
FLUX  944  3015.00        9.943367E+13   3.2338E-06   3.2461E-06   0.99621
FLUX  945  3025.00        9.910496E+13   3.2111E-06   3.2268E-06   0.99514
FLUX  946  3035.00        9.877842E+13   3.0716E-06   3.2076E-06   0.95759
FLUX  947  3045.00        9.845402E+13   3.1220E-06   3.1886E-06   0.97910
FLUX  948  3055.00        9.813175E+13   3.1544E-06   3.1698E-06   0.99513
FLUX  949  3065.00        9.781158E+13   3.1354E-06   3.1511E-06   0.99500
FLUX  950  3075.00        9.749350E+13   3.1249E-06   3.1326E-06   0.99754
FLUX  951  3085.00        9.717747E+13   3.0906E-06   3.1143E-06   0.99240
FLUX  952  3095.00        9.686349E+13   3.0805E-06   3.0961E-06   0.99496
FLUX  953  3105.00        9.655153E+13   3.0661E-06   3.0781E-06   0.99609
FLUX  954  3115.00        9.624157E+13   3.0265E-06   3.0602E-06   0.98896
FLUX  955  3125.00        9.593360E+13   3.0269E-06   3.0425E-06   0.99487
FLUX  956  3135.00        9.562759E+13   3.0087E-06   3.0250E-06   0.99464
FLUX  957  3145.00        9.532353E+13   2.9956E-06   3.0076E-06   0.99603
FLUX  958  3155.00        9.502139E+13   2.9772E-06   2.9903E-06   0.99564
FLUX  959  3165.00        9.472117E+13   2.9620E-06   2.9732E-06   0.99625
FLUX  960  3175.00        9.442283E+13   2.9435E-06   2.9562E-06   0.99568
FLUX  961  3185.00        9.412637E+13   2.9317E-06   2.9394E-06   0.99737
FLUX  962  3195.00        9.383177E+13   2.9172E-06   2.9227E-06   0.99812
FLUX  963  3210.00        9.339330E+13   2.8886E-06   2.8980E-06   0.99677
FLUX  964  3230.00        9.281502E+13   2.8596E-06   2.8655E-06   0.99794
FLUX  965  3250.00        9.224385E+13   2.8241E-06   2.8335E-06   0.99669
FLUX  966  3270.00        9.167966E+13   2.7908E-06   2.8021E-06   0.99597
FLUX  967  3290.00        9.112234E+13   2.6782E-06   2.7788E-06   0.96376
FLUX  968  3310.00        9.057175E+13   2.7073E-06   2.7483E-06   0.98509
FLUX  969  3330.00        9.002778E+13   2.6875E-06   2.7182E-06   0.98872
FLUX  970  3350.00        8.949030E+13   2.6653E-06   2.6886E-06   0.99135
FLUX  971  3370.00        8.895920E+13   2.6282E-06   2.6595E-06   0.98825
FLUX  972  3390.00        8.843437E+13   2.6002E-06   2.6308E-06   0.98837
FLUX  973  3410.00        8.791569E+13   2.5705E-06   2.6027E-06   0.98763
FLUX  974  3430.00        8.740306E+13   2.5519E-06   2.5749E-06   0.99107
FLUX  975  3450.00        8.689638E+13   2.5346E-06   2.5476E-06   0.99491
FLUX  976  3470.00        8.639553E+13   2.5026E-06   2.5207E-06   0.99280
FLUX  977  3490.00        8.590043E+13   2.4799E-06   2.4943E-06   0.99424
FLUX  978  3510.00        8.541097E+13   2.4552E-06   2.4682E-06   0.99470
FLUX  979  3530.00        8.492705E+13   2.4261E-06   2.4426E-06   0.99323
FLUX  980  3550.00        8.444859E+13   2.4039E-06   2.4174E-06   0.99442
FLUX  981  3570.00        8.397549E+13   2.3758E-06   2.3925E-06   0.99302
FLUX  982  3590.00        8.350766E+13   2.3512E-06   2.3680E-06   0.99289
FLUX  983  3610.00        8.304501E+13   2.3304E-06   2.3440E-06   0.99420
FLUX  984  3630.00        8.258747E+13   2.3100E-06   2.3202E-06   0.99557
FLUX  985  3650.00        8.213493E+13   2.2737E-06   2.2969E-06   0.98992
FLUX  986  3670.00        8.168733E+13   2.2566E-06   2.2738E-06   0.99244
FLUX  987  3690.00        8.124458E+13   2.2146E-06   2.2512E-06   0.98378
FLUX  988  3710.00        8.080660E+13   2.1959E-06   2.2288E-06   0.98523
FLUX  989  3730.00        8.037332E+13   2.1614E-06   2.2068E-06   0.97940
FLUX  990  3750.00        7.994467E+13   2.1041E-06   2.1851E-06   0.96291
FLUX  991  3770.00        7.952056E+13   2.1402E-06   2.1638E-06   0.98912
FLUX  992  3790.00        7.910092E+13   2.1216E-06   2.1427E-06   0.99014
FLUX  993  3810.00        7.868570E+13   2.0962E-06   2.1219E-06   0.98787
FLUX  994  3830.00        7.827480E+13   2.0856E-06   2.1015E-06   0.99243
FLUX  995  3850.00        7.786818E+13   2.0733E-06   2.0813E-06   0.99614
FLUX  996  3870.00        7.746576E+13   2.0466E-06   2.0615E-06   0.99277
FLUX  997  3890.00        7.706748E+13   2.0237E-06   2.0419E-06   0.99111
FLUX  998  3910.00        7.667327E+13   1.9981E-06   2.0226E-06   0.98788
FLUX  999  3930.00        7.628308E+13   1.9957E-06   2.0035E-06   0.99609
FLUX 1000  3950.00        7.589684E+13   1.9696E-06   1.9848E-06   0.99237
FLUX 1001  3970.00        7.551448E+13   1.9568E-06   1.9662E-06   0.99519
FLUX 1002  3990.00        7.513596E+13   1.9239E-06   1.9480E-06   0.98766
FLUX 1003  4010.00        7.476122E+13   1.9040E-06   1.9300E-06   0.98656
FLUX 1004  4030.00        7.439020E+13   1.8882E-06   1.9122E-06   0.98745
FLUX 1005  4050.00        7.402284E+13   1.8437E-06   1.8947E-06   0.97306
FLUX 1006  4070.00        7.365909E+13   1.8646E-06   1.8774E-06   0.99317
FLUX 1007  4090.00        7.329890E+13   1.8483E-06   1.8604E-06   0.99347
FLUX 1008  4110.00        7.294221E+13   1.8386E-06   1.8436E-06   0.99728
FLUX 1009  4130.00        7.258898E+13   1.8233E-06   1.8270E-06   0.99798
FLUX 1010  4150.00        7.223916E+13   1.8000E-06   1.8107E-06   0.99412
FLUX 1011  4170.00        7.189269E+13   1.7619E-06   1.7945E-06   0.98185
FLUX 1012  4190.00        7.154952E+13   1.7696E-06   1.7786E-06   0.99495
FLUX 1013  4210.00        7.120962E+13   1.7496E-06   1.7629E-06   0.99247
FLUX 1014  4230.00        7.087293E+13   1.7460E-06   1.7473E-06   0.99926
FLUX 1015  4250.00        7.053941E+13   1.7264E-06   1.7320E-06   0.99672
FLUX 1016  4270.00        7.020902E+13   1.7144E-06   1.7169E-06   0.99854
FLUX 1017  4290.00        6.988170E+13   1.6940E-06   1.7020E-06   0.99528
FLUX 1018  4310.00        6.955742E+13   1.6730E-06   1.6873E-06   0.99152
FLUX 1019  4330.00        6.923614E+13   1.6575E-06   1.6728E-06   0.99084
FLUX 1020  4350.00        6.891782E+13   1.6355E-06   1.6584E-06   0.98616
FLUX 1021  4370.00        6.860240E+13   1.5934E-06   1.6443E-06   0.96906
FLUX 1022  4390.00        6.828986E+13   1.6041E-06   1.6303E-06   0.98392
FLUX 1023  4410.00        6.798016E+13   1.5816E-06   1.6165E-06   0.97839
FLUX 1024  4430.00        6.767325E+13   1.5738E-06   1.6029E-06   0.98185
FLUX 1025  4450.00        6.736910E+13   1.5615E-06   1.5894E-06   0.98244
FLUX 1026  4470.00        6.706767E+13   1.5421E-06   1.5775E-06   0.97754
FLUX 1027  4490.00        6.676893E+13   1.5345E-06   1.5644E-06   0.98089
FLUX 1028  4510.00        6.647284E+13   1.5209E-06   1.5514E-06   0.98035
FLUX 1029  4530.00        6.617936E+13   1.5038E-06   1.5386E-06   0.97737
FLUX 1030  4550.00        6.588846E+13   1.4952E-06   1.5259E-06   0.97988
FLUX 1031  4570.00        6.560011E+13   1.4841E-06   1.5134E-06   0.98065
FLUX 1032  4590.00        6.531427E+13   1.4671E-06   1.5011E-06   0.97737
FLUX 1033  4610.00        6.503091E+13   1.4610E-06   1.4889E-06   0.98130
FLUX 1034  4630.00        6.475000E+13   1.4481E-06   1.4768E-06   0.98059
FLUX 1035  4650.00        6.447151E+13   1.4089E-06   1.4649E-06   0.96177
FLUX 1036  4670.00        6.419540E+13   1.4028E-06   1.4531E-06   0.96536
FLUX 1037  4690.00        6.392164E+13   1.4170E-06   1.4415E-06   0.98300
FLUX 1038  4710.00        6.365021E+13   1.4073E-06   1.4300E-06   0.98412
FLUX 1039  4730.00        6.338108E+13   1.4001E-06   1.4186E-06   0.98697
FLUX 1040  4750.00        6.311421E+13   1.3879E-06   1.4074E-06   0.98612
FLUX 1041  4770.00        6.284958E+13   1.3765E-06   1.3963E-06   0.98579
FLUX 1042  4790.00        6.258716E+13   1.3677E-06   1.3853E-06   0.98728
FLUX 1043  4810.00        6.232692E+13   1.3549E-06   1.3745E-06   0.98577
FLUX 1044  4830.00        6.206884E+13   1.3476E-06   1.3638E-06   0.98814
FLUX 1045  4850.00        6.181289E+13   1.3353E-06   1.3532E-06   0.98679
FLUX 1046  4870.00        6.155903E+13   1.3257E-06   1.3428E-06   0.98728
FLUX 1047  4890.00        6.130726E+13   1.3161E-06   1.3324E-06   0.98773
FLUX 1048  4910.00        6.105754E+13   1.3061E-06   1.3222E-06   0.98778
FLUX 1049  4930.00        6.080984E+13   1.2961E-06   1.3121E-06   0.98780
FLUX 1050  4950.00        6.056414E+13   1.2856E-06   1.3021E-06   0.98729
FLUX 1051  4970.00        6.032042E+13   1.2761E-06   1.2922E-06   0.98751
FLUX 1052  4990.00        6.007866E+13   1.2691E-06   1.2825E-06   0.98960
FLUX 1053  5010.00        5.983882E+13   1.2571E-06   1.2728E-06   0.98761
FLUX 1054  5030.00        5.960089E+13   1.2499E-06   1.2633E-06   0.98938
FLUX 1055  5050.00        5.936485E+13   1.2380E-06   1.2538E-06   0.98734
FLUX 1056  5070.00        5.913067E+13   1.2302E-06   1.2445E-06   0.98850
FLUX 1057  5090.00        5.889833E+13   1.2216E-06   1.2353E-06   0.98892
FLUX 1058  5110.00        5.866781E+13   1.2102E-06   1.2262E-06   0.98696
FLUX 1059  5130.00        5.843908E+13   1.1822E-06   1.2171E-06   0.97134
FLUX 1060  5150.00        5.821214E+13   1.1947E-06   1.2082E-06   0.98884
FLUX 1061  5170.00        5.798694E+13   1.1873E-06   1.1994E-06   0.98993
FLUX 1062  5190.00        5.776349E+13   1.1786E-06   1.1906E-06   0.98992
FLUX 1063  5210.00        5.754175E+13   1.1688E-06   1.1820E-06   0.98882
FLUX 1064  5230.00        5.732170E+13   1.1607E-06   1.1735E-06   0.98908
FLUX 1065  5250.00        5.710333E+13   1.1540E-06   1.1650E-06   0.99056
FLUX 1066  5270.00        5.688662E+13   1.1457E-06   1.1566E-06   0.99057
FLUX 1067  5290.00        5.667155E+13   1.1368E-06   1.1484E-06   0.98995
FLUX 1068  5310.00        5.645810E+13   1.1306E-06   1.1402E-06   0.99155
FLUX 1069  5330.00        5.624625E+13   1.1218E-06   1.1321E-06   0.99091
FLUX 1070  5350.00        5.603598E+13   1.1147E-06   1.1241E-06   0.99167
FLUX 1071  5370.00        5.582728E+13   1.1029E-06   1.1162E-06   0.98810
FLUX 1072  5390.00        5.562013E+13   1.0978E-06   1.1083E-06   0.99050
FLUX 1073  5410.00        5.541451E+13   1.0925E-06   1.1006E-06   0.99272
FLUX 1074  5430.00        5.521041E+13   1.0822E-06   1.0929E-06   0.99024
FLUX 1075  5450.00        5.500780E+13   1.0774E-06   1.0853E-06   0.99275
FLUX 1076  5470.00        5.480667E+13   1.0681E-06   1.0778E-06   0.99106
FLUX 1077  5490.00        5.460701E+13   1.0620E-06   1.0703E-06   0.99227
FLUX 1078  5510.00        5.440880E+13   1.0556E-06   1.0630E-06   0.99310
FLUX 1079  5530.00        5.421203E+13   1.0458E-06   1.0557E-06   0.99064
FLUX 1080  5550.00        5.401667E+13   1.0411E-06   1.0484E-06   0.99300
FLUX 1081  5570.00        5.382271E+13   1.0357E-06   1.0413E-06   0.99464
FLUX 1082  5590.00        5.363014E+13   1.0240E-06   1.0342E-06   0.99010
FLUX 1083  5610.00        5.343895E+13   1.0212E-06   1.0272E-06   0.99416
FLUX 1084  5630.00        5.324911E+13   1.0136E-06   1.0203E-06   0.99347
FLUX 1085  5650.00        5.306062E+13   1.0092E-06   1.0134E-06   0.99578
FLUX 1086  5670.00        5.287346E+13   1.0024E-06   1.0066E-06   0.99575
FLUX 1087  5690.00        5.268761E+13   9.9382E-07   9.9993E-07   0.99390
FLUX 1088  5710.00        5.250306E+13   9.8367E-07   9.9327E-07   0.99034
FLUX 1089  5730.00        5.231981E+13   9.8278E-07   9.8668E-07   0.99605
FLUX 1090  5750.00        5.213783E+13   9.7636E-07   9.8016E-07   0.99612
FLUX 1091  5770.00        5.195711E+13   9.6977E-07   9.7370E-07   0.99597
FLUX 1092  5790.00        5.177763E+13   9.6300E-07   9.6730E-07   0.99556
FLUX 1093  5810.00        5.159940E+13   9.5728E-07   9.6097E-07   0.99616
FLUX 1094  5830.00        5.142238E+13   9.5163E-07   9.5469E-07   0.99680
FLUX 1095  5850.00        5.124658E+13   9.4605E-07   9.4880E-07   0.99710
FLUX 1096  5870.00        5.107198E+13   9.3906E-07   9.4265E-07   0.99620
FLUX 1097  5890.00        5.089856E+13   9.3005E-07   9.3655E-07   0.99306
FLUX 1098  5910.00        5.072631E+13   9.1050E-07   9.3051E-07   0.97850
FLUX 1099  5930.00        5.055523E+13   9.2087E-07   9.2454E-07   0.99604
FLUX 1100  5950.00        5.038529E+13   9.0454E-07   9.1861E-07   0.98468
FLUX 1101  5970.00        5.021650E+13   9.0826E-07   9.1275E-07   0.99508
FLUX 1102  5990.00        5.004883E+13   9.0420E-07   9.0694E-07   0.99697
FLUX 1103  6010.00        4.988228E+13   8.9773E-07   9.0119E-07   0.99617
FLUX 1104  6030.00        4.971683E+13   8.9340E-07   8.9549E-07   0.99767
FLUX 1105  6050.00        4.955248E+13   8.8793E-07   8.8984E-07   0.99785
FLUX 1106  6070.00        4.938921E+13   8.8136E-07   8.8425E-07   0.99673
FLUX 1107  6090.00        4.922701E+13   8.7568E-07   8.7871E-07   0.99655
FLUX 1108  6110.00        4.906588E+13   8.6869E-07   8.7322E-07   0.99480
FLUX 1109  6130.00        4.890579E+13   8.6561E-07   8.6779E-07   0.99749
FLUX 1110  6150.00        4.874675E+13   8.6080E-07   8.6240E-07   0.99815
FLUX 1111  6170.00        4.858874E+13   8.5528E-07   8.5707E-07   0.99791
FLUX 1112  6190.00        4.843174E+13   8.4989E-07   8.5178E-07   0.99779
FLUX 1113  6210.00        4.827576E+13   8.4522E-07   8.4654E-07   0.99844
FLUX 1114  6230.00        4.812079E+13   8.3735E-07   8.4135E-07   0.99525
FLUX 1115  6250.00        4.796680E+13   8.3423E-07   8.3621E-07   0.99763
FLUX 1116  6270.00        4.781380E+13   8.2874E-07   8.3111E-07   0.99714
FLUX 1117  6290.00        4.766176E+13   8.1557E-07   8.2607E-07   0.98730
FLUX 1118  6310.00        4.751070E+13   8.1671E-07   8.2106E-07   0.99470
FLUX 1119  6330.00        4.736058E+13   8.1488E-07   8.1610E-07   0.99850
FLUX 1120  6350.00        4.721142E+13   8.0975E-07   8.1119E-07   0.99822
FLUX 1121  6370.00        4.706319E+13   8.0511E-07   8.0632E-07   0.99850
FLUX 1122  6390.00        4.691588E+13   7.9999E-07   8.0150E-07   0.99812
FLUX 1123  6420.00        4.669665E+13   7.9347E-07   7.9434E-07   0.99891
FLUX 1124  6460.00        4.640751E+13   7.8328E-07   7.8494E-07   0.99788
FLUX 1125  6500.00        4.612192E+13   7.7366E-07   7.7571E-07   0.99736
FLUX 1126  6540.00        4.583983E+13   7.6572E-07   7.6664E-07   0.99880
FLUX 1127  6580.00        4.556117E+13   7.5695E-07   7.5773E-07   0.99898
FLUX 1128  6620.00        4.528588E+13   7.4780E-07   7.4897E-07   0.99845
FLUX 1129  6660.00        4.501389E+13   7.3979E-07   7.4036E-07   0.99924
FLUX 1130  6700.00        4.474515E+13   7.3100E-07   7.3190E-07   0.99877
FLUX 1131  6740.00        4.447960E+13   7.2207E-07   7.2358E-07   0.99792
FLUX 1132  6780.00        4.421718E+13   7.0993E-07   7.1540E-07   0.99236
FLUX 1133  6820.00        4.395784E+13   7.0648E-07   7.0736E-07   0.99876
FLUX 1134  6860.00        4.370153E+13   6.9864E-07   6.9946E-07   0.99883
FLUX 1135  6900.00        4.344819E+13   6.9064E-07   6.9168E-07   0.99850
FLUX 1136  6940.00        4.319777E+13   6.8269E-07   6.8404E-07   0.99803
FLUX 1137  6980.00        4.295021E+13   6.7579E-07   6.7652E-07   0.99892
FLUX 1138  7020.00        4.270548E+13   6.6786E-07   6.6912E-07   0.99812
FLUX 1139  7060.00        4.246353E+13   6.6097E-07   6.6185E-07   0.99868
FLUX 1140  7100.00        4.222430E+13   6.5418E-07   6.5469E-07   0.99923
FLUX 1141  7140.00        4.198775E+13   6.4708E-07   6.4764E-07   0.99913
FLUX 1142  7180.00        4.175383E+13   6.3996E-07   6.4071E-07   0.99883
FLUX 1143  7220.00        4.152251E+13   6.3258E-07   6.3389E-07   0.99793
FLUX 1144  7260.00        4.129373E+13   6.2607E-07   6.2718E-07   0.99823
FLUX 1145  7300.00        4.106747E+13   6.2031E-07   6.2058E-07   0.99958
FLUX 1146  7340.00        4.084366E+13   6.1323E-07   6.1407E-07   0.99863
FLUX 1147  7380.00        4.062229E+13   6.0735E-07   6.0767E-07   0.99947
FLUX 1148  7420.00        4.040330E+13   6.0031E-07   6.0137E-07   0.99822
FLUX 1149  7460.00        4.018666E+13   5.8841E-07   5.9517E-07   0.98864
FLUX 1150  7500.00        3.997233E+13   5.7955E-07   5.8907E-07   0.98385
FLUX 1151  7540.00        3.976028E+13   5.8222E-07   5.8305E-07   0.99857
FLUX 1152  7580.00        3.955046E+13   5.7671E-07   5.7713E-07   0.99926
FLUX 1153  7620.00        3.934285E+13   5.7096E-07   5.7130E-07   0.99941
FLUX 1154  7660.00        3.913740E+13   5.6528E-07   5.6555E-07   0.99953
FLUX 1155  7700.00        3.893409E+13   5.5921E-07   5.5989E-07   0.99878
FLUX 1156  7740.00        3.873288E+13   5.5409E-07   5.5431E-07   0.99959
FLUX 1157  7780.00        3.853374E+13   5.4806E-07   5.4882E-07   0.99862
FLUX 1158  7820.00        3.833664E+13   5.4327E-07   5.4341E-07   0.99974
FLUX 1159  7860.00        3.814154E+13   5.3799E-07   5.3807E-07   0.99984
FLUX 1160  7900.00        3.794842E+13   5.3269E-07   5.3282E-07   0.99975
FLUX 1161  7940.00        3.775724E+13   5.2745E-07   5.2764E-07   0.99965
FLUX 1162  7980.00        3.756798E+13   5.2234E-07   5.2253E-07   0.99963
FLUX 1163  8020.00        3.738061E+13   5.1693E-07   5.1750E-07   0.99890
FLUX 1164  8060.00        3.719510E+13   5.1202E-07   5.1254E-07   0.99898
FLUX 1165  8100.00        3.701142E+13   5.0751E-07   5.0766E-07   0.99971
FLUX 1166  8140.00        3.682955E+13   5.0117E-07   5.0284E-07   0.99669
FLUX 1167  8180.00        3.664945E+13   4.9747E-07   4.9809E-07   0.99876
FLUX 1168  8220.00        3.647111E+13   4.9326E-07   4.9340E-07   0.99971
FLUX 1169  8260.00        3.629449E+13   4.8854E-07   4.8878E-07   0.99950
FLUX 1170  8300.00        3.611958E+13   4.8401E-07   4.8423E-07   0.99954
FLUX 1171  8340.00        3.594634E+13   4.7891E-07   4.7974E-07   0.99828
FLUX 1172  8380.00        3.577476E+13   4.7460E-07   4.7531E-07   0.99851
FLUX 1173  8420.00        3.560481E+13   4.7057E-07   4.7094E-07   0.99922
FLUX 1174  8460.00        3.543647E+13   4.6644E-07   4.6663E-07   0.99958
FLUX 1175  8500.00        3.526971E+13   4.6226E-07   4.6238E-07   0.99973
FLUX 1176  8540.00        3.510451E+13   4.5796E-07   4.5819E-07   0.99949
FLUX 1177  8580.00        3.494085E+13   4.5387E-07   4.5406E-07   0.99959
FLUX 1178  8620.00        3.477871E+13   4.4965E-07   4.4998E-07   0.99927
FLUX 1179  8660.00        3.461807E+13   4.4444E-07   4.4595E-07   0.99660
FLUX 1180  8700.00        3.445891E+13   4.4191E-07   4.4198E-07   0.99985
FLUX 1181  8740.00        3.430120E+13   4.3626E-07   4.3806E-07   0.99588
FLUX 1182  8780.00        3.414493E+13   4.3243E-07   4.3419E-07   0.99593
FLUX 1183  8820.00        3.399008E+13   4.2984E-07   4.3038E-07   0.99876
FLUX 1184  8860.00        3.383663E+13   4.2620E-07   4.2661E-07   0.99904
FLUX 1185  8900.00        3.368455E+13   4.2249E-07   4.2289E-07   0.99905
FLUX 1186  8940.00        3.353384E+13   4.1897E-07   4.1922E-07   0.99941
FLUX 1187  8980.00        3.338447E+13   4.1496E-07   4.1560E-07   0.99846
FLUX 1188  9020.00        3.323642E+13   4.1158E-07   4.1202E-07   0.99892
FLUX 1189  9060.00        3.308968E+13   4.0845E-07   4.0849E-07   0.99989
FLUX 1190  9100.00        3.294423E+13   4.0445E-07   4.0501E-07   0.99863
FLUX 1191  9140.00        3.280005E+13   4.0112E-07   4.0157E-07   0.99889
FLUX 1192  9180.00        3.265714E+13   3.9800E-07   3.9817E-07   0.99959
FLUX 1193  9220.00        3.251546E+13   3.9477E-07   3.9481E-07   0.99988
FLUX 1194  9260.00        3.237500E+13   3.9137E-07   3.9150E-07   0.99966
FLUX 1195  9300.00        3.223575E+13   3.8819E-07   3.8823E-07   0.99991
FLUX 1196  9340.00        3.209770E+13   3.8483E-07   3.8500E-07   0.99956
FLUX 1197  9380.00        3.196082E+13   3.8009E-07   3.8181E-07   0.99549
FLUX 1198  9420.00        3.182511E+13   3.7845E-07   3.7866E-07   0.99945
FLUX 1199  9460.00        3.169054E+13   3.7540E-07   3.7554E-07   0.99963
FLUX 1200  9500.00        3.155711E+13   3.7230E-07   3.7247E-07   0.99955
FLUX 1201  9540.00        3.142479E+13   3.6911E-07   3.6943E-07   0.99912
FLUX 1202  9580.00        3.129358E+13   3.6634E-07   3.6643E-07   0.99974
FLUX 1203  9620.00        3.116346E+13   3.6320E-07   3.6347E-07   0.99925
FLUX 1204  9660.00        3.103442E+13   3.6046E-07   3.6054E-07   0.99976
FLUX 1205  9700.00        3.090644E+13   3.5760E-07   3.5765E-07   0.99988
FLUX 1206  9740.00        3.077952E+13   3.5426E-07   3.5479E-07   0.99850
FLUX 1207  9780.00        3.065363E+13   3.5164E-07   3.5196E-07   0.99907
FLUX 1208  9820.00        3.052877E+13   3.4897E-07   3.4917E-07   0.99942
FLUX 1209  9860.00        3.040492E+13   3.4628E-07   3.4642E-07   0.99962
FLUX 1210  9900.00        3.028207E+13   3.4366E-07   3.4369E-07   0.99990
FLUX 1211  9940.00        3.016021E+13   3.4077E-07   3.4100E-07   0.99934
FLUX 1212  9980.00        3.003933E+13   3.3815E-07   3.3833E-07   0.99945
FLUX 1213 10020.00        2.991941E+13   3.3552E-07   3.3570E-07   0.99945
FLUX 1214 20000.00        1.498963E+13   8.5772E-08   8.5782E-08   0.99988
FLUX 1215 40000.00        7.494813E+12   2.1359E-08   2.1360E-08   0.99998
FLUX 1216 60000.00        4.996542E+12   9.4123E-09   9.4124E-09   0.99999
FLUX 1217 80000.00        3.747406E+12   5.2535E-09   5.2536E-09   0.99999
FLUX 1218100000.00        2.997925E+12   3.3399E-09   3.3399E-09   1.00000
FLUX 1219120000.00        2.498271E+12   2.3059E-09   2.3059E-09   1.00000
FLUX 1220140000.00        2.141375E+12   1.6856E-09   1.6856E-09   1.00000
FLUX 1221160000.00        1.873703E+12   1.2847E-09   1.2847E-09   1.00000
FLUX
