TEFF   7000.  GRAVITY 3.00000 LTE 
TITLE  [+0.5] N(He)/Ntot=0.07813 VTURB=2.0  L/H=1.25 NOVER                      
FLUX    1     9.09        3.298047E+16   1.0000E-50   0.0000E+00   1.00000
FLUX    2     9.35        3.206337E+16   1.0000E-50   0.0000E+00   1.00000
FLUX    3     9.61        3.119589E+16   1.0000E-50   0.0000E+00   1.00000
FLUX    4     9.77        3.068501E+16   1.0000E-50   0.0000E+00   1.00000
FLUX    5     9.96        3.009965E+16   1.0000E-50   0.0000E+00   1.00000
FLUX    6    10.20        2.939142E+16   1.0000E-50   0.0000E+00   1.00000
FLUX    7    10.38        2.888174E+16   1.0000E-50   0.0000E+00   1.00000
FLUX    8    10.56        2.838944E+16   1.0000E-50   0.0000E+00   1.00000
FLUX    9    10.77        2.783589E+16   1.0000E-50   0.0000E+00   1.00000
FLUX   10    11.04        2.715512E+16   1.0000E-50   0.0000E+00   1.00000
FLUX   11    11.40        2.629759E+16   1.0000E-50   0.0000E+00   1.00000
FLUX   12    11.78        2.544928E+16   1.0000E-50   0.0000E+00   1.00000
FLUX   13    12.13        2.471496E+16   1.0000E-50   0.0000E+00   1.00000
FLUX   14    12.48        2.402183E+16   1.0000E-50   0.0000E+00   1.00000
FLUX   15    12.71        2.358714E+16   1.0000E-50   0.0000E+00   1.00000
FLUX   16    12.84        2.334833E+16   1.0000E-50   0.0000E+00   1.00000
FLUX   17    13.05        2.297261E+16   1.0000E-50   0.0000E+00   1.00000
FLUX   18    13.24        2.264294E+16   1.0000E-50   0.0000E+00   1.00000
FLUX   19    13.39        2.238928E+16   1.0000E-50   0.0000E+00   1.00000
FLUX   20    13.66        2.194674E+16   1.0000E-50   0.0000E+00   1.00000
FLUX   21    13.98        2.144438E+16   1.0000E-50   0.0000E+00   1.00000
FLUX   22    14.33        2.092062E+16   1.0000E-50   0.0000E+00   1.00000
FLUX   23    14.72        2.036634E+16   1.0000E-50   0.0000E+00   1.00000
FLUX   24    15.10        1.985381E+16   1.0000E-50   0.0000E+00   1.00000
FLUX   25    15.52        1.931653E+16   1.0000E-50   0.0000E+00   1.00000
FLUX   26    15.88        1.887862E+16   1.0000E-50   0.0000E+00   1.00000
FLUX   27    16.20        1.850571E+16   1.0000E-50   0.0000E+00   1.00000
FLUX   28    16.60        1.805979E+16   1.0000E-50   0.0000E+00   1.00000
FLUX   29    17.03        1.760379E+16   7.9091E-86   7.9092E-86   0.99998
FLUX   30    17.34        1.728907E+16   2.3916E-84   2.3917E-84   0.99998
FLUX   31    17.68        1.695659E+16   8.7483E-83   8.7485E-83   0.99998
FLUX   32    18.02        1.663665E+16   2.7877E-81   2.7877E-81   0.99998
FLUX   33    18.17        1.649931E+16   1.2310E-80   1.2310E-80   0.99998
FLUX   34    18.61        1.610922E+16   8.3485E-79   8.3486E-79   0.99998
FLUX   35    19.10        1.569594E+16   7.2422E-77   7.2423E-77   0.99998
FLUX   36    19.39        1.546119E+16   9.1035E-76   9.1036E-76   0.99998
FLUX   37    19.84        1.511051E+16   3.9856E-74   3.9857E-74   0.99998
FLUX   38    20.18        1.485592E+16   6.1934E-73   6.1935E-73   0.99998
FLUX   39    20.50        1.462402E+16   7.5353E-72   7.5354E-72   0.99998
FLUX   40    21.05        1.424192E+16   4.5912E-70   4.5913E-70   0.99998
FLUX   41    21.62        1.386644E+16   2.5952E-68   2.5953E-68   0.99998
FLUX   42    21.98        1.363933E+16   2.9729E-67   2.9729E-67   0.99998
FLUX   43    22.30        1.344361E+16   2.4233E-66   2.4233E-66   0.99998
FLUX   44    22.68        1.321836E+16   2.7097E-65   2.7097E-65   0.99998
FLUX   45    23.00        1.303446E+16   1.9451E-64   1.9451E-64   0.99998
FLUX   46    23.40        1.281165E+16   2.1103E-63   2.1103E-63   0.99998
FLUX   47    24.00        1.249135E+16   6.4782E-62   6.4783E-62   0.99998
FLUX   48    24.65        1.216197E+16   2.1844E-60   2.1845E-60   0.99998
FLUX   49    25.24        1.187767E+16   4.5359E-59   4.5360E-59   0.99998
FLUX   50    25.68        1.167416E+16   3.9701E-58   3.9702E-58   0.99998
FLUX   51    26.00        1.153048E+16   1.8345E-57   1.8345E-57   0.99998
FLUX   52    26.40        1.135578E+16   1.1781E-56   1.1782E-56   0.99998
FLUX   53    26.85        1.116546E+16   8.9075E-56   8.9077E-56   0.99998
FLUX   54    27.35        1.096133E+16   7.7810E-55   7.7812E-55   0.99998
FLUX   55    27.85        1.076454E+16   6.2848E-54   6.2849E-54   0.99998
FLUX   56    28.40        1.055607E+16   5.7287E-53   5.7289E-53   0.99998
FLUX   57    29.00        1.033767E+16   5.7842E-52   5.7843E-52   0.99998
FLUX   58    29.60        1.012813E+16   5.2958E-51   5.2959E-51   0.99998
FLUX   59    30.10        9.959884E+15   3.1315E-50   3.1326E-50   0.99965
FLUX   60    30.80        9.733523E+15   3.4129E-49   3.4130E-49   0.99998
FLUX   61    31.80        9.427437E+15   8.5727E-48   8.5729E-48   0.99998
FLUX   62    32.80        9.140015E+15   1.7586E-46   1.7587E-46   0.99998
FLUX   63    33.80        8.869601E+15   2.9973E-45   2.9973E-45   0.99998
FLUX   64    34.80        8.614727E+15   4.3191E-44   4.3192E-44   0.99998
FLUX   65    35.70        8.397549E+15   4.1721E-43   4.1722E-43   0.99998
FLUX   66    36.60        8.191052E+15   3.5964E-42   3.5965E-42   0.99998
FLUX   67    37.50        7.994467E+15   2.7825E-41   2.7826E-41   0.99997
FLUX   68    38.50        7.786818E+15   2.4059E-40   2.4060E-40   0.99998
FLUX   69    39.50        7.589684E+15   1.8560E-39   1.8561E-39   0.99998
FLUX   70    40.50        7.402284E+15   1.2895E-38   1.2896E-38   0.99998
FLUX   71    41.40        7.241365E+15   6.7934E-38   6.7936E-38   0.99998
FLUX   72    42.20        7.104088E+15   2.7955E-37   2.7955E-37   0.99998
FLUX   73    43.00        6.971919E+15   1.0890E-36   1.0890E-36   0.99997
FLUX   74    44.10        6.798016E+15   6.4949E-36   6.4954E-36   0.99993
FLUX   75    45.10        6.647284E+15   3.0420E-35   3.0420E-35   0.99998
FLUX   76    46.00        6.517228E+15   1.1499E-34   1.1500E-34   0.99998
FLUX   77    47.00        6.378564E+15   4.7353E-34   4.7358E-34   0.99989
FLUX   78    48.00        6.245677E+15   1.8325E-33   1.8326E-33   0.99998
FLUX   79    49.00        6.118214E+15   6.6958E-33   6.6959E-33   0.99998
FLUX   80    50.00        5.995850E+15   2.3149E-32   2.3149E-32   0.99998
FLUX   81    50.60        5.924753E+15   6.2947E-32   7.1938E-32   0.87502
FLUX   82    51.20        5.855322E+15   1.4275E-31   1.4460E-31   0.98725
FLUX   83    52.00        5.765240E+15   3.5341E-31   3.5703E-31   0.98987
FLUX   84    53.00        5.656462E+15   1.0609E-30   1.0611E-30   0.99985
FLUX   85    54.00        5.551713E+15   3.0000E-30   3.0220E-30   0.99272
FLUX   86    55.00        5.450773E+15   8.2685E-30   8.2714E-30   0.99964
FLUX   87    56.00        5.353438E+15   2.1789E-29   2.1792E-29   0.99989
FLUX   88    57.00        5.259518E+15   5.5374E-29   5.5375E-29   0.99998
FLUX   89    58.00        5.168836E+15   1.3438E-28   1.3613E-28   0.98720
FLUX   90    59.00        5.081229E+15   3.2311E-28   3.2358E-28   0.99856
FLUX   91    60.00        4.996542E+15   7.4438E-28   7.4585E-28   0.99804
FLUX   92    61.00        4.914631E+15   1.6695E-27   1.6697E-27   0.99992
FLUX   93    62.00        4.835363E+15   3.6341E-27   3.6352E-27   0.99969
FLUX   94    63.00        4.758611E+15   7.7070E-27   7.7082E-27   0.99985
FLUX   95    64.00        4.684258E+15   1.5937E-26   1.5947E-26   0.99938
FLUX   96    65.00        4.612192E+15   3.2209E-26   3.2213E-26   0.99986
FLUX   97    65.80        4.556117E+15   5.5598E-26   5.5608E-26   0.99983
FLUX   98    66.50        4.508158E+15   8.8318E-26   8.8627E-26   0.99651
FLUX   99    67.50        4.441370E+15   1.6902E-25   1.6940E-25   0.99771
FLUX  100    68.50        4.376533E+15   3.1709E-25   3.1727E-25   0.99945
FLUX  101    69.50        4.313561E+15   5.8265E-25   5.8273E-25   0.99986
FLUX  102    70.50        4.252376E+15   1.0415E-24   1.0506E-24   0.99135
FLUX  103    71.60        4.187046E+15   1.9674E-24   1.9681E-24   0.99965
FLUX  104    72.60        4.129373E+15   3.4205E-24   3.4208E-24   0.99992
FLUX  105    73.50        4.078810E+15   5.5468E-24   5.5496E-24   0.99950
FLUX  106    74.50        4.024060E+15   9.3415E-24   9.3617E-24   0.99784
FLUX  107    75.50        3.970762E+15   1.5512E-23   1.5557E-23   0.99717
FLUX  108    76.50        3.918856E+15   2.5434E-23   2.5482E-23   0.99811
FLUX  109    77.50        3.868290E+15   4.1065E-23   4.1162E-23   0.99763
FLUX  110    78.50        3.819013E+15   6.5610E-23   6.5612E-23   0.99997
FLUX  111    79.50        3.770975E+15   1.0183E-22   1.0325E-22   0.98624
FLUX  112    80.50        3.724130E+15   1.5901E-22   1.6050E-22   0.99068
FLUX  113    81.50        3.678436E+15   2.4616E-22   2.4655E-22   0.99839
FLUX  114    82.50        3.633848E+15   3.7410E-22   3.7450E-22   0.99894
FLUX  115    83.50        3.590329E+15   5.6234E-22   5.6272E-22   0.99932
FLUX  116    84.50        3.547840E+15   8.3632E-22   8.3665E-22   0.99961
FLUX  117    85.50        3.506345E+15   1.2317E-21   1.2320E-21   0.99977
FLUX  118    86.50        3.465809E+15   1.7949E-21   1.7953E-21   0.99979
FLUX  119    87.50        3.426200E+15   2.5748E-21   2.5914E-21   0.99357
FLUX  120    88.50        3.387486E+15   3.7050E-21   3.7070E-21   0.99947
FLUX  121    89.50        3.349637E+15   5.2554E-21   5.2562E-21   0.99985
FLUX  122    90.50        3.312624E+15   7.3578E-21   7.3894E-21   0.99571
FLUX  123    91.50        3.276421E+15   5.4551E-18   1.3590E-17   0.40140
FLUX  124    92.50        3.241000E+15   1.8581E-17   1.9582E-17   0.94886
FLUX  125    93.50        3.206337E+15   2.6546E-17   2.7978E-17   0.94880
FLUX  126    94.50        3.172407E+15   3.7624E-17   3.9656E-17   0.94876
FLUX  127    95.50        3.139188E+15   5.4817E-17   5.5783E-17   0.98268
FLUX  128    96.50        3.106658E+15   7.6553E-17   7.7882E-17   0.98293
FLUX  129    97.50        3.074795E+15   1.0610E-16   1.0795E-16   0.98284
FLUX  130    98.50        3.043579E+15   1.4607E-16   1.4864E-16   0.98269
FLUX  131    99.50        3.012990E+15   1.9966E-16   2.0325E-16   0.98233
FLUX  132   100.50        2.983010E+15   2.7603E-16   2.7612E-16   0.99968
FLUX  133   101.50        2.953621E+15   3.7260E-16   3.7268E-16   0.99977
FLUX  134   102.50        2.924805E+15   4.7545E-16   5.0013E-16   0.95064
FLUX  135   103.50        2.896546E+15   6.5625E-16   6.6703E-16   0.98384
FLUX  136   104.50        2.868828E+15   8.8444E-16   8.8458E-16   0.99984
FLUX  137   105.50        2.841635E+15   1.1664E-15   1.1666E-15   0.99988
FLUX  138   106.50        2.814953E+15   1.5049E-15   1.5301E-15   0.98349
FLUX  139   107.50        2.788767E+15   1.9960E-15   1.9965E-15   0.99976
FLUX  140   108.50        2.763065E+15   2.5912E-15   2.5916E-15   0.99984
FLUX  141   109.50        2.737831E+15   3.2918E-15   3.3472E-15   0.98345
FLUX  142   110.50        2.713054E+15   6.6863E-15   2.2744E-14   0.29399
FLUX  143   111.50        2.688722E+15   2.0716E-14   3.2141E-14   0.64453
FLUX  144   112.50        2.664822E+15   3.1802E-14   4.4166E-14   0.72005
FLUX  145   113.50        2.641344E+15   4.7196E-14   5.9028E-14   0.79955
FLUX  146   114.50        2.618275E+15   6.3658E-14   7.6871E-14   0.82812
FLUX  147   115.50        2.595606E+15   7.4009E-14   9.7820E-14   0.75658
FLUX  148   116.50        2.573326E+15   1.0897E-13   1.2183E-13   0.89440
FLUX  149   117.50        2.551426E+15   1.3756E-13   1.4835E-13   0.92727
FLUX  150   118.50        2.529895E+15   1.5350E-13   1.9278E-13   0.79621
FLUX  151   119.50        2.508724E+15   1.0040E-13   2.3518E-13   0.42690
FLUX  152   120.50        2.487905E+15   1.3075E-13   2.8488E-13   0.45896
FLUX  153   121.50        2.467428E+15   5.3654E-14   3.4302E-13   0.15641
FLUX  154   122.50        2.447286E+15   1.7382E-13   4.1936E-13   0.41450
FLUX  155   123.50        2.427470E+15   3.4407E-13   5.0010E-13   0.68801
FLUX  156   124.50        2.407972E+15   8.8225E-13   2.0904E-12   0.42204
FLUX  157   125.50        2.388785E+15   2.3638E-12   3.3042E-12   0.71541
FLUX  158   126.50        2.369901E+15   2.0826E-12   4.5787E-12   0.45485
FLUX  159   127.50        2.351314E+15   3.5691E-12   5.7767E-12   0.61785
FLUX  160   128.50        2.333016E+15   5.1757E-12   7.1363E-12   0.72527
FLUX  161   129.50        2.315000E+15   6.5249E-12   8.5328E-12   0.76469
FLUX  162   130.50        2.297261E+15   4.9917E-12   1.0095E-11   0.49449
FLUX  163   131.50        2.279791E+15   8.5990E-12   1.1786E-11   0.72957
FLUX  164   132.50        2.262585E+15   1.0283E-11   1.3667E-11   0.75244
FLUX  165   133.50        2.245637E+15   1.1904E-11   1.5739E-11   0.75632
FLUX  166   134.50        2.228941E+15   1.4784E-11   1.8040E-11   0.81955
FLUX  167   135.50        2.212491E+15   1.5797E-11   2.0587E-11   0.76737
FLUX  168   136.50        2.196282E+15   1.7698E-11   2.3411E-11   0.75598
FLUX  169   137.50        2.180309E+15   1.9156E-11   2.6536E-11   0.72190
FLUX  170   138.50        2.164567E+15   2.1121E-11   2.9997E-11   0.70411
FLUX  171   139.50        2.149050E+15   2.4590E-11   3.3821E-11   0.72707
FLUX  172   140.50        2.133754E+15   2.9006E-11   3.8278E-11   0.75777
FLUX  173   141.50        2.118675E+15   3.0675E-11   4.3480E-11   0.70550
FLUX  174   142.50        2.103807E+15   3.4863E-11   4.9338E-11   0.70662
FLUX  175   143.50        2.089146E+15   3.7616E-11   5.5808E-11   0.67403
FLUX  176   144.20        2.079005E+15   4.6713E-11   6.0768E-11   0.76871
FLUX  177   144.70        2.071821E+15   4.6939E-11   6.7851E-11   0.69179
FLUX  178   145.50        2.060430E+15   5.5099E-11   7.4655E-11   0.73805
FLUX  179   146.50        2.046365E+15   5.9726E-11   8.3990E-11   0.71111
FLUX  180   147.50        2.032492E+15   6.4443E-11   9.4316E-11   0.68327
FLUX  181   148.50        2.018805E+15   7.5218E-11   1.0572E-10   0.71150
FLUX  182   149.50        2.005301E+15   9.4161E-11   1.1829E-10   0.79601
FLUX  183   150.50        1.991977E+15   1.1075E-10   1.3212E-10   0.83828
FLUX  184   151.20        1.982755E+15   1.0307E-10   1.4261E-10   0.72269
FLUX  185   151.70        1.976220E+15   9.5585E-11   1.5054E-10   0.63493
FLUX  186   152.50        1.965852E+15   1.1411E-10   7.2525E-10   0.15734
FLUX  187   153.50        1.953046E+15   2.2860E-10   7.9152E-10   0.28881
FLUX  188   154.50        1.940405E+15   3.3457E-10   8.6286E-10   0.38774
FLUX  189   155.50        1.927926E+15   3.8404E-10   9.3965E-10   0.40871
FLUX  190   156.50        1.915607E+15   3.5678E-10   1.0228E-09   0.34881
FLUX  191   157.50        1.903444E+15   5.7331E-10   1.2014E-09   0.47720
FLUX  192   158.50        1.891435E+15   6.7584E-10   1.3023E-09   0.51895
FLUX  193   159.50        1.879577E+15   8.3770E-10   1.4102E-09   0.59404
FLUX  194   160.50        1.867866E+15   8.2786E-10   1.5248E-09   0.54292
FLUX  195   161.50        1.856300E+15   8.4313E-10   1.6464E-09   0.51210
FLUX  196   162.50        1.844877E+15   8.4791E-10   1.8163E-09   0.46683
FLUX  197   163.50        1.833593E+15   1.0455E-09   1.9586E-09   0.53378
FLUX  198   164.50        1.822447E+15   1.2895E-09   2.1096E-09   0.61122
FLUX  199   165.50        1.811435E+15   7.5594E-10   2.2700E-09   0.33301
FLUX  200   166.50        1.800556E+15   1.3515E-09   2.4402E-09   0.55385
FLUX  201   167.20        1.793017E+15   8.1342E-10   2.5653E-09   0.31708
FLUX  202   167.70        1.787671E+15   1.9844E-09   1.0566E-07   0.01878
FLUX  203   168.50        1.779184E+15   2.7286E-09   1.1066E-07   0.02466
FLUX  204   169.50        1.768687E+15   3.9061E-09   1.1460E-07   0.03408
FLUX  205   170.50        1.758314E+15   5.4712E-09   1.1896E-07   0.04599
FLUX  206   171.50        1.748061E+15   1.3656E-08   1.8718E-07   0.07296
FLUX  207   172.50        1.737928E+15   1.7833E-08   1.9402E-07   0.09192
FLUX  208   173.50        1.727911E+15   2.6922E-08   1.9825E-07   0.13580
FLUX  209   174.50        1.718009E+15   2.1755E-08   2.0446E-07   0.10640
FLUX  210   175.50        1.708219E+15   3.7022E-08   2.0836E-07   0.17768
FLUX  211   176.50        1.698541E+15   2.3825E-08   2.1202E-07   0.11237
FLUX  212   177.50        1.688972E+15   3.6539E-08   2.1554E-07   0.16952
FLUX  213   178.50        1.679510E+15   3.3507E-08   2.1893E-07   0.15305
FLUX  214   179.50        1.670153E+15   6.3257E-08   2.2210E-07   0.28482
FLUX  215   180.50        1.660900E+15   3.7261E-08   2.2562E-07   0.16515
FLUX  216   181.50        1.651749E+15   4.4227E-08   2.2856E-07   0.19350
FLUX  217   182.50        1.642699E+15   4.0360E-08   2.3160E-07   0.17427
FLUX  218   183.50        1.633747E+15   4.2172E-08   2.3431E-07   0.17999
FLUX  219   184.50        1.624892E+15   3.8217E-08   2.3679E-07   0.16139
FLUX  220   185.50        1.616132E+15   5.6322E-08   2.3999E-07   0.23468
FLUX  221   186.50        1.607466E+15   7.6587E-08   2.4227E-07   0.31612
FLUX  222   187.50        1.598893E+15   6.8183E-08   2.6273E-07   0.25952
FLUX  223   188.50        1.590411E+15   7.5407E-08   2.6404E-07   0.28559
FLUX  224   189.50        1.582018E+15   9.3181E-08   2.6516E-07   0.35141
FLUX  225   190.50        1.573714E+15   8.4111E-08   2.6624E-07   0.31592
FLUX  226   191.50        1.565496E+15   8.4612E-08   2.6725E-07   0.31660
FLUX  227   192.50        1.557364E+15   6.4014E-08   2.6805E-07   0.23881
FLUX  228   193.50        1.549315E+15   2.8128E-08   2.6873E-07   0.10467
FLUX  229   194.50        1.541350E+15   1.0107E-07   2.6939E-07   0.37519
FLUX  230   195.50        1.533465E+15   1.1121E-07   2.7000E-07   0.41188
FLUX  231   196.70        1.524110E+15   1.3757E-07   2.7071E-07   0.50817
FLUX  232   197.60        1.517169E+15   1.1076E-07   2.7142E-07   0.40807
FLUX  233   198.40        1.511051E+15   1.3631E-07   3.7119E-07   0.36722
FLUX  234   199.50        1.502719E+15   1.4297E-07   3.7063E-07   0.38574
FLUX  235   200.50        1.495224E+15   1.3786E-07   3.7058E-07   0.37201
FLUX  236   201.50        1.487804E+15   1.2776E-07   3.7092E-07   0.34445
FLUX  237   202.50        1.480457E+15   1.1711E-07   3.7131E-07   0.31541
FLUX  238   203.50        1.473182E+15   1.6452E-07   3.7171E-07   0.44259
FLUX  239   204.50        1.465978E+15   1.8979E-07   3.7230E-07   0.50978
FLUX  240   205.50        1.458844E+15   1.5770E-07   3.7276E-07   0.42307
FLUX  241   206.50        1.451780E+15   1.4878E-07   3.7308E-07   0.39880
FLUX  242   207.40        1.445480E+15   1.8534E-07   3.7329E-07   0.49651
FLUX  243   207.80        1.442697E+15   3.0026E-07   1.1102E-06   0.27045
FLUX  244   208.50        1.437854E+15   2.8530E-07   1.1199E-06   0.25476
FLUX  245   209.50        1.430990E+15   3.0560E-07   1.1335E-06   0.26962
FLUX  246   210.50        1.424192E+15   3.5084E-07   1.1468E-06   0.30594
FLUX  247   211.50        1.417459E+15   3.9893E-07   1.1598E-06   0.34397
FLUX  248   212.50        1.410788E+15   3.7459E-07   1.1727E-06   0.31942
FLUX  249   213.50        1.404180E+15   2.9998E-07   1.1858E-06   0.25298
FLUX  250   214.50        1.397634E+15   4.0751E-07   1.1985E-06   0.34001
FLUX  251   215.50        1.391148E+15   4.5064E-07   1.2113E-06   0.37203
FLUX  252   216.50        1.384723E+15   3.6217E-07   1.2244E-06   0.29581
FLUX  253   217.50        1.378356E+15   3.9551E-07   1.2377E-06   0.31956
FLUX  254   218.50        1.372048E+15   4.5514E-07   1.2514E-06   0.36370
FLUX  255   219.50        1.365797E+15   5.0165E-07   1.2656E-06   0.39636
FLUX  256   220.50        1.359603E+15   4.5902E-07   1.2804E-06   0.35851
FLUX  257   221.50        1.353465E+15   3.1829E-07   1.2956E-06   0.24567
FLUX  258   222.50        1.347382E+15   3.2885E-07   1.3198E-06   0.24917
FLUX  259   223.50        1.341353E+15   4.9450E-07   1.3357E-06   0.37022
FLUX  260   224.50        1.335379E+15   4.5065E-07   1.3519E-06   0.33334
FLUX  261   225.50        1.329457E+15   3.0874E-07   1.4262E-06   0.21648
FLUX  262   226.50        1.323587E+15   3.0681E-07   1.4404E-06   0.21300
FLUX  263   227.50        1.317769E+15   4.2092E-07   1.4548E-06   0.28934
FLUX  264   228.50        1.312002E+15   4.7502E-07   1.4691E-06   0.32334
FLUX  265   229.50        1.306285E+15   4.1967E-07   1.4835E-06   0.28290
FLUX  266   230.50        1.300618E+15   4.8388E-07   1.4979E-06   0.32303
FLUX  267   231.50        1.295000E+15   4.0738E-07   1.5125E-06   0.26934
FLUX  268   232.50        1.289430E+15   3.8003E-07   1.5272E-06   0.24884
FLUX  269   233.50        1.283908E+15   1.9688E-07   1.5549E-06   0.12662
FLUX  270   234.50        1.278433E+15   1.2105E-07   1.5691E-06   0.07714
FLUX  271   235.50        1.273004E+15   2.8804E-07   1.5835E-06   0.18190
FLUX  272   236.50        1.267622E+15   1.2823E-07   1.5980E-06   0.08025
FLUX  273   237.50        1.262284E+15   1.9519E-07   1.6126E-06   0.12104
FLUX  274   238.50        1.256992E+15   9.1893E-08   1.6280E-06   0.05644
FLUX  275   239.50        1.251743E+15   1.3158E-07   1.6430E-06   0.08009
FLUX  276   240.50        1.246538E+15   1.2691E-07   1.6580E-06   0.07654
FLUX  277   241.50        1.241377E+15   2.0432E-07   1.6733E-06   0.12211
FLUX  278   242.50        1.236258E+15   4.3347E-07   1.6886E-06   0.25670
FLUX  279   243.50        1.231181E+15   4.3819E-07   1.7041E-06   0.25714
FLUX  280   244.50        1.226145E+15   5.1793E-07   1.7390E-06   0.29784
FLUX  281   245.50        1.221151E+15   5.5194E-07   1.7538E-06   0.31471
FLUX  282   246.50        1.216197E+15   4.7305E-07   1.7687E-06   0.26745
FLUX  283   247.50        1.211283E+15   4.3381E-07   1.7838E-06   0.24319
FLUX  284   248.50        1.206408E+15   3.9073E-07   1.7990E-06   0.21719
FLUX  285   249.50        1.201573E+15   4.0321E-07   1.8143E-06   0.22224
FLUX  286   250.50        1.196776E+15   6.2798E-07   1.8445E-06   0.34046
FLUX  287   251.30        1.192967E+15   3.6683E-07   1.8562E-06   0.19763
FLUX  288   251.80        1.190598E+15   3.6473E-07   2.6535E-06   0.13745
FLUX  289   252.50        1.187297E+15   2.6718E-07   2.6706E-06   0.10004
FLUX  290   253.50        1.182613E+15   2.7298E-07   2.6954E-06   0.10128
FLUX  291   254.50        1.177967E+15   3.2787E-07   2.7202E-06   0.12053
FLUX  292   255.50        1.173356E+15   5.5251E-07   2.7452E-06   0.20126
FLUX  293   256.50        1.168782E+15   3.9695E-07   2.7703E-06   0.14329
FLUX  294   257.50        1.164243E+15   5.0777E-07   2.7956E-06   0.18164
FLUX  295   258.50        1.159739E+15   4.2463E-07   2.8209E-06   0.15053
FLUX  296   259.50        1.155270E+15   3.5778E-07   2.8464E-06   0.12570
FLUX  297   260.50        1.150835E+15   2.8270E-07   2.8719E-06   0.09843
FLUX  298   261.50        1.146434E+15   2.6306E-07   2.8975E-06   0.09079
FLUX  299   262.50        1.142067E+15   3.9018E-07   2.9233E-06   0.13347
FLUX  300   263.50        1.137732E+15   6.9193E-07   2.9572E-06   0.23398
FLUX  301   264.50        1.133431E+15   1.1244E-06   2.9827E-06   0.37696
FLUX  302   265.50        1.129162E+15   1.3330E-06   3.0084E-06   0.44309
FLUX  303   266.50        1.124925E+15   8.5433E-07   3.0342E-06   0.28156
FLUX  304   267.50        1.120720E+15   1.0295E-06   3.0602E-06   0.33641
FLUX  305   268.50        1.116546E+15   1.0558E-06   3.0862E-06   0.34209
FLUX  306   269.50        1.112403E+15   9.1917E-07   3.1124E-06   0.29533
FLUX  307   270.50        1.108290E+15   1.1044E-06   3.1475E-06   0.35088
FLUX  308   271.50        1.104208E+15   8.2887E-07   3.1733E-06   0.26120
FLUX  309   272.50        1.100156E+15   8.1068E-07   3.1992E-06   0.25340
FLUX  310   273.50        1.096133E+15   8.9359E-07   3.2252E-06   0.27707
FLUX  311   274.50        1.092140E+15   3.7901E-07   3.2512E-06   0.11658
FLUX  312   275.50        1.088176E+15   5.1620E-07   3.2773E-06   0.15751
FLUX  313   276.50        1.084241E+15   7.0360E-07   3.3034E-06   0.21299
FLUX  314   277.50        1.080333E+15   8.8416E-07   3.3296E-06   0.26555
FLUX  315   278.50        1.076454E+15   5.2433E-07   3.3560E-06   0.15624
FLUX  316   279.50        1.072603E+15   1.7041E-07   3.3825E-06   0.05038
FLUX  317   280.50        1.068779E+15   2.2438E-07   3.4090E-06   0.06582
FLUX  318   281.50        1.064982E+15   7.8980E-07   3.4357E-06   0.22988
FLUX  319   282.50        1.061212E+15   1.3050E-06   3.4625E-06   0.37691
FLUX  320   283.50        1.057469E+15   1.2988E-06   3.4894E-06   0.37221
FLUX  321   284.50        1.053752E+15   1.2884E-06   3.5163E-06   0.36639
FLUX  322   285.50        1.050061E+15   9.2684E-07   3.5434E-06   0.26157
FLUX  323   286.50        1.046396E+15   1.4385E-06   3.5705E-06   0.40289
FLUX  324   287.50        1.042757E+15   1.5108E-06   3.5977E-06   0.41995
FLUX  325   288.50        1.039142E+15   1.5013E-06   3.6250E-06   0.41414
FLUX  326   289.50        1.035553E+15   1.4717E-06   3.6523E-06   0.40295
FLUX  327   291.00        1.030215E+15   1.9622E-06   3.6987E-06   0.53050
FLUX  328   293.00        1.023183E+15   1.7759E-06   3.7529E-06   0.47320
FLUX  329   295.00        1.016246E+15   1.7466E-06   3.8083E-06   0.45861
FLUX  330   297.00        1.009402E+15   2.0757E-06   3.8629E-06   0.53733
FLUX  331   299.00        1.002651E+15   2.0810E-06   3.9178E-06   0.53118
FLUX  332   301.00        9.959884E+14   2.3094E-06   3.9729E-06   0.58129
FLUX  333   303.00        9.894142E+14   2.3034E-06   4.0283E-06   0.57181
FLUX  334   305.00        9.829262E+14   2.3597E-06   4.0837E-06   0.57783
FLUX  335   307.00        9.765228E+14   2.4107E-06   4.1392E-06   0.58241
FLUX  336   309.00        9.702023E+14   2.6556E-06   4.1995E-06   0.63235
FLUX  337   311.00        9.639630E+14   2.5850E-06   4.2546E-06   0.60757
FLUX  338   313.00        9.578035E+14   2.5572E-06   4.3112E-06   0.59315
FLUX  339   315.00        9.517222E+14   2.6954E-06   4.3663E-06   0.61732
FLUX  340   317.00        9.457177E+14   2.7126E-06   4.4217E-06   0.61348
FLUX  341   319.00        9.397884E+14   2.4455E-06   4.4772E-06   0.54621
FLUX  342   321.00        9.339330E+14   2.7431E-06   4.5327E-06   0.60518
FLUX  343   323.00        9.281502E+14   2.3652E-06   4.5896E-06   0.51534
FLUX  344   325.00        9.224385E+14   2.8336E-06   4.6450E-06   0.61003
FLUX  345   327.00        9.167966E+14   3.1179E-06   4.7003E-06   0.66335
FLUX  346   329.00        9.112234E+14   3.0786E-06   4.7562E-06   0.64729
FLUX  347   331.00        9.057175E+14   3.2511E-06   4.8112E-06   0.67574
FLUX  348   333.00        9.002778E+14   3.2179E-06   4.8662E-06   0.66127
FLUX  349   335.00        8.949030E+14   3.2099E-06   4.9211E-06   0.65227
FLUX  350   337.00        8.895920E+14   3.0686E-06   4.9761E-06   0.61667
FLUX  351   339.00        8.843437E+14   3.2807E-06   5.0315E-06   0.65204
FLUX  352   341.00        8.791569E+14   3.3723E-06   5.0862E-06   0.66303
FLUX  353   343.00        8.740306E+14   3.4116E-06   5.1409E-06   0.66362
FLUX  354   345.00        8.689638E+14   3.5747E-06   5.1959E-06   0.68799
FLUX  355   347.00        8.639553E+14   3.5341E-06   5.2503E-06   0.67312
FLUX  356   349.00        8.590043E+14   3.5952E-06   5.3046E-06   0.67774
FLUX  357   351.00        8.541097E+14   3.7982E-06   5.3589E-06   0.70877
FLUX  358   353.00        8.492705E+14   3.7501E-06   5.4130E-06   0.69279
FLUX  359   355.00        8.444859E+14   4.1886E-06   5.4671E-06   0.76615
FLUX  360   357.00        8.397549E+14   3.7309E-06   5.5211E-06   0.67575
FLUX  361   359.00        8.350766E+14   3.7738E-06   5.5750E-06   0.67692
FLUX  362   361.00        8.304501E+14   3.8918E-06   5.6289E-06   0.69141
FLUX  363   363.00        8.258747E+14   4.0018E-06   5.6824E-06   0.70425
FLUX  364   364.00        8.236058E+14   3.9561E-06   5.7094E-06   0.69290
FLUX  365   365.00        8.213493E+14   4.3759E-06   1.7891E-05   0.24459
FLUX  366   367.00        8.168733E+14   4.3298E-06   1.7937E-05   0.24139
FLUX  367   369.00        8.124458E+14   4.2891E-06   1.7981E-05   0.23854
FLUX  368   371.00        8.080660E+14   4.9199E-06   1.8025E-05   0.27294
FLUX  369   373.00        8.037332E+14   5.1626E-06   1.8066E-05   0.28576
FLUX  370   375.00        7.994467E+14   6.3859E-06   1.8106E-05   0.35271
FLUX  371   377.00        7.952056E+14   7.0764E-06   1.8223E-05   0.38831
FLUX  372   379.00        7.910092E+14   8.3348E-06   1.8261E-05   0.45642
FLUX  373   381.00        7.868570E+14   9.6422E-06   1.8298E-05   0.52695
FLUX  374   383.00        7.827480E+14   7.6340E-06   1.8334E-05   0.41639
FLUX  375   385.00        7.786818E+14   1.0171E-05   1.8369E-05   0.55373
FLUX  376   387.00        7.746576E+14   1.1335E-05   1.8402E-05   0.61597
FLUX  377   389.00        7.706748E+14   8.1489E-06   1.8436E-05   0.44201
FLUX  378   391.00        7.667327E+14   1.0862E-05   1.8468E-05   0.58815
FLUX  379   393.00        7.628308E+14   5.8029E-06   1.8500E-05   0.31367
FLUX  380   395.00        7.589684E+14   9.4905E-06   1.8531E-05   0.51214
FLUX  381   397.00        7.551448E+14   5.6019E-06   1.8561E-05   0.30180
FLUX  382   399.00        7.513596E+14   1.1773E-05   1.8590E-05   0.63331
FLUX  383   401.00        7.476122E+14   1.2943E-05   1.8619E-05   0.69516
FLUX  384   403.00        7.439020E+14   1.2943E-05   1.8647E-05   0.69409
FLUX  385   405.00        7.402284E+14   1.2863E-05   1.8674E-05   0.68881
FLUX  386   407.00        7.365909E+14   1.2830E-05   1.8700E-05   0.68607
FLUX  387   409.00        7.329890E+14   1.2417E-05   1.8726E-05   0.66311
FLUX  388   411.00        7.294221E+14   1.0593E-05   1.8750E-05   0.56495
FLUX  389   413.00        7.258898E+14   1.3511E-05   1.8774E-05   0.71964
FLUX  390   415.00        7.223916E+14   1.4481E-05   1.8797E-05   0.77037
FLUX  391   417.00        7.189269E+14   1.4210E-05   1.8820E-05   0.75506
FLUX  392   419.00        7.154952E+14   1.4433E-05   1.8840E-05   0.76606
FLUX  393   421.00        7.120962E+14   1.4475E-05   1.8860E-05   0.76748
FLUX  394   423.00        7.087293E+14   1.4086E-05   1.8879E-05   0.74611
FLUX  395   425.00        7.053941E+14   1.4714E-05   1.8897E-05   0.77863
FLUX  396   427.00        7.020902E+14   1.4113E-05   1.8914E-05   0.74616
FLUX  397   429.00        6.988170E+14   1.4157E-05   1.8929E-05   0.74792
FLUX  398   431.00        6.955742E+14   1.3158E-05   1.8943E-05   0.69461
FLUX  399   433.00        6.923614E+14   1.2832E-05   1.8956E-05   0.67692
FLUX  400   435.00        6.891782E+14   1.1365E-05   1.8971E-05   0.59908
FLUX  401   437.00        6.860240E+14   1.5313E-05   1.8983E-05   0.80666
FLUX  402   439.00        6.828986E+14   1.5048E-05   1.8994E-05   0.79225
FLUX  403   441.00        6.798016E+14   1.5024E-05   1.9006E-05   0.79052
FLUX  404   443.00        6.767325E+14   1.4767E-05   1.9016E-05   0.77654
FLUX  405   445.00        6.736910E+14   1.5206E-05   1.9027E-05   0.79923
FLUX  406   447.00        6.706767E+14   1.5665E-05   1.9036E-05   0.82291
FLUX  407   449.00        6.676893E+14   1.5608E-05   1.9046E-05   0.81953
FLUX  408   451.00        6.647284E+14   1.6930E-05   1.9055E-05   0.88849
FLUX  409   453.00        6.617936E+14   1.5636E-05   1.9063E-05   0.82021
FLUX  410   455.00        6.588846E+14   1.5866E-05   1.9071E-05   0.83196
FLUX  411   457.00        6.560011E+14   1.6956E-05   1.9078E-05   0.88877
FLUX  412   459.00        6.531427E+14   1.5985E-05   1.9084E-05   0.83760
FLUX  413   461.00        6.503091E+14   1.6699E-05   1.9090E-05   0.87475
FLUX  414   463.00        6.475000E+14   1.6284E-05   1.9095E-05   0.85277
FLUX  415   465.00        6.447151E+14   1.6731E-05   1.9100E-05   0.87596
FLUX  416   467.00        6.419540E+14   1.7068E-05   1.9105E-05   0.89338
FLUX  417   469.00        6.392164E+14   1.6397E-05   1.9108E-05   0.85810
FLUX  418   471.00        6.365021E+14   1.5817E-05   1.9112E-05   0.82759
FLUX  419   473.00        6.338108E+14   1.6929E-05   1.9115E-05   0.88566
FLUX  420   475.00        6.311421E+14   1.7237E-05   1.9117E-05   0.90163
FLUX  421   477.00        6.284958E+14   1.7059E-05   1.9120E-05   0.89221
FLUX  422   479.00        6.258716E+14   1.7204E-05   1.9121E-05   0.89971
FLUX  423   481.00        6.232692E+14   1.6935E-05   1.9122E-05   0.88559
FLUX  424   483.00        6.206884E+14   1.7020E-05   1.9123E-05   0.89002
FLUX  425   485.00        6.181289E+14   1.4415E-05   1.9122E-05   0.75383
FLUX  426   487.00        6.155903E+14   1.1948E-05   1.9121E-05   0.62488
FLUX  427   489.00        6.130726E+14   1.6343E-05   1.9119E-05   0.85481
FLUX  428   491.00        6.105754E+14   1.6737E-05   1.9117E-05   0.87551
FLUX  429   493.00        6.080984E+14   1.6512E-05   1.9115E-05   0.86386
FLUX  430   495.00        6.056414E+14   1.7361E-05   1.9112E-05   0.90836
FLUX  431   497.00        6.032042E+14   1.7587E-05   1.9109E-05   0.92035
FLUX  432   499.00        6.007866E+14   1.6422E-05   1.9106E-05   0.85954
FLUX  433   501.00        5.983882E+14   1.5689E-05   1.9102E-05   0.82130
FLUX  434   503.00        5.960089E+14   1.6661E-05   1.9098E-05   0.87236
FLUX  435   505.00        5.936485E+14   1.6681E-05   1.9094E-05   0.87362
FLUX  436   507.00        5.913067E+14   1.7461E-05   1.9089E-05   0.91474
FLUX  437   509.00        5.889833E+14   1.7122E-05   1.9083E-05   0.89721
FLUX  438   511.00        5.866781E+14   1.7408E-05   1.9078E-05   0.91246
FLUX  439   513.00        5.843908E+14   1.6870E-05   1.9072E-05   0.88454
FLUX  440   515.00        5.821214E+14   1.6566E-05   1.9066E-05   0.86887
FLUX  441   517.00        5.798694E+14   1.6522E-05   1.9059E-05   0.86690
FLUX  442   519.00        5.776349E+14   1.6362E-05   1.9052E-05   0.85879
FLUX  443   521.00        5.754175E+14   1.6725E-05   1.9045E-05   0.87818
FLUX  444   523.00        5.732170E+14   1.6903E-05   1.9038E-05   0.88785
FLUX  445   525.00        5.710333E+14   1.7191E-05   1.9030E-05   0.90334
FLUX  446   527.00        5.688662E+14   1.5596E-05   1.9022E-05   0.81987
FLUX  447   529.00        5.667155E+14   1.7106E-05   1.9014E-05   0.89963
FLUX  448   531.00        5.645810E+14   1.7128E-05   1.9006E-05   0.90117
FLUX  449   533.00        5.624625E+14   1.6249E-05   1.8997E-05   0.85535
FLUX  450   535.00        5.603598E+14   1.7253E-05   1.8988E-05   0.90860
FLUX  451   537.00        5.582728E+14   1.7486E-05   1.8979E-05   0.92136
FLUX  452   539.00        5.562013E+14   1.7261E-05   1.8987E-05   0.90911
FLUX  453   541.00        5.541451E+14   1.6838E-05   1.8977E-05   0.88732
FLUX  454   543.00        5.521041E+14   1.7278E-05   1.8966E-05   0.91100
FLUX  455   545.00        5.500780E+14   1.7849E-05   1.8955E-05   0.94164
FLUX  456   547.00        5.480667E+14   1.7524E-05   1.8944E-05   0.92501
FLUX  457   549.00        5.460701E+14   1.7393E-05   1.8933E-05   0.91865
FLUX  458   551.00        5.440880E+14   1.7362E-05   1.8921E-05   0.91762
FLUX  459   553.00        5.421203E+14   1.7608E-05   1.8909E-05   0.93121
FLUX  460   555.00        5.401667E+14   1.7675E-05   1.8897E-05   0.93531
FLUX  461   557.00        5.382271E+14   1.7555E-05   1.8885E-05   0.92959
FLUX  462   559.00        5.363014E+14   1.7399E-05   1.8872E-05   0.92192
FLUX  463   561.00        5.343895E+14   1.7796E-05   1.8860E-05   0.94363
FLUX  464   563.00        5.324911E+14   1.7848E-05   1.8869E-05   0.94591
FLUX  465   565.00        5.306062E+14   1.7701E-05   1.8856E-05   0.93876
FLUX  466   567.00        5.287346E+14   1.7347E-05   1.8843E-05   0.92064
FLUX  467   569.00        5.268761E+14   1.7699E-05   1.8829E-05   0.93999
FLUX  468   571.00        5.250306E+14   1.7633E-05   1.8816E-05   0.93714
FLUX  469   573.00        5.231981E+14   1.8464E-05   1.8802E-05   0.98204
FLUX  470   575.00        5.213783E+14   1.7963E-05   1.8788E-05   0.95612
FLUX  471   577.00        5.195711E+14   1.8160E-05   1.8774E-05   0.96733
FLUX  472   579.00        5.177763E+14   1.7839E-05   1.8759E-05   0.95095
FLUX  473   581.00        5.159940E+14   1.8086E-05   1.8745E-05   0.96484
FLUX  474   583.00        5.142238E+14   1.8288E-05   1.8730E-05   0.97642
FLUX  475   585.00        5.124658E+14   1.8116E-05   1.8715E-05   0.96799
FLUX  476   587.00        5.107198E+14   1.8199E-05   1.8700E-05   0.97322
FLUX  477   589.00        5.089856E+14   1.7661E-05   1.8685E-05   0.94523
FLUX  478   591.00        5.072631E+14   1.8138E-05   1.8669E-05   0.97152
FLUX  479   593.00        5.055523E+14   1.8094E-05   1.8654E-05   0.97000
FLUX  480   595.00        5.038529E+14   1.8128E-05   1.8638E-05   0.97260
FLUX  481   597.00        5.021650E+14   1.8210E-05   1.8622E-05   0.97787
FLUX  482   599.00        5.004883E+14   1.8008E-05   1.8606E-05   0.96787
FLUX  483   601.00        4.988228E+14   1.7702E-05   1.8589E-05   0.95225
FLUX  484   603.00        4.971683E+14   1.7965E-05   1.8573E-05   0.96731
FLUX  485   605.00        4.955248E+14   1.8049E-05   1.8556E-05   0.97271
FLUX  486   607.00        4.938921E+14   1.8255E-05   1.8539E-05   0.98468
FLUX  487   609.00        4.922701E+14   1.7916E-05   1.8522E-05   0.96728
FLUX  488   611.00        4.906588E+14   1.7716E-05   1.8505E-05   0.95737
FLUX  489   613.00        4.890579E+14   1.7384E-05   1.8488E-05   0.94028
FLUX  490   615.00        4.874675E+14   1.7259E-05   1.8470E-05   0.93442
FLUX  491   617.00        4.858874E+14   1.7175E-05   1.8453E-05   0.93075
FLUX  492   619.00        4.843174E+14   1.7946E-05   1.8435E-05   0.97346
FLUX  493   621.00        4.827576E+14   1.7993E-05   1.8418E-05   0.97695
FLUX  494   623.00        4.812079E+14   1.7655E-05   1.8400E-05   0.95951
FLUX  495   625.00        4.796680E+14   1.6980E-05   1.8382E-05   0.92372
FLUX  496   627.00        4.781380E+14   1.7980E-05   1.8404E-05   0.97699
FLUX  497   629.00        4.766176E+14   1.8028E-05   1.8385E-05   0.98056
FLUX  498   631.00        4.751070E+14   1.7504E-05   1.8367E-05   0.95303
FLUX  499   633.00        4.736058E+14   1.7665E-05   1.8348E-05   0.96274
FLUX  500   635.00        4.721142E+14   1.7525E-05   1.8334E-05   0.95588
FLUX  501   637.00        4.706319E+14   1.7543E-05   1.8315E-05   0.95785
FLUX  502   639.00        4.691588E+14   1.7785E-05   1.8296E-05   0.97207
FLUX  503   641.00        4.676950E+14   1.7463E-05   1.8277E-05   0.95548
FLUX  504   643.00        4.662403E+14   1.7700E-05   1.8258E-05   0.96945
FLUX  505   645.00        4.647946E+14   1.7371E-05   1.8238E-05   0.95241
FLUX  506   647.00        4.633578E+14   1.7632E-05   1.8219E-05   0.96776
FLUX  507   649.00        4.619299E+14   1.7282E-05   1.8200E-05   0.94959
FLUX  508   651.00        4.605108E+14   1.7572E-05   1.8186E-05   0.96620
FLUX  509   653.00        4.591003E+14   1.7398E-05   1.8167E-05   0.95771
FLUX  510   655.00        4.576985E+14   1.5968E-05   1.8170E-05   0.87882
FLUX  511   657.00        4.563052E+14   1.3111E-05   1.8149E-05   0.72238
FLUX  512   659.00        4.549203E+14   1.6957E-05   1.8129E-05   0.93537
FLUX  513   661.00        4.535439E+14   1.7527E-05   1.8109E-05   0.96786
FLUX  514   663.00        4.521757E+14   1.7652E-05   1.8088E-05   0.97590
FLUX  515   665.00        4.508158E+14   1.7653E-05   1.8068E-05   0.97703
FLUX  516   667.00        4.494640E+14   1.7491E-05   1.8047E-05   0.96916
FLUX  517   669.00        4.481203E+14   1.7705E-05   1.8027E-05   0.98218
FLUX  518   671.00        4.467846E+14   1.7581E-05   1.8006E-05   0.97639
FLUX  519   673.00        4.454569E+14   1.7662E-05   1.7985E-05   0.98203
FLUX  520   675.00        4.441370E+14   1.7349E-05   1.7964E-05   0.96575
FLUX  521   677.00        4.428250E+14   1.7654E-05   1.7943E-05   0.98390
FLUX  522   679.00        4.415206E+14   1.7548E-05   1.7922E-05   0.97913
FLUX  523   681.00        4.402239E+14   1.7544E-05   1.7901E-05   0.98007
FLUX  524   683.00        4.389348E+14   1.7515E-05   1.7880E-05   0.97962
FLUX  525   685.00        4.376533E+14   1.7375E-05   1.7859E-05   0.97292
FLUX  526   687.00        4.363792E+14   1.7562E-05   1.7837E-05   0.98455
FLUX  527   689.00        4.351125E+14   1.7554E-05   1.7816E-05   0.98534
FLUX  528   691.00        4.338531E+14   1.7491E-05   1.7794E-05   0.98296
FLUX  529   693.00        4.326010E+14   1.7440E-05   1.7773E-05   0.98129
FLUX  530   695.00        4.313561E+14   1.7459E-05   1.7751E-05   0.98353
FLUX  531   697.00        4.301184E+14   1.7414E-05   1.7729E-05   0.98224
FLUX  532   699.00        4.288877E+14   1.7461E-05   1.7707E-05   0.98607
FLUX  533   701.00        4.276641E+14   1.6957E-05   1.7686E-05   0.95880
FLUX  534   703.00        4.264474E+14   1.7281E-05   1.7664E-05   0.97831
FLUX  535   705.00        4.252376E+14   1.7341E-05   1.7642E-05   0.98292
FLUX  536   707.00        4.240347E+14   1.7314E-05   1.7620E-05   0.98266
FLUX  537   709.00        4.228385E+14   1.7285E-05   1.7598E-05   0.98221
FLUX  538   711.00        4.216491E+14   1.6858E-05   1.7576E-05   0.95913
FLUX  539   713.00        4.204663E+14   1.7047E-05   1.7554E-05   0.97113
FLUX  540   715.00        4.192902E+14   1.7088E-05   1.7532E-05   0.97467
FLUX  541   717.00        4.181206E+14   1.6982E-05   1.7509E-05   0.96986
FLUX  542   719.00        4.169576E+14   1.6790E-05   1.7487E-05   0.96016
FLUX  543   721.00        4.158010E+14   1.7020E-05   1.7464E-05   0.97456
FLUX  544   723.00        4.146508E+14   1.6913E-05   1.7442E-05   0.96965
FLUX  545   725.00        4.135069E+14   1.6888E-05   1.7432E-05   0.96879
FLUX  546   727.00        4.123693E+14   1.7077E-05   1.7410E-05   0.98088
FLUX  547   729.00        4.112380E+14   1.6724E-05   1.7387E-05   0.96188
FLUX  548   731.00        4.101129E+14   1.6899E-05   1.7393E-05   0.97159
FLUX  549   733.00        4.089939E+14   1.6948E-05   1.7370E-05   0.97568
FLUX  550   735.00        4.078810E+14   1.6991E-05   1.7347E-05   0.97945
FLUX  551   737.00        4.067741E+14   1.7032E-05   1.7324E-05   0.98311
FLUX  552   739.00        4.056732E+14   1.6725E-05   1.7301E-05   0.96670
FLUX  553   741.00        4.045783E+14   1.6575E-05   1.7278E-05   0.95926
FLUX  554   743.00        4.034892E+14   1.6511E-05   1.7256E-05   0.95685
FLUX  555   745.00        4.024060E+14   1.6619E-05   1.7233E-05   0.96441
FLUX  556   747.00        4.013286E+14   1.6627E-05   1.7209E-05   0.96616
FLUX  557   749.00        4.002570E+14   1.6671E-05   1.7186E-05   0.96999
FLUX  558   751.00        3.991911E+14   1.6764E-05   1.7163E-05   0.97671
FLUX  559   753.00        3.981308E+14   1.6772E-05   1.7140E-05   0.97852
FLUX  560   755.00        3.970762E+14   1.6907E-05   1.7117E-05   0.98774
FLUX  561   757.00        3.960271E+14   1.6735E-05   1.7094E-05   0.97901
FLUX  562   759.00        3.949835E+14   1.6799E-05   1.7071E-05   0.98411
FLUX  563   761.00        3.939455E+14   1.6727E-05   1.7047E-05   0.98121
FLUX  564   763.00        3.929128E+14   1.6803E-05   1.7024E-05   0.98700
FLUX  565   765.00        3.918856E+14   1.6681E-05   1.7001E-05   0.98118
FLUX  566   767.00        3.908638E+14   1.6391E-05   1.6978E-05   0.96547
FLUX  567   769.00        3.898472E+14   1.6549E-05   1.6954E-05   0.97607
FLUX  568   771.00        3.888359E+14   1.6546E-05   1.6931E-05   0.97728
FLUX  569   773.00        3.878299E+14   1.6578E-05   1.6908E-05   0.98050
FLUX  570   775.00        3.868290E+14   1.6476E-05   1.6884E-05   0.97585
FLUX  571   777.00        3.858333E+14   1.6279E-05   1.6861E-05   0.96552
FLUX  572   779.00        3.848427E+14   1.6687E-05   1.6837E-05   0.99109
FLUX  573   781.00        3.838572E+14   1.6569E-05   1.6814E-05   0.98545
FLUX  574   783.00        3.828768E+14   1.6389E-05   1.6790E-05   0.97613
FLUX  575   785.00        3.819013E+14   1.6276E-05   1.6767E-05   0.97071
FLUX  576   787.00        3.809307E+14   1.6447E-05   1.6743E-05   0.98230
FLUX  577   789.00        3.799651E+14   1.6347E-05   1.6720E-05   0.97771
FLUX  578   791.00        3.790044E+14   1.6203E-05   1.6696E-05   0.97047
FLUX  579   793.00        3.780485E+14   1.6079E-05   1.6672E-05   0.96442
FLUX  580   795.00        3.770975E+14   1.6124E-05   1.6649E-05   0.96850
FLUX  581   797.00        3.761512E+14   1.6446E-05   1.6625E-05   0.98925
FLUX  582   799.00        3.752096E+14   1.6269E-05   1.6601E-05   0.98001
FLUX  583   801.00        3.742728E+14   1.6303E-05   1.6578E-05   0.98342
FLUX  584   803.00        3.733406E+14   1.6164E-05   1.6554E-05   0.97644
FLUX  585   805.00        3.724130E+14   1.6221E-05   1.6530E-05   0.98130
FLUX  586   807.00        3.714901E+14   1.6219E-05   1.6506E-05   0.98258
FLUX  587   809.00        3.705717E+14   1.6115E-05   1.6483E-05   0.97770
FLUX  588   811.00        3.696578E+14   1.6301E-05   1.6459E-05   0.99042
FLUX  589   813.00        3.687485E+14   1.6344E-05   1.6435E-05   0.99447
FLUX  590   815.00        3.678436E+14   1.6273E-05   1.6411E-05   0.99156
FLUX  591   817.00        3.669431E+14   1.6260E-05   1.6387E-05   0.99223
FLUX  592   819.00        3.660470E+14   1.5783E-05   1.6364E-05   0.96449
FLUX  593   821.00        3.651553E+14   1.5767E-05   1.8140E-05   0.86919
FLUX  594   823.00        3.642679E+14   1.5828E-05   1.8112E-05   0.87391
FLUX  595   825.00        3.633848E+14   1.5864E-05   1.8084E-05   0.87723
FLUX  596   827.00        3.625060E+14   1.6171E-05   1.8056E-05   0.89555
FLUX  597   829.00        3.616315E+14   1.6100E-05   1.8029E-05   0.89302
FLUX  598   831.00        3.607611E+14   1.5908E-05   1.8001E-05   0.88371
FLUX  599   833.00        3.598950E+14   1.5763E-05   1.7973E-05   0.87701
FLUX  600   835.00        3.590329E+14   1.5941E-05   1.7946E-05   0.88829
FLUX  601   837.00        3.581750E+14   1.5996E-05   1.7918E-05   0.89275
FLUX  602   839.00        3.573212E+14   1.5841E-05   1.7890E-05   0.88547
FLUX  603   841.00        3.564715E+14   1.5903E-05   1.7863E-05   0.89028
FLUX  604   843.00        3.556257E+14   1.5736E-05   1.7835E-05   0.88232
FLUX  605   845.00        3.547840E+14   1.5495E-05   1.7808E-05   0.87012
FLUX  606   847.00        3.539463E+14   1.5448E-05   1.7780E-05   0.86883
FLUX  607   849.00        3.531125E+14   1.5621E-05   1.7753E-05   0.87990
FLUX  608   851.00        3.522826E+14   1.4449E-05   1.7725E-05   0.81515
FLUX  609   853.00        3.514566E+14   1.5609E-05   1.7698E-05   0.88198
FLUX  610   855.00        3.506345E+14   1.2572E-05   1.7671E-05   0.71144
FLUX  611   857.00        3.498162E+14   1.6211E-05   1.7643E-05   0.91881
FLUX  612   859.00        3.490017E+14   1.5323E-05   1.7616E-05   0.86984
FLUX  613   861.00        3.481911E+14   1.4997E-05   1.7589E-05   0.85268
FLUX  614   863.00        3.473841E+14   1.6339E-05   1.7561E-05   0.93039
FLUX  615   865.00        3.465809E+14   1.5868E-05   1.7534E-05   0.90496
FLUX  616   867.00        3.457814E+14   1.2444E-05   1.7507E-05   0.71079
FLUX  617   869.00        3.449856E+14   1.5680E-05   1.7480E-05   0.89704
FLUX  618   871.00        3.441935E+14   1.6515E-05   1.7452E-05   0.94627
FLUX  619   873.00        3.434049E+14   1.6221E-05   1.7425E-05   0.93088
FLUX  620   875.00        3.426200E+14   1.3793E-05   1.7398E-05   0.79283
FLUX  621   877.00        3.418387E+14   1.6026E-05   1.7371E-05   0.92259
FLUX  622   879.00        3.410609E+14   1.6639E-05   1.7343E-05   0.95937
FLUX  623   881.00        3.402866E+14   1.6598E-05   1.7316E-05   0.95854
FLUX  624   883.00        3.395159E+14   1.6240E-05   1.7289E-05   0.93929
FLUX  625   885.00        3.387486E+14   1.5423E-05   1.7262E-05   0.89345
FLUX  626   887.00        3.379848E+14   1.3645E-05   1.7235E-05   0.79170
FLUX  627   889.00        3.372244E+14   1.6143E-05   1.7208E-05   0.93813
FLUX  628   891.00        3.364675E+14   1.6601E-05   1.7181E-05   0.96623
FLUX  629   893.00        3.357139E+14   1.6431E-05   1.7154E-05   0.95787
FLUX  630   895.00        3.349637E+14   1.6670E-05   1.7127E-05   0.97334
FLUX  631   897.00        3.342168E+14   1.6466E-05   1.7100E-05   0.96295
FLUX  632   899.00        3.334733E+14   1.6212E-05   1.7073E-05   0.94955
FLUX  633   901.00        3.327331E+14   1.3761E-05   1.7046E-05   0.80729
FLUX  634   903.00        3.319961E+14   1.5043E-05   1.7019E-05   0.88389
FLUX  635   905.00        3.312624E+14   1.6413E-05   1.6993E-05   0.96587
FLUX  636   907.00        3.305320E+14   1.6084E-05   1.6966E-05   0.94802
FLUX  637   909.00        3.298047E+14   1.5782E-05   1.6939E-05   0.93167
FLUX  638   911.00        3.290807E+14   1.6181E-05   1.6912E-05   0.95676
FLUX  639   913.00        3.283598E+14   1.6509E-05   1.6886E-05   0.97769
FLUX  640   915.00        3.276421E+14   1.6600E-05   1.6859E-05   0.98463
FLUX  641   917.00        3.269275E+14   1.6442E-05   1.6833E-05   0.97682
FLUX  642   919.00        3.262160E+14   1.6296E-05   1.6806E-05   0.96965
FLUX  643   921.00        3.255076E+14   1.5499E-05   1.6779E-05   0.92370
FLUX  644   923.00        3.248023E+14   1.3044E-05   1.6753E-05   0.77863
FLUX  645   925.00        3.241000E+14   1.5085E-05   1.6726E-05   0.90186
FLUX  646   927.00        3.234008E+14   1.5739E-05   1.6700E-05   0.94242
FLUX  647   929.00        3.227045E+14   1.6340E-05   1.6674E-05   0.97998
FLUX  648   931.00        3.220113E+14   1.6419E-05   1.6648E-05   0.98625
FLUX  649   933.00        3.213210E+14   1.6324E-05   1.6621E-05   0.98212
FLUX  650   935.00        3.206337E+14   1.6389E-05   1.6595E-05   0.98757
FLUX  651   937.00        3.199493E+14   1.6415E-05   1.6569E-05   0.99074
FLUX  652   939.00        3.192678E+14   1.6224E-05   1.6543E-05   0.98070
FLUX  653   941.00        3.185893E+14   1.5431E-05   1.6517E-05   0.93425
FLUX  654   943.00        3.179136E+14   1.6017E-05   1.6491E-05   0.97130
FLUX  655   945.00        3.172407E+14   1.5927E-05   1.6465E-05   0.96732
FLUX  656   947.00        3.165707E+14   1.6186E-05   1.6439E-05   0.98461
FLUX  657   949.00        3.159036E+14   1.6212E-05   1.6413E-05   0.98776
FLUX  658   951.00        3.152392E+14   1.5923E-05   1.6387E-05   0.97167
FLUX  659   953.00        3.145776E+14   1.5216E-05   1.6361E-05   0.93004
FLUX  660   955.00        3.139188E+14   1.2943E-05   1.6335E-05   0.79234
FLUX  661   957.00        3.132628E+14   1.5269E-05   1.6309E-05   0.93624
FLUX  662   959.00        3.126095E+14   1.5876E-05   1.6283E-05   0.97497
FLUX  663   961.00        3.119589E+14   1.5743E-05   1.6258E-05   0.96832
FLUX  664   963.00        3.113110E+14   1.5502E-05   1.6232E-05   0.95503
FLUX  665   965.00        3.106658E+14   1.5768E-05   1.6206E-05   0.97296
FLUX  666   967.00        3.100233E+14   1.5524E-05   1.6181E-05   0.95942
FLUX  667   969.00        3.093834E+14   1.5481E-05   1.6155E-05   0.95828
FLUX  668   971.00        3.087461E+14   1.5945E-05   1.6129E-05   0.98855
FLUX  669   973.00        3.081115E+14   1.5888E-05   1.6104E-05   0.98661
FLUX  670   975.00        3.074795E+14   1.5560E-05   1.6078E-05   0.96776
FLUX  671   977.00        3.068501E+14   1.5854E-05   1.6053E-05   0.98765
FLUX  672   979.00        3.062232E+14   1.5775E-05   1.6027E-05   0.98426
FLUX  673   981.00        3.055989E+14   1.5833E-05   1.6002E-05   0.98944
FLUX  674   983.00        3.049771E+14   1.5733E-05   1.5976E-05   0.98476
FLUX  675   985.00        3.043579E+14   1.5589E-05   1.5951E-05   0.97729
FLUX  676   987.00        3.037411E+14   1.5560E-05   1.5926E-05   0.97702
FLUX  677   989.00        3.031269E+14   1.5454E-05   1.5901E-05   0.97194
FLUX  678   991.00        3.025151E+14   1.5387E-05   1.5875E-05   0.96926
FLUX  679   993.00        3.019058E+14   1.5627E-05   1.5850E-05   0.98590
FLUX  680   995.00        3.012990E+14   1.5527E-05   1.5825E-05   0.98117
FLUX  681   997.00        3.006946E+14   1.5546E-05   1.5800E-05   0.98393
FLUX  682   999.00        3.000926E+14   1.5502E-05   1.5775E-05   0.98273
FLUX  683  1002.50        2.990449E+14   1.4711E-05   1.5731E-05   0.93513
FLUX  684  1007.50        2.975608E+14   1.4178E-05   1.5669E-05   0.90482
FLUX  685  1012.50        2.960914E+14   1.5154E-05   1.5607E-05   0.97099
FLUX  686  1017.50        2.946364E+14   1.5200E-05   1.5545E-05   0.97783
FLUX  687  1022.50        2.931956E+14   1.5275E-05   1.5484E-05   0.98654
FLUX  688  1027.50        2.917689E+14   1.5318E-05   1.5422E-05   0.99326
FLUX  689  1032.50        2.903559E+14   1.5105E-05   1.5362E-05   0.98330
FLUX  690  1037.50        2.889566E+14   1.5082E-05   1.5301E-05   0.98568
FLUX  691  1042.50        2.875707E+14   1.5041E-05   1.5241E-05   0.98693
FLUX  692  1047.50        2.861981E+14   1.4648E-05   1.5180E-05   0.96491
FLUX  693  1052.50        2.848385E+14   1.4749E-05   1.5120E-05   0.97545
FLUX  694  1057.50        2.834917E+14   1.4770E-05   1.5061E-05   0.98072
FLUX  695  1062.50        2.821576E+14   1.4751E-05   1.5001E-05   0.98331
FLUX  696  1067.50        2.808361E+14   1.4321E-05   1.4942E-05   0.95846
FLUX  697  1072.50        2.795268E+14   1.4473E-05   1.4882E-05   0.97250
FLUX  698  1077.50        2.782297E+14   1.4421E-05   1.4824E-05   0.97282
FLUX  699  1082.50        2.769446E+14   1.4280E-05   1.4765E-05   0.96717
FLUX  700  1087.50        2.756713E+14   1.4221E-05   1.4707E-05   0.96694
FLUX  701  1092.50        2.744096E+14   1.2853E-05   1.4649E-05   0.87738
FLUX  702  1097.50        2.731595E+14   1.3698E-05   1.4591E-05   0.93874
FLUX  703  1102.50        2.719206E+14   1.4288E-05   1.4534E-05   0.98309
FLUX  704  1107.50        2.706930E+14   1.4319E-05   1.4477E-05   0.98908
FLUX  705  1112.50        2.694764E+14   1.4173E-05   1.4420E-05   0.98292
FLUX  706  1117.50        2.682707E+14   1.4123E-05   1.4363E-05   0.98332
FLUX  707  1122.50        2.670757E+14   1.4143E-05   1.4306E-05   0.98856
FLUX  708  1127.50        2.658914E+14   1.3697E-05   1.4250E-05   0.96118
FLUX  709  1132.50        2.647174E+14   1.3694E-05   1.4194E-05   0.96479
FLUX  710  1137.50        2.635538E+14   1.3818E-05   1.4138E-05   0.97735
FLUX  711  1142.50        2.624004E+14   1.3572E-05   1.4083E-05   0.96376
FLUX  712  1147.50        2.612571E+14   1.3900E-05   1.4027E-05   0.99091
FLUX  713  1152.50        2.601236E+14   1.3848E-05   1.3972E-05   0.99112
FLUX  714  1157.50        2.590000E+14   1.3703E-05   1.3917E-05   0.98463
FLUX  715  1162.50        2.578860E+14   1.3408E-05   1.3863E-05   0.96720
FLUX  716  1167.50        2.567816E+14   1.3284E-05   1.3808E-05   0.96204
FLUX  717  1172.50        2.556866E+14   1.3628E-05   1.3754E-05   0.99087
FLUX  718  1177.50        2.546008E+14   1.3212E-05   1.3700E-05   0.96440
FLUX  719  1182.50        2.535243E+14   1.3288E-05   1.3646E-05   0.97375
FLUX  720  1187.50        2.524568E+14   1.3108E-05   1.3592E-05   0.96436
FLUX  721  1192.50        2.513983E+14   1.3494E-05   1.3539E-05   0.99666
FLUX  722  1197.50        2.503486E+14   1.3120E-05   1.3486E-05   0.97291
FLUX  723  1202.50        2.493077E+14   1.3241E-05   1.3433E-05   0.98572
FLUX  724  1207.50        2.482754E+14   1.3105E-05   1.3380E-05   0.97943
FLUX  725  1212.50        2.472515E+14   1.3087E-05   1.3327E-05   0.98193
FLUX  726  1217.50        2.462361E+14   1.3141E-05   1.3275E-05   0.98990
FLUX  727  1222.50        2.452290E+14   1.3039E-05   1.3223E-05   0.98610
FLUX  728  1227.50        2.442301E+14   1.2995E-05   1.3171E-05   0.98666
FLUX  729  1232.50        2.432394E+14   1.2936E-05   1.3119E-05   0.98605
FLUX  730  1237.50        2.422566E+14   1.2922E-05   1.3068E-05   0.98883
FLUX  731  1242.50        2.412817E+14   1.2906E-05   1.3017E-05   0.99152
FLUX  732  1247.50        2.403146E+14   1.2833E-05   1.2966E-05   0.98972
FLUX  733  1252.50        2.393553E+14   1.2705E-05   1.2915E-05   0.98371
FLUX  734  1257.50        2.384036E+14   1.2593E-05   1.2864E-05   0.97887
FLUX  735  1262.50        2.374594E+14   1.2638E-05   1.2814E-05   0.98629
FLUX  736  1267.50        2.365227E+14   1.2602E-05   1.2764E-05   0.98728
FLUX  737  1272.50        2.355933E+14   1.2594E-05   1.2714E-05   0.99057
FLUX  738  1277.50        2.346712E+14   1.2336E-05   1.2664E-05   0.97404
FLUX  739  1282.50        2.337563E+14   1.0884E-05   1.2615E-05   0.86280
FLUX  740  1287.50        2.328485E+14   1.2242E-05   1.2566E-05   0.97426
FLUX  741  1292.50        2.319478E+14   1.2305E-05   1.2517E-05   0.98311
FLUX  742  1297.50        2.310539E+14   1.2346E-05   1.2468E-05   0.99027
FLUX  743  1302.50        2.301670E+14   1.2276E-05   1.2419E-05   0.98851
FLUX  744  1307.50        2.292868E+14   1.2304E-05   1.2371E-05   0.99463
FLUX  745  1312.50        2.284133E+14   1.2179E-05   1.2322E-05   0.98837
FLUX  746  1317.50        2.275465E+14   1.2069E-05   1.2274E-05   0.98332
FLUX  747  1322.50        2.266862E+14   1.2140E-05   1.2226E-05   0.99292
FLUX  748  1327.50        2.258324E+14   1.2028E-05   1.2178E-05   0.98765
FLUX  749  1332.50        2.249850E+14   1.2037E-05   1.2131E-05   0.99224
FLUX  750  1337.50        2.241439E+14   1.1974E-05   1.2083E-05   0.99094
FLUX  751  1342.50        2.233091E+14   1.1942E-05   1.2036E-05   0.99216
FLUX  752  1347.50        2.224805E+14   1.1901E-05   1.1989E-05   0.99267
FLUX  753  1352.50        2.216580E+14   1.1809E-05   1.1942E-05   0.98883
FLUX  754  1357.50        2.208416E+14   1.1685E-05   1.1895E-05   0.98235
FLUX  755  1362.50        2.200312E+14   1.1728E-05   1.1849E-05   0.98983
FLUX  756  1367.50        2.192267E+14   1.1638E-05   1.1802E-05   0.98607
FLUX  757  1372.50        2.184281E+14   1.1460E-05   1.1756E-05   0.97480
FLUX  758  1377.50        2.176352E+14   1.1521E-05   1.1710E-05   0.98388
FLUX  759  1382.50        2.168481E+14   1.1513E-05   1.1664E-05   0.98704
FLUX  760  1387.50        2.160667E+14   1.1558E-05   1.1618E-05   0.99483
FLUX  761  1392.50        2.152908E+14   1.1392E-05   1.1573E-05   0.98435
FLUX  762  1397.50        2.145206E+14   1.1387E-05   1.1527E-05   0.98780
FLUX  763  1402.50        2.137558E+14   1.1332E-05   1.1482E-05   0.98697
FLUX  764  1407.50        2.129964E+14   1.1351E-05   1.1437E-05   0.99253
FLUX  765  1412.50        2.122425E+14   1.1222E-05   1.1392E-05   0.98512
FLUX  766  1417.50        2.114938E+14   1.1244E-05   1.1347E-05   0.99091
FLUX  767  1422.50        2.107504E+14   1.1122E-05   1.1302E-05   0.98402
FLUX  768  1427.50        2.100123E+14   1.1023E-05   1.1257E-05   0.97922
FLUX  769  1432.50        2.092792E+14   1.1077E-05   1.1213E-05   0.98790
FLUX  770  1437.50        2.085513E+14   1.1112E-05   1.1168E-05   0.99495
FLUX  771  1442.50        2.078284E+14   1.0647E-05   1.1124E-05   0.95706
FLUX  772  1447.50        2.071105E+14   1.0947E-05   1.1080E-05   0.98803
FLUX  773  1452.50        2.063976E+14   1.0690E-05   1.1036E-05   0.96865
FLUX  774  1457.00        2.057601E+14   1.0856E-05   1.0996E-05   0.98723
FLUX  775  1462.00        2.050564E+14   1.0751E-05   1.1458E-05   0.93834
FLUX  776  1467.50        2.042879E+14   1.0781E-05   1.1409E-05   0.94497
FLUX  777  1472.50        2.035942E+14   1.0624E-05   1.1365E-05   0.93479
FLUX  778  1477.50        2.029052E+14   1.0551E-05   1.1321E-05   0.93198
FLUX  779  1482.50        2.022209E+14   1.0570E-05   1.1276E-05   0.93739
FLUX  780  1487.50        2.015412E+14   1.0457E-05   1.1232E-05   0.93100
FLUX  781  1492.50        2.008660E+14   1.0631E-05   1.1188E-05   0.95019
FLUX  782  1497.50        2.001953E+14   1.0485E-05   1.1144E-05   0.94082
FLUX  783  1502.50        1.995291E+14   1.0408E-05   1.1100E-05   0.93765
FLUX  784  1507.50        1.988673E+14   1.0292E-05   1.1056E-05   0.93089
FLUX  785  1512.50        1.982099E+14   1.0387E-05   1.1012E-05   0.94324
FLUX  786  1517.50        1.975568E+14   1.0383E-05   1.0969E-05   0.94664
FLUX  787  1522.50        1.969080E+14   1.0279E-05   1.0925E-05   0.94086
FLUX  788  1527.50        1.962635E+14   1.0270E-05   1.0881E-05   0.94386
FLUX  789  1532.50        1.956232E+14   1.0184E-05   1.0837E-05   0.93971
FLUX  790  1537.50        1.949870E+14   1.0203E-05   1.0793E-05   0.94528
FLUX  791  1542.50        1.943549E+14   9.9644E-06   1.0749E-05   0.92699
FLUX  792  1547.50        1.937270E+14   1.0078E-05   1.0705E-05   0.94139
FLUX  793  1552.50        1.931031E+14   1.0056E-05   1.0662E-05   0.94318
FLUX  794  1557.50        1.924831E+14   9.7613E-06   1.0618E-05   0.91935
FLUX  795  1562.50        1.918672E+14   1.0139E-05   1.0574E-05   0.95885
FLUX  796  1567.50        1.912552E+14   9.8092E-06   1.0530E-05   0.93158
FLUX  797  1572.50        1.906471E+14   9.5848E-06   1.0486E-05   0.91408
FLUX  798  1577.50        1.900428E+14   9.8322E-06   1.0442E-05   0.94164
FLUX  799  1582.50        1.894423E+14   9.9067E-06   1.0397E-05   0.95280
FLUX  800  1587.50        1.888457E+14   9.0175E-06   1.0353E-05   0.87099
FLUX  801  1592.50        1.882527E+14   9.7171E-06   1.0309E-05   0.94260
FLUX  802  1597.50        1.876635E+14   9.9041E-06   1.0264E-05   0.96490
FLUX  803  1605.00        1.867866E+14   9.7001E-06   1.0197E-05   0.95123
FLUX  804  1615.00        1.856300E+14   9.2399E-06   1.0108E-05   0.91416
FLUX  805  1625.00        1.844877E+14   9.7932E-06   1.0017E-05   0.97769
FLUX  806  1635.00        1.833593E+14   9.4527E-06   9.9238E-06   0.95253
FLUX  807  1645.00        1.822447E+14   8.9463E-06   9.8282E-06   0.91027
FLUX  808  1655.00        1.811435E+14   9.5274E-06   9.7311E-06   0.97907
FLUX  809  1665.00        1.800556E+14   9.4874E-06   9.6355E-06   0.98463
FLUX  810  1675.00        1.789806E+14   9.1255E-06   9.5413E-06   0.95643
FLUX  811  1685.00        1.779184E+14   8.6248E-06   9.4484E-06   0.91283
FLUX  812  1695.00        1.768687E+14   9.2429E-06   9.3569E-06   0.98782
FLUX  813  1705.00        1.758314E+14   9.0656E-06   9.2666E-06   0.97831
FLUX  814  1715.00        1.748061E+14   9.0772E-06   9.1775E-06   0.98907
FLUX  815  1725.00        1.737928E+14   8.8298E-06   9.0897E-06   0.97141
FLUX  816  1735.00        1.727911E+14   8.0398E-06   9.0031E-06   0.89300
FLUX  817  1745.00        1.718009E+14   8.5754E-06   8.9178E-06   0.96160
FLUX  818  1755.00        1.708219E+14   8.6464E-06   8.8337E-06   0.97880
FLUX  819  1765.00        1.698541E+14   8.5729E-06   8.7507E-06   0.97968
FLUX  820  1775.00        1.688972E+14   8.5156E-06   8.6689E-06   0.98232
FLUX  821  1785.00        1.679510E+14   8.4373E-06   8.5882E-06   0.98242
FLUX  822  1795.00        1.670153E+14   8.4286E-06   8.5087E-06   0.99059
FLUX  823  1805.00        1.660900E+14   8.2381E-06   8.4302E-06   0.97722
FLUX  824  1815.00        1.651749E+14   7.6008E-06   8.3528E-06   0.90997
FLUX  825  1825.00        1.642699E+14   7.9771E-06   8.2765E-06   0.96383
FLUX  826  1835.00        1.633747E+14   8.0873E-06   8.2011E-06   0.98612
FLUX  827  1845.00        1.624892E+14   8.0076E-06   8.1269E-06   0.98532
FLUX  828  1855.00        1.616132E+14   7.9074E-06   8.0536E-06   0.98184
FLUX  829  1865.00        1.607466E+14   7.8013E-06   7.9813E-06   0.97744
FLUX  830  1875.00        1.598893E+14   7.1268E-06   7.9100E-06   0.90099
FLUX  831  1885.00        1.590411E+14   7.6454E-06   7.8396E-06   0.97523
FLUX  832  1895.00        1.582018E+14   7.5116E-06   7.7701E-06   0.96673
FLUX  833  1905.00        1.573714E+14   7.6407E-06   7.7015E-06   0.99211
FLUX  834  1915.00        1.565496E+14   7.5524E-06   7.6338E-06   0.98933
FLUX  835  1925.00        1.557364E+14   7.4811E-06   7.5670E-06   0.98864
FLUX  836  1935.00        1.549315E+14   7.3386E-06   7.5011E-06   0.97834
FLUX  837  1945.00        1.541350E+14   6.7259E-06   7.4360E-06   0.90450
FLUX  838  1955.00        1.533465E+14   7.2487E-06   7.3718E-06   0.98330
FLUX  839  1965.00        1.525662E+14   7.2253E-06   7.3084E-06   0.98863
FLUX  840  1975.00        1.517937E+14   7.1425E-06   7.2458E-06   0.98574
FLUX  841  1985.00        1.510290E+14   7.1167E-06   7.1840E-06   0.99062
FLUX  842  1995.00        1.502719E+14   7.0601E-06   7.1230E-06   0.99116
FLUX  843  2005.00        1.495224E+14   7.0191E-06   7.0628E-06   0.99381
FLUX  844  2015.00        1.487804E+14   6.9826E-06   7.0034E-06   0.99703
FLUX  845  2025.00        1.480457E+14   6.8853E-06   6.9446E-06   0.99145
FLUX  846  2035.00        1.473182E+14   6.7983E-06   6.8866E-06   0.98718
FLUX  847  2045.00        1.465978E+14   6.8115E-06   6.8294E-06   0.99739
FLUX  848  2055.00        1.458844E+14   6.7368E-06   6.7728E-06   0.99468
FLUX  849  2065.00        1.451780E+14   6.6570E-06   6.7169E-06   0.99108
FLUX  850  2075.00        1.444783E+14   6.6075E-06   6.6617E-06   0.99187
FLUX  851  2085.00        1.437854E+14   6.5565E-06   6.6071E-06   0.99234
FLUX  852  2095.00        1.430990E+14   6.4954E-06   6.5533E-06   0.99117
FLUX  853  2105.00        1.424192E+14   6.4617E-06   6.5000E-06   0.99410
FLUX  854  2115.00        1.417459E+14   6.3775E-06   6.4474E-06   0.98915
FLUX  855  2125.00        1.410788E+14   6.3315E-06   6.3955E-06   0.99000
FLUX  856  2135.00        1.404180E+14   6.2864E-06   6.3442E-06   0.99089
FLUX  857  2145.00        1.397634E+14   6.2640E-06   6.2934E-06   0.99532
FLUX  858  2155.00        1.391148E+14   6.1820E-06   6.2433E-06   0.99018
FLUX  859  2165.00        1.384723E+14   5.6652E-06   6.1938E-06   0.91465
FLUX  860  2175.00        1.378356E+14   6.0274E-06   6.1449E-06   0.98087
FLUX  861  2185.00        1.372048E+14   6.0487E-06   6.0965E-06   0.99216
FLUX  862  2195.00        1.365797E+14   6.0369E-06   6.0488E-06   0.99804
FLUX  863  2205.00        1.359603E+14   5.9404E-06   6.0016E-06   0.98980
FLUX  864  2215.00        1.353465E+14   5.9070E-06   5.9549E-06   0.99196
FLUX  865  2225.00        1.347382E+14   5.8907E-06   5.9088E-06   0.99693
FLUX  866  2235.00        1.341353E+14   5.8429E-06   5.8632E-06   0.99655
FLUX  867  2245.00        1.335379E+14   5.7996E-06   5.8182E-06   0.99681
FLUX  868  2255.00        1.329457E+14   5.7068E-06   5.7736E-06   0.98842
FLUX  869  2265.00        1.323587E+14   5.6861E-06   5.7296E-06   0.99241
FLUX  870  2275.00        1.317769E+14   5.6637E-06   5.6860E-06   0.99608
FLUX  871  2285.00        1.312002E+14   5.6071E-06   5.7280E-06   0.97890
FLUX  872  2295.00        1.306285E+14   5.5542E-06   5.6843E-06   0.97711
FLUX  873  2305.00        1.300618E+14   5.5448E-06   5.6411E-06   0.98292
FLUX  874  2315.00        1.295000E+14   5.4909E-06   5.5984E-06   0.98079
FLUX  875  2325.00        1.289430E+14   5.4674E-06   5.5562E-06   0.98402
FLUX  876  2335.00        1.283908E+14   5.4176E-06   5.5145E-06   0.98242
FLUX  877  2345.00        1.278433E+14   5.3872E-06   5.4732E-06   0.98427
FLUX  878  2355.00        1.273004E+14   5.3465E-06   5.4325E-06   0.98418
FLUX  879  2365.00        1.267622E+14   5.3153E-06   5.3921E-06   0.98575
FLUX  880  2375.00        1.262284E+14   5.2450E-06   5.3522E-06   0.97997
FLUX  881  2385.00        1.256992E+14   5.2159E-06   5.3128E-06   0.98177
FLUX  882  2395.00        1.251743E+14   5.1875E-06   5.2737E-06   0.98365
FLUX  883  2405.00        1.246538E+14   5.1391E-06   5.2352E-06   0.98165
FLUX  884  2415.00        1.241377E+14   5.0947E-06   5.1970E-06   0.98031
FLUX  885  2425.00        1.236258E+14   5.0735E-06   5.1592E-06   0.98339
FLUX  886  2435.00        1.231181E+14   5.0144E-06   5.1219E-06   0.97902
FLUX  887  2445.00        1.226145E+14   4.9931E-06   5.0849E-06   0.98193
FLUX  888  2455.00        1.221151E+14   4.9390E-06   5.0484E-06   0.97833
FLUX  889  2465.00        1.216197E+14   4.9218E-06   5.0122E-06   0.98197
FLUX  890  2475.00        1.211283E+14   4.8751E-06   4.9765E-06   0.97963
FLUX  891  2485.00        1.206408E+14   4.8435E-06   4.9411E-06   0.98026
FLUX  892  2495.00        1.201573E+14   4.7601E-06   4.9061E-06   0.97025
FLUX  893  2505.00        1.196776E+14   4.8012E-06   4.8714E-06   0.98559
FLUX  894  2515.00        1.192018E+14   4.7665E-06   4.8371E-06   0.98540
FLUX  895  2525.00        1.187297E+14   4.6632E-06   4.8032E-06   0.97085
FLUX  896  2535.00        1.182613E+14   4.7012E-06   4.7696E-06   0.98565
FLUX  897  2545.00        1.177967E+14   4.6699E-06   4.7364E-06   0.98596
FLUX  898  2555.00        1.173356E+14   4.6181E-06   4.7035E-06   0.98184
FLUX  899  2565.00        1.168782E+14   4.4656E-06   4.6710E-06   0.95603
FLUX  900  2575.00        1.164243E+14   4.5739E-06   4.6388E-06   0.98600
FLUX  901  2585.00        1.159739E+14   4.5247E-06   4.6070E-06   0.98214
FLUX  902  2595.00        1.155270E+14   4.5311E-06   4.5754E-06   0.99031
FLUX  903  2605.00        1.150835E+14   4.4642E-06   4.5442E-06   0.98240
FLUX  904  2615.00        1.146434E+14   4.2809E-06   4.5133E-06   0.94850
FLUX  905  2625.00        1.142067E+14   4.1094E-06   4.4827E-06   0.91673
FLUX  906  2635.00        1.137732E+14   4.3661E-06   4.4524E-06   0.98061
FLUX  907  2645.00        1.133431E+14   4.3694E-06   4.4225E-06   0.98799
FLUX  908  2655.00        1.129162E+14   4.3475E-06   4.3928E-06   0.98968
FLUX  909  2665.00        1.124925E+14   4.2778E-06   4.3634E-06   0.98038
FLUX  910  2675.00        1.120720E+14   4.0709E-06   4.3343E-06   0.93922
FLUX  911  2685.00        1.116546E+14   4.2523E-06   4.3055E-06   0.98763
FLUX  912  2695.00        1.112403E+14   4.2596E-06   4.2770E-06   0.99593
FLUX  913  2705.00        1.108290E+14   4.2298E-06   4.2488E-06   0.99553
FLUX  914  2715.00        1.104208E+14   4.2063E-06   4.2209E-06   0.99656
FLUX  915  2725.00        1.100156E+14   4.1795E-06   4.1932E-06   0.99672
FLUX  916  2735.00        1.096133E+14   4.1512E-06   4.1658E-06   0.99649
FLUX  917  2745.00        1.092140E+14   4.1159E-06   4.1387E-06   0.99449
FLUX  918  2755.00        1.088176E+14   3.8739E-06   4.1118E-06   0.94213
FLUX  919  2765.00        1.084241E+14   3.9796E-06   4.0852E-06   0.97416
FLUX  920  2775.00        1.080333E+14   4.0357E-06   4.0588E-06   0.99429
FLUX  921  2785.00        1.076454E+14   4.0189E-06   4.0327E-06   0.99656
FLUX  922  2795.00        1.072603E+14   4.0025E-06   4.0069E-06   0.99891
FLUX  923  2805.00        1.068779E+14   3.9741E-06   3.9813E-06   0.99819
FLUX  924  2815.00        1.064982E+14   3.9492E-06   3.9560E-06   0.99828
FLUX  925  2825.00        1.061212E+14   3.9225E-06   3.9309E-06   0.99786
FLUX  926  2835.00        1.057469E+14   3.9034E-06   3.9060E-06   0.99932
FLUX  927  2845.00        1.053752E+14   3.8642E-06   3.8814E-06   0.99559
FLUX  928  2855.00        1.050061E+14   3.8448E-06   3.8570E-06   0.99684
FLUX  929  2865.00        1.046396E+14   3.7726E-06   3.8328E-06   0.98431
FLUX  930  2875.00        1.042757E+14   3.5593E-06   3.8088E-06   0.93450
FLUX  931  2885.00        1.039142E+14   3.7512E-06   3.7851E-06   0.99105
FLUX  932  2895.00        1.035553E+14   3.7480E-06   3.7616E-06   0.99639
FLUX  933  2905.00        1.031988E+14   3.7333E-06   3.7383E-06   0.99865
FLUX  934  2915.00        1.028448E+14   3.6989E-06   3.7153E-06   0.99560
FLUX  935  2925.00        1.024932E+14   3.6748E-06   3.6924E-06   0.99523
FLUX  936  2935.00        1.021440E+14   3.6636E-06   3.6698E-06   0.99831
FLUX  937  2945.00        1.017971E+14   3.6375E-06   3.6473E-06   0.99731
FLUX  938  2955.00        1.014526E+14   3.6198E-06   3.6251E-06   0.99855
FLUX  939  2965.00        1.011105E+14   3.5989E-06   3.6031E-06   0.99886
FLUX  940  2975.00        1.007706E+14   3.5751E-06   3.5812E-06   0.99830
FLUX  941  2985.00        1.004330E+14   3.5557E-06   3.5596E-06   0.99890
FLUX  942  2995.00        1.000977E+14   3.5257E-06   3.5381E-06   0.99650
FLUX  943  3005.00        9.976456E+13   3.5045E-06   3.5169E-06   0.99649
FLUX  944  3015.00        9.943367E+13   3.4836E-06   3.4958E-06   0.99651
FLUX  945  3025.00        9.910496E+13   3.4553E-06   3.4749E-06   0.99434
FLUX  946  3035.00        9.877842E+13   3.2710E-06   3.4543E-06   0.94695
FLUX  947  3045.00        9.845402E+13   3.3353E-06   3.4337E-06   0.97134
FLUX  948  3055.00        9.813175E+13   3.3950E-06   3.4134E-06   0.99462
FLUX  949  3065.00        9.781158E+13   3.3800E-06   3.3932E-06   0.99610
FLUX  950  3075.00        9.749350E+13   3.3659E-06   3.3732E-06   0.99782
FLUX  951  3085.00        9.717747E+13   3.3318E-06   3.3534E-06   0.99354
FLUX  952  3095.00        9.686349E+13   3.3200E-06   3.3338E-06   0.99587
FLUX  953  3105.00        9.655153E+13   3.3021E-06   3.3143E-06   0.99631
FLUX  954  3115.00        9.624157E+13   3.2632E-06   3.2950E-06   0.99033
FLUX  955  3125.00        9.593360E+13   3.2611E-06   3.2759E-06   0.99547
FLUX  956  3135.00        9.562759E+13   3.2399E-06   3.2569E-06   0.99476
FLUX  957  3145.00        9.532353E+13   3.2254E-06   3.2381E-06   0.99607
FLUX  958  3155.00        9.502139E+13   3.2085E-06   3.2195E-06   0.99658
FLUX  959  3165.00        9.472117E+13   3.1941E-06   3.2010E-06   0.99782
FLUX  960  3175.00        9.442283E+13   3.1703E-06   3.1827E-06   0.99610
FLUX  961  3185.00        9.412637E+13   3.1591E-06   3.1646E-06   0.99828
FLUX  962  3195.00        9.383177E+13   3.1416E-06   3.1466E-06   0.99843
FLUX  963  3210.00        9.339330E+13   3.1120E-06   3.1198E-06   0.99748
FLUX  964  3230.00        9.281502E+13   3.0809E-06   3.0847E-06   0.99876
FLUX  965  3250.00        9.224385E+13   3.0436E-06   3.0502E-06   0.99784
FLUX  966  3270.00        9.167966E+13   3.0066E-06   3.0163E-06   0.99679
FLUX  967  3290.00        9.112234E+13   2.8572E-06   2.9976E-06   0.95319
FLUX  968  3310.00        9.057175E+13   2.9071E-06   2.9644E-06   0.98066
FLUX  969  3330.00        9.002778E+13   2.8940E-06   2.9319E-06   0.98709
FLUX  970  3350.00        8.949030E+13   2.8696E-06   2.8998E-06   0.98956
FLUX  971  3370.00        8.895920E+13   2.8298E-06   2.8683E-06   0.98656
FLUX  972  3390.00        8.843437E+13   2.8001E-06   2.8373E-06   0.98689
FLUX  973  3410.00        8.791569E+13   2.7694E-06   2.8068E-06   0.98667
FLUX  974  3430.00        8.740306E+13   2.7479E-06   2.7768E-06   0.98960
FLUX  975  3450.00        8.689638E+13   2.7289E-06   2.7473E-06   0.99332
FLUX  976  3470.00        8.639553E+13   2.6950E-06   2.7182E-06   0.99148
FLUX  977  3490.00        8.590043E+13   2.6706E-06   2.6896E-06   0.99296
FLUX  978  3510.00        8.541097E+13   2.6434E-06   2.6614E-06   0.99322
FLUX  979  3530.00        8.492705E+13   2.6136E-06   2.6337E-06   0.99236
FLUX  980  3550.00        8.444859E+13   2.5882E-06   2.6064E-06   0.99300
FLUX  981  3570.00        8.397549E+13   2.5578E-06   2.5796E-06   0.99155
FLUX  982  3590.00        8.350766E+13   2.5330E-06   2.5531E-06   0.99213
FLUX  983  3610.00        8.304501E+13   2.5065E-06   2.5271E-06   0.99188
FLUX  984  3630.00        8.258747E+13   2.4868E-06   2.5014E-06   0.99416
FLUX  985  3650.00        8.213493E+13   2.4494E-06   2.4761E-06   0.98921
FLUX  986  3670.00        8.168733E+13   2.4312E-06   2.4512E-06   0.99183
FLUX  987  3690.00        8.124458E+13   2.3860E-06   2.4267E-06   0.98322
FLUX  988  3710.00        8.080660E+13   2.3708E-06   2.4026E-06   0.98678
FLUX  989  3730.00        8.037332E+13   2.3186E-06   2.3788E-06   0.97472
FLUX  990  3750.00        7.994467E+13   2.2559E-06   2.3553E-06   0.95779
FLUX  991  3770.00        7.952056E+13   2.3071E-06   2.3322E-06   0.98924
FLUX  992  3790.00        7.910092E+13   2.2879E-06   2.3095E-06   0.99066
FLUX  993  3810.00        7.868570E+13   2.2550E-06   2.2870E-06   0.98598
FLUX  994  3830.00        7.827480E+13   2.2431E-06   2.2649E-06   0.99035
FLUX  995  3850.00        7.786818E+13   2.2331E-06   2.2431E-06   0.99551
FLUX  996  3870.00        7.746576E+13   2.2058E-06   2.2217E-06   0.99288
FLUX  997  3890.00        7.706748E+13   2.1795E-06   2.2005E-06   0.99048
FLUX  998  3910.00        7.667327E+13   2.1398E-06   2.1796E-06   0.98174
FLUX  999  3930.00        7.628308E+13   2.1497E-06   2.1591E-06   0.99568
FLUX 1000  3950.00        7.589684E+13   2.1260E-06   2.1388E-06   0.99405
FLUX 1001  3970.00        7.551448E+13   2.1104E-06   2.1188E-06   0.99606
FLUX 1002  3990.00        7.513596E+13   2.0773E-06   2.0991E-06   0.98962
FLUX 1003  4010.00        7.476122E+13   2.0462E-06   2.0796E-06   0.98393
FLUX 1004  4030.00        7.439020E+13   2.0234E-06   2.0604E-06   0.98204
FLUX 1005  4050.00        7.402284E+13   1.9703E-06   2.0415E-06   0.96510
FLUX 1006  4070.00        7.365909E+13   2.0099E-06   2.0229E-06   0.99361
FLUX 1007  4090.00        7.329890E+13   1.9926E-06   2.0045E-06   0.99408
FLUX 1008  4110.00        7.294221E+13   1.9825E-06   1.9863E-06   0.99806
FLUX 1009  4130.00        7.258898E+13   1.9654E-06   1.9684E-06   0.99847
FLUX 1010  4150.00        7.223916E+13   1.9396E-06   1.9508E-06   0.99431
FLUX 1011  4170.00        7.189269E+13   1.8795E-06   1.9333E-06   0.97214
FLUX 1012  4190.00        7.154952E+13   1.9055E-06   1.9161E-06   0.99447
FLUX 1013  4210.00        7.120962E+13   1.8870E-06   1.8992E-06   0.99361
FLUX 1014  4230.00        7.087293E+13   1.8814E-06   1.8824E-06   0.99946
FLUX 1015  4250.00        7.053941E+13   1.8619E-06   1.8659E-06   0.99788
FLUX 1016  4270.00        7.020902E+13   1.8480E-06   1.8496E-06   0.99916
FLUX 1017  4290.00        6.988170E+13   1.8317E-06   1.8335E-06   0.99904
FLUX 1018  4310.00        6.955742E+13   1.8144E-06   1.8176E-06   0.99826
FLUX 1019  4330.00        6.923614E+13   1.7960E-06   1.8019E-06   0.99674
FLUX 1020  4350.00        6.891782E+13   1.7798E-06   1.7864E-06   0.99630
FLUX 1021  4370.00        6.860240E+13   1.7184E-06   1.7711E-06   0.97021
FLUX 1022  4390.00        6.828986E+13   1.7405E-06   1.7561E-06   0.99111
FLUX 1023  4410.00        6.798016E+13   1.7299E-06   1.7412E-06   0.99355
FLUX 1024  4430.00        6.767325E+13   1.7190E-06   1.7264E-06   0.99569
FLUX 1025  4450.00        6.736910E+13   1.7045E-06   1.7119E-06   0.99568
FLUX 1026  4470.00        6.706767E+13   1.6917E-06   1.7007E-06   0.99469
FLUX 1027  4490.00        6.676893E+13   1.6777E-06   1.6865E-06   0.99477
FLUX 1028  4510.00        6.647284E+13   1.6646E-06   1.6725E-06   0.99527
FLUX 1029  4530.00        6.617936E+13   1.6501E-06   1.6586E-06   0.99483
FLUX 1030  4550.00        6.588846E+13   1.6371E-06   1.6450E-06   0.99520
FLUX 1031  4570.00        6.560011E+13   1.6220E-06   1.6314E-06   0.99425
FLUX 1032  4590.00        6.531427E+13   1.6084E-06   1.6181E-06   0.99404
FLUX 1033  4610.00        6.503091E+13   1.5971E-06   1.6049E-06   0.99515
FLUX 1034  4630.00        6.475000E+13   1.5823E-06   1.5918E-06   0.99402
FLUX 1035  4650.00        6.447151E+13   1.5189E-06   1.5790E-06   0.96193
FLUX 1036  4670.00        6.419540E+13   1.5102E-06   1.5663E-06   0.96423
FLUX 1037  4690.00        6.392164E+13   1.5422E-06   1.5537E-06   0.99262
FLUX 1038  4710.00        6.365021E+13   1.5338E-06   1.5413E-06   0.99517
FLUX 1039  4730.00        6.338108E+13   1.5246E-06   1.5290E-06   0.99715
FLUX 1040  4750.00        6.311421E+13   1.5110E-06   1.5169E-06   0.99616
FLUX 1041  4770.00        6.284958E+13   1.4992E-06   1.5049E-06   0.99618
FLUX 1042  4790.00        6.258716E+13   1.4891E-06   1.4931E-06   0.99732
FLUX 1043  4810.00        6.232692E+13   1.4766E-06   1.4814E-06   0.99680
FLUX 1044  4830.00        6.206884E+13   1.4659E-06   1.4698E-06   0.99736
FLUX 1045  4850.00        6.181289E+13   1.4539E-06   1.4584E-06   0.99691
FLUX 1046  4870.00        6.155903E+13   1.4427E-06   1.4471E-06   0.99700
FLUX 1047  4890.00        6.130726E+13   1.4318E-06   1.4359E-06   0.99713
FLUX 1048  4910.00        6.105754E+13   1.4195E-06   1.4249E-06   0.99624
FLUX 1049  4930.00        6.080984E+13   1.4095E-06   1.4140E-06   0.99685
FLUX 1050  4950.00        6.056414E+13   1.3983E-06   1.4032E-06   0.99655
FLUX 1051  4970.00        6.032042E+13   1.3876E-06   1.3925E-06   0.99644
FLUX 1052  4990.00        6.007866E+13   1.3784E-06   1.3820E-06   0.99741
FLUX 1053  5010.00        5.983882E+13   1.3674E-06   1.3716E-06   0.99700
FLUX 1054  5030.00        5.960089E+13   1.3562E-06   1.3612E-06   0.99627
FLUX 1055  5050.00        5.936485E+13   1.3473E-06   1.3511E-06   0.99723
FLUX 1056  5070.00        5.913067E+13   1.3378E-06   1.3410E-06   0.99765
FLUX 1057  5090.00        5.889833E+13   1.3242E-06   1.3310E-06   0.99490
FLUX 1058  5110.00        5.866781E+13   1.3125E-06   1.3212E-06   0.99344
FLUX 1059  5130.00        5.843908E+13   1.2681E-06   1.3114E-06   0.96700
FLUX 1060  5150.00        5.821214E+13   1.2958E-06   1.3018E-06   0.99539
FLUX 1061  5170.00        5.798694E+13   1.2856E-06   1.2922E-06   0.99484
FLUX 1062  5190.00        5.776349E+13   1.2804E-06   1.2828E-06   0.99809
FLUX 1063  5210.00        5.754175E+13   1.2699E-06   1.2735E-06   0.99721
FLUX 1064  5230.00        5.732170E+13   1.2609E-06   1.2643E-06   0.99738
FLUX 1065  5250.00        5.710333E+13   1.2517E-06   1.2551E-06   0.99725
FLUX 1066  5270.00        5.688662E+13   1.2403E-06   1.2461E-06   0.99531
FLUX 1067  5290.00        5.667155E+13   1.2350E-06   1.2372E-06   0.99821
FLUX 1068  5310.00        5.645810E+13   1.2264E-06   1.2283E-06   0.99842
FLUX 1069  5330.00        5.624625E+13   1.2175E-06   1.2196E-06   0.99832
FLUX 1070  5350.00        5.603598E+13   1.2088E-06   1.2109E-06   0.99821
FLUX 1071  5370.00        5.582728E+13   1.1942E-06   1.2024E-06   0.99320
FLUX 1072  5390.00        5.562013E+13   1.1879E-06   1.1939E-06   0.99495
FLUX 1073  5410.00        5.541451E+13   1.1839E-06   1.1855E-06   0.99861
FLUX 1074  5430.00        5.521041E+13   1.1739E-06   1.1773E-06   0.99715
FLUX 1075  5450.00        5.500780E+13   1.1671E-06   1.1690E-06   0.99831
FLUX 1076  5470.00        5.480667E+13   1.1571E-06   1.1609E-06   0.99673
FLUX 1077  5490.00        5.460701E+13   1.1508E-06   1.1529E-06   0.99819
FLUX 1078  5510.00        5.440880E+13   1.1417E-06   1.1449E-06   0.99715
FLUX 1079  5530.00        5.421203E+13   1.1269E-06   1.1371E-06   0.99106
FLUX 1080  5550.00        5.401667E+13   1.1273E-06   1.1293E-06   0.99821
FLUX 1081  5570.00        5.382271E+13   1.1197E-06   1.1216E-06   0.99837
FLUX 1082  5590.00        5.363014E+13   1.1085E-06   1.1140E-06   0.99510
FLUX 1083  5610.00        5.343895E+13   1.1047E-06   1.1064E-06   0.99847
FLUX 1084  5630.00        5.324911E+13   1.0969E-06   1.0989E-06   0.99819
FLUX 1085  5650.00        5.306062E+13   1.0907E-06   1.0915E-06   0.99921
FLUX 1086  5670.00        5.287346E+13   1.0830E-06   1.0842E-06   0.99890
FLUX 1087  5690.00        5.268761E+13   1.0745E-06   1.0769E-06   0.99774
FLUX 1088  5710.00        5.250306E+13   1.0567E-06   1.0698E-06   0.98780
FLUX 1089  5730.00        5.231981E+13   1.0608E-06   1.0627E-06   0.99828
FLUX 1090  5750.00        5.213783E+13   1.0548E-06   1.0556E-06   0.99922
FLUX 1091  5770.00        5.195711E+13   1.0476E-06   1.0486E-06   0.99896
FLUX 1092  5790.00        5.177763E+13   1.0400E-06   1.0417E-06   0.99830
FLUX 1093  5810.00        5.159940E+13   1.0339E-06   1.0349E-06   0.99903
FLUX 1094  5830.00        5.142238E+13   1.0274E-06   1.0281E-06   0.99933
FLUX 1095  5850.00        5.124658E+13   1.0215E-06   1.0223E-06   0.99921
FLUX 1096  5870.00        5.107198E+13   1.0141E-06   1.0156E-06   0.99848
FLUX 1097  5890.00        5.089856E+13   1.0029E-06   1.0090E-06   0.99388
FLUX 1098  5910.00        5.072631E+13   9.7123E-07   1.0025E-06   0.96879
FLUX 1099  5930.00        5.055523E+13   9.9173E-07   9.9607E-07   0.99565
FLUX 1100  5950.00        5.038529E+13   9.6958E-07   9.8968E-07   0.97969
FLUX 1101  5970.00        5.021650E+13   9.7688E-07   9.8334E-07   0.99343
FLUX 1102  5990.00        5.004883E+13   9.7536E-07   9.7707E-07   0.99825
FLUX 1103  6010.00        4.988228E+13   9.6878E-07   9.7086E-07   0.99786
FLUX 1104  6030.00        4.971683E+13   9.6381E-07   9.6471E-07   0.99907
FLUX 1105  6050.00        4.955248E+13   9.5779E-07   9.5861E-07   0.99914
FLUX 1106  6070.00        4.938921E+13   9.5105E-07   9.5258E-07   0.99840
FLUX 1107  6090.00        4.922701E+13   9.4472E-07   9.4660E-07   0.99802
FLUX 1108  6110.00        4.906588E+13   9.3735E-07   9.4067E-07   0.99646
FLUX 1109  6130.00        4.890579E+13   9.3377E-07   9.3480E-07   0.99889
FLUX 1110  6150.00        4.874675E+13   9.2825E-07   9.2899E-07   0.99921
FLUX 1111  6170.00        4.858874E+13   9.2239E-07   9.2323E-07   0.99909
FLUX 1112  6190.00        4.843174E+13   9.1626E-07   9.1752E-07   0.99862
FLUX 1113  6210.00        4.827576E+13   9.1127E-07   9.1187E-07   0.99935
FLUX 1114  6230.00        4.812079E+13   9.0332E-07   9.0626E-07   0.99675
FLUX 1115  6250.00        4.796680E+13   8.9961E-07   9.0071E-07   0.99878
FLUX 1116  6270.00        4.781380E+13   8.9242E-07   8.9521E-07   0.99688
FLUX 1117  6290.00        4.766176E+13   8.7008E-07   8.8976E-07   0.97788
FLUX 1118  6310.00        4.751070E+13   8.7922E-07   8.8436E-07   0.99419
FLUX 1119  6330.00        4.736058E+13   8.7799E-07   8.7901E-07   0.99884
FLUX 1120  6350.00        4.721142E+13   8.7267E-07   8.7371E-07   0.99881
FLUX 1121  6370.00        4.706319E+13   8.6775E-07   8.6845E-07   0.99919
FLUX 1122  6390.00        4.691588E+13   8.6225E-07   8.6324E-07   0.99885
FLUX 1123  6420.00        4.669665E+13   8.5500E-07   8.5551E-07   0.99939
FLUX 1124  6460.00        4.640751E+13   8.4428E-07   8.4537E-07   0.99870
FLUX 1125  6500.00        4.612192E+13   8.3386E-07   8.3541E-07   0.99814
FLUX 1126  6540.00        4.583983E+13   8.2510E-07   8.2562E-07   0.99936
FLUX 1127  6580.00        4.556117E+13   8.1529E-07   8.1601E-07   0.99912
FLUX 1128  6620.00        4.528588E+13   8.0566E-07   8.0656E-07   0.99889
FLUX 1129  6660.00        4.501389E+13   7.9682E-07   7.9727E-07   0.99944
FLUX 1130  6700.00        4.474515E+13   7.8742E-07   7.8814E-07   0.99908
FLUX 1131  6740.00        4.447960E+13   7.7748E-07   7.7917E-07   0.99783
FLUX 1132  6780.00        4.421718E+13   7.5967E-07   7.7035E-07   0.98613
FLUX 1133  6820.00        4.395784E+13   7.6078E-07   7.6168E-07   0.99882
FLUX 1134  6860.00        4.370153E+13   7.5236E-07   7.5315E-07   0.99895
FLUX 1135  6900.00        4.344819E+13   7.4356E-07   7.4476E-07   0.99839
FLUX 1136  6940.00        4.319777E+13   7.3499E-07   7.3652E-07   0.99792
FLUX 1137  6980.00        4.295021E+13   7.2747E-07   7.2840E-07   0.99872
FLUX 1138  7020.00        4.270548E+13   7.1923E-07   7.2043E-07   0.99833
FLUX 1139  7060.00        4.246353E+13   7.1158E-07   7.1258E-07   0.99860
FLUX 1140  7100.00        4.222430E+13   7.0399E-07   7.0485E-07   0.99877
FLUX 1141  7140.00        4.198775E+13   6.9660E-07   6.9726E-07   0.99906
FLUX 1142  7180.00        4.175383E+13   6.8897E-07   6.8978E-07   0.99882
FLUX 1143  7220.00        4.152251E+13   6.8077E-07   6.8242E-07   0.99758
FLUX 1144  7260.00        4.129373E+13   6.7341E-07   6.7518E-07   0.99737
FLUX 1145  7300.00        4.106747E+13   6.6762E-07   6.6806E-07   0.99935
FLUX 1146  7340.00        4.084366E+13   6.6024E-07   6.6104E-07   0.99879
FLUX 1147  7380.00        4.062229E+13   6.5377E-07   6.5414E-07   0.99944
FLUX 1148  7420.00        4.040330E+13   6.4624E-07   6.4735E-07   0.99829
FLUX 1149  7460.00        4.018666E+13   6.2922E-07   6.4066E-07   0.98214
FLUX 1150  7500.00        3.997233E+13   6.1705E-07   6.3408E-07   0.97314
FLUX 1151  7540.00        3.976028E+13   6.2614E-07   6.2760E-07   0.99768
FLUX 1152  7580.00        3.955046E+13   6.2062E-07   6.2121E-07   0.99904
FLUX 1153  7620.00        3.934285E+13   6.1457E-07   6.1493E-07   0.99942
FLUX 1154  7660.00        3.913740E+13   6.0842E-07   6.0873E-07   0.99949
FLUX 1155  7700.00        3.893409E+13   6.0207E-07   6.0263E-07   0.99907
FLUX 1156  7740.00        3.873288E+13   5.9640E-07   5.9662E-07   0.99963
FLUX 1157  7780.00        3.853374E+13   5.8838E-07   5.9070E-07   0.99607
FLUX 1158  7820.00        3.833664E+13   5.8473E-07   5.8487E-07   0.99976
FLUX 1159  7860.00        3.814154E+13   5.7904E-07   5.7912E-07   0.99985
FLUX 1160  7900.00        3.794842E+13   5.7338E-07   5.7346E-07   0.99986
FLUX 1161  7940.00        3.775724E+13   5.6771E-07   5.6788E-07   0.99971
FLUX 1162  7980.00        3.756798E+13   5.6216E-07   5.6238E-07   0.99961
FLUX 1163  8020.00        3.738061E+13   5.5646E-07   5.5696E-07   0.99910
FLUX 1164  8060.00        3.719510E+13   5.5119E-07   5.5162E-07   0.99923
FLUX 1165  8100.00        3.701142E+13   5.4621E-07   5.4635E-07   0.99975
FLUX 1166  8140.00        3.682955E+13   5.3815E-07   5.4115E-07   0.99446
FLUX 1167  8180.00        3.664945E+13   5.3500E-07   5.3603E-07   0.99807
FLUX 1168  8220.00        3.647111E+13   5.3085E-07   5.3099E-07   0.99974
FLUX 1169  8260.00        3.629449E+13   5.2582E-07   5.2601E-07   0.99964
FLUX 1170  8300.00        3.611958E+13   5.2087E-07   5.2110E-07   0.99957
FLUX 1171  8340.00        3.594634E+13   5.1544E-07   5.1626E-07   0.99840
FLUX 1172  8380.00        3.577476E+13   5.1065E-07   5.1149E-07   0.99836
FLUX 1173  8420.00        3.560481E+13   5.0632E-07   5.0678E-07   0.99910
FLUX 1174  8460.00        3.543647E+13   5.0193E-07   5.0214E-07   0.99959
FLUX 1175  8500.00        3.526971E+13   4.9745E-07   4.9756E-07   0.99979
FLUX 1176  8540.00        3.510451E+13   4.9280E-07   4.9304E-07   0.99951
FLUX 1177  8580.00        3.494085E+13   4.8838E-07   4.8858E-07   0.99958
FLUX 1178  8620.00        3.477871E+13   4.8386E-07   4.8419E-07   0.99933
FLUX 1179  8660.00        3.461807E+13   4.7581E-07   4.7985E-07   0.99158
FLUX 1180  8700.00        3.445891E+13   4.7536E-07   4.7557E-07   0.99956
FLUX 1181  8740.00        3.430120E+13   4.6768E-07   4.7134E-07   0.99222
FLUX 1182  8780.00        3.414493E+13   4.6358E-07   4.6718E-07   0.99230
FLUX 1183  8820.00        3.399008E+13   4.6258E-07   4.6306E-07   0.99896
FLUX 1184  8860.00        3.383663E+13   4.5860E-07   4.5900E-07   0.99911
FLUX 1185  8900.00        3.368455E+13   4.5465E-07   4.5500E-07   0.99924
FLUX 1186  8940.00        3.353384E+13   4.5085E-07   4.5104E-07   0.99956
FLUX 1187  8980.00        3.338447E+13   4.4660E-07   4.4714E-07   0.99878
FLUX 1188  9020.00        3.323642E+13   4.4291E-07   4.4329E-07   0.99915
FLUX 1189  9060.00        3.308968E+13   4.3943E-07   4.3949E-07   0.99988
FLUX 1190  9100.00        3.294423E+13   4.3526E-07   4.3573E-07   0.99892
FLUX 1191  9140.00        3.280005E+13   4.3169E-07   4.3202E-07   0.99922
FLUX 1192  9180.00        3.265714E+13   4.2823E-07   4.2836E-07   0.99969
FLUX 1193  9220.00        3.251546E+13   4.2469E-07   4.2475E-07   0.99986
FLUX 1194  9260.00        3.237500E+13   4.2105E-07   4.2118E-07   0.99969
FLUX 1195  9300.00        3.223575E+13   4.1761E-07   4.1766E-07   0.99989
FLUX 1196  9340.00        3.209770E+13   4.1404E-07   4.1418E-07   0.99966
FLUX 1197  9380.00        3.196082E+13   4.0660E-07   4.1074E-07   0.98990
FLUX 1198  9420.00        3.182511E+13   4.0673E-07   4.0735E-07   0.99847
FLUX 1199  9460.00        3.169054E+13   4.0386E-07   4.0400E-07   0.99967
FLUX 1200  9500.00        3.155711E+13   4.0044E-07   4.0068E-07   0.99938
FLUX 1201  9540.00        3.142479E+13   3.9696E-07   3.9741E-07   0.99886
FLUX 1202  9580.00        3.129358E+13   3.9413E-07   3.9418E-07   0.99986
FLUX 1203  9620.00        3.116346E+13   3.9074E-07   3.9099E-07   0.99936
FLUX 1204  9660.00        3.103442E+13   3.8779E-07   3.8783E-07   0.99989
FLUX 1205  9700.00        3.090644E+13   3.8468E-07   3.8472E-07   0.99990
FLUX 1206  9740.00        3.077952E+13   3.8121E-07   3.8164E-07   0.99888
FLUX 1207  9780.00        3.065363E+13   3.7837E-07   3.7859E-07   0.99941
FLUX 1208  9820.00        3.052877E+13   3.7535E-07   3.7559E-07   0.99938
FLUX 1209  9860.00        3.040492E+13   3.7218E-07   3.7262E-07   0.99884
FLUX 1210  9900.00        3.028207E+13   3.6965E-07   3.6968E-07   0.99993
FLUX 1211  9940.00        3.016021E+13   3.6661E-07   3.6678E-07   0.99956
FLUX 1212  9980.00        3.003933E+13   3.6371E-07   3.6391E-07   0.99946
FLUX 1213 10020.00        2.991941E+13   3.6088E-07   3.6107E-07   0.99947
FLUX 1214 20000.00        1.498963E+13   9.2094E-08   9.2104E-08   0.99989
FLUX 1215 40000.00        7.494813E+12   2.2903E-08   2.2904E-08   0.99998
FLUX 1216 60000.00        4.996542E+12   1.0086E-08   1.0086E-08   0.99999
FLUX 1217 80000.00        3.747406E+12   5.6272E-09   5.6273E-09   0.99999
FLUX 1218100000.00        2.997925E+12   3.5761E-09   3.5762E-09   1.00000
FLUX 1219120000.00        2.498271E+12   2.4684E-09   2.4684E-09   1.00000
FLUX 1220140000.00        2.141375E+12   1.8039E-09   1.8039E-09   1.00000
FLUX 1221160000.00        1.873703E+12   1.3746E-09   1.3746E-09   1.00000
FLUX
