TEFF   7250.  GRAVITY 1.00000 LTE 
TITLE  [+0.5] N(He)/Ntot=0.07813 VTURB=2.0  L/H=1.25 NOVER                      
FLUX    1     9.09        3.298047E+16   1.0000E-50   0.0000E+00   1.00000
FLUX    2     9.35        3.206337E+16   1.0000E-50   0.0000E+00   1.00000
FLUX    3     9.61        3.119589E+16   1.0000E-50   0.0000E+00   1.00000
FLUX    4     9.77        3.068501E+16   1.0000E-50   0.0000E+00   1.00000
FLUX    5     9.96        3.009965E+16   1.0000E-50   0.0000E+00   1.00000
FLUX    6    10.20        2.939142E+16   1.0000E-50   0.0000E+00   1.00000
FLUX    7    10.38        2.888174E+16   1.0000E-50   0.0000E+00   1.00000
FLUX    8    10.56        2.838944E+16   1.0000E-50   0.0000E+00   1.00000
FLUX    9    10.77        2.783589E+16   1.0000E-50   0.0000E+00   1.00000
FLUX   10    11.04        2.715512E+16   1.0000E-50   0.0000E+00   1.00000
FLUX   11    11.40        2.629759E+16   1.0000E-50   0.0000E+00   1.00000
FLUX   12    11.78        2.544928E+16   1.0000E-50   0.0000E+00   1.00000
FLUX   13    12.13        2.471496E+16   1.0000E-50   0.0000E+00   1.00000
FLUX   14    12.48        2.402183E+16   1.0000E-50   0.0000E+00   1.00000
FLUX   15    12.71        2.358714E+16   1.0000E-50   0.0000E+00   1.00000
FLUX   16    12.84        2.334833E+16   1.0000E-50   0.0000E+00   1.00000
FLUX   17    13.05        2.297261E+16   1.0000E-50   0.0000E+00   1.00000
FLUX   18    13.24        2.264294E+16   1.0000E-50   0.0000E+00   1.00000
FLUX   19    13.39        2.238928E+16   1.0000E-50   0.0000E+00   1.00000
FLUX   20    13.66        2.194674E+16   1.0000E-50   0.0000E+00   1.00000
FLUX   21    13.98        2.144438E+16   1.0000E-50   0.0000E+00   1.00000
FLUX   22    14.33        2.092062E+16   1.0000E-50   0.0000E+00   1.00000
FLUX   23    14.72        2.036634E+16   1.0000E-50   0.0000E+00   1.00000
FLUX   24    15.10        1.985381E+16   1.0000E-50   0.0000E+00   1.00000
FLUX   25    15.52        1.931653E+16   1.0000E-50   0.0000E+00   1.00000
FLUX   26    15.88        1.887862E+16   1.0000E-50   0.0000E+00   1.00000
FLUX   27    16.20        1.850571E+16   1.0000E-50   0.0000E+00   1.00000
FLUX   28    16.60        1.805979E+16   1.0000E-50   0.0000E+00   1.00000
FLUX   29    17.03        1.760379E+16   1.0000E-50   0.0000E+00   1.00000
FLUX   30    17.34        1.728907E+16   1.0000E-50   0.0000E+00   1.00000
FLUX   31    17.68        1.695659E+16   1.0000E-50   0.0000E+00   1.00000
FLUX   32    18.02        1.663665E+16   1.0000E-50   0.0000E+00   1.00000
FLUX   33    18.17        1.649931E+16   1.0000E-50   0.0000E+00   1.00000
FLUX   34    18.61        1.610922E+16   1.0000E-50   0.0000E+00   1.00000
FLUX   35    19.10        1.569594E+16   1.0000E-50   0.0000E+00   1.00000
FLUX   36    19.39        1.546119E+16   1.0000E-50   0.0000E+00   1.00000
FLUX   37    19.84        1.511051E+16   1.0000E-50   0.0000E+00   1.00000
FLUX   38    20.18        1.485592E+16   1.0000E-50   0.0000E+00   1.00000
FLUX   39    20.50        1.462402E+16   1.0000E-50   0.0000E+00   1.00000
FLUX   40    21.05        1.424192E+16   1.0000E-50   0.0000E+00   1.00000
FLUX   41    21.62        1.386644E+16   1.0000E-50   0.0000E+00   1.00000
FLUX   42    21.98        1.363933E+16   1.0000E-50   0.0000E+00   1.00000
FLUX   43    22.30        1.344361E+16   1.0000E-50   0.0000E+00   1.00000
FLUX   44    22.68        1.321836E+16   1.0000E-50   0.0000E+00   1.00000
FLUX   45    23.00        1.303446E+16   1.0000E-50   0.0000E+00   1.00000
FLUX   46    23.40        1.281165E+16   1.0000E-50   0.0000E+00   1.00000
FLUX   47    24.00        1.249135E+16   1.0000E-50   0.0000E+00   1.00000
FLUX   48    24.65        1.216197E+16   1.0000E-50   0.0000E+00   1.00000
FLUX   49    25.24        1.187767E+16   1.0000E-50   0.0000E+00   1.00000
FLUX   50    25.68        1.167416E+16   1.0000E-50   0.0000E+00   1.00000
FLUX   51    26.00        1.153048E+16   1.0000E-50   0.0000E+00   1.00000
FLUX   52    26.40        1.135578E+16   1.0000E-50   0.0000E+00   1.00000
FLUX   53    26.85        1.116546E+16   1.0000E-50   0.0000E+00   1.00000
FLUX   54    27.35        1.096133E+16   1.0000E-50   0.0000E+00   1.00000
FLUX   55    27.85        1.076454E+16   1.0000E-50   0.0000E+00   1.00000
FLUX   56    28.40        1.055607E+16   1.0000E-50   0.0000E+00   1.00000
FLUX   57    29.00        1.033767E+16   1.0000E-50   0.0000E+00   1.00000
FLUX   58    29.60        1.012813E+16   4.0084E-52   4.0084E-52   0.99998
FLUX   59    30.10        9.959884E+15   2.5182E-51   2.5192E-51   0.99962
FLUX   60    30.80        9.733523E+15   2.9778E-50   2.9779E-50   0.99998
FLUX   61    31.80        9.427437E+15   8.3521E-49   8.3523E-49   0.99998
FLUX   62    32.80        9.140015E+15   1.9003E-47   1.9003E-47   0.99998
FLUX   63    33.80        8.869601E+15   3.5700E-46   3.5700E-46   0.99998
FLUX   64    34.80        8.614727E+15   5.6392E-45   5.6393E-45   0.99998
FLUX   65    35.70        8.397549E+15   5.8900E-44   5.8905E-44   0.99991
FLUX   66    36.60        8.191052E+15   5.4696E-43   5.4697E-43   0.99998
FLUX   67    37.50        7.994467E+15   4.5419E-42   4.5423E-42   0.99992
FLUX   68    38.50        7.786818E+15   4.2324E-41   4.2324E-41   0.99998
FLUX   69    39.50        7.589684E+15   3.5051E-40   3.5053E-40   0.99993
FLUX   70    40.50        7.402284E+15   2.6053E-39   2.6054E-39   0.99997
FLUX   71    41.40        7.241365E+15   1.4544E-38   1.4544E-38   0.99998
FLUX   72    42.20        7.104088E+15   6.2881E-38   6.2882E-38   0.99998
FLUX   73    43.00        6.971919E+15   2.5687E-37   2.5690E-37   0.99987
FLUX   74    44.10        6.798016E+15   1.6311E-36   1.6313E-36   0.99991
FLUX   75    45.10        6.647284E+15   8.0658E-36   8.0659E-36   0.99998
FLUX   76    46.00        6.517228E+15   3.1952E-35   3.1953E-35   0.99997
FLUX   77    47.00        6.378564E+15   1.3829E-34   1.3832E-34   0.99977
FLUX   78    48.00        6.245677E+15   5.6148E-34   5.6149E-34   0.99998
FLUX   79    49.00        6.118214E+15   2.1479E-33   2.1479E-33   0.99998
FLUX   80    50.00        5.995850E+15   7.7601E-33   7.7603E-33   0.99998
FLUX   81    50.60        5.924753E+15   2.1651E-32   2.4744E-32   0.87501
FLUX   82    51.20        5.855322E+15   5.0469E-32   5.1115E-32   0.98737
FLUX   83    52.00        5.765240E+15   1.2906E-31   1.3037E-31   0.98998
FLUX   84    53.00        5.656462E+15   4.0276E-31   4.0291E-31   0.99964
FLUX   85    54.00        5.551713E+15   1.1808E-30   1.1916E-30   0.99093
FLUX   86    55.00        5.450773E+15   3.3767E-30   3.3820E-30   0.99841
FLUX   87    56.00        5.353438E+15   9.2259E-30   9.2277E-30   0.99981
FLUX   88    57.00        5.259518E+15   2.4254E-29   2.4254E-29   0.99998
FLUX   89    58.00        5.168836E+15   6.0803E-29   6.1601E-29   0.98705
FLUX   90    59.00        5.081229E+15   1.5084E-28   1.5112E-28   0.99820
FLUX   91    60.00        4.996542E+15   3.5820E-28   3.5909E-28   0.99751
FLUX   92    61.00        4.914631E+15   8.2783E-28   8.2790E-28   0.99992
FLUX   93    62.00        4.835363E+15   1.8541E-27   1.8547E-27   0.99969
FLUX   94    63.00        4.758611E+15   4.0421E-27   4.0428E-27   0.99985
FLUX   95    64.00        4.684258E+15   8.5799E-27   8.5907E-27   0.99874
FLUX   96    65.00        4.612192E+15   1.7806E-26   1.7809E-26   0.99984
FLUX   97    65.80        4.556117E+15   3.1363E-26   3.1368E-26   0.99982
FLUX   98    66.50        4.508158E+15   5.0680E-26   5.0864E-26   0.99637
FLUX   99    67.50        4.441370E+15   9.9358E-26   9.9586E-26   0.99772
FLUX  100    68.50        4.376533E+15   1.9065E-25   1.9091E-25   0.99864
FLUX  101    69.50        4.313561E+15   3.5863E-25   3.5868E-25   0.99986
FLUX  102    70.50        4.252376E+15   6.5531E-25   6.6103E-25   0.99135
FLUX  103    71.60        4.187046E+15   1.2673E-24   1.2678E-24   0.99964
FLUX  104    72.60        4.129373E+15   2.2496E-24   2.2497E-24   0.99991
FLUX  105    73.50        4.078810E+15   3.7149E-24   3.7167E-24   0.99950
FLUX  106    74.50        4.024060E+15   6.3799E-24   6.3945E-24   0.99771
FLUX  107    75.50        3.970762E+15   1.0801E-23   1.0832E-23   0.99716
FLUX  108    76.50        3.918856E+15   1.8031E-23   1.8077E-23   0.99749
FLUX  109    77.50        3.868290E+15   2.9665E-23   2.9736E-23   0.99763
FLUX  110    78.50        3.819013E+15   4.8243E-23   4.8246E-23   0.99993
FLUX  111    79.50        3.770975E+15   7.6188E-23   7.7247E-23   0.98629
FLUX  112    80.50        3.724130E+15   1.2098E-22   1.2212E-22   0.99071
FLUX  113    81.50        3.678436E+15   1.9039E-22   1.9069E-22   0.99839
FLUX  114    82.50        3.633848E+15   2.9402E-22   2.9433E-22   0.99895
FLUX  115    83.50        3.590329E+15   4.4883E-22   4.4924E-22   0.99908
FLUX  116    84.50        3.547840E+15   6.7794E-22   6.7821E-22   0.99961
FLUX  117    85.50        3.506345E+15   1.0132E-21   1.0137E-21   0.99951
FLUX  118    86.50        3.465809E+15   1.4985E-21   1.4989E-21   0.99979
FLUX  119    87.50        3.426200E+15   2.1787E-21   2.1946E-21   0.99274
FLUX  120    88.50        3.387486E+15   3.1816E-21   3.1833E-21   0.99947
FLUX  121    89.50        3.349637E+15   4.5748E-21   4.5756E-21   0.99985
FLUX  122    90.50        3.312624E+15   6.4535E-21   6.5187E-21   0.99000
FLUX  123    91.50        3.276421E+15   3.5448E-18   8.0033E-18   0.44292
FLUX  124    92.50        3.241000E+15   1.0500E-17   1.1593E-17   0.90568
FLUX  125    93.50        3.206337E+15   1.4863E-17   1.6601E-17   0.89528
FLUX  126    94.50        3.172407E+15   2.1530E-17   2.3557E-17   0.91397
FLUX  127    95.50        3.139188E+15   3.1547E-17   3.3161E-17   0.95133
FLUX  128    96.50        3.106658E+15   4.4534E-17   4.6299E-17   0.96187
FLUX  129    97.50        3.074795E+15   6.1623E-17   6.4138E-17   0.96079
FLUX  130    98.50        3.043579E+15   8.4206E-17   8.8428E-17   0.95226
FLUX  131    99.50        3.012990E+15   1.1339E-16   1.2092E-16   0.93772
FLUX  132   100.50        2.983010E+15   1.6153E-16   1.6423E-16   0.98355
FLUX  133   101.50        2.953621E+15   2.1914E-16   2.2151E-16   0.98934
FLUX  134   102.50        2.924805E+15   2.8713E-16   2.9769E-16   0.96452
FLUX  135   103.50        2.896546E+15   3.9108E-16   3.9718E-16   0.98464
FLUX  136   104.50        2.868828E+15   5.2280E-16   5.2740E-16   0.99128
FLUX  137   105.50        2.841635E+15   6.9236E-16   6.9690E-16   0.99348
FLUX  138   106.50        2.814953E+15   8.9950E-16   9.1677E-16   0.98116
FLUX  139   107.50        2.788767E+15   1.1856E-15   1.2005E-15   0.98757
FLUX  140   108.50        2.763065E+15   1.5479E-15   1.5643E-15   0.98955
FLUX  141   109.50        2.737831E+15   1.9800E-15   2.0276E-15   0.97651
FLUX  142   110.50        2.713054E+15   6.7687E-15   3.1079E-14   0.21779
FLUX  143   111.50        2.688722E+15   2.6417E-14   4.3587E-14   0.60608
FLUX  144   112.50        2.664822E+15   4.1411E-14   5.9449E-14   0.69658
FLUX  145   113.50        2.641344E+15   6.0744E-14   7.8896E-14   0.76993
FLUX  146   114.50        2.618275E+15   8.1133E-14   1.0192E-13   0.79604
FLUX  147   115.50        2.595606E+15   9.4134E-14   1.2846E-13   0.73278
FLUX  148   116.50        2.573326E+15   1.3736E-13   1.5794E-13   0.86972
FLUX  149   117.50        2.551426E+15   1.7079E-13   1.8856E-13   0.90576
FLUX  150   118.50        2.529895E+15   1.8658E-13   2.5599E-13   0.72885
FLUX  151   119.50        2.508724E+15   9.4383E-14   3.1169E-13   0.30281
FLUX  152   120.50        2.487905E+15   1.1916E-13   3.7686E-13   0.31618
FLUX  153   121.50        2.467428E+15   3.2599E-14   4.5301E-13   0.07196
FLUX  154   122.50        2.447286E+15   1.5565E-13   5.6088E-13   0.27751
FLUX  155   123.50        2.427470E+15   3.6894E-13   6.6772E-13   0.55254
FLUX  156   124.50        2.407972E+15   9.7309E-13   2.1689E-12   0.44865
FLUX  157   125.50        2.388785E+15   2.8856E-12   4.1563E-12   0.69427
FLUX  158   126.50        2.369901E+15   2.4614E-12   6.8705E-12   0.35826
FLUX  159   127.50        2.351314E+15   5.5741E-12   9.7568E-12   0.57131
FLUX  160   128.50        2.333016E+15   9.6904E-12   1.3566E-11   0.71433
FLUX  161   129.50        2.315000E+15   1.2932E-11   1.7582E-11   0.73551
FLUX  162   130.50        2.297261E+15   7.2751E-12   2.2390E-11   0.32492
FLUX  163   131.50        2.279791E+15   1.8350E-11   2.7600E-11   0.66485
FLUX  164   132.50        2.262585E+15   2.4547E-11   3.3511E-11   0.73248
FLUX  165   133.50        2.245637E+15   2.5804E-11   3.9988E-11   0.64530
FLUX  166   134.50        2.228941E+15   3.9757E-11   4.7187E-11   0.84254
FLUX  167   135.50        2.212491E+15   4.1344E-11   5.5092E-11   0.75046
FLUX  168   136.50        2.196282E+15   4.6375E-11   6.3819E-11   0.72666
FLUX  169   137.50        2.180309E+15   5.1919E-11   7.3383E-11   0.70751
FLUX  170   138.50        2.164567E+15   6.0129E-11   8.3922E-11   0.71649
FLUX  171   139.50        2.149050E+15   7.3836E-11   9.5434E-11   0.77369
FLUX  172   140.50        2.133754E+15   8.7070E-11   1.0854E-10   0.80216
FLUX  173   141.50        2.118675E+15   8.7767E-11   1.2338E-10   0.71136
FLUX  174   142.50        2.103807E+15   1.0800E-10   1.4081E-10   0.76704
FLUX  175   143.50        2.089146E+15   1.1074E-10   1.5903E-10   0.69639
FLUX  176   144.20        2.079005E+15   1.3578E-10   1.7295E-10   0.78508
FLUX  177   144.70        2.071821E+15   1.5368E-10   2.3233E-10   0.66149
FLUX  178   145.50        2.060430E+15   1.8929E-10   2.5551E-10   0.74084
FLUX  179   146.50        2.046365E+15   1.9546E-10   2.8724E-10   0.68049
FLUX  180   147.50        2.032492E+15   2.2703E-10   3.2205E-10   0.70497
FLUX  181   148.50        2.018805E+15   2.6706E-10   3.6016E-10   0.74152
FLUX  182   149.50        2.005301E+15   3.3190E-10   4.0198E-10   0.82567
FLUX  183   150.50        1.991977E+15   3.8088E-10   4.4748E-10   0.85117
FLUX  184   151.20        1.982755E+15   3.8027E-10   4.8187E-10   0.78916
FLUX  185   151.70        1.976220E+15   3.3612E-10   5.0777E-10   0.66195
FLUX  186   152.50        1.965852E+15   3.5626E-10   2.7693E-09   0.12865
FLUX  187   153.50        1.953046E+15   6.0310E-10   3.0193E-09   0.19974
FLUX  188   154.50        1.940405E+15   1.2428E-09   3.2855E-09   0.37827
FLUX  189   155.50        1.927926E+15   1.1103E-09   3.5588E-09   0.31198
FLUX  190   156.50        1.915607E+15   9.1273E-10   3.8558E-09   0.23671
FLUX  191   157.50        1.903444E+15   1.6527E-09   4.9154E-09   0.33622
FLUX  192   158.50        1.891435E+15   2.0347E-09   5.2565E-09   0.38709
FLUX  193   159.50        1.879577E+15   3.0711E-09   5.6147E-09   0.54697
FLUX  194   160.50        1.867866E+15   2.5526E-09   5.9798E-09   0.42688
FLUX  195   161.50        1.856300E+15   2.2562E-09   6.3558E-09   0.35498
FLUX  196   162.50        1.844877E+15   1.9960E-09   7.1227E-09   0.28023
FLUX  197   163.50        1.833593E+15   2.2932E-09   7.5606E-09   0.30332
FLUX  198   164.50        1.822447E+15   2.9794E-09   8.0169E-09   0.37164
FLUX  199   165.50        1.811435E+15   1.5345E-09   8.4967E-09   0.18060
FLUX  200   166.50        1.800556E+15   2.6352E-09   8.9907E-09   0.29311
FLUX  201   167.20        1.793017E+15   1.1317E-09   9.3503E-09   0.12103
FLUX  202   167.70        1.787671E+15   5.0726E-09   2.8506E-07   0.01779
FLUX  203   168.50        1.779184E+15   9.5871E-09   2.9389E-07   0.03262
FLUX  204   169.50        1.768687E+15   1.6678E-08   3.0238E-07   0.05516
FLUX  205   170.50        1.758314E+15   1.4751E-08   3.1113E-07   0.04741
FLUX  206   171.50        1.748061E+15   3.0735E-08   3.6844E-07   0.08342
FLUX  207   172.50        1.737928E+15   5.0111E-08   3.7835E-07   0.13245
FLUX  208   173.50        1.727911E+15   7.8298E-08   3.8639E-07   0.20264
FLUX  209   174.50        1.718009E+15   4.7745E-08   3.9583E-07   0.12062
FLUX  210   175.50        1.708219E+15   8.7721E-08   4.0372E-07   0.21728
FLUX  211   176.50        1.698541E+15   6.5217E-08   4.1116E-07   0.15861
FLUX  212   177.50        1.688972E+15   1.0493E-07   4.1859E-07   0.25067
FLUX  213   178.50        1.679510E+15   6.9383E-08   4.2601E-07   0.16287
FLUX  214   179.50        1.670153E+15   1.5312E-07   4.3299E-07   0.35364
FLUX  215   180.50        1.660900E+15   1.0082E-07   4.4020E-07   0.22903
FLUX  216   181.50        1.651749E+15   1.3646E-07   4.4708E-07   0.30523
FLUX  217   182.50        1.642699E+15   1.0526E-07   4.5402E-07   0.23183
FLUX  218   183.50        1.633747E+15   9.1234E-08   4.6063E-07   0.19806
FLUX  219   184.50        1.624892E+15   9.6746E-08   4.6723E-07   0.20706
FLUX  220   185.50        1.616132E+15   1.3311E-07   4.7437E-07   0.28061
FLUX  221   186.50        1.607466E+15   1.6307E-07   4.8082E-07   0.33915
FLUX  222   187.50        1.598893E+15   1.4384E-07   4.9860E-07   0.28849
FLUX  223   188.50        1.590411E+15   1.5875E-07   5.0450E-07   0.31466
FLUX  224   189.50        1.582018E+15   1.9599E-07   5.1035E-07   0.38403
FLUX  225   190.50        1.573714E+15   1.6761E-07   5.1593E-07   0.32487
FLUX  226   191.50        1.565496E+15   1.6768E-07   5.2204E-07   0.32120
FLUX  227   192.50        1.557364E+15   1.4226E-07   5.2744E-07   0.26971
FLUX  228   193.50        1.549315E+15   6.8426E-08   5.3281E-07   0.12842
FLUX  229   194.50        1.541350E+15   2.1801E-07   5.3803E-07   0.40520
FLUX  230   195.50        1.533465E+15   2.3561E-07   5.4316E-07   0.43378
FLUX  231   196.70        1.524110E+15   2.9028E-07   5.4941E-07   0.52835
FLUX  232   197.60        1.517169E+15   2.6446E-07   5.5417E-07   0.47722
FLUX  233   198.40        1.511051E+15   2.8700E-07   6.2006E-07   0.46286
FLUX  234   199.50        1.502719E+15   2.8633E-07   6.2572E-07   0.45760
FLUX  235   200.50        1.495224E+15   2.5578E-07   6.3098E-07   0.40537
FLUX  236   201.50        1.487804E+15   2.0740E-07   6.3635E-07   0.32592
FLUX  237   202.50        1.480457E+15   1.9990E-07   6.4183E-07   0.31146
FLUX  238   203.50        1.473182E+15   2.7827E-07   6.4718E-07   0.42997
FLUX  239   204.50        1.465978E+15   3.3373E-07   6.5262E-07   0.51138
FLUX  240   205.50        1.458844E+15   2.4538E-07   6.5814E-07   0.37284
FLUX  241   206.50        1.451780E+15   2.2504E-07   6.6371E-07   0.33906
FLUX  242   207.40        1.445480E+15   3.5930E-07   6.6873E-07   0.53729
FLUX  243   207.80        1.442697E+15   4.5017E-07   9.3471E-07   0.48161
FLUX  244   208.50        1.437854E+15   4.2800E-07   9.4260E-07   0.45406
FLUX  245   209.50        1.430990E+15   3.9869E-07   9.5398E-07   0.41792
FLUX  246   210.50        1.424192E+15   3.8988E-07   9.6549E-07   0.40382
FLUX  247   211.50        1.417459E+15   3.9831E-07   9.7714E-07   0.40763
FLUX  248   212.50        1.410788E+15   4.0080E-07   9.8878E-07   0.40534
FLUX  249   213.50        1.404180E+15   2.7981E-07   1.0005E-06   0.27966
FLUX  250   214.50        1.397634E+15   3.9511E-07   1.0124E-06   0.39026
FLUX  251   215.50        1.391148E+15   4.3801E-07   1.0245E-06   0.42753
FLUX  252   216.50        1.384723E+15   3.1702E-07   1.0368E-06   0.30577
FLUX  253   217.50        1.378356E+15   3.5961E-07   1.0492E-06   0.34274
FLUX  254   218.50        1.372048E+15   3.9271E-07   1.0618E-06   0.36986
FLUX  255   219.50        1.365797E+15   4.9309E-07   1.0746E-06   0.45886
FLUX  256   220.50        1.359603E+15   4.2403E-07   1.0877E-06   0.38985
FLUX  257   221.50        1.353465E+15   2.7984E-07   1.1010E-06   0.25416
FLUX  258   222.50        1.347382E+15   2.7211E-07   1.1165E-06   0.24371
FLUX  259   223.50        1.341353E+15   4.6453E-07   1.1301E-06   0.41104
FLUX  260   224.50        1.335379E+15   4.0493E-07   1.1440E-06   0.35396
FLUX  261   225.50        1.329457E+15   2.6200E-07   1.1710E-06   0.22375
FLUX  262   226.50        1.323587E+15   2.4186E-07   1.1846E-06   0.20417
FLUX  263   227.50        1.317769E+15   3.7140E-07   1.1985E-06   0.30989
FLUX  264   228.50        1.312002E+15   4.0665E-07   1.2124E-06   0.33541
FLUX  265   229.50        1.306285E+15   3.8841E-07   1.2265E-06   0.31669
FLUX  266   230.50        1.300618E+15   4.0989E-07   1.2407E-06   0.33037
FLUX  267   231.50        1.295000E+15   3.5080E-07   1.2551E-06   0.27950
FLUX  268   232.50        1.289430E+15   3.1699E-07   1.2696E-06   0.24967
FLUX  269   233.50        1.283908E+15   1.3508E-07   1.2872E-06   0.10495
FLUX  270   234.50        1.278433E+15   9.0560E-08   1.3018E-06   0.06956
FLUX  271   235.50        1.273004E+15   2.0188E-07   1.3166E-06   0.15333
FLUX  272   236.50        1.267622E+15   9.0552E-08   1.3316E-06   0.06800
FLUX  273   237.50        1.262284E+15   1.3921E-07   1.3468E-06   0.10336
FLUX  274   238.50        1.256992E+15   6.9321E-08   1.3623E-06   0.05089
FLUX  275   239.50        1.251743E+15   9.8556E-08   1.3778E-06   0.07153
FLUX  276   240.50        1.246538E+15   9.4347E-08   1.3934E-06   0.06771
FLUX  277   241.50        1.241377E+15   1.7142E-07   1.4092E-06   0.12165
FLUX  278   242.50        1.236258E+15   4.1702E-07   1.4251E-06   0.29263
FLUX  279   243.50        1.231181E+15   4.0126E-07   1.4412E-06   0.27842
FLUX  280   244.50        1.226145E+15   4.7662E-07   1.4616E-06   0.32609
FLUX  281   245.50        1.221151E+15   4.8888E-07   1.4779E-06   0.33080
FLUX  282   246.50        1.216197E+15   4.2541E-07   1.4942E-06   0.28470
FLUX  283   247.50        1.211283E+15   4.0232E-07   1.5107E-06   0.26632
FLUX  284   248.50        1.206408E+15   4.1017E-07   1.5273E-06   0.26856
FLUX  285   249.50        1.201573E+15   4.0706E-07   1.5441E-06   0.26363
FLUX  286   250.50        1.196776E+15   6.1495E-07   1.5642E-06   0.39315
FLUX  287   251.30        1.192967E+15   4.0477E-07   1.5777E-06   0.25656
FLUX  288   251.80        1.190598E+15   4.7596E-07   1.7258E-06   0.27579
FLUX  289   252.50        1.187297E+15   3.3177E-07   1.7389E-06   0.19079
FLUX  290   253.50        1.182613E+15   3.4008E-07   1.7579E-06   0.19345
FLUX  291   254.50        1.177967E+15   3.5623E-07   1.7770E-06   0.20047
FLUX  292   255.50        1.173356E+15   5.0700E-07   1.7963E-06   0.28225
FLUX  293   256.50        1.168782E+15   3.3731E-07   1.8157E-06   0.18577
FLUX  294   257.50        1.164243E+15   4.2444E-07   1.8352E-06   0.23128
FLUX  295   258.50        1.159739E+15   3.2556E-07   1.8549E-06   0.17551
FLUX  296   259.50        1.155270E+15   2.5889E-07   1.8748E-06   0.13809
FLUX  297   260.50        1.150835E+15   2.0368E-07   1.8947E-06   0.10750
FLUX  298   261.50        1.146434E+15   1.9417E-07   1.9148E-06   0.10141
FLUX  299   262.50        1.142067E+15   2.7490E-07   1.9350E-06   0.14207
FLUX  300   263.50        1.137732E+15   5.0066E-07   1.9565E-06   0.25590
FLUX  301   264.50        1.133431E+15   9.5969E-07   1.9769E-06   0.48546
FLUX  302   265.50        1.129162E+15   1.0589E-06   1.9974E-06   0.53016
FLUX  303   266.50        1.124925E+15   7.2703E-07   2.0181E-06   0.36026
FLUX  304   267.50        1.120720E+15   8.5105E-07   2.0389E-06   0.41740
FLUX  305   268.50        1.116546E+15   8.5213E-07   2.0598E-06   0.41369
FLUX  306   269.50        1.112403E+15   8.0255E-07   2.0808E-06   0.38568
FLUX  307   270.50        1.108290E+15   9.0839E-07   2.1033E-06   0.43190
FLUX  308   271.50        1.104208E+15   6.6224E-07   2.1245E-06   0.31172
FLUX  309   272.50        1.100156E+15   6.7133E-07   2.1458E-06   0.31286
FLUX  310   273.50        1.096133E+15   6.8395E-07   2.1672E-06   0.31559
FLUX  311   274.50        1.092140E+15   2.9013E-07   2.1888E-06   0.13255
FLUX  312   275.50        1.088176E+15   3.8699E-07   2.2105E-06   0.17507
FLUX  313   276.50        1.084241E+15   5.2050E-07   2.2323E-06   0.23317
FLUX  314   277.50        1.080333E+15   6.4275E-07   2.2541E-06   0.28514
FLUX  315   278.50        1.076454E+15   4.1421E-07   2.2761E-06   0.18198
FLUX  316   279.50        1.072603E+15   1.4156E-07   2.2982E-06   0.06159
FLUX  317   280.50        1.068779E+15   1.8391E-07   2.3204E-06   0.07926
FLUX  318   281.50        1.064982E+15   5.6371E-07   2.3427E-06   0.24062
FLUX  319   282.50        1.061212E+15   9.3441E-07   2.3652E-06   0.39507
FLUX  320   283.50        1.057469E+15   9.7284E-07   2.3877E-06   0.40743
FLUX  321   284.50        1.053752E+15   1.0057E-06   2.4104E-06   0.41725
FLUX  322   285.50        1.050061E+15   8.3362E-07   2.4331E-06   0.34262
FLUX  323   286.50        1.046396E+15   1.1232E-06   2.4559E-06   0.45734
FLUX  324   287.50        1.042757E+15   1.1371E-06   2.4788E-06   0.45871
FLUX  325   288.50        1.039142E+15   1.2209E-06   2.5018E-06   0.48801
FLUX  326   289.50        1.035553E+15   1.1624E-06   2.5249E-06   0.46036
FLUX  327   291.00        1.030215E+15   1.5360E-06   2.5606E-06   0.59987
FLUX  328   293.00        1.023183E+15   1.4047E-06   2.6073E-06   0.53877
FLUX  329   295.00        1.016246E+15   1.3819E-06   2.6545E-06   0.52060
FLUX  330   297.00        1.009402E+15   1.6508E-06   2.7018E-06   0.61099
FLUX  331   299.00        1.002651E+15   1.6816E-06   2.7495E-06   0.61163
FLUX  332   301.00        9.959884E+14   1.8844E-06   2.7974E-06   0.67360
FLUX  333   303.00        9.894142E+14   1.8896E-06   2.8458E-06   0.66401
FLUX  334   305.00        9.829262E+14   1.9196E-06   2.8943E-06   0.66322
FLUX  335   307.00        9.765228E+14   1.9222E-06   2.9432E-06   0.65310
FLUX  336   309.00        9.702023E+14   2.1381E-06   2.9929E-06   0.71440
FLUX  337   311.00        9.639630E+14   2.0598E-06   3.0421E-06   0.67711
FLUX  338   313.00        9.578035E+14   2.0421E-06   3.0918E-06   0.66049
FLUX  339   315.00        9.517222E+14   2.2375E-06   3.1415E-06   0.71223
FLUX  340   317.00        9.457177E+14   2.2033E-06   3.1916E-06   0.69034
FLUX  341   319.00        9.397884E+14   2.0023E-06   3.2418E-06   0.61765
FLUX  342   321.00        9.339330E+14   2.2569E-06   3.2923E-06   0.68552
FLUX  343   323.00        9.281502E+14   2.0278E-06   3.3431E-06   0.60657
FLUX  344   325.00        9.224385E+14   2.3478E-06   3.3939E-06   0.69177
FLUX  345   327.00        9.167966E+14   2.5319E-06   3.4448E-06   0.73500
FLUX  346   329.00        9.112234E+14   2.5531E-06   3.4959E-06   0.73033
FLUX  347   331.00        9.057175E+14   2.7163E-06   3.5470E-06   0.76581
FLUX  348   333.00        9.002778E+14   2.6486E-06   3.5983E-06   0.73608
FLUX  349   335.00        8.949030E+14   2.6318E-06   3.6497E-06   0.72111
FLUX  350   337.00        8.895920E+14   2.5621E-06   3.7012E-06   0.69225
FLUX  351   339.00        8.843437E+14   2.7485E-06   3.7528E-06   0.73239
FLUX  352   341.00        8.791569E+14   2.9164E-06   3.8045E-06   0.76658
FLUX  353   343.00        8.740306E+14   3.0089E-06   3.8562E-06   0.78027
FLUX  354   345.00        8.689638E+14   3.0521E-06   3.9081E-06   0.78097
FLUX  355   347.00        8.639553E+14   3.0125E-06   3.9599E-06   0.76074
FLUX  356   349.00        8.590043E+14   3.0035E-06   4.0118E-06   0.74866
FLUX  357   351.00        8.541097E+14   3.2238E-06   4.0637E-06   0.79331
FLUX  358   353.00        8.492705E+14   3.2851E-06   4.1156E-06   0.79821
FLUX  359   355.00        8.444859E+14   3.5623E-06   4.1675E-06   0.85477
FLUX  360   357.00        8.397549E+14   3.2926E-06   4.2194E-06   0.78034
FLUX  361   359.00        8.350766E+14   3.3856E-06   4.2713E-06   0.79264
FLUX  362   361.00        8.304501E+14   3.4517E-06   4.3233E-06   0.79841
FLUX  363   363.00        8.258747E+14   3.5885E-06   4.3750E-06   0.82022
FLUX  364   364.00        8.236058E+14   3.5190E-06   4.4011E-06   0.79959
FLUX  365   365.00        8.213493E+14   3.7790E-06   2.6899E-05   0.14049
FLUX  366   367.00        8.168733E+14   3.7820E-06   2.6859E-05   0.14081
FLUX  367   369.00        8.124458E+14   4.1791E-06   2.6823E-05   0.15580
FLUX  368   371.00        8.080660E+14   5.4671E-06   2.6781E-05   0.20414
FLUX  369   373.00        8.037332E+14   7.5268E-06   2.6738E-05   0.28150
FLUX  370   375.00        7.994467E+14   1.1417E-05   2.6693E-05   0.42771
FLUX  371   377.00        7.952056E+14   1.2126E-05   2.6686E-05   0.45438
FLUX  372   379.00        7.910092E+14   1.4951E-05   2.6639E-05   0.56124
FLUX  373   381.00        7.868570E+14   1.6984E-05   2.6591E-05   0.63873
FLUX  374   383.00        7.827480E+14   1.3697E-05   2.6542E-05   0.51606
FLUX  375   385.00        7.786818E+14   1.7302E-05   2.6492E-05   0.65311
FLUX  376   387.00        7.746576E+14   1.9060E-05   2.6441E-05   0.72083
FLUX  377   389.00        7.706748E+14   1.3708E-05   2.6390E-05   0.51942
FLUX  378   391.00        7.667327E+14   1.6813E-05   2.6339E-05   0.63834
FLUX  379   393.00        7.628308E+14   7.4839E-06   2.6287E-05   0.28470
FLUX  380   395.00        7.589684E+14   1.3904E-05   2.6234E-05   0.52998
FLUX  381   397.00        7.551448E+14   7.7532E-06   2.6181E-05   0.29614
FLUX  382   399.00        7.513596E+14   1.8090E-05   2.6127E-05   0.69238
FLUX  383   401.00        7.476122E+14   1.9615E-05   2.6073E-05   0.75233
FLUX  384   403.00        7.439020E+14   1.9408E-05   2.6019E-05   0.74594
FLUX  385   405.00        7.402284E+14   1.9272E-05   2.5964E-05   0.74226
FLUX  386   407.00        7.365909E+14   1.9147E-05   2.5908E-05   0.73902
FLUX  387   409.00        7.329890E+14   1.9633E-05   2.5852E-05   0.75943
FLUX  388   411.00        7.294221E+14   1.6342E-05   2.5796E-05   0.63351
FLUX  389   413.00        7.258898E+14   1.9883E-05   2.5741E-05   0.77243
FLUX  390   415.00        7.223916E+14   2.0875E-05   2.5685E-05   0.81275
FLUX  391   417.00        7.189269E+14   2.0181E-05   2.5629E-05   0.78744
FLUX  392   419.00        7.154952E+14   2.0421E-05   2.5572E-05   0.79857
FLUX  393   421.00        7.120962E+14   2.0330E-05   2.5516E-05   0.79675
FLUX  394   423.00        7.087293E+14   1.9906E-05   2.5459E-05   0.78188
FLUX  395   425.00        7.053941E+14   2.0494E-05   2.5402E-05   0.80681
FLUX  396   427.00        7.020902E+14   1.9807E-05   2.5344E-05   0.78152
FLUX  397   429.00        6.988170E+14   2.0477E-05   2.5287E-05   0.80978
FLUX  398   431.00        6.955742E+14   1.9214E-05   2.5230E-05   0.76158
FLUX  399   433.00        6.923614E+14   1.8852E-05   2.5172E-05   0.74890
FLUX  400   435.00        6.891782E+14   1.6474E-05   2.5115E-05   0.65595
FLUX  401   437.00        6.860240E+14   2.1117E-05   2.5058E-05   0.84273
FLUX  402   439.00        6.828986E+14   2.0653E-05   2.5000E-05   0.82609
FLUX  403   441.00        6.798016E+14   2.0177E-05   2.4943E-05   0.80894
FLUX  404   443.00        6.767325E+14   2.0227E-05   2.4885E-05   0.81280
FLUX  405   445.00        6.736910E+14   2.0678E-05   2.4827E-05   0.83288
FLUX  406   447.00        6.706767E+14   2.0995E-05   2.4770E-05   0.84761
FLUX  407   449.00        6.676893E+14   2.1091E-05   2.4712E-05   0.85347
FLUX  408   451.00        6.647284E+14   2.2096E-05   2.4655E-05   0.89623
FLUX  409   453.00        6.617936E+14   2.0813E-05   2.4597E-05   0.84613
FLUX  410   455.00        6.588846E+14   2.0751E-05   2.4540E-05   0.84559
FLUX  411   457.00        6.560011E+14   2.2041E-05   2.4483E-05   0.90026
FLUX  412   459.00        6.531427E+14   2.0779E-05   2.4425E-05   0.85070
FLUX  413   461.00        6.503091E+14   2.2068E-05   2.4368E-05   0.90562
FLUX  414   463.00        6.475000E+14   2.1368E-05   2.4311E-05   0.87896
FLUX  415   465.00        6.447151E+14   2.2059E-05   2.4254E-05   0.90950
FLUX  416   467.00        6.419540E+14   2.2118E-05   2.4197E-05   0.91406
FLUX  417   469.00        6.392164E+14   2.1433E-05   2.4141E-05   0.88785
FLUX  418   471.00        6.365021E+14   2.0867E-05   2.4084E-05   0.86642
FLUX  419   473.00        6.338108E+14   2.1895E-05   2.4028E-05   0.91124
FLUX  420   475.00        6.311421E+14   2.2334E-05   2.3972E-05   0.93169
FLUX  421   477.00        6.284958E+14   2.1905E-05   2.3916E-05   0.91593
FLUX  422   479.00        6.258716E+14   2.2074E-05   2.3860E-05   0.92516
FLUX  423   481.00        6.232692E+14   2.1892E-05   2.3804E-05   0.91968
FLUX  424   483.00        6.206884E+14   2.1941E-05   2.3748E-05   0.92391
FLUX  425   485.00        6.181289E+14   1.9436E-05   2.3693E-05   0.82032
FLUX  426   487.00        6.155903E+14   1.5881E-05   2.3637E-05   0.67186
FLUX  427   489.00        6.130726E+14   2.1409E-05   2.3582E-05   0.90787
FLUX  428   491.00        6.105754E+14   2.1590E-05   2.3527E-05   0.91768
FLUX  429   493.00        6.080984E+14   2.0933E-05   2.3472E-05   0.89180
FLUX  430   495.00        6.056414E+14   2.1832E-05   2.3418E-05   0.93229
FLUX  431   497.00        6.032042E+14   2.2212E-05   2.3363E-05   0.95072
FLUX  432   499.00        6.007866E+14   2.0851E-05   2.3309E-05   0.89455
FLUX  433   501.00        5.983882E+14   1.9755E-05   2.3255E-05   0.84951
FLUX  434   503.00        5.960089E+14   2.0758E-05   2.3201E-05   0.89468
FLUX  435   505.00        5.936485E+14   2.0830E-05   2.3147E-05   0.89989
FLUX  436   507.00        5.913067E+14   2.1495E-05   2.3094E-05   0.93076
FLUX  437   509.00        5.889833E+14   2.1244E-05   2.3040E-05   0.92204
FLUX  438   511.00        5.866781E+14   2.1369E-05   2.2987E-05   0.92962
FLUX  439   513.00        5.843908E+14   2.0672E-05   2.2934E-05   0.90135
FLUX  440   515.00        5.821214E+14   2.0344E-05   2.2881E-05   0.88910
FLUX  441   517.00        5.798694E+14   2.0182E-05   2.2829E-05   0.88405
FLUX  442   519.00        5.776349E+14   2.0125E-05   2.2776E-05   0.88361
FLUX  443   521.00        5.754175E+14   2.0290E-05   2.2724E-05   0.89288
FLUX  444   523.00        5.732170E+14   2.0359E-05   2.2672E-05   0.89798
FLUX  445   525.00        5.710333E+14   2.0762E-05   2.2621E-05   0.91783
FLUX  446   527.00        5.688662E+14   1.9254E-05   2.2569E-05   0.85311
FLUX  447   529.00        5.667155E+14   2.0725E-05   2.2518E-05   0.92040
FLUX  448   531.00        5.645810E+14   2.0168E-05   2.2467E-05   0.89769
FLUX  449   533.00        5.624625E+14   1.9813E-05   2.2416E-05   0.88391
FLUX  450   535.00        5.603598E+14   2.0746E-05   2.2365E-05   0.92763
FLUX  451   537.00        5.582728E+14   2.0913E-05   2.2314E-05   0.93723
FLUX  452   539.00        5.562013E+14   2.0528E-05   2.2271E-05   0.92170
FLUX  453   541.00        5.541451E+14   2.0209E-05   2.2221E-05   0.90944
FLUX  454   543.00        5.521041E+14   2.0409E-05   2.2171E-05   0.92051
FLUX  455   545.00        5.500780E+14   2.0988E-05   2.2121E-05   0.94876
FLUX  456   547.00        5.480667E+14   2.0689E-05   2.2071E-05   0.93736
FLUX  457   549.00        5.460701E+14   2.0694E-05   2.2022E-05   0.93973
FLUX  458   551.00        5.440880E+14   2.0539E-05   2.1972E-05   0.93475
FLUX  459   553.00        5.421203E+14   2.0707E-05   2.1923E-05   0.94455
FLUX  460   555.00        5.401667E+14   2.0782E-05   2.1874E-05   0.95008
FLUX  461   557.00        5.382271E+14   2.0672E-05   2.1825E-05   0.94718
FLUX  462   559.00        5.363014E+14   2.0643E-05   2.1777E-05   0.94794
FLUX  463   561.00        5.343895E+14   2.0888E-05   2.1728E-05   0.96134
FLUX  464   563.00        5.324911E+14   2.0896E-05   2.1689E-05   0.96344
FLUX  465   565.00        5.306062E+14   2.0648E-05   2.1641E-05   0.95412
FLUX  466   567.00        5.287346E+14   2.0327E-05   2.1593E-05   0.94137
FLUX  467   569.00        5.268761E+14   2.0723E-05   2.1546E-05   0.96181
FLUX  468   571.00        5.250306E+14   2.0678E-05   2.1498E-05   0.96184
FLUX  469   573.00        5.231981E+14   2.1126E-05   2.1451E-05   0.98486
FLUX  470   575.00        5.213783E+14   2.0805E-05   2.1403E-05   0.97204
FLUX  471   577.00        5.195711E+14   2.0894E-05   2.1356E-05   0.97835
FLUX  472   579.00        5.177763E+14   2.0612E-05   2.1309E-05   0.96728
FLUX  473   581.00        5.159940E+14   2.0690E-05   2.1263E-05   0.97307
FLUX  474   583.00        5.142238E+14   2.0723E-05   2.1216E-05   0.97673
FLUX  475   585.00        5.124658E+14   2.0718E-05   2.1170E-05   0.97865
FLUX  476   587.00        5.107198E+14   2.0750E-05   2.1124E-05   0.98230
FLUX  477   589.00        5.089856E+14   2.0182E-05   2.1078E-05   0.95750
FLUX  478   591.00        5.072631E+14   2.0580E-05   2.1032E-05   0.97850
FLUX  479   593.00        5.055523E+14   2.0517E-05   2.0986E-05   0.97765
FLUX  480   595.00        5.038529E+14   2.0445E-05   2.0941E-05   0.97634
FLUX  481   597.00        5.021650E+14   2.0541E-05   2.0895E-05   0.98306
FLUX  482   599.00        5.004883E+14   2.0277E-05   2.0850E-05   0.97251
FLUX  483   601.00        4.988228E+14   2.0018E-05   2.0805E-05   0.96216
FLUX  484   603.00        4.971683E+14   2.0280E-05   2.0760E-05   0.97688
FLUX  485   605.00        4.955248E+14   2.0176E-05   2.0715E-05   0.97398
FLUX  486   607.00        4.938921E+14   2.0358E-05   2.0671E-05   0.98487
FLUX  487   609.00        4.922701E+14   2.0115E-05   2.0627E-05   0.97517
FLUX  488   611.00        4.906588E+14   1.9874E-05   2.0583E-05   0.96554
FLUX  489   613.00        4.890579E+14   1.9623E-05   2.0539E-05   0.95539
FLUX  490   615.00        4.874675E+14   1.9270E-05   2.0495E-05   0.94021
FLUX  491   617.00        4.858874E+14   1.9506E-05   2.0452E-05   0.95375
FLUX  492   619.00        4.843174E+14   1.9986E-05   2.0408E-05   0.97931
FLUX  493   621.00        4.827576E+14   2.0011E-05   2.0365E-05   0.98265
FLUX  494   623.00        4.812079E+14   1.9617E-05   2.0321E-05   0.96536
FLUX  495   625.00        4.796680E+14   1.8867E-05   2.0278E-05   0.93042
FLUX  496   627.00        4.781380E+14   1.9935E-05   2.0251E-05   0.98442
FLUX  497   629.00        4.766176E+14   1.9904E-05   2.0208E-05   0.98497
FLUX  498   631.00        4.751070E+14   1.9345E-05   2.0165E-05   0.95936
FLUX  499   633.00        4.736058E+14   1.9587E-05   2.0122E-05   0.97341
FLUX  500   635.00        4.721142E+14   1.9430E-05   2.0081E-05   0.96758
FLUX  501   637.00        4.706319E+14   1.9442E-05   2.0039E-05   0.97023
FLUX  502   639.00        4.691588E+14   1.9536E-05   1.9996E-05   0.97698
FLUX  503   641.00        4.676950E+14   1.9254E-05   1.9954E-05   0.96491
FLUX  504   643.00        4.662403E+14   1.9422E-05   1.9912E-05   0.97535
FLUX  505   645.00        4.647946E+14   1.8979E-05   1.9870E-05   0.95512
FLUX  506   647.00        4.633578E+14   1.9454E-05   1.9829E-05   0.98112
FLUX  507   649.00        4.619299E+14   1.8871E-05   1.9787E-05   0.95370
FLUX  508   651.00        4.605108E+14   1.9159E-05   1.9748E-05   0.97015
FLUX  509   653.00        4.591003E+14   1.9241E-05   1.9707E-05   0.97638
FLUX  510   655.00        4.576985E+14   1.7810E-05   1.9674E-05   0.90528
FLUX  511   657.00        4.563052E+14   1.4145E-05   1.9632E-05   0.72050
FLUX  512   659.00        4.549203E+14   1.8781E-05   1.9591E-05   0.95865
FLUX  513   661.00        4.535439E+14   1.9011E-05   1.9550E-05   0.97240
FLUX  514   663.00        4.521757E+14   1.9223E-05   1.9510E-05   0.98532
FLUX  515   665.00        4.508158E+14   1.9174E-05   1.9469E-05   0.98483
FLUX  516   667.00        4.494640E+14   1.9016E-05   1.9428E-05   0.97876
FLUX  517   669.00        4.481203E+14   1.9102E-05   1.9388E-05   0.98524
FLUX  518   671.00        4.467846E+14   1.9062E-05   1.9348E-05   0.98526
FLUX  519   673.00        4.454569E+14   1.9029E-05   1.9307E-05   0.98557
FLUX  520   675.00        4.441370E+14   1.8837E-05   1.9267E-05   0.97767
FLUX  521   677.00        4.428250E+14   1.9074E-05   1.9227E-05   0.99203
FLUX  522   679.00        4.415206E+14   1.8908E-05   1.9187E-05   0.98542
FLUX  523   681.00        4.402239E+14   1.8972E-05   1.9148E-05   0.99082
FLUX  524   683.00        4.389348E+14   1.8786E-05   1.9108E-05   0.98316
FLUX  525   685.00        4.376533E+14   1.8756E-05   1.9068E-05   0.98364
FLUX  526   687.00        4.363792E+14   1.8858E-05   1.9029E-05   0.99103
FLUX  527   689.00        4.351125E+14   1.8842E-05   1.8990E-05   0.99225
FLUX  528   691.00        4.338531E+14   1.8770E-05   1.8950E-05   0.99049
FLUX  529   693.00        4.326010E+14   1.8688E-05   1.8911E-05   0.98817
FLUX  530   695.00        4.313561E+14   1.8683E-05   1.8872E-05   0.98999
FLUX  531   697.00        4.301184E+14   1.8601E-05   1.8834E-05   0.98765
FLUX  532   699.00        4.288877E+14   1.8629E-05   1.8795E-05   0.99120
FLUX  533   701.00        4.276641E+14   1.8234E-05   1.8756E-05   0.97217
FLUX  534   703.00        4.264474E+14   1.8474E-05   1.8718E-05   0.98697
FLUX  535   705.00        4.252376E+14   1.8473E-05   1.8679E-05   0.98897
FLUX  536   707.00        4.240347E+14   1.8475E-05   1.8641E-05   0.99112
FLUX  537   709.00        4.228385E+14   1.8457E-05   1.8603E-05   0.99217
FLUX  538   711.00        4.216491E+14   1.7849E-05   1.8565E-05   0.96143
FLUX  539   713.00        4.204663E+14   1.8123E-05   1.8527E-05   0.97822
FLUX  540   715.00        4.192902E+14   1.8180E-05   1.8489E-05   0.98328
FLUX  541   717.00        4.181206E+14   1.8138E-05   1.8451E-05   0.98307
FLUX  542   719.00        4.169576E+14   1.7975E-05   1.8413E-05   0.97624
FLUX  543   721.00        4.158010E+14   1.8049E-05   1.8375E-05   0.98223
FLUX  544   723.00        4.146508E+14   1.7961E-05   1.8338E-05   0.97948
FLUX  545   725.00        4.135069E+14   1.7890E-05   1.8305E-05   0.97734
FLUX  546   727.00        4.123693E+14   1.8028E-05   1.8267E-05   0.98693
FLUX  547   729.00        4.112380E+14   1.7806E-05   1.8230E-05   0.97673
FLUX  548   731.00        4.101129E+14   1.7757E-05   1.8202E-05   0.97555
FLUX  549   733.00        4.089939E+14   1.7827E-05   1.8165E-05   0.98141
FLUX  550   735.00        4.078810E+14   1.7824E-05   1.8128E-05   0.98326
FLUX  551   737.00        4.067741E+14   1.7938E-05   1.8091E-05   0.99157
FLUX  552   739.00        4.056732E+14   1.7711E-05   1.8054E-05   0.98100
FLUX  553   741.00        4.045783E+14   1.7535E-05   1.8017E-05   0.97326
FLUX  554   743.00        4.034892E+14   1.7356E-05   1.7981E-05   0.96529
FLUX  555   745.00        4.024060E+14   1.7491E-05   1.7944E-05   0.97478
FLUX  556   747.00        4.013286E+14   1.7347E-05   1.7907E-05   0.96868
FLUX  557   749.00        4.002570E+14   1.7442E-05   1.7871E-05   0.97598
FLUX  558   751.00        3.991911E+14   1.7451E-05   1.7835E-05   0.97848
FLUX  559   753.00        3.981308E+14   1.7504E-05   1.7798E-05   0.98345
FLUX  560   755.00        3.970762E+14   1.7658E-05   1.7762E-05   0.99414
FLUX  561   757.00        3.960271E+14   1.7464E-05   1.7726E-05   0.98523
FLUX  562   759.00        3.949835E+14   1.7538E-05   1.7690E-05   0.99137
FLUX  563   761.00        3.939455E+14   1.7519E-05   1.7654E-05   0.99234
FLUX  564   763.00        3.929128E+14   1.7495E-05   1.7619E-05   0.99300
FLUX  565   765.00        3.918856E+14   1.7312E-05   1.7583E-05   0.98459
FLUX  566   767.00        3.908638E+14   1.7147E-05   1.7547E-05   0.97717
FLUX  567   769.00        3.898472E+14   1.7250E-05   1.7512E-05   0.98505
FLUX  568   771.00        3.888359E+14   1.7163E-05   1.7476E-05   0.98207
FLUX  569   773.00        3.878299E+14   1.7258E-05   1.7441E-05   0.98948
FLUX  570   775.00        3.868290E+14   1.7191E-05   1.7406E-05   0.98766
FLUX  571   777.00        3.858333E+14   1.6771E-05   1.7371E-05   0.96548
FLUX  572   779.00        3.848427E+14   1.7253E-05   1.7336E-05   0.99521
FLUX  573   781.00        3.838572E+14   1.7170E-05   1.7300E-05   0.99247
FLUX  574   783.00        3.828768E+14   1.6964E-05   1.7266E-05   0.98254
FLUX  575   785.00        3.819013E+14   1.6794E-05   1.7231E-05   0.97465
FLUX  576   787.00        3.809307E+14   1.6928E-05   1.7196E-05   0.98440
FLUX  577   789.00        3.799651E+14   1.6793E-05   1.7161E-05   0.97857
FLUX  578   791.00        3.790044E+14   1.6714E-05   1.7127E-05   0.97593
FLUX  579   793.00        3.780485E+14   1.6743E-05   1.7092E-05   0.97956
FLUX  580   795.00        3.770975E+14   1.6592E-05   1.7058E-05   0.97271
FLUX  581   797.00        3.761512E+14   1.6932E-05   1.7023E-05   0.99464
FLUX  582   799.00        3.752096E+14   1.6586E-05   1.6989E-05   0.97625
FLUX  583   801.00        3.742728E+14   1.6774E-05   1.6955E-05   0.98933
FLUX  584   803.00        3.733406E+14   1.6640E-05   1.6921E-05   0.98339
FLUX  585   805.00        3.724130E+14   1.6723E-05   1.6887E-05   0.99032
FLUX  586   807.00        3.714901E+14   1.6633E-05   1.6853E-05   0.98698
FLUX  587   809.00        3.705717E+14   1.6595E-05   1.6819E-05   0.98670
FLUX  588   811.00        3.696578E+14   1.6677E-05   1.6785E-05   0.99358
FLUX  589   813.00        3.687485E+14   1.6700E-05   1.6751E-05   0.99695
FLUX  590   815.00        3.678436E+14   1.6651E-05   1.6718E-05   0.99602
FLUX  591   817.00        3.669431E+14   1.6620E-05   1.6684E-05   0.99616
FLUX  592   819.00        3.660470E+14   1.6170E-05   1.6651E-05   0.97110
FLUX  593   821.00        3.651553E+14   1.6151E-05   2.1232E-05   0.76068
FLUX  594   823.00        3.642679E+14   1.6162E-05   2.1177E-05   0.76317
FLUX  595   825.00        3.633848E+14   1.6202E-05   2.1122E-05   0.76707
FLUX  596   827.00        3.625060E+14   1.6486E-05   2.1068E-05   0.78252
FLUX  597   829.00        3.616315E+14   1.6394E-05   2.1013E-05   0.78018
FLUX  598   831.00        3.607611E+14   1.6251E-05   2.0959E-05   0.77536
FLUX  599   833.00        3.598950E+14   1.5934E-05   2.0905E-05   0.76223
FLUX  600   835.00        3.590329E+14   1.6238E-05   2.0851E-05   0.77876
FLUX  601   837.00        3.581750E+14   1.5934E-05   2.0797E-05   0.76618
FLUX  602   839.00        3.573212E+14   1.6017E-05   2.0744E-05   0.77212
FLUX  603   841.00        3.564715E+14   1.6044E-05   2.0690E-05   0.77544
FLUX  604   843.00        3.556257E+14   1.6433E-05   2.0637E-05   0.79627
FLUX  605   845.00        3.547840E+14   1.6086E-05   2.0585E-05   0.78146
FLUX  606   847.00        3.539463E+14   1.5815E-05   2.0532E-05   0.77028
FLUX  607   849.00        3.531125E+14   1.6837E-05   2.0480E-05   0.82213
FLUX  608   851.00        3.522826E+14   1.5005E-05   2.0427E-05   0.73454
FLUX  609   853.00        3.514566E+14   1.7114E-05   2.0375E-05   0.83992
FLUX  610   855.00        3.506345E+14   1.3045E-05   2.0324E-05   0.64186
FLUX  611   857.00        3.498162E+14   1.8246E-05   2.0272E-05   0.90005
FLUX  612   859.00        3.490017E+14   1.7245E-05   2.0221E-05   0.85284
FLUX  613   861.00        3.481911E+14   1.6840E-05   2.0169E-05   0.83494
FLUX  614   863.00        3.473841E+14   1.8970E-05   2.0118E-05   0.94291
FLUX  615   865.00        3.465809E+14   1.8353E-05   2.0068E-05   0.91455
FLUX  616   867.00        3.457814E+14   1.3510E-05   2.0017E-05   0.67495
FLUX  617   869.00        3.449856E+14   1.8299E-05   1.9967E-05   0.91646
FLUX  618   871.00        3.441935E+14   1.9302E-05   1.9916E-05   0.96916
FLUX  619   873.00        3.434049E+14   1.8986E-05   1.9866E-05   0.95566
FLUX  620   875.00        3.426200E+14   1.5602E-05   1.9817E-05   0.78730
FLUX  621   877.00        3.418387E+14   1.8816E-05   1.9767E-05   0.95186
FLUX  622   879.00        3.410609E+14   1.9336E-05   1.9718E-05   0.98062
FLUX  623   881.00        3.402866E+14   1.9211E-05   1.9668E-05   0.97676
FLUX  624   883.00        3.395159E+14   1.8601E-05   1.9619E-05   0.94809
FLUX  625   885.00        3.387486E+14   1.7990E-05   1.9571E-05   0.91924
FLUX  626   887.00        3.379848E+14   1.5492E-05   1.9522E-05   0.79356
FLUX  627   889.00        3.372244E+14   1.8798E-05   1.9474E-05   0.96532
FLUX  628   891.00        3.364675E+14   1.8978E-05   1.9425E-05   0.97698
FLUX  629   893.00        3.357139E+14   1.8816E-05   1.9377E-05   0.97103
FLUX  630   895.00        3.349637E+14   1.9019E-05   1.9329E-05   0.98395
FLUX  631   897.00        3.342168E+14   1.8857E-05   1.9282E-05   0.97799
FLUX  632   899.00        3.334733E+14   1.8652E-05   1.9234E-05   0.96974
FLUX  633   901.00        3.327331E+14   1.5744E-05   1.9187E-05   0.82055
FLUX  634   903.00        3.319961E+14   1.7403E-05   1.9140E-05   0.90924
FLUX  635   905.00        3.312624E+14   1.8740E-05   1.9093E-05   0.98153
FLUX  636   907.00        3.305320E+14   1.8099E-05   1.9046E-05   0.95031
FLUX  637   909.00        3.298047E+14   1.7863E-05   1.8999E-05   0.94022
FLUX  638   911.00        3.290807E+14   1.8314E-05   1.8952E-05   0.96633
FLUX  639   913.00        3.283598E+14   1.8533E-05   1.8906E-05   0.98026
FLUX  640   915.00        3.276421E+14   1.8709E-05   1.8860E-05   0.99201
FLUX  641   917.00        3.269275E+14   1.8515E-05   1.8814E-05   0.98414
FLUX  642   919.00        3.262160E+14   1.8257E-05   1.8768E-05   0.97274
FLUX  643   921.00        3.255076E+14   1.7765E-05   1.8722E-05   0.94887
FLUX  644   923.00        3.248023E+14   1.4591E-05   1.8677E-05   0.78122
FLUX  645   925.00        3.241000E+14   1.7254E-05   1.8632E-05   0.92607
FLUX  646   927.00        3.234008E+14   1.7625E-05   1.8586E-05   0.94825
FLUX  647   929.00        3.227045E+14   1.8296E-05   1.8541E-05   0.98674
FLUX  648   931.00        3.220113E+14   1.8320E-05   1.8497E-05   0.99045
FLUX  649   933.00        3.213210E+14   1.8167E-05   1.8452E-05   0.98454
FLUX  650   935.00        3.206337E+14   1.8246E-05   1.8408E-05   0.99125
FLUX  651   937.00        3.199493E+14   1.8279E-05   1.8363E-05   0.99543
FLUX  652   939.00        3.192678E+14   1.7965E-05   1.8319E-05   0.98065
FLUX  653   941.00        3.185893E+14   1.7194E-05   1.8275E-05   0.94082
FLUX  654   943.00        3.179136E+14   1.7781E-05   1.8231E-05   0.97529
FLUX  655   945.00        3.172407E+14   1.7791E-05   1.8188E-05   0.97818
FLUX  656   947.00        3.165707E+14   1.7924E-05   1.8144E-05   0.98788
FLUX  657   949.00        3.159036E+14   1.7994E-05   1.8101E-05   0.99410
FLUX  658   951.00        3.152392E+14   1.7801E-05   1.8058E-05   0.98579
FLUX  659   953.00        3.145776E+14   1.7330E-05   1.8015E-05   0.96201
FLUX  660   955.00        3.139188E+14   1.4394E-05   1.7972E-05   0.80092
FLUX  661   957.00        3.132628E+14   1.7327E-05   1.7929E-05   0.96640
FLUX  662   959.00        3.126095E+14   1.7679E-05   1.7886E-05   0.98839
FLUX  663   961.00        3.119589E+14   1.7441E-05   1.7844E-05   0.97741
FLUX  664   963.00        3.113110E+14   1.7069E-05   1.7802E-05   0.95882
FLUX  665   965.00        3.106658E+14   1.7426E-05   1.7759E-05   0.98124
FLUX  666   967.00        3.100233E+14   1.7109E-05   1.7717E-05   0.96568
FLUX  667   969.00        3.093834E+14   1.7056E-05   1.7676E-05   0.96497
FLUX  668   971.00        3.087461E+14   1.7543E-05   1.7634E-05   0.99484
FLUX  669   973.00        3.081115E+14   1.7424E-05   1.7592E-05   0.99043
FLUX  670   975.00        3.074795E+14   1.7098E-05   1.7551E-05   0.97423
FLUX  671   977.00        3.068501E+14   1.7406E-05   1.7509E-05   0.99408
FLUX  672   979.00        3.062232E+14   1.7329E-05   1.7468E-05   0.99201
FLUX  673   981.00        3.055989E+14   1.7251E-05   1.7427E-05   0.98991
FLUX  674   983.00        3.049771E+14   1.7179E-05   1.7386E-05   0.98806
FLUX  675   985.00        3.043579E+14   1.6933E-05   1.7346E-05   0.97624
FLUX  676   987.00        3.037411E+14   1.6970E-05   1.7305E-05   0.98065
FLUX  677   989.00        3.031269E+14   1.6837E-05   1.7265E-05   0.97524
FLUX  678   991.00        3.025151E+14   1.6860E-05   1.7224E-05   0.97884
FLUX  679   993.00        3.019058E+14   1.6980E-05   1.7184E-05   0.98811
FLUX  680   995.00        3.012990E+14   1.6853E-05   1.7144E-05   0.98305
FLUX  681   997.00        3.006946E+14   1.6960E-05   1.7104E-05   0.99157
FLUX  682   999.00        3.000926E+14   1.6909E-05   1.7064E-05   0.99088
FLUX  683  1002.50        2.990449E+14   1.6239E-05   1.6995E-05   0.95552
FLUX  684  1007.50        2.975608E+14   1.5584E-05   1.6897E-05   0.92229
FLUX  685  1012.50        2.960914E+14   1.6314E-05   1.6799E-05   0.97113
FLUX  686  1017.50        2.946364E+14   1.6421E-05   1.6703E-05   0.98310
FLUX  687  1022.50        2.931956E+14   1.6451E-05   1.6607E-05   0.99061
FLUX  688  1027.50        2.917689E+14   1.6435E-05   1.6512E-05   0.99531
FLUX  689  1032.50        2.903559E+14   1.6180E-05   1.6418E-05   0.98551
FLUX  690  1037.50        2.889566E+14   1.6147E-05   1.6325E-05   0.98910
FLUX  691  1042.50        2.875707E+14   1.6076E-05   1.6233E-05   0.99033
FLUX  692  1047.50        2.861981E+14   1.5626E-05   1.6141E-05   0.96812
FLUX  693  1052.50        2.848385E+14   1.5658E-05   1.6050E-05   0.97562
FLUX  694  1057.50        2.834917E+14   1.5697E-05   1.5959E-05   0.98356
FLUX  695  1062.50        2.821576E+14   1.5655E-05   1.5870E-05   0.98646
FLUX  696  1067.50        2.808361E+14   1.5219E-05   1.5781E-05   0.96441
FLUX  697  1072.50        2.795268E+14   1.5344E-05   1.5693E-05   0.97776
FLUX  698  1077.50        2.782297E+14   1.5273E-05   1.5605E-05   0.97870
FLUX  699  1082.50        2.769446E+14   1.5201E-05   1.5519E-05   0.97952
FLUX  700  1087.50        2.756713E+14   1.5145E-05   1.5433E-05   0.98138
FLUX  701  1092.50        2.744096E+14   1.3835E-05   1.5347E-05   0.90150
FLUX  702  1097.50        2.731595E+14   1.4747E-05   1.5263E-05   0.96621
FLUX  703  1102.50        2.719206E+14   1.5074E-05   1.5179E-05   0.99309
FLUX  704  1107.50        2.706930E+14   1.5026E-05   1.5095E-05   0.99539
FLUX  705  1112.50        2.694764E+14   1.4845E-05   1.5013E-05   0.98887
FLUX  706  1117.50        2.682707E+14   1.4785E-05   1.4931E-05   0.99025
FLUX  707  1122.50        2.670757E+14   1.4762E-05   1.4849E-05   0.99411
FLUX  708  1127.50        2.658914E+14   1.4259E-05   1.4768E-05   0.96551
FLUX  709  1132.50        2.647174E+14   1.4237E-05   1.4688E-05   0.96927
FLUX  710  1137.50        2.635538E+14   1.4382E-05   1.4609E-05   0.98444
FLUX  711  1142.50        2.624004E+14   1.4140E-05   1.4530E-05   0.97315
FLUX  712  1147.50        2.612571E+14   1.4373E-05   1.4452E-05   0.99459
FLUX  713  1152.50        2.601236E+14   1.4318E-05   1.4374E-05   0.99611
FLUX  714  1157.50        2.590000E+14   1.4169E-05   1.4297E-05   0.99105
FLUX  715  1162.50        2.578860E+14   1.3838E-05   1.4220E-05   0.97312
FLUX  716  1167.50        2.567816E+14   1.3687E-05   1.4144E-05   0.96767
FLUX  717  1172.50        2.556866E+14   1.3991E-05   1.4069E-05   0.99447
FLUX  718  1177.50        2.546008E+14   1.3583E-05   1.3994E-05   0.97062
FLUX  719  1182.50        2.535243E+14   1.3622E-05   1.3920E-05   0.97859
FLUX  720  1187.50        2.524568E+14   1.3448E-05   1.3846E-05   0.97126
FLUX  721  1192.50        2.513983E+14   1.3758E-05   1.3773E-05   0.99891
FLUX  722  1197.50        2.503486E+14   1.3433E-05   1.3700E-05   0.98049
FLUX  723  1202.50        2.493077E+14   1.3497E-05   1.3628E-05   0.99035
FLUX  724  1207.50        2.482754E+14   1.3365E-05   1.3557E-05   0.98584
FLUX  725  1212.50        2.472515E+14   1.3321E-05   1.3486E-05   0.98777
FLUX  726  1217.50        2.462361E+14   1.3312E-05   1.3415E-05   0.99231
FLUX  727  1222.50        2.452290E+14   1.3188E-05   1.3345E-05   0.98827
FLUX  728  1227.50        2.442301E+14   1.3125E-05   1.3276E-05   0.98867
FLUX  729  1232.50        2.432394E+14   1.3070E-05   1.3207E-05   0.98963
FLUX  730  1237.50        2.422566E+14   1.3028E-05   1.3138E-05   0.99163
FLUX  731  1242.50        2.412817E+14   1.3019E-05   1.3070E-05   0.99612
FLUX  732  1247.50        2.403146E+14   1.2881E-05   1.3003E-05   0.99065
FLUX  733  1252.50        2.393553E+14   1.2795E-05   1.2935E-05   0.98915
FLUX  734  1257.50        2.384036E+14   1.2631E-05   1.2869E-05   0.98147
FLUX  735  1262.50        2.374594E+14   1.2669E-05   1.2803E-05   0.98952
FLUX  736  1267.50        2.365227E+14   1.2657E-05   1.2737E-05   0.99370
FLUX  737  1272.50        2.355933E+14   1.2642E-05   1.2672E-05   0.99761
FLUX  738  1277.50        2.346712E+14   1.2510E-05   1.2608E-05   0.99225
FLUX  739  1282.50        2.337563E+14   1.1380E-05   1.2543E-05   0.90722
FLUX  740  1287.50        2.328485E+14   1.2378E-05   1.2480E-05   0.99184
FLUX  741  1292.50        2.319478E+14   1.2318E-05   1.2416E-05   0.99211
FLUX  742  1297.50        2.310539E+14   1.2282E-05   1.2354E-05   0.99421
FLUX  743  1302.50        2.301670E+14   1.2243E-05   1.2291E-05   0.99608
FLUX  744  1307.50        2.292868E+14   1.2204E-05   1.2229E-05   0.99798
FLUX  745  1312.50        2.284133E+14   1.2101E-05   1.2168E-05   0.99456
FLUX  746  1317.50        2.275465E+14   1.1966E-05   1.2107E-05   0.98837
FLUX  747  1322.50        2.266862E+14   1.2003E-05   1.2046E-05   0.99646
FLUX  748  1327.50        2.258324E+14   1.1928E-05   1.1986E-05   0.99523
FLUX  749  1332.50        2.249850E+14   1.1888E-05   1.1926E-05   0.99685
FLUX  750  1337.50        2.241439E+14   1.1827E-05   1.1866E-05   0.99671
FLUX  751  1342.50        2.233091E+14   1.1749E-05   1.1807E-05   0.99506
FLUX  752  1347.50        2.224805E+14   1.1701E-05   1.1748E-05   0.99599
FLUX  753  1352.50        2.216580E+14   1.1594E-05   1.1690E-05   0.99180
FLUX  754  1357.50        2.208416E+14   1.1504E-05   1.1632E-05   0.98896
FLUX  755  1362.50        2.200312E+14   1.1513E-05   1.1575E-05   0.99470
FLUX  756  1367.50        2.192267E+14   1.1414E-05   1.1518E-05   0.99103
FLUX  757  1372.50        2.184281E+14   1.1223E-05   1.1461E-05   0.97926
FLUX  758  1377.50        2.176352E+14   1.1292E-05   1.1405E-05   0.99012
FLUX  759  1382.50        2.168481E+14   1.1259E-05   1.1349E-05   0.99212
FLUX  760  1387.50        2.160667E+14   1.1273E-05   1.1293E-05   0.99823
FLUX  761  1392.50        2.152908E+14   1.1118E-05   1.1238E-05   0.98931
FLUX  762  1397.50        2.145206E+14   1.1108E-05   1.1183E-05   0.99330
FLUX  763  1402.50        2.137558E+14   1.1066E-05   1.1128E-05   0.99440
FLUX  764  1407.50        2.129964E+14   1.1048E-05   1.1074E-05   0.99764
FLUX  765  1412.50        2.122425E+14   1.0946E-05   1.1020E-05   0.99321
FLUX  766  1417.50        2.114938E+14   1.0910E-05   1.0967E-05   0.99482
FLUX  767  1422.50        2.107504E+14   1.0837E-05   1.0914E-05   0.99297
FLUX  768  1427.50        2.100123E+14   1.0768E-05   1.0861E-05   0.99147
FLUX  769  1432.50        2.092792E+14   1.0747E-05   1.0809E-05   0.99433
FLUX  770  1437.50        2.085513E+14   1.0737E-05   1.0756E-05   0.99816
FLUX  771  1442.50        2.078284E+14   1.0371E-05   1.0705E-05   0.96881
FLUX  772  1447.50        2.071105E+14   1.0589E-05   1.0653E-05   0.99400
FLUX  773  1452.50        2.063976E+14   1.0367E-05   1.0602E-05   0.97785
FLUX  774  1457.00        2.057601E+14   1.0488E-05   1.0556E-05   0.99351
FLUX  775  1462.00        2.050564E+14   1.0392E-05   1.1279E-05   0.92139
FLUX  776  1467.50        2.042879E+14   1.0404E-05   1.1218E-05   0.92747
FLUX  777  1472.50        2.035942E+14   1.0295E-05   1.1163E-05   0.92223
FLUX  778  1477.50        2.029052E+14   1.0199E-05   1.1108E-05   0.91819
FLUX  779  1482.50        2.022209E+14   1.0199E-05   1.1054E-05   0.92273
FLUX  780  1487.50        2.015412E+14   1.0096E-05   1.0999E-05   0.91785
FLUX  781  1492.50        2.008660E+14   1.0182E-05   1.0946E-05   0.93023
FLUX  782  1497.50        2.001953E+14   1.0073E-05   1.0892E-05   0.92482
FLUX  783  1502.50        1.995291E+14   9.9508E-06   1.0839E-05   0.91803
FLUX  784  1507.50        1.988673E+14   9.8803E-06   1.0787E-05   0.91598
FLUX  785  1512.50        1.982099E+14   9.9088E-06   1.0734E-05   0.92310
FLUX  786  1517.50        1.975568E+14   9.8862E-06   1.0682E-05   0.92549
FLUX  787  1522.50        1.969080E+14   9.9705E-06   1.0630E-05   0.93793
FLUX  788  1527.50        1.962635E+14   9.7235E-06   1.0579E-05   0.91914
FLUX  789  1532.50        1.956232E+14   9.7034E-06   1.0528E-05   0.92170
FLUX  790  1537.50        1.949870E+14   9.8975E-06   1.0477E-05   0.94470
FLUX  791  1542.50        1.943549E+14   9.4745E-06   1.0426E-05   0.90870
FLUX  792  1547.50        1.937270E+14   9.8427E-06   1.0376E-05   0.94860
FLUX  793  1552.50        1.931031E+14   9.8813E-06   1.0326E-05   0.95692
FLUX  794  1557.50        1.924831E+14   9.3481E-06   1.0276E-05   0.90967
FLUX  795  1562.50        1.918672E+14   9.9197E-06   1.0227E-05   0.96995
FLUX  796  1567.50        1.912552E+14   9.6936E-06   1.0178E-05   0.95242
FLUX  797  1572.50        1.906471E+14   9.2786E-06   1.0129E-05   0.91604
FLUX  798  1577.50        1.900428E+14   9.7356E-06   1.0080E-05   0.96579
FLUX  799  1582.50        1.894423E+14   9.8021E-06   1.0032E-05   0.97708
FLUX  800  1587.50        1.888457E+14   8.9383E-06   9.9840E-06   0.89526
FLUX  801  1592.50        1.882527E+14   9.6993E-06   9.9362E-06   0.97616
FLUX  802  1597.50        1.876635E+14   9.7621E-06   9.8886E-06   0.98720
FLUX  803  1605.00        1.867866E+14   9.6253E-06   9.8177E-06   0.98041
FLUX  804  1615.00        1.856300E+14   9.2117E-06   9.7240E-06   0.94732
FLUX  805  1625.00        1.844877E+14   9.5795E-06   9.6311E-06   0.99464
FLUX  806  1635.00        1.833593E+14   9.3693E-06   9.5389E-06   0.98222
FLUX  807  1645.00        1.822447E+14   8.9299E-06   9.4471E-06   0.94526
FLUX  808  1655.00        1.811435E+14   9.2837E-06   9.3559E-06   0.99228
FLUX  809  1665.00        1.800556E+14   9.2098E-06   9.2661E-06   0.99393
FLUX  810  1675.00        1.789806E+14   9.0357E-06   9.1776E-06   0.98454
FLUX  811  1685.00        1.779184E+14   8.6207E-06   9.0903E-06   0.94834
FLUX  812  1695.00        1.768687E+14   8.9613E-06   9.0043E-06   0.99522
FLUX  813  1705.00        1.758314E+14   8.8073E-06   8.9195E-06   0.98741
FLUX  814  1715.00        1.748061E+14   8.7937E-06   8.8359E-06   0.99522
FLUX  815  1725.00        1.737928E+14   8.6282E-06   8.7535E-06   0.98568
FLUX  816  1735.00        1.727911E+14   8.1234E-06   8.6722E-06   0.93672
FLUX  817  1745.00        1.718009E+14   8.4134E-06   8.5921E-06   0.97921
FLUX  818  1755.00        1.708219E+14   8.3974E-06   8.5131E-06   0.98641
FLUX  819  1765.00        1.698541E+14   8.3117E-06   8.4351E-06   0.98537
FLUX  820  1775.00        1.688972E+14   8.2669E-06   8.3582E-06   0.98907
FLUX  821  1785.00        1.679510E+14   8.1762E-06   8.2824E-06   0.98717
FLUX  822  1795.00        1.670153E+14   8.1745E-06   8.2076E-06   0.99596
FLUX  823  1805.00        1.660900E+14   8.0242E-06   8.1339E-06   0.98652
FLUX  824  1815.00        1.651749E+14   7.6423E-06   8.0611E-06   0.94805
FLUX  825  1825.00        1.642699E+14   7.8684E-06   7.9893E-06   0.98488
FLUX  826  1835.00        1.633747E+14   7.8699E-06   7.9184E-06   0.99387
FLUX  827  1845.00        1.624892E+14   7.7983E-06   7.8485E-06   0.99360
FLUX  828  1855.00        1.616132E+14   7.6934E-06   7.7796E-06   0.98892
FLUX  829  1865.00        1.607466E+14   7.6530E-06   7.7115E-06   0.99242
FLUX  830  1875.00        1.598893E+14   7.1867E-06   7.6443E-06   0.94014
FLUX  831  1885.00        1.590411E+14   7.4967E-06   7.5780E-06   0.98927
FLUX  832  1895.00        1.582018E+14   7.3826E-06   7.5125E-06   0.98270
FLUX  833  1905.00        1.573714E+14   7.4298E-06   7.4479E-06   0.99758
FLUX  834  1915.00        1.565496E+14   7.3568E-06   7.3840E-06   0.99630
FLUX  835  1925.00        1.557364E+14   7.2881E-06   7.3210E-06   0.99549
FLUX  836  1935.00        1.549315E+14   7.2137E-06   7.2588E-06   0.99378
FLUX  837  1945.00        1.541350E+14   6.8171E-06   7.1974E-06   0.94715
FLUX  838  1955.00        1.533465E+14   7.1056E-06   7.1368E-06   0.99563
FLUX  839  1965.00        1.525662E+14   7.0512E-06   7.0770E-06   0.99636
FLUX  840  1975.00        1.517937E+14   6.9649E-06   7.0179E-06   0.99245
FLUX  841  1985.00        1.510290E+14   6.9322E-06   6.9595E-06   0.99608
FLUX  842  1995.00        1.502719E+14   6.8768E-06   6.9019E-06   0.99637
FLUX  843  2005.00        1.495224E+14   6.8298E-06   6.8449E-06   0.99780
FLUX  844  2015.00        1.487804E+14   6.7810E-06   6.7887E-06   0.99887
FLUX  845  2025.00        1.480457E+14   6.7101E-06   6.7332E-06   0.99657
FLUX  846  2035.00        1.473182E+14   6.6434E-06   6.6783E-06   0.99477
FLUX  847  2045.00        1.465978E+14   6.6186E-06   6.6242E-06   0.99915
FLUX  848  2055.00        1.458844E+14   6.5595E-06   6.5707E-06   0.99830
FLUX  849  2065.00        1.451780E+14   6.4875E-06   6.5178E-06   0.99535
FLUX  850  2075.00        1.444783E+14   6.4384E-06   6.4656E-06   0.99580
FLUX  851  2085.00        1.437854E+14   6.3942E-06   6.4140E-06   0.99692
FLUX  852  2095.00        1.430990E+14   6.3397E-06   6.3630E-06   0.99633
FLUX  853  2105.00        1.424192E+14   6.2897E-06   6.3126E-06   0.99637
FLUX  854  2115.00        1.417459E+14   6.2156E-06   6.2628E-06   0.99247
FLUX  855  2125.00        1.410788E+14   6.1771E-06   6.2136E-06   0.99412
FLUX  856  2135.00        1.404180E+14   6.1219E-06   6.1650E-06   0.99301
FLUX  857  2145.00        1.397634E+14   6.1023E-06   6.1169E-06   0.99762
FLUX  858  2155.00        1.391148E+14   6.0585E-06   6.0694E-06   0.99820
FLUX  859  2165.00        1.384723E+14   5.7271E-06   6.0225E-06   0.95095
FLUX  860  2175.00        1.378356E+14   5.9420E-06   5.9761E-06   0.99429
FLUX  861  2185.00        1.372048E+14   5.9103E-06   5.9302E-06   0.99664
FLUX  862  2195.00        1.365797E+14   5.8815E-06   5.8849E-06   0.99942
FLUX  863  2205.00        1.359603E+14   5.8079E-06   5.8401E-06   0.99449
FLUX  864  2215.00        1.353465E+14   5.7599E-06   5.7958E-06   0.99382
FLUX  865  2225.00        1.347382E+14   5.7461E-06   5.7520E-06   0.99898
FLUX  866  2235.00        1.341353E+14   5.7013E-06   5.7087E-06   0.99870
FLUX  867  2245.00        1.335379E+14   5.6603E-06   5.6658E-06   0.99903
FLUX  868  2255.00        1.329457E+14   5.5808E-06   5.6235E-06   0.99241
FLUX  869  2265.00        1.323587E+14   5.5634E-06   5.5816E-06   0.99673
FLUX  870  2275.00        1.317769E+14   5.5284E-06   5.5402E-06   0.99787
FLUX  871  2285.00        1.312002E+14   5.4879E-06   5.6383E-06   0.97332
FLUX  872  2295.00        1.306285E+14   5.4359E-06   5.5962E-06   0.97136
FLUX  873  2305.00        1.300618E+14   5.4157E-06   5.5545E-06   0.97501
FLUX  874  2315.00        1.295000E+14   5.3714E-06   5.5133E-06   0.97425
FLUX  875  2325.00        1.289430E+14   5.3419E-06   5.4726E-06   0.97612
FLUX  876  2335.00        1.283908E+14   5.2989E-06   5.4323E-06   0.97545
FLUX  877  2345.00        1.278433E+14   5.2625E-06   5.3924E-06   0.97590
FLUX  878  2355.00        1.273004E+14   5.2252E-06   5.3530E-06   0.97612
FLUX  879  2365.00        1.267622E+14   5.1869E-06   5.3140E-06   0.97607
FLUX  880  2375.00        1.262284E+14   5.1466E-06   5.2754E-06   0.97557
FLUX  881  2385.00        1.256992E+14   5.1069E-06   5.2373E-06   0.97510
FLUX  882  2395.00        1.251743E+14   5.0694E-06   5.1996E-06   0.97497
FLUX  883  2405.00        1.246538E+14   5.0208E-06   5.1622E-06   0.97259
FLUX  884  2415.00        1.241377E+14   4.9799E-06   5.1253E-06   0.97163
FLUX  885  2425.00        1.236258E+14   4.9908E-06   5.0888E-06   0.98074
FLUX  886  2435.00        1.231181E+14   4.9011E-06   5.0527E-06   0.96999
FLUX  887  2445.00        1.226145E+14   4.8654E-06   5.0169E-06   0.96980
FLUX  888  2455.00        1.221151E+14   4.8807E-06   4.9815E-06   0.97976
FLUX  889  2465.00        1.216197E+14   4.8195E-06   4.9465E-06   0.97431
FLUX  890  2475.00        1.211283E+14   4.7881E-06   4.9119E-06   0.97479
FLUX  891  2485.00        1.206408E+14   4.7975E-06   4.8777E-06   0.98357
FLUX  892  2495.00        1.201573E+14   4.6336E-06   4.8438E-06   0.95661
FLUX  893  2505.00        1.196776E+14   4.7563E-06   4.8102E-06   0.98879
FLUX  894  2515.00        1.192018E+14   4.7206E-06   4.7770E-06   0.98819
FLUX  895  2525.00        1.187297E+14   4.5424E-06   4.7441E-06   0.95748
FLUX  896  2535.00        1.182613E+14   4.6620E-06   4.7116E-06   0.98948
FLUX  897  2545.00        1.177967E+14   4.6375E-06   4.6794E-06   0.99104
FLUX  898  2555.00        1.173356E+14   4.5905E-06   4.6475E-06   0.98772
FLUX  899  2565.00        1.168782E+14   4.3915E-06   4.6160E-06   0.95138
FLUX  900  2575.00        1.164243E+14   4.5389E-06   4.5847E-06   0.98999
FLUX  901  2585.00        1.159739E+14   4.5048E-06   4.5538E-06   0.98923
FLUX  902  2595.00        1.155270E+14   4.5032E-06   4.5232E-06   0.99557
FLUX  903  2605.00        1.150835E+14   4.4539E-06   4.4929E-06   0.99131
FLUX  904  2615.00        1.146434E+14   4.2537E-06   4.4629E-06   0.95313
FLUX  905  2625.00        1.142067E+14   4.1906E-06   4.4332E-06   0.94527
FLUX  906  2635.00        1.137732E+14   4.3731E-06   4.4038E-06   0.99302
FLUX  907  2645.00        1.133431E+14   4.3605E-06   4.3747E-06   0.99676
FLUX  908  2655.00        1.129162E+14   4.3262E-06   4.3459E-06   0.99547
FLUX  909  2665.00        1.124925E+14   4.2765E-06   4.3174E-06   0.99055
FLUX  910  2675.00        1.120720E+14   4.0823E-06   4.2891E-06   0.95178
FLUX  911  2685.00        1.116546E+14   4.2417E-06   4.2611E-06   0.99545
FLUX  912  2695.00        1.112403E+14   4.2284E-06   4.2334E-06   0.99882
FLUX  913  2705.00        1.108290E+14   4.1918E-06   4.2060E-06   0.99664
FLUX  914  2715.00        1.104208E+14   4.1745E-06   4.1788E-06   0.99896
FLUX  915  2725.00        1.100156E+14   4.1468E-06   4.1519E-06   0.99877
FLUX  916  2735.00        1.096133E+14   4.1187E-06   4.1253E-06   0.99842
FLUX  917  2745.00        1.092140E+14   4.0957E-06   4.0989E-06   0.99921
FLUX  918  2755.00        1.088176E+14   3.8995E-06   4.0727E-06   0.95746
FLUX  919  2765.00        1.084241E+14   3.9941E-06   4.0469E-06   0.98695
FLUX  920  2775.00        1.080333E+14   4.0154E-06   4.0212E-06   0.99855
FLUX  921  2785.00        1.076454E+14   3.9917E-06   3.9958E-06   0.99896
FLUX  922  2795.00        1.072603E+14   3.9697E-06   3.9707E-06   0.99975
FLUX  923  2805.00        1.068779E+14   3.9437E-06   3.9458E-06   0.99947
FLUX  924  2815.00        1.064982E+14   3.9172E-06   3.9211E-06   0.99900
FLUX  925  2825.00        1.061212E+14   3.8923E-06   3.8966E-06   0.99889
FLUX  926  2835.00        1.057469E+14   3.8715E-06   3.8724E-06   0.99976
FLUX  927  2845.00        1.053752E+14   3.8375E-06   3.8484E-06   0.99717
FLUX  928  2855.00        1.050061E+14   3.8228E-06   3.8246E-06   0.99953
FLUX  929  2865.00        1.046396E+14   3.7830E-06   3.8011E-06   0.99523
FLUX  930  2875.00        1.042757E+14   3.6070E-06   3.7778E-06   0.95481
FLUX  931  2885.00        1.039142E+14   3.7454E-06   3.7546E-06   0.99754
FLUX  932  2895.00        1.035553E+14   3.7212E-06   3.7317E-06   0.99717
FLUX  933  2905.00        1.031988E+14   3.7072E-06   3.7090E-06   0.99951
FLUX  934  2915.00        1.028448E+14   3.6724E-06   3.6865E-06   0.99618
FLUX  935  2925.00        1.024932E+14   3.6561E-06   3.6642E-06   0.99779
FLUX  936  2935.00        1.021440E+14   3.6395E-06   3.6421E-06   0.99928
FLUX  937  2945.00        1.017971E+14   3.6163E-06   3.6202E-06   0.99891
FLUX  938  2955.00        1.014526E+14   3.5966E-06   3.5985E-06   0.99945
FLUX  939  2965.00        1.011105E+14   3.5756E-06   3.5770E-06   0.99959
FLUX  940  2975.00        1.007706E+14   3.5531E-06   3.5557E-06   0.99926
FLUX  941  2985.00        1.004330E+14   3.5333E-06   3.5346E-06   0.99961
FLUX  942  2995.00        1.000977E+14   3.5082E-06   3.5137E-06   0.99843
FLUX  943  3005.00        9.976456E+13   3.4870E-06   3.4929E-06   0.99830
FLUX  944  3015.00        9.943367E+13   3.4651E-06   3.4724E-06   0.99790
FLUX  945  3025.00        9.910496E+13   3.4480E-06   3.4520E-06   0.99883
FLUX  946  3035.00        9.877842E+13   3.3094E-06   3.4318E-06   0.96434
FLUX  947  3045.00        9.845402E+13   3.3652E-06   3.4118E-06   0.98635
FLUX  948  3055.00        9.813175E+13   3.3860E-06   3.3919E-06   0.99825
FLUX  949  3065.00        9.781158E+13   3.3666E-06   3.3722E-06   0.99834
FLUX  950  3075.00        9.749350E+13   3.3479E-06   3.3527E-06   0.99857
FLUX  951  3085.00        9.717747E+13   3.3176E-06   3.3334E-06   0.99528
FLUX  952  3095.00        9.686349E+13   3.3052E-06   3.3142E-06   0.99730
FLUX  953  3105.00        9.655153E+13   3.2855E-06   3.2952E-06   0.99705
FLUX  954  3115.00        9.624157E+13   3.2544E-06   3.2763E-06   0.99330
FLUX  955  3125.00        9.593360E+13   3.2467E-06   3.2576E-06   0.99664
FLUX  956  3135.00        9.562759E+13   3.2263E-06   3.2391E-06   0.99604
FLUX  957  3145.00        9.532353E+13   3.2101E-06   3.2207E-06   0.99669
FLUX  958  3155.00        9.502139E+13   3.1967E-06   3.2025E-06   0.99819
FLUX  959  3165.00        9.472117E+13   3.1822E-06   3.1844E-06   0.99930
FLUX  960  3175.00        9.442283E+13   3.1572E-06   3.1665E-06   0.99706
FLUX  961  3185.00        9.412637E+13   3.1469E-06   3.1487E-06   0.99942
FLUX  962  3195.00        9.383177E+13   3.1273E-06   3.1311E-06   0.99879
FLUX  963  3210.00        9.339330E+13   3.1008E-06   3.1050E-06   0.99866
FLUX  964  3230.00        9.281502E+13   3.0694E-06   3.0706E-06   0.99960
FLUX  965  3250.00        9.224385E+13   3.0347E-06   3.0368E-06   0.99932
FLUX  966  3270.00        9.167966E+13   2.9999E-06   3.0036E-06   0.99878
FLUX  967  3290.00        9.112234E+13   2.8841E-06   3.0013E-06   0.96095
FLUX  968  3310.00        9.057175E+13   2.9100E-06   2.9686E-06   0.98027
FLUX  969  3330.00        9.002778E+13   2.8870E-06   2.9365E-06   0.98315
FLUX  970  3350.00        8.949030E+13   2.8609E-06   2.9048E-06   0.98487
FLUX  971  3370.00        8.895920E+13   2.8234E-06   2.8737E-06   0.98249
FLUX  972  3390.00        8.843437E+13   2.7941E-06   2.8431E-06   0.98279
FLUX  973  3410.00        8.791569E+13   2.7655E-06   2.8129E-06   0.98314
FLUX  974  3430.00        8.740306E+13   2.7426E-06   2.7833E-06   0.98538
FLUX  975  3450.00        8.689638E+13   2.7209E-06   2.7541E-06   0.98797
FLUX  976  3470.00        8.639553E+13   2.6905E-06   2.7253E-06   0.98723
FLUX  977  3490.00        8.590043E+13   2.6646E-06   2.6970E-06   0.98798
FLUX  978  3510.00        8.541097E+13   2.6380E-06   2.6692E-06   0.98833
FLUX  979  3530.00        8.492705E+13   2.6103E-06   2.6418E-06   0.98807
FLUX  980  3550.00        8.444859E+13   2.5816E-06   2.6148E-06   0.98733
FLUX  981  3570.00        8.397549E+13   2.5505E-06   2.5882E-06   0.98544
FLUX  982  3590.00        8.350766E+13   2.5383E-06   2.5620E-06   0.99074
FLUX  983  3610.00        8.304501E+13   2.4970E-06   2.5362E-06   0.98455
FLUX  984  3630.00        8.258747E+13   2.4917E-06   2.5108E-06   0.99238
FLUX  985  3650.00        8.213493E+13   2.4444E-06   2.4858E-06   0.98332
FLUX  986  3670.00        8.168733E+13   2.4413E-06   2.4612E-06   0.99192
FLUX  987  3690.00        8.124458E+13   2.3844E-06   2.4369E-06   0.97848
FLUX  988  3710.00        8.080660E+13   2.3903E-06   2.4130E-06   0.99062
FLUX  989  3730.00        8.037332E+13   2.3457E-06   2.3894E-06   0.98173
FLUX  990  3750.00        7.994467E+13   2.2737E-06   2.3661E-06   0.96093
FLUX  991  3770.00        7.952056E+13   2.3239E-06   2.3432E-06   0.99173
FLUX  992  3790.00        7.910092E+13   2.3048E-06   2.3207E-06   0.99316
FLUX  993  3810.00        7.868570E+13   2.2576E-06   2.2984E-06   0.98222
FLUX  994  3830.00        7.827480E+13   2.2521E-06   2.2765E-06   0.98930
FLUX  995  3850.00        7.786818E+13   2.2449E-06   2.2549E-06   0.99556
FLUX  996  3870.00        7.746576E+13   2.2189E-06   2.2336E-06   0.99344
FLUX  997  3890.00        7.706748E+13   2.1968E-06   2.2126E-06   0.99285
FLUX  998  3910.00        7.667327E+13   2.1394E-06   2.1919E-06   0.97605
FLUX  999  3930.00        7.628308E+13   2.1659E-06   2.1714E-06   0.99743
FLUX 1000  3950.00        7.589684E+13   2.1449E-06   2.1513E-06   0.99702
FLUX 1001  3970.00        7.551448E+13   2.1273E-06   2.1314E-06   0.99807
FLUX 1002  3990.00        7.513596E+13   2.0996E-06   2.1118E-06   0.99420
FLUX 1003  4010.00        7.476122E+13   2.0682E-06   2.0925E-06   0.98836
FLUX 1004  4030.00        7.439020E+13   2.0353E-06   2.0735E-06   0.98160
FLUX 1005  4050.00        7.402284E+13   2.0014E-06   2.0547E-06   0.97408
FLUX 1006  4070.00        7.365909E+13   2.0315E-06   2.0361E-06   0.99774
FLUX 1007  4090.00        7.329890E+13   2.0098E-06   2.0178E-06   0.99605
FLUX 1008  4110.00        7.294221E+13   1.9984E-06   1.9997E-06   0.99930
FLUX 1009  4130.00        7.258898E+13   1.9803E-06   1.9819E-06   0.99919
FLUX 1010  4150.00        7.223916E+13   1.9595E-06   1.9644E-06   0.99752
FLUX 1011  4170.00        7.189269E+13   1.8990E-06   1.9470E-06   0.97536
FLUX 1012  4190.00        7.154952E+13   1.9241E-06   1.9299E-06   0.99697
FLUX 1013  4210.00        7.120962E+13   1.9053E-06   1.9130E-06   0.99597
FLUX 1014  4230.00        7.087293E+13   1.8957E-06   1.8963E-06   0.99968
FLUX 1015  4250.00        7.053941E+13   1.8784E-06   1.8799E-06   0.99921
FLUX 1016  4270.00        7.020902E+13   1.8631E-06   1.8637E-06   0.99972
FLUX 1017  4290.00        6.988170E+13   1.8472E-06   1.8476E-06   0.99976
FLUX 1018  4310.00        6.955742E+13   1.8310E-06   1.8318E-06   0.99954
FLUX 1019  4330.00        6.923614E+13   1.8143E-06   1.8162E-06   0.99895
FLUX 1020  4350.00        6.891782E+13   1.7997E-06   1.8008E-06   0.99939
FLUX 1021  4370.00        6.860240E+13   1.7452E-06   1.7855E-06   0.97741
FLUX 1022  4390.00        6.828986E+13   1.7654E-06   1.7705E-06   0.99711
FLUX 1023  4410.00        6.798016E+13   1.7518E-06   1.7557E-06   0.99782
FLUX 1024  4430.00        6.767325E+13   1.7389E-06   1.7410E-06   0.99881
FLUX 1025  4450.00        6.736910E+13   1.7241E-06   1.7265E-06   0.99859
FLUX 1026  4470.00        6.706767E+13   1.7139E-06   1.7203E-06   0.99630
FLUX 1027  4490.00        6.676893E+13   1.6962E-06   1.7061E-06   0.99419
FLUX 1028  4510.00        6.647284E+13   1.6836E-06   1.6920E-06   0.99499
FLUX 1029  4530.00        6.617936E+13   1.6690E-06   1.6782E-06   0.99457
FLUX 1030  4550.00        6.588846E+13   1.6561E-06   1.6645E-06   0.99496
FLUX 1031  4570.00        6.560011E+13   1.6409E-06   1.6509E-06   0.99396
FLUX 1032  4590.00        6.531427E+13   1.6276E-06   1.6375E-06   0.99395
FLUX 1033  4610.00        6.503091E+13   1.6165E-06   1.6243E-06   0.99516
FLUX 1034  4630.00        6.475000E+13   1.6028E-06   1.6113E-06   0.99473
FLUX 1035  4650.00        6.447151E+13   1.5515E-06   1.5984E-06   0.97067
FLUX 1036  4670.00        6.419540E+13   1.5396E-06   1.5856E-06   0.97096
FLUX 1037  4690.00        6.392164E+13   1.5631E-06   1.5730E-06   0.99367
FLUX 1038  4710.00        6.365021E+13   1.5524E-06   1.5606E-06   0.99475
FLUX 1039  4730.00        6.338108E+13   1.5412E-06   1.5483E-06   0.99544
FLUX 1040  4750.00        6.311421E+13   1.5270E-06   1.5361E-06   0.99404
FLUX 1041  4770.00        6.284958E+13   1.5156E-06   1.5241E-06   0.99439
FLUX 1042  4790.00        6.258716E+13   1.5051E-06   1.5122E-06   0.99526
FLUX 1043  4810.00        6.232692E+13   1.4932E-06   1.5005E-06   0.99512
FLUX 1044  4830.00        6.206884E+13   1.4825E-06   1.4889E-06   0.99570
FLUX 1045  4850.00        6.181289E+13   1.4699E-06   1.4774E-06   0.99486
FLUX 1046  4870.00        6.155903E+13   1.4603E-06   1.4661E-06   0.99601
FLUX 1047  4890.00        6.130726E+13   1.4473E-06   1.4549E-06   0.99477
FLUX 1048  4910.00        6.105754E+13   1.4371E-06   1.4438E-06   0.99533
FLUX 1049  4930.00        6.080984E+13   1.4244E-06   1.4329E-06   0.99406
FLUX 1050  4950.00        6.056414E+13   1.4171E-06   1.4220E-06   0.99651
FLUX 1051  4970.00        6.032042E+13   1.4016E-06   1.4113E-06   0.99307
FLUX 1052  4990.00        6.007866E+13   1.3957E-06   1.4007E-06   0.99638
FLUX 1053  5010.00        5.983882E+13   1.3854E-06   1.3903E-06   0.99650
FLUX 1054  5030.00        5.960089E+13   1.3688E-06   1.3799E-06   0.99191
FLUX 1055  5050.00        5.936485E+13   1.3656E-06   1.3697E-06   0.99703
FLUX 1056  5070.00        5.913067E+13   1.3560E-06   1.3596E-06   0.99738
FLUX 1057  5090.00        5.889833E+13   1.3368E-06   1.3496E-06   0.99055
FLUX 1058  5110.00        5.866781E+13   1.3344E-06   1.3396E-06   0.99606
FLUX 1059  5130.00        5.843908E+13   1.2955E-06   1.3299E-06   0.97420
FLUX 1060  5150.00        5.821214E+13   1.3161E-06   1.3202E-06   0.99690
FLUX 1061  5170.00        5.798694E+13   1.2960E-06   1.3106E-06   0.98884
FLUX 1062  5190.00        5.776349E+13   1.2992E-06   1.3011E-06   0.99855
FLUX 1063  5210.00        5.754175E+13   1.2903E-06   1.2917E-06   0.99887
FLUX 1064  5230.00        5.732170E+13   1.2811E-06   1.2825E-06   0.99896
FLUX 1065  5250.00        5.710333E+13   1.2697E-06   1.2733E-06   0.99720
FLUX 1066  5270.00        5.688662E+13   1.2485E-06   1.2642E-06   0.98761
FLUX 1067  5290.00        5.667155E+13   1.2546E-06   1.2552E-06   0.99951
FLUX 1068  5310.00        5.645810E+13   1.2459E-06   1.2463E-06   0.99964
FLUX 1069  5330.00        5.624625E+13   1.2371E-06   1.2375E-06   0.99964
FLUX 1070  5350.00        5.603598E+13   1.2282E-06   1.2288E-06   0.99944
FLUX 1071  5370.00        5.582728E+13   1.2078E-06   1.2202E-06   0.98980
FLUX 1072  5390.00        5.562013E+13   1.2021E-06   1.2117E-06   0.99209
FLUX 1073  5410.00        5.541451E+13   1.2029E-06   1.2033E-06   0.99969
FLUX 1074  5430.00        5.521041E+13   1.1937E-06   1.1950E-06   0.99896
FLUX 1075  5450.00        5.500780E+13   1.1858E-06   1.1867E-06   0.99927
FLUX 1076  5470.00        5.480667E+13   1.1767E-06   1.1785E-06   0.99848
FLUX 1077  5490.00        5.460701E+13   1.1698E-06   1.1704E-06   0.99948
FLUX 1078  5510.00        5.440880E+13   1.1603E-06   1.1624E-06   0.99814
FLUX 1079  5530.00        5.421203E+13   1.1337E-06   1.1545E-06   0.98193
FLUX 1080  5550.00        5.401667E+13   1.1457E-06   1.1467E-06   0.99918
FLUX 1081  5570.00        5.382271E+13   1.1376E-06   1.1389E-06   0.99881
FLUX 1082  5590.00        5.363014E+13   1.1280E-06   1.1312E-06   0.99716
FLUX 1083  5610.00        5.343895E+13   1.1226E-06   1.1236E-06   0.99906
FLUX 1084  5630.00        5.324911E+13   1.1154E-06   1.1161E-06   0.99940
FLUX 1085  5650.00        5.306062E+13   1.1083E-06   1.1086E-06   0.99968
FLUX 1086  5670.00        5.287346E+13   1.1005E-06   1.1013E-06   0.99934
FLUX 1087  5690.00        5.268761E+13   1.0933E-06   1.0939E-06   0.99940
FLUX 1088  5710.00        5.250306E+13   1.0640E-06   1.0867E-06   0.97913
FLUX 1089  5730.00        5.231981E+13   1.0786E-06   1.0795E-06   0.99910
FLUX 1090  5750.00        5.213783E+13   1.0722E-06   1.0725E-06   0.99978
FLUX 1091  5770.00        5.195711E+13   1.0651E-06   1.0654E-06   0.99973
FLUX 1092  5790.00        5.177763E+13   1.0575E-06   1.0585E-06   0.99912
FLUX 1093  5810.00        5.159940E+13   1.0513E-06   1.0516E-06   0.99977
FLUX 1094  5830.00        5.142238E+13   1.0440E-06   1.0448E-06   0.99931
FLUX 1095  5850.00        5.124658E+13   1.0375E-06   1.0405E-06   0.99705
FLUX 1096  5870.00        5.107198E+13   1.0306E-06   1.0338E-06   0.99684
FLUX 1097  5890.00        5.089856E+13   1.0223E-06   1.0272E-06   0.99521
FLUX 1098  5910.00        5.072631E+13   9.9357E-07   1.0206E-06   0.97352
FLUX 1099  5930.00        5.055523E+13   1.0098E-06   1.0141E-06   0.99581
FLUX 1100  5950.00        5.038529E+13   9.8127E-07   1.0076E-06   0.97387
FLUX 1101  5970.00        5.021650E+13   9.9470E-07   1.0012E-06   0.99351
FLUX 1102  5990.00        5.004883E+13   9.9169E-07   9.9486E-07   0.99682
FLUX 1103  6010.00        4.988228E+13   9.8561E-07   9.8858E-07   0.99700
FLUX 1104  6030.00        4.971683E+13   9.7986E-07   9.8236E-07   0.99746
FLUX 1105  6050.00        4.955248E+13   9.7370E-07   9.7619E-07   0.99745
FLUX 1106  6070.00        4.938921E+13   9.6731E-07   9.7009E-07   0.99713
FLUX 1107  6090.00        4.922701E+13   9.6109E-07   9.6404E-07   0.99694
FLUX 1108  6110.00        4.906588E+13   9.5414E-07   9.5805E-07   0.99592
FLUX 1109  6130.00        4.890579E+13   9.4971E-07   9.5211E-07   0.99748
FLUX 1110  6150.00        4.874675E+13   9.4381E-07   9.4623E-07   0.99744
FLUX 1111  6170.00        4.858874E+13   9.3810E-07   9.4040E-07   0.99756
FLUX 1112  6190.00        4.843174E+13   9.3197E-07   9.3463E-07   0.99715
FLUX 1113  6210.00        4.827576E+13   9.2672E-07   9.2890E-07   0.99765
FLUX 1114  6230.00        4.812079E+13   9.1993E-07   9.2323E-07   0.99643
FLUX 1115  6250.00        4.796680E+13   9.1511E-07   9.1762E-07   0.99727
FLUX 1116  6270.00        4.781380E+13   9.0869E-07   9.1205E-07   0.99631
FLUX 1117  6290.00        4.766176E+13   8.8306E-07   9.0653E-07   0.97411
FLUX 1118  6310.00        4.751070E+13   8.9674E-07   9.0107E-07   0.99520
FLUX 1119  6330.00        4.736058E+13   8.9330E-07   8.9565E-07   0.99738
FLUX 1120  6350.00        4.721142E+13   8.8744E-07   8.9028E-07   0.99681
FLUX 1121  6370.00        4.706319E+13   8.8397E-07   8.8496E-07   0.99888
FLUX 1122  6390.00        4.691588E+13   8.7761E-07   8.7968E-07   0.99765
FLUX 1123  6420.00        4.669665E+13   8.7095E-07   8.7186E-07   0.99896
FLUX 1124  6460.00        4.640751E+13   8.6009E-07   8.6159E-07   0.99826
FLUX 1125  6500.00        4.612192E+13   8.4927E-07   8.5150E-07   0.99738
FLUX 1126  6540.00        4.583983E+13   8.4090E-07   8.4159E-07   0.99919
FLUX 1127  6580.00        4.556117E+13   8.3003E-07   8.3185E-07   0.99782
FLUX 1128  6620.00        4.528588E+13   8.2040E-07   8.2227E-07   0.99772
FLUX 1129  6660.00        4.501389E+13   8.1169E-07   8.1286E-07   0.99856
FLUX 1130  6700.00        4.474515E+13   8.0276E-07   8.0361E-07   0.99894
FLUX 1131  6740.00        4.447960E+13   7.9190E-07   7.9452E-07   0.99670
FLUX 1132  6780.00        4.421718E+13   7.7453E-07   7.8558E-07   0.98593
FLUX 1133  6820.00        4.395784E+13   7.7394E-07   7.7679E-07   0.99633
FLUX 1134  6860.00        4.370153E+13   7.6737E-07   7.6814E-07   0.99899
FLUX 1135  6900.00        4.344819E+13   7.5828E-07   7.5964E-07   0.99821
FLUX 1136  6940.00        4.319777E+13   7.4728E-07   7.5128E-07   0.99468
FLUX 1137  6980.00        4.295021E+13   7.4193E-07   7.4306E-07   0.99849
FLUX 1138  7020.00        4.270548E+13   7.3400E-07   7.3496E-07   0.99869
FLUX 1139  7060.00        4.246353E+13   7.2590E-07   7.2700E-07   0.99848
FLUX 1140  7100.00        4.222430E+13   7.1544E-07   7.1917E-07   0.99482
FLUX 1141  7140.00        4.198775E+13   7.1076E-07   7.1146E-07   0.99901
FLUX 1142  7180.00        4.175383E+13   7.0308E-07   7.0388E-07   0.99888
FLUX 1143  7220.00        4.152251E+13   6.9464E-07   6.9641E-07   0.99746
FLUX 1144  7260.00        4.129373E+13   6.8415E-07   6.8906E-07   0.99288
FLUX 1145  7300.00        4.106747E+13   6.8125E-07   6.8183E-07   0.99915
FLUX 1146  7340.00        4.084366E+13   6.7412E-07   6.7471E-07   0.99913
FLUX 1147  7380.00        4.062229E+13   6.6715E-07   6.6770E-07   0.99918
FLUX 1148  7420.00        4.040330E+13   6.5896E-07   6.6082E-07   0.99719
FLUX 1149  7460.00        4.018666E+13   6.4354E-07   6.5404E-07   0.98395
FLUX 1150  7500.00        3.997233E+13   6.2818E-07   6.4737E-07   0.97035
FLUX 1151  7540.00        3.976028E+13   6.3896E-07   6.4080E-07   0.99712
FLUX 1152  7580.00        3.955046E+13   6.3349E-07   6.3433E-07   0.99869
FLUX 1153  7620.00        3.934285E+13   6.2747E-07   6.2795E-07   0.99923
FLUX 1154  7660.00        3.913740E+13   6.2116E-07   6.2167E-07   0.99918
FLUX 1155  7700.00        3.893409E+13   6.1509E-07   6.1548E-07   0.99937
FLUX 1156  7740.00        3.873288E+13   6.0893E-07   6.0939E-07   0.99924
FLUX 1157  7780.00        3.853374E+13   5.9692E-07   6.0338E-07   0.98929
FLUX 1158  7820.00        3.833664E+13   5.9721E-07   5.9746E-07   0.99957
FLUX 1159  7860.00        3.814154E+13   5.9149E-07   5.9163E-07   0.99976
FLUX 1160  7900.00        3.794842E+13   5.8582E-07   5.8589E-07   0.99988
FLUX 1161  7940.00        3.775724E+13   5.8005E-07   5.8022E-07   0.99971
FLUX 1162  7980.00        3.756798E+13   5.7439E-07   5.7464E-07   0.99958
FLUX 1163  8020.00        3.738061E+13   5.6874E-07   5.6914E-07   0.99930
FLUX 1164  8060.00        3.719510E+13   5.6333E-07   5.6371E-07   0.99933
FLUX 1165  8100.00        3.701142E+13   5.5822E-07   5.5836E-07   0.99974
FLUX 1166  8140.00        3.682955E+13   5.4699E-07   5.5309E-07   0.98897
FLUX 1167  8180.00        3.664945E+13   5.4666E-07   5.4789E-07   0.99775
FLUX 1168  8220.00        3.647111E+13   5.4260E-07   5.4277E-07   0.99970
FLUX 1169  8260.00        3.629449E+13   5.3757E-07   5.3771E-07   0.99974
FLUX 1170  8300.00        3.611958E+13   5.3239E-07   5.3272E-07   0.99937
FLUX 1171  8340.00        3.594634E+13   5.2710E-07   5.2781E-07   0.99866
FLUX 1172  8380.00        3.577476E+13   5.2187E-07   5.2296E-07   0.99793
FLUX 1173  8420.00        3.560481E+13   5.1760E-07   5.1817E-07   0.99890
FLUX 1174  8460.00        3.543647E+13   5.1323E-07   5.1346E-07   0.99957
FLUX 1175  8500.00        3.526971E+13   5.0842E-07   5.0880E-07   0.99925
FLUX 1176  8540.00        3.510451E+13   5.0397E-07   5.0421E-07   0.99953
FLUX 1177  8580.00        3.494085E+13   4.9904E-07   4.9968E-07   0.99871
FLUX 1178  8620.00        3.477871E+13   4.9491E-07   4.9521E-07   0.99940
FLUX 1179  8660.00        3.461807E+13   4.8424E-07   4.9080E-07   0.98664
FLUX 1180  8700.00        3.445891E+13   4.8603E-07   4.8645E-07   0.99914
FLUX 1181  8740.00        3.430120E+13   4.7838E-07   4.8215E-07   0.99218
FLUX 1182  8780.00        3.414493E+13   4.7454E-07   4.7791E-07   0.99294
FLUX 1183  8820.00        3.399008E+13   4.7343E-07   4.7373E-07   0.99938
FLUX 1184  8860.00        3.383663E+13   4.6852E-07   4.6960E-07   0.99772
FLUX 1185  8900.00        3.368455E+13   4.6527E-07   4.6552E-07   0.99947
FLUX 1186  8940.00        3.353384E+13   4.6140E-07   4.6150E-07   0.99979
FLUX 1187  8980.00        3.338447E+13   4.5722E-07   4.5752E-07   0.99934
FLUX 1188  9020.00        3.323642E+13   4.5331E-07   4.5360E-07   0.99936
FLUX 1189  9060.00        3.308968E+13   4.4867E-07   4.4973E-07   0.99765
FLUX 1190  9100.00        3.294423E+13   4.4556E-07   4.4591E-07   0.99923
FLUX 1191  9140.00        3.280005E+13   4.4192E-07   4.4213E-07   0.99953
FLUX 1192  9180.00        3.265714E+13   4.3829E-07   4.3841E-07   0.99973
FLUX 1193  9220.00        3.251546E+13   4.3460E-07   4.3473E-07   0.99972
FLUX 1194  9260.00        3.237500E+13   4.2933E-07   4.3109E-07   0.99592
FLUX 1195  9300.00        3.223575E+13   4.2744E-07   4.2750E-07   0.99985
FLUX 1196  9340.00        3.209770E+13   4.2385E-07   4.2396E-07   0.99975
FLUX 1197  9380.00        3.196082E+13   4.1467E-07   4.2046E-07   0.98623
FLUX 1198  9420.00        3.182511E+13   4.1633E-07   4.1700E-07   0.99839
FLUX 1199  9460.00        3.169054E+13   4.1344E-07   4.1359E-07   0.99966
FLUX 1200  9500.00        3.155711E+13   4.0931E-07   4.1021E-07   0.99781
FLUX 1201  9540.00        3.142479E+13   4.0524E-07   4.0688E-07   0.99597
FLUX 1202  9580.00        3.129358E+13   4.0354E-07   4.0358E-07   0.99990
FLUX 1203  9620.00        3.116346E+13   4.0015E-07   4.0033E-07   0.99956
FLUX 1204  9660.00        3.103442E+13   3.9708E-07   3.9712E-07   0.99990
FLUX 1205  9700.00        3.090644E+13   3.9390E-07   3.9394E-07   0.99989
FLUX 1206  9740.00        3.077952E+13   3.9059E-07   3.9080E-07   0.99945
FLUX 1207  9780.00        3.065363E+13   3.8758E-07   3.8770E-07   0.99968
FLUX 1208  9820.00        3.052877E+13   3.8419E-07   3.8464E-07   0.99882
FLUX 1209  9860.00        3.040492E+13   3.7925E-07   3.8161E-07   0.99382
FLUX 1210  9900.00        3.028207E+13   3.7858E-07   3.7862E-07   0.99989
FLUX 1211  9940.00        3.016021E+13   3.7556E-07   3.7566E-07   0.99973
FLUX 1212  9980.00        3.003933E+13   3.7254E-07   3.7273E-07   0.99947
FLUX 1213 10020.00        2.991941E+13   3.6965E-07   3.6984E-07   0.99947
FLUX 1214 20000.00        1.498963E+13   9.4681E-08   9.4693E-08   0.99988
FLUX 1215 40000.00        7.494813E+12   2.3572E-08   2.3572E-08   0.99998
FLUX 1216 60000.00        4.996542E+12   1.0383E-08   1.0383E-08   0.99999
FLUX 1217 80000.00        3.747406E+12   5.7937E-09   5.7937E-09   0.99999
FLUX 1218100000.00        2.997925E+12   3.6820E-09   3.6820E-09   1.00000
FLUX 1219120000.00        2.498271E+12   2.5414E-09   2.5414E-09   1.00000
FLUX 1220140000.00        2.141375E+12   1.8573E-09   1.8573E-09   1.00000
FLUX 1221160000.00        1.873703E+12   1.4153E-09   1.4153E-09   1.00000
FLUX
