TEFF   7250.  GRAVITY 1.50000 LTE 
TITLE  [+0.5] N(He)/Ntot=0.07813 VTURB=2.0  L/H=1.25 NOVER                      
FLUX    1     9.09        3.298047E+16   1.0000E-50   0.0000E+00   1.00000
FLUX    2     9.35        3.206337E+16   1.0000E-50   0.0000E+00   1.00000
FLUX    3     9.61        3.119589E+16   1.0000E-50   0.0000E+00   1.00000
FLUX    4     9.77        3.068501E+16   1.0000E-50   0.0000E+00   1.00000
FLUX    5     9.96        3.009965E+16   1.0000E-50   0.0000E+00   1.00000
FLUX    6    10.20        2.939142E+16   1.0000E-50   0.0000E+00   1.00000
FLUX    7    10.38        2.888174E+16   1.0000E-50   0.0000E+00   1.00000
FLUX    8    10.56        2.838944E+16   1.0000E-50   0.0000E+00   1.00000
FLUX    9    10.77        2.783589E+16   1.0000E-50   0.0000E+00   1.00000
FLUX   10    11.04        2.715512E+16   1.0000E-50   0.0000E+00   1.00000
FLUX   11    11.40        2.629759E+16   1.0000E-50   0.0000E+00   1.00000
FLUX   12    11.78        2.544928E+16   1.0000E-50   0.0000E+00   1.00000
FLUX   13    12.13        2.471496E+16   1.0000E-50   0.0000E+00   1.00000
FLUX   14    12.48        2.402183E+16   1.0000E-50   0.0000E+00   1.00000
FLUX   15    12.71        2.358714E+16   1.0000E-50   0.0000E+00   1.00000
FLUX   16    12.84        2.334833E+16   1.0000E-50   0.0000E+00   1.00000
FLUX   17    13.05        2.297261E+16   1.0000E-50   0.0000E+00   1.00000
FLUX   18    13.24        2.264294E+16   1.0000E-50   0.0000E+00   1.00000
FLUX   19    13.39        2.238928E+16   1.0000E-50   0.0000E+00   1.00000
FLUX   20    13.66        2.194674E+16   1.0000E-50   0.0000E+00   1.00000
FLUX   21    13.98        2.144438E+16   1.0000E-50   0.0000E+00   1.00000
FLUX   22    14.33        2.092062E+16   1.0000E-50   0.0000E+00   1.00000
FLUX   23    14.72        2.036634E+16   1.0000E-50   0.0000E+00   1.00000
FLUX   24    15.10        1.985381E+16   1.0000E-50   0.0000E+00   1.00000
FLUX   25    15.52        1.931653E+16   1.0000E-50   0.0000E+00   1.00000
FLUX   26    15.88        1.887862E+16   1.0000E-50   0.0000E+00   1.00000
FLUX   27    16.20        1.850571E+16   1.0000E-50   0.0000E+00   1.00000
FLUX   28    16.60        1.805979E+16   1.0000E-50   0.0000E+00   1.00000
FLUX   29    17.03        1.760379E+16   1.0000E-50   0.0000E+00   1.00000
FLUX   30    17.34        1.728907E+16   1.0000E-50   0.0000E+00   1.00000
FLUX   31    17.68        1.695659E+16   1.0000E-50   0.0000E+00   1.00000
FLUX   32    18.02        1.663665E+16   1.0000E-50   0.0000E+00   1.00000
FLUX   33    18.17        1.649931E+16   1.0000E-50   0.0000E+00   1.00000
FLUX   34    18.61        1.610922E+16   1.0000E-50   0.0000E+00   1.00000
FLUX   35    19.10        1.569594E+16   1.0000E-50   0.0000E+00   1.00000
FLUX   36    19.39        1.546119E+16   1.0000E-50   0.0000E+00   1.00000
FLUX   37    19.84        1.511051E+16   1.0000E-50   0.0000E+00   1.00000
FLUX   38    20.18        1.485592E+16   1.0000E-50   0.0000E+00   1.00000
FLUX   39    20.50        1.462402E+16   1.0000E-50   0.0000E+00   1.00000
FLUX   40    21.05        1.424192E+16   1.0000E-50   0.0000E+00   1.00000
FLUX   41    21.62        1.386644E+16   1.0000E-50   0.0000E+00   1.00000
FLUX   42    21.98        1.363933E+16   1.0000E-50   0.0000E+00   1.00000
FLUX   43    22.30        1.344361E+16   1.0000E-50   0.0000E+00   1.00000
FLUX   44    22.68        1.321836E+16   1.0000E-50   0.0000E+00   1.00000
FLUX   45    23.00        1.303446E+16   1.0000E-50   0.0000E+00   1.00000
FLUX   46    23.40        1.281165E+16   1.0000E-50   0.0000E+00   1.00000
FLUX   47    24.00        1.249135E+16   1.0000E-50   0.0000E+00   1.00000
FLUX   48    24.65        1.216197E+16   1.0000E-50   0.0000E+00   1.00000
FLUX   49    25.24        1.187767E+16   1.0000E-50   0.0000E+00   1.00000
FLUX   50    25.68        1.167416E+16   6.6642E-59   6.6643E-59   0.99998
FLUX   51    26.00        1.153048E+16   3.1739E-58   3.1740E-58   0.99998
FLUX   52    26.40        1.135578E+16   2.1148E-57   2.1149E-57   0.99998
FLUX   53    26.85        1.116546E+16   1.6644E-56   1.6644E-56   0.99998
FLUX   54    27.35        1.096133E+16   1.5177E-55   1.5178E-55   0.99997
FLUX   55    27.85        1.076454E+16   1.2778E-54   1.2778E-54   0.99998
FLUX   56    28.40        1.055607E+16   1.2170E-53   1.2170E-53   0.99998
FLUX   57    29.00        1.033767E+16   1.2866E-52   1.2866E-52   0.99998
FLUX   58    29.60        1.012813E+16   1.2311E-51   1.2311E-51   0.99998
FLUX   59    30.10        9.959884E+15   7.5421E-51   7.5449E-51   0.99964
FLUX   60    30.80        9.733523E+15   8.6211E-50   8.6213E-50   0.99998
FLUX   61    31.80        9.427437E+15   2.3096E-48   2.3097E-48   0.99998
FLUX   62    32.80        9.140015E+15   5.0334E-47   5.0335E-47   0.99998
FLUX   63    33.80        8.869601E+15   9.0809E-46   9.0810E-46   0.99998
FLUX   64    34.80        8.614727E+15   1.3807E-44   1.3807E-44   0.99998
FLUX   65    35.70        8.397549E+15   1.3959E-43   1.3960E-43   0.99992
FLUX   66    36.60        8.191052E+15   1.2568E-42   1.2568E-42   0.99998
FLUX   67    37.50        7.994467E+15   1.0134E-41   1.0135E-41   0.99993
FLUX   68    38.50        7.786818E+15   9.1539E-41   9.1541E-41   0.99998
FLUX   69    39.50        7.589684E+15   7.3606E-40   7.3608E-40   0.99997
FLUX   70    40.50        7.402284E+15   5.3195E-39   5.3197E-39   0.99997
FLUX   71    41.40        7.241365E+15   2.8989E-38   2.8989E-38   0.99998
FLUX   72    42.20        7.104088E+15   1.2278E-37   1.2278E-37   0.99998
FLUX   73    43.00        6.971919E+15   4.9173E-37   4.9178E-37   0.99989
FLUX   74    44.10        6.798016E+15   3.0422E-36   3.0425E-36   0.99991
FLUX   75    45.10        6.647284E+15   1.4708E-35   1.4708E-35   0.99998
FLUX   76    46.00        6.517228E+15   5.7139E-35   5.7141E-35   0.99997
FLUX   77    47.00        6.378564E+15   2.4222E-34   2.4227E-34   0.99979
FLUX   78    48.00        6.245677E+15   9.6405E-34   9.6407E-34   0.99998
FLUX   79    49.00        6.118214E+15   3.6181E-33   3.6182E-33   0.99998
FLUX   80    50.00        5.995850E+15   1.2835E-32   1.2835E-32   0.99998
FLUX   81    50.60        5.924753E+15   3.5419E-32   4.0481E-32   0.87495
FLUX   82    51.20        5.855322E+15   8.1663E-32   8.2712E-32   0.98732
FLUX   83    52.00        5.765240E+15   2.0603E-31   2.0813E-31   0.98994
FLUX   84    53.00        5.656462E+15   6.3264E-31   6.3284E-31   0.99969
FLUX   85    54.00        5.551713E+15   1.8263E-30   1.8424E-30   0.99122
FLUX   86    55.00        5.450773E+15   5.1442E-30   5.1509E-30   0.99869
FLUX   87    56.00        5.353438E+15   1.3848E-29   1.3851E-29   0.99982
FLUX   88    57.00        5.259518E+15   3.5896E-29   3.5897E-29   0.99998
FLUX   89    58.00        5.168836E+15   8.8778E-29   8.9941E-29   0.98707
FLUX   90    59.00        5.081229E+15   2.1738E-28   2.1776E-28   0.99826
FLUX   91    60.00        4.996542E+15   5.0971E-28   5.1095E-28   0.99759
FLUX   92    61.00        4.914631E+15   1.1635E-27   1.1636E-27   0.99992
FLUX   93    62.00        4.835363E+15   2.5752E-27   2.5760E-27   0.99969
FLUX   94    63.00        4.758611E+15   5.5501E-27   5.5510E-27   0.99985
FLUX   95    64.00        4.684258E+15   1.1651E-26   1.1665E-26   0.99884
FLUX   96    65.00        4.612192E+15   2.3918E-26   2.3922E-26   0.99984
FLUX   97    65.80        4.556117E+15   4.1777E-26   4.1784E-26   0.99982
FLUX   98    66.50        4.508158E+15   6.7026E-26   6.7269E-26   0.99638
FLUX   99    67.50        4.441370E+15   1.3010E-25   1.3039E-25   0.99771
FLUX  100    68.50        4.376533E+15   2.4725E-25   2.4755E-25   0.99879
FLUX  101    69.50        4.313561E+15   4.6067E-25   4.6074E-25   0.99986
FLUX  102    70.50        4.252376E+15   8.3409E-25   8.4137E-25   0.99135
FLUX  103    71.60        4.187046E+15   1.5974E-24   1.5980E-24   0.99964
FLUX  104    72.60        4.129373E+15   2.8110E-24   2.8112E-24   0.99992
FLUX  105    73.50        4.078810E+15   4.6070E-24   4.6093E-24   0.99950
FLUX  106    74.50        4.024060E+15   7.8474E-24   7.8654E-24   0.99772
FLUX  107    75.50        3.970762E+15   1.3180E-23   1.3217E-23   0.99716
FLUX  108    76.50        3.918856E+15   2.1833E-23   2.1887E-23   0.99753
FLUX  109    77.50        3.868290E+15   3.5648E-23   3.5732E-23   0.99763
FLUX  110    78.50        3.819013E+15   5.7545E-23   5.7549E-23   0.99993
FLUX  111    79.50        3.770975E+15   9.0226E-23   9.1482E-23   0.98627
FLUX  112    80.50        3.724130E+15   1.4227E-22   1.4361E-22   0.99070
FLUX  113    81.50        3.678436E+15   2.2237E-22   2.2273E-22   0.99839
FLUX  114    82.50        3.633848E+15   3.4112E-22   3.4149E-22   0.99894
FLUX  115    83.50        3.590329E+15   5.1739E-22   5.1782E-22   0.99917
FLUX  116    84.50        3.547840E+15   7.7648E-22   7.7678E-22   0.99961
FLUX  117    85.50        3.506345E+15   1.1533E-21   1.1538E-21   0.99955
FLUX  118    86.50        3.465809E+15   1.6954E-21   1.6958E-21   0.99979
FLUX  119    87.50        3.426200E+15   2.4504E-21   2.4682E-21   0.99279
FLUX  120    88.50        3.387486E+15   3.5576E-21   3.5595E-21   0.99947
FLUX  121    89.50        3.349637E+15   5.0865E-21   5.0873E-21   0.99985
FLUX  122    90.50        3.312624E+15   7.1414E-21   7.2077E-21   0.99079
FLUX  123    91.50        3.276421E+15   3.7965E-18   9.5774E-18   0.39641
FLUX  124    92.50        3.241000E+15   1.2803E-17   1.3853E-17   0.92419
FLUX  125    93.50        3.206337E+15   1.8207E-17   1.9822E-17   0.91851
FLUX  126    94.50        3.172407E+15   2.5818E-17   2.8114E-17   0.91834
FLUX  127    95.50        3.139188E+15   3.8177E-17   3.9560E-17   0.96503
FLUX  128    96.50        3.106658E+15   5.3632E-17   5.5226E-17   0.97113
FLUX  129    97.50        3.074795E+15   7.4266E-17   7.6509E-17   0.97068
FLUX  130    98.50        3.043579E+15   1.0181E-16   1.0541E-16   0.96581
FLUX  131    99.50        3.012990E+15   1.3801E-16   1.4411E-16   0.95765
FLUX  132   100.50        2.983010E+15   1.9393E-16   1.9571E-16   0.99094
FLUX  133   101.50        2.953621E+15   2.6248E-16   2.6403E-16   0.99414
FLUX  134   102.50        2.924805E+15   3.4504E-16   3.5461E-16   0.97302
FLUX  135   103.50        2.896546E+15   4.6340E-16   4.7310E-16   0.97949
FLUX  136   104.50        2.868828E+15   6.2500E-16   6.2796E-16   0.99529
FLUX  137   105.50        2.841635E+15   8.2639E-16   8.2930E-16   0.99649
FLUX  138   106.50        2.814953E+15   1.0788E-15   1.0900E-15   0.98969
FLUX  139   107.50        2.788767E+15   1.4163E-15   1.4258E-15   0.99334
FLUX  140   108.50        2.763065E+15   1.8458E-15   1.8558E-15   0.99460
FLUX  141   109.50        2.737831E+15   2.3721E-15   2.4029E-15   0.98718
FLUX  142   110.50        2.713054E+15   7.2378E-15   3.1350E-14   0.23087
FLUX  143   111.50        2.688722E+15   2.7166E-14   4.3996E-14   0.61747
FLUX  144   112.50        2.664822E+15   4.2331E-14   6.0063E-14   0.70477
FLUX  145   113.50        2.641344E+15   6.2338E-14   7.9807E-14   0.78111
FLUX  146   114.50        2.618275E+15   8.3467E-14   1.0329E-13   0.80806
FLUX  147   115.50        2.595606E+15   9.6935E-14   1.3056E-13   0.74243
FLUX  148   116.50        2.573326E+15   1.4190E-13   1.6125E-13   0.87998
FLUX  149   117.50        2.551426E+15   1.7748E-13   1.9399E-13   0.91492
FLUX  150   118.50        2.529895E+15   1.9546E-13   2.5805E-13   0.75745
FLUX  151   119.50        2.508724E+15   1.0887E-13   3.1418E-13   0.34652
FLUX  152   120.50        2.487905E+15   1.3937E-13   3.7985E-13   0.36691
FLUX  153   121.50        2.467428E+15   4.2559E-14   4.5657E-13   0.09321
FLUX  154   122.50        2.447286E+15   1.8305E-13   5.6206E-13   0.32568
FLUX  155   123.50        2.427470E+15   4.0655E-13   6.6911E-13   0.60759
FLUX  156   124.50        2.407972E+15   1.0879E-12   2.5669E-12   0.42384
FLUX  157   125.50        2.388785E+15   3.3251E-12   4.7686E-12   0.69729
FLUX  158   126.50        2.369901E+15   2.8403E-12   7.6303E-12   0.37224
FLUX  159   127.50        2.351314E+15   6.0842E-12   1.0568E-11   0.57574
FLUX  160   128.50        2.333016E+15   1.0219E-11   1.4290E-11   0.71508
FLUX  161   129.50        2.315000E+15   1.3476E-11   1.8133E-11   0.74316
FLUX  162   130.50        2.297261E+15   8.0784E-12   2.2616E-11   0.35720
FLUX  163   131.50        2.279791E+15   1.8656E-11   2.7415E-11   0.68050
FLUX  164   132.50        2.262585E+15   2.4274E-11   3.2787E-11   0.74034
FLUX  165   133.50        2.245637E+15   2.6326E-11   3.8637E-11   0.68138
FLUX  166   134.50        2.228941E+15   3.8284E-11   4.5098E-11   0.84891
FLUX  167   135.50        2.212491E+15   3.9718E-11   5.2173E-11   0.76126
FLUX  168   136.50        2.196282E+15   4.4726E-11   5.9962E-11   0.74590
FLUX  169   137.50        2.180309E+15   4.9573E-11   6.8490E-11   0.72379
FLUX  170   138.50        2.164567E+15   5.6469E-11   7.7873E-11   0.72514
FLUX  171   139.50        2.149050E+15   6.8675E-11   8.8129E-11   0.77925
FLUX  172   140.50        2.133754E+15   8.0715E-11   9.9856E-11   0.80831
FLUX  173   141.50        2.118675E+15   8.2131E-11   1.1322E-10   0.72543
FLUX  174   142.50        2.103807E+15   9.8957E-11   1.2867E-10   0.76906
FLUX  175   143.50        2.089146E+15   1.0218E-10   1.4507E-10   0.70436
FLUX  176   144.20        2.079005E+15   1.2534E-10   1.5759E-10   0.79538
FLUX  177   144.70        2.071821E+15   1.3891E-10   2.0277E-10   0.68508
FLUX  178   145.50        2.060430E+15   1.6839E-10   2.2262E-10   0.75639
FLUX  179   146.50        2.046365E+15   1.7441E-10   2.4976E-10   0.69828
FLUX  180   147.50        2.032492E+15   2.0086E-10   2.7956E-10   0.71850
FLUX  181   148.50        2.018805E+15   2.3490E-10   3.1220E-10   0.75239
FLUX  182   149.50        2.005301E+15   2.9044E-10   3.4801E-10   0.83458
FLUX  183   150.50        1.991977E+15   3.3387E-10   3.8703E-10   0.86264
FLUX  184   151.20        1.982755E+15   3.3155E-10   4.1651E-10   0.79602
FLUX  185   151.70        1.976220E+15   2.9232E-10   4.3872E-10   0.66631
FLUX  186   152.50        1.965852E+15   3.2066E-10   2.0735E-09   0.15465
FLUX  187   153.50        1.953046E+15   5.7325E-10   2.2573E-09   0.25395
FLUX  188   154.50        1.940405E+15   1.0831E-09   2.4544E-09   0.44132
FLUX  189   155.50        1.927926E+15   1.0250E-09   2.6617E-09   0.38509
FLUX  190   156.50        1.915607E+15   8.7919E-10   2.8866E-09   0.30457
FLUX  191   157.50        1.903444E+15   1.5171E-09   3.5210E-09   0.43087
FLUX  192   158.50        1.891435E+15   1.8126E-09   3.7821E-09   0.47926
FLUX  193   159.50        1.879577E+15   2.5562E-09   4.0593E-09   0.62971
FLUX  194   160.50        1.867866E+15   2.2490E-09   4.3488E-09   0.51715
FLUX  195   161.50        1.856300E+15   2.0731E-09   4.6525E-09   0.44559
FLUX  196   162.50        1.844877E+15   1.8947E-09   5.1655E-09   0.36680
FLUX  197   163.50        1.833593E+15   2.2426E-09   5.5195E-09   0.40631
FLUX  198   164.50        1.822447E+15   2.8170E-09   5.8925E-09   0.47807
FLUX  199   165.50        1.811435E+15   1.4845E-09   6.2871E-09   0.23611
FLUX  200   166.50        1.800556E+15   2.6194E-09   6.7004E-09   0.39094
FLUX  201   167.20        1.793017E+15   1.2355E-09   7.0031E-09   0.17642
FLUX  202   167.70        1.787671E+15   4.7749E-09   2.9036E-07   0.01644
FLUX  203   168.50        1.779184E+15   7.8835E-09   2.9890E-07   0.02638
FLUX  204   169.50        1.768687E+15   1.4229E-08   3.0640E-07   0.04644
FLUX  205   170.50        1.758314E+15   1.5014E-08   3.1428E-07   0.04777
FLUX  206   171.50        1.748061E+15   3.4509E-08   3.8641E-07   0.08931
FLUX  207   172.50        1.737928E+15   5.2136E-08   3.9577E-07   0.13173
FLUX  208   173.50        1.727911E+15   8.0482E-08   4.0266E-07   0.19988
FLUX  209   174.50        1.718009E+15   5.1056E-08   4.1143E-07   0.12409
FLUX  210   175.50        1.708219E+15   9.1260E-08   4.1811E-07   0.21827
FLUX  211   176.50        1.698541E+15   6.4859E-08   4.2434E-07   0.15285
FLUX  212   177.50        1.688972E+15   1.0399E-07   4.3054E-07   0.24154
FLUX  213   178.50        1.679510E+15   7.2283E-08   4.3670E-07   0.16552
FLUX  214   179.50        1.670153E+15   1.5426E-07   4.4245E-07   0.34865
FLUX  215   180.50        1.660900E+15   9.7206E-08   4.4853E-07   0.21672
FLUX  216   181.50        1.651749E+15   1.3100E-07   4.5414E-07   0.28846
FLUX  217   182.50        1.642699E+15   1.0277E-07   4.5987E-07   0.22347
FLUX  218   183.50        1.633747E+15   9.1955E-08   4.6528E-07   0.19763
FLUX  219   184.50        1.624892E+15   9.5171E-08   4.7063E-07   0.20222
FLUX  220   185.50        1.616132E+15   1.3216E-07   4.7669E-07   0.27724
FLUX  221   186.50        1.607466E+15   1.6540E-07   4.8190E-07   0.34322
FLUX  222   187.50        1.598893E+15   1.4340E-07   5.0211E-07   0.28558
FLUX  223   188.50        1.590411E+15   1.5815E-07   5.0661E-07   0.31218
FLUX  224   189.50        1.582018E+15   1.9607E-07   5.1102E-07   0.38368
FLUX  225   190.50        1.573714E+15   1.6974E-07   5.1517E-07   0.32948
FLUX  226   191.50        1.565496E+15   1.6827E-07   5.1965E-07   0.32382
FLUX  227   192.50        1.557364E+15   1.3640E-07   5.2358E-07   0.26052
FLUX  228   193.50        1.549315E+15   6.2307E-08   5.2746E-07   0.11813
FLUX  229   194.50        1.541350E+15   2.1240E-07   5.3120E-07   0.39985
FLUX  230   195.50        1.533465E+15   2.3034E-07   5.3488E-07   0.43063
FLUX  231   196.70        1.524110E+15   2.8416E-07   5.3937E-07   0.52684
FLUX  232   197.60        1.517169E+15   2.5326E-07   5.4283E-07   0.46655
FLUX  233   198.40        1.511051E+15   2.8073E-07   6.2669E-07   0.44795
FLUX  234   199.50        1.502719E+15   2.8248E-07   6.3056E-07   0.44799
FLUX  235   200.50        1.495224E+15   2.5606E-07   6.3422E-07   0.40374
FLUX  236   201.50        1.487804E+15   2.1331E-07   6.3802E-07   0.33432
FLUX  237   202.50        1.480457E+15   2.0364E-07   6.4194E-07   0.31723
FLUX  238   203.50        1.473182E+15   2.8126E-07   6.4576E-07   0.43554
FLUX  239   204.50        1.465978E+15   3.3445E-07   6.4969E-07   0.51478
FLUX  240   205.50        1.458844E+15   2.5348E-07   6.5369E-07   0.38776
FLUX  241   206.50        1.451780E+15   2.3417E-07   6.5773E-07   0.35603
FLUX  242   207.40        1.445480E+15   3.5427E-07   6.6136E-07   0.53567
FLUX  243   207.80        1.442697E+15   4.6567E-07   1.0347E-06   0.45004
FLUX  244   208.50        1.437854E+15   4.4188E-07   1.0428E-06   0.42373
FLUX  245   209.50        1.430990E+15   4.1921E-07   1.0545E-06   0.39755
FLUX  246   210.50        1.424192E+15   4.1396E-07   1.0663E-06   0.38823
FLUX  247   211.50        1.417459E+15   4.3241E-07   1.0782E-06   0.40106
FLUX  248   212.50        1.410788E+15   4.2708E-07   1.0901E-06   0.39179
FLUX  249   213.50        1.404180E+15   3.0734E-07   1.1021E-06   0.27886
FLUX  250   214.50        1.397634E+15   4.2775E-07   1.1143E-06   0.38387
FLUX  251   215.50        1.391148E+15   4.7369E-07   1.1267E-06   0.42042
FLUX  252   216.50        1.384723E+15   3.5277E-07   1.1393E-06   0.30963
FLUX  253   217.50        1.378356E+15   3.9618E-07   1.1521E-06   0.34387
FLUX  254   218.50        1.372048E+15   4.3505E-07   1.1651E-06   0.37340
FLUX  255   219.50        1.365797E+15   5.3000E-07   1.1784E-06   0.44976
FLUX  256   220.50        1.359603E+15   4.6362E-07   1.1920E-06   0.38894
FLUX  257   221.50        1.353465E+15   3.1151E-07   1.2059E-06   0.25831
FLUX  258   222.50        1.347382E+15   3.0492E-07   1.2230E-06   0.24931
FLUX  259   223.50        1.341353E+15   5.0219E-07   1.2373E-06   0.40587
FLUX  260   224.50        1.335379E+15   4.4388E-07   1.2518E-06   0.35458
FLUX  261   225.50        1.329457E+15   2.9165E-07   1.2861E-06   0.22678
FLUX  262   226.50        1.323587E+15   2.7664E-07   1.3002E-06   0.21277
FLUX  263   227.50        1.317769E+15   4.1026E-07   1.3145E-06   0.31211
FLUX  264   228.50        1.312002E+15   4.4942E-07   1.3288E-06   0.33822
FLUX  265   229.50        1.306285E+15   4.2243E-07   1.3433E-06   0.31448
FLUX  266   230.50        1.300618E+15   4.5434E-07   1.3579E-06   0.33458
FLUX  267   231.50        1.295000E+15   3.8807E-07   1.3728E-06   0.28269
FLUX  268   232.50        1.289430E+15   3.5386E-07   1.3878E-06   0.25498
FLUX  269   233.50        1.283908E+15   1.5857E-07   1.4072E-06   0.11268
FLUX  270   234.50        1.278433E+15   1.0453E-07   1.4223E-06   0.07349
FLUX  271   235.50        1.273004E+15   2.3562E-07   1.4375E-06   0.16391
FLUX  272   236.50        1.267622E+15   1.0483E-07   1.4529E-06   0.07215
FLUX  273   237.50        1.262284E+15   1.6162E-07   1.4685E-06   0.11006
FLUX  274   238.50        1.256992E+15   7.9294E-08   1.4845E-06   0.05342
FLUX  275   239.50        1.251743E+15   1.1286E-07   1.5004E-06   0.07522
FLUX  276   240.50        1.246538E+15   1.0796E-07   1.5165E-06   0.07119
FLUX  277   241.50        1.241377E+15   1.9236E-07   1.5327E-06   0.12550
FLUX  278   242.50        1.236258E+15   4.4977E-07   1.5491E-06   0.29034
FLUX  279   243.50        1.231181E+15   4.3652E-07   1.5657E-06   0.27881
FLUX  280   244.50        1.226145E+15   5.1444E-07   1.5887E-06   0.32381
FLUX  281   245.50        1.221151E+15   5.3155E-07   1.6053E-06   0.33112
FLUX  282   246.50        1.216197E+15   4.6310E-07   1.6221E-06   0.28550
FLUX  283   247.50        1.211283E+15   4.3446E-07   1.6389E-06   0.26509
FLUX  284   248.50        1.206408E+15   4.3572E-07   1.6559E-06   0.26313
FLUX  285   249.50        1.201573E+15   4.3240E-07   1.6730E-06   0.25845
FLUX  286   250.50        1.196776E+15   6.5690E-07   1.6952E-06   0.38751
FLUX  287   251.30        1.192967E+15   4.2857E-07   1.7089E-06   0.25079
FLUX  288   251.80        1.190598E+15   4.8939E-07   1.9358E-06   0.25282
FLUX  289   252.50        1.187297E+15   3.4290E-07   1.9497E-06   0.17587
FLUX  290   253.50        1.182613E+15   3.5134E-07   1.9700E-06   0.17835
FLUX  291   254.50        1.177967E+15   3.7985E-07   1.9903E-06   0.19085
FLUX  292   255.50        1.173356E+15   5.4852E-07   2.0107E-06   0.27280
FLUX  293   256.50        1.168782E+15   3.7093E-07   2.0314E-06   0.18260
FLUX  294   257.50        1.164243E+15   4.6559E-07   2.0521E-06   0.22688
FLUX  295   258.50        1.159739E+15   3.6611E-07   2.0730E-06   0.17660
FLUX  296   259.50        1.155270E+15   2.9472E-07   2.0941E-06   0.14074
FLUX  297   260.50        1.150835E+15   2.3201E-07   2.1153E-06   0.10968
FLUX  298   261.50        1.146434E+15   2.2019E-07   2.1365E-06   0.10306
FLUX  299   262.50        1.142067E+15   3.1462E-07   2.1579E-06   0.14580
FLUX  300   263.50        1.137732E+15   5.6416E-07   2.1814E-06   0.25863
FLUX  301   264.50        1.133431E+15   1.0351E-06   2.2029E-06   0.46986
FLUX  302   265.50        1.129162E+15   1.1551E-06   2.2247E-06   0.51922
FLUX  303   266.50        1.124925E+15   7.8597E-07   2.2465E-06   0.34986
FLUX  304   267.50        1.120720E+15   9.2707E-07   2.2685E-06   0.40867
FLUX  305   268.50        1.116546E+15   9.2875E-07   2.2906E-06   0.40545
FLUX  306   269.50        1.112403E+15   8.6099E-07   2.3128E-06   0.37227
FLUX  307   270.50        1.108290E+15   9.8597E-07   2.3372E-06   0.42186
FLUX  308   271.50        1.104208E+15   7.3047E-07   2.3595E-06   0.30958
FLUX  309   272.50        1.100156E+15   7.3563E-07   2.3820E-06   0.30883
FLUX  310   273.50        1.096133E+15   7.6382E-07   2.4046E-06   0.31766
FLUX  311   274.50        1.092140E+15   3.2445E-07   2.4273E-06   0.13367
FLUX  312   275.50        1.088176E+15   4.3317E-07   2.4501E-06   0.17680
FLUX  313   276.50        1.084241E+15   5.8295E-07   2.4730E-06   0.23573
FLUX  314   277.50        1.080333E+15   7.2637E-07   2.4960E-06   0.29102
FLUX  315   278.50        1.076454E+15   4.6254E-07   2.5191E-06   0.18362
FLUX  316   279.50        1.072603E+15   1.5670E-07   2.5423E-06   0.06164
FLUX  317   280.50        1.068779E+15   2.0412E-07   2.5656E-06   0.07956
FLUX  318   281.50        1.064982E+15   6.4104E-07   2.5890E-06   0.24760
FLUX  319   282.50        1.061212E+15   1.0567E-06   2.6125E-06   0.40447
FLUX  320   283.50        1.057469E+15   1.0844E-06   2.6362E-06   0.41135
FLUX  321   284.50        1.053752E+15   1.1089E-06   2.6599E-06   0.41690
FLUX  322   285.50        1.050061E+15   9.0191E-07   2.6837E-06   0.33607
FLUX  323   286.50        1.046396E+15   1.2334E-06   2.7076E-06   0.45554
FLUX  324   287.50        1.042757E+15   1.2524E-06   2.7316E-06   0.45848
FLUX  325   288.50        1.039142E+15   1.3260E-06   2.7557E-06   0.48117
FLUX  326   289.50        1.035553E+15   1.2635E-06   2.7799E-06   0.45452
FLUX  327   291.00        1.030215E+15   1.6692E-06   2.8175E-06   0.59243
FLUX  328   293.00        1.023183E+15   1.5259E-06   2.8663E-06   0.53236
FLUX  329   295.00        1.016246E+15   1.5005E-06   2.9156E-06   0.51467
FLUX  330   297.00        1.009402E+15   1.7866E-06   2.9649E-06   0.60259
FLUX  331   299.00        1.002651E+15   1.8141E-06   3.0145E-06   0.60179
FLUX  332   301.00        9.959884E+14   2.0255E-06   3.0644E-06   0.66097
FLUX  333   303.00        9.894142E+14   2.0267E-06   3.1147E-06   0.65069
FLUX  334   305.00        9.829262E+14   2.0632E-06   3.1651E-06   0.65186
FLUX  335   307.00        9.765228E+14   2.0790E-06   3.2158E-06   0.64648
FLUX  336   309.00        9.702023E+14   2.3047E-06   3.2678E-06   0.70528
FLUX  337   311.00        9.639630E+14   2.2221E-06   3.3188E-06   0.66955
FLUX  338   313.00        9.578035E+14   2.2026E-06   3.3704E-06   0.65353
FLUX  339   315.00        9.517222E+14   2.3985E-06   3.4218E-06   0.70094
FLUX  340   317.00        9.457177E+14   2.3686E-06   3.4736E-06   0.68190
FLUX  341   319.00        9.397884E+14   2.1513E-06   3.5255E-06   0.61022
FLUX  342   321.00        9.339330E+14   2.4163E-06   3.5776E-06   0.67541
FLUX  343   323.00        9.281502E+14   2.1617E-06   3.6302E-06   0.59549
FLUX  344   325.00        9.224385E+14   2.5108E-06   3.6825E-06   0.68182
FLUX  345   327.00        9.167966E+14   2.7121E-06   3.7350E-06   0.72612
FLUX  346   329.00        9.112234E+14   2.7252E-06   3.7877E-06   0.71950
FLUX  347   331.00        9.057175E+14   2.8957E-06   3.8403E-06   0.75402
FLUX  348   333.00        9.002778E+14   2.8327E-06   3.8930E-06   0.72764
FLUX  349   335.00        8.949030E+14   2.8180E-06   3.9457E-06   0.71420
FLUX  350   337.00        8.895920E+14   2.7384E-06   3.9986E-06   0.68485
FLUX  351   339.00        8.843437E+14   2.9317E-06   4.0516E-06   0.72361
FLUX  352   341.00        8.791569E+14   3.0850E-06   4.1045E-06   0.75162
FLUX  353   343.00        8.740306E+14   3.1743E-06   4.1575E-06   0.76353
FLUX  354   345.00        8.689638E+14   3.2314E-06   4.2105E-06   0.76747
FLUX  355   347.00        8.639553E+14   3.1918E-06   4.2635E-06   0.74863
FLUX  356   349.00        8.590043E+14   3.1947E-06   4.3165E-06   0.74010
FLUX  357   351.00        8.541097E+14   3.4155E-06   4.3695E-06   0.78166
FLUX  358   353.00        8.492705E+14   3.4554E-06   4.4225E-06   0.78131
FLUX  359   355.00        8.444859E+14   3.7667E-06   4.4755E-06   0.84163
FLUX  360   357.00        8.397549E+14   3.4638E-06   4.5285E-06   0.76489
FLUX  361   359.00        8.350766E+14   3.5474E-06   4.5814E-06   0.77430
FLUX  362   361.00        8.304501E+14   3.6217E-06   4.6344E-06   0.78149
FLUX  363   363.00        8.258747E+14   3.7567E-06   4.6872E-06   0.80149
FLUX  364   364.00        8.236058E+14   3.6929E-06   4.7138E-06   0.78343
FLUX  365   365.00        8.213493E+14   3.9830E-06   2.7471E-05   0.14499
FLUX  366   367.00        8.168733E+14   3.9555E-06   2.7399E-05   0.14436
FLUX  367   369.00        8.124458E+14   4.2470E-06   2.7330E-05   0.15540
FLUX  368   371.00        8.080660E+14   5.3920E-06   2.7259E-05   0.19780
FLUX  369   373.00        8.037332E+14   6.7437E-06   2.7187E-05   0.24805
FLUX  370   375.00        7.994467E+14   9.6968E-06   2.7114E-05   0.35763
FLUX  371   377.00        7.952056E+14   1.0693E-05   2.7097E-05   0.39461
FLUX  372   379.00        7.910092E+14   1.3524E-05   2.7025E-05   0.50041
FLUX  373   381.00        7.868570E+14   1.5781E-05   2.6953E-05   0.58550
FLUX  374   383.00        7.827480E+14   1.2477E-05   2.6881E-05   0.46415
FLUX  375   385.00        7.786818E+14   1.6434E-05   2.6809E-05   0.61301
FLUX  376   387.00        7.746576E+14   1.8444E-05   2.6737E-05   0.68983
FLUX  377   389.00        7.706748E+14   1.2246E-05   2.6666E-05   0.45925
FLUX  378   391.00        7.667327E+14   1.6498E-05   2.6594E-05   0.62035
FLUX  379   393.00        7.628308E+14   7.6619E-06   2.6524E-05   0.28887
FLUX  380   395.00        7.589684E+14   1.3789E-05   2.6453E-05   0.52128
FLUX  381   397.00        7.551448E+14   7.3581E-06   2.6382E-05   0.27890
FLUX  382   399.00        7.513596E+14   1.7626E-05   2.6312E-05   0.66990
FLUX  383   401.00        7.476122E+14   1.9298E-05   2.6242E-05   0.73538
FLUX  384   403.00        7.439020E+14   1.9084E-05   2.6173E-05   0.72914
FLUX  385   405.00        7.402284E+14   1.8948E-05   2.6104E-05   0.72586
FLUX  386   407.00        7.365909E+14   1.8813E-05   2.6035E-05   0.72261
FLUX  387   409.00        7.329890E+14   1.8541E-05   2.5967E-05   0.71402
FLUX  388   411.00        7.294221E+14   1.5174E-05   2.5899E-05   0.58590
FLUX  389   413.00        7.258898E+14   1.9491E-05   2.5833E-05   0.75451
FLUX  390   415.00        7.223916E+14   2.0599E-05   2.5766E-05   0.79946
FLUX  391   417.00        7.189269E+14   1.9998E-05   2.5701E-05   0.77810
FLUX  392   419.00        7.154952E+14   2.0251E-05   2.5635E-05   0.78998
FLUX  393   421.00        7.120962E+14   2.0174E-05   2.5569E-05   0.78901
FLUX  394   423.00        7.087293E+14   1.9715E-05   2.5504E-05   0.77304
FLUX  395   425.00        7.053941E+14   2.0339E-05   2.5438E-05   0.79954
FLUX  396   427.00        7.020902E+14   1.9558E-05   2.5374E-05   0.77081
FLUX  397   429.00        6.988170E+14   2.0160E-05   2.5309E-05   0.79657
FLUX  398   431.00        6.955742E+14   1.8864E-05   2.5245E-05   0.74723
FLUX  399   433.00        6.923614E+14   1.7882E-05   2.5181E-05   0.71012
FLUX  400   435.00        6.891782E+14   1.5508E-05   2.5118E-05   0.61741
FLUX  401   437.00        6.860240E+14   2.0820E-05   2.5055E-05   0.83096
FLUX  402   439.00        6.828986E+14   2.0455E-05   2.4992E-05   0.81843
FLUX  403   441.00        6.798016E+14   2.0034E-05   2.4930E-05   0.80361
FLUX  404   443.00        6.767325E+14   1.9928E-05   2.4868E-05   0.80135
FLUX  405   445.00        6.736910E+14   2.0436E-05   2.4806E-05   0.82384
FLUX  406   447.00        6.706767E+14   2.0806E-05   2.4745E-05   0.84081
FLUX  407   449.00        6.676893E+14   2.0834E-05   2.4684E-05   0.84404
FLUX  408   451.00        6.647284E+14   2.2026E-05   2.4624E-05   0.89453
FLUX  409   453.00        6.617936E+14   2.0604E-05   2.4564E-05   0.83879
FLUX  410   455.00        6.588846E+14   2.0631E-05   2.4504E-05   0.84196
FLUX  411   457.00        6.560011E+14   2.1944E-05   2.4444E-05   0.89770
FLUX  412   459.00        6.531427E+14   2.0645E-05   2.4385E-05   0.84663
FLUX  413   461.00        6.503091E+14   2.1837E-05   2.4326E-05   0.89768
FLUX  414   463.00        6.475000E+14   2.1159E-05   2.4268E-05   0.87188
FLUX  415   465.00        6.447151E+14   2.1805E-05   2.4210E-05   0.90067
FLUX  416   467.00        6.419540E+14   2.1949E-05   2.4152E-05   0.90879
FLUX  417   469.00        6.392164E+14   2.1157E-05   2.4095E-05   0.87805
FLUX  418   471.00        6.365021E+14   2.0575E-05   2.4038E-05   0.85593
FLUX  419   473.00        6.338108E+14   2.1675E-05   2.3981E-05   0.90386
FLUX  420   475.00        6.311421E+14   2.2094E-05   2.3924E-05   0.92350
FLUX  421   477.00        6.284958E+14   2.1680E-05   2.3868E-05   0.90833
FLUX  422   479.00        6.258716E+14   2.1864E-05   2.3812E-05   0.91819
FLUX  423   481.00        6.232692E+14   2.1627E-05   2.3757E-05   0.91036
FLUX  424   483.00        6.206884E+14   2.1661E-05   2.3702E-05   0.91389
FLUX  425   485.00        6.181289E+14   1.8601E-05   2.3647E-05   0.78663
FLUX  426   487.00        6.155903E+14   1.5090E-05   2.3592E-05   0.63963
FLUX  427   489.00        6.130726E+14   2.0987E-05   2.3538E-05   0.89165
FLUX  428   491.00        6.105754E+14   2.1287E-05   2.3483E-05   0.90645
FLUX  429   493.00        6.080984E+14   2.0706E-05   2.3430E-05   0.88376
FLUX  430   495.00        6.056414E+14   2.1644E-05   2.3376E-05   0.92589
FLUX  431   497.00        6.032042E+14   2.2006E-05   2.3323E-05   0.94352
FLUX  432   499.00        6.007866E+14   2.0589E-05   2.3270E-05   0.88478
FLUX  433   501.00        5.983882E+14   1.9521E-05   2.3218E-05   0.84078
FLUX  434   503.00        5.960089E+14   2.0575E-05   2.3166E-05   0.88817
FLUX  435   505.00        5.936485E+14   2.0602E-05   2.3114E-05   0.89134
FLUX  436   507.00        5.913067E+14   2.1364E-05   2.3062E-05   0.92639
FLUX  437   509.00        5.889833E+14   2.1075E-05   2.3010E-05   0.91590
FLUX  438   511.00        5.866781E+14   2.1247E-05   2.2959E-05   0.92542
FLUX  439   513.00        5.843908E+14   2.0545E-05   2.2908E-05   0.89685
FLUX  440   515.00        5.821214E+14   2.0193E-05   2.2858E-05   0.88342
FLUX  441   517.00        5.798694E+14   2.0093E-05   2.2807E-05   0.88099
FLUX  442   519.00        5.776349E+14   1.9988E-05   2.2757E-05   0.87835
FLUX  443   521.00        5.754175E+14   2.0183E-05   2.2707E-05   0.88883
FLUX  444   523.00        5.732170E+14   2.0292E-05   2.2657E-05   0.89559
FLUX  445   525.00        5.710333E+14   2.0671E-05   2.2608E-05   0.91432
FLUX  446   527.00        5.688662E+14   1.9039E-05   2.2558E-05   0.84399
FLUX  447   529.00        5.667155E+14   2.0581E-05   2.2510E-05   0.91430
FLUX  448   531.00        5.645810E+14   2.0141E-05   2.2461E-05   0.89670
FLUX  449   533.00        5.624625E+14   1.9641E-05   2.2412E-05   0.87637
FLUX  450   535.00        5.603598E+14   2.0627E-05   2.2364E-05   0.92233
FLUX  451   537.00        5.582728E+14   2.0823E-05   2.2316E-05   0.93309
FLUX  452   539.00        5.562013E+14   2.0458E-05   2.2279E-05   0.91828
FLUX  453   541.00        5.541451E+14   2.0098E-05   2.2231E-05   0.90405
FLUX  454   543.00        5.521041E+14   2.0360E-05   2.2183E-05   0.91781
FLUX  455   545.00        5.500780E+14   2.0964E-05   2.2136E-05   0.94708
FLUX  456   547.00        5.480667E+14   2.0634E-05   2.2089E-05   0.93416
FLUX  457   549.00        5.460701E+14   2.0604E-05   2.2042E-05   0.93478
FLUX  458   551.00        5.440880E+14   2.0460E-05   2.1995E-05   0.93020
FLUX  459   553.00        5.421203E+14   2.0662E-05   2.1948E-05   0.94138
FLUX  460   555.00        5.401667E+14   2.0705E-05   2.1902E-05   0.94536
FLUX  461   557.00        5.382271E+14   2.0604E-05   2.1856E-05   0.94273
FLUX  462   559.00        5.363014E+14   2.0526E-05   2.1810E-05   0.94112
FLUX  463   561.00        5.343895E+14   2.0818E-05   2.1764E-05   0.95653
FLUX  464   563.00        5.324911E+14   2.0843E-05   2.1731E-05   0.95913
FLUX  465   565.00        5.306062E+14   2.0614E-05   2.1686E-05   0.95056
FLUX  466   567.00        5.287346E+14   2.0256E-05   2.1641E-05   0.93599
FLUX  467   569.00        5.268761E+14   2.0648E-05   2.1596E-05   0.95612
FLUX  468   571.00        5.250306E+14   2.0590E-05   2.1551E-05   0.95539
FLUX  469   573.00        5.231981E+14   2.1170E-05   2.1506E-05   0.98436
FLUX  470   575.00        5.213783E+14   2.0775E-05   2.1462E-05   0.96800
FLUX  471   577.00        5.195711E+14   2.0888E-05   2.1418E-05   0.97526
FLUX  472   579.00        5.177763E+14   2.0592E-05   2.1373E-05   0.96344
FLUX  473   581.00        5.159940E+14   2.0705E-05   2.1329E-05   0.97072
FLUX  474   583.00        5.142238E+14   2.0788E-05   2.1285E-05   0.97663
FLUX  475   585.00        5.124658E+14   2.0726E-05   2.1242E-05   0.97570
FLUX  476   587.00        5.107198E+14   2.0772E-05   2.1198E-05   0.97989
FLUX  477   589.00        5.089856E+14   2.0199E-05   2.1155E-05   0.95483
FLUX  478   591.00        5.072631E+14   2.0626E-05   2.1111E-05   0.97700
FLUX  479   593.00        5.055523E+14   2.0560E-05   2.1068E-05   0.97587
FLUX  480   595.00        5.038529E+14   2.0512E-05   2.1025E-05   0.97557
FLUX  481   597.00        5.021650E+14   2.0600E-05   2.0983E-05   0.98177
FLUX  482   599.00        5.004883E+14   2.0332E-05   2.0940E-05   0.97098
FLUX  483   601.00        4.988228E+14   2.0023E-05   2.0897E-05   0.95816
FLUX  484   603.00        4.971683E+14   2.0332E-05   2.0855E-05   0.97493
FLUX  485   605.00        4.955248E+14   2.0248E-05   2.0813E-05   0.97285
FLUX  486   607.00        4.938921E+14   2.0455E-05   2.0771E-05   0.98477
FLUX  487   609.00        4.922701E+14   2.0182E-05   2.0730E-05   0.97361
FLUX  488   611.00        4.906588E+14   1.9926E-05   2.0688E-05   0.96317
FLUX  489   613.00        4.890579E+14   1.9649E-05   2.0647E-05   0.95170
FLUX  490   615.00        4.874675E+14   1.9337E-05   2.0605E-05   0.93844
FLUX  491   617.00        4.858874E+14   1.9482E-05   2.0564E-05   0.94740
FLUX  492   619.00        4.843174E+14   2.0074E-05   2.0523E-05   0.97812
FLUX  493   621.00        4.827576E+14   2.0097E-05   2.0482E-05   0.98118
FLUX  494   623.00        4.812079E+14   1.9708E-05   2.0441E-05   0.96416
FLUX  495   625.00        4.796680E+14   1.8935E-05   2.0400E-05   0.92816
FLUX  496   627.00        4.781380E+14   2.0033E-05   2.0381E-05   0.98296
FLUX  497   629.00        4.766176E+14   2.0018E-05   2.0340E-05   0.98417
FLUX  498   631.00        4.751070E+14   1.9446E-05   2.0299E-05   0.95795
FLUX  499   633.00        4.736058E+14   1.9672E-05   2.0259E-05   0.97101
FLUX  500   635.00        4.721142E+14   1.9513E-05   2.0221E-05   0.96499
FLUX  501   637.00        4.706319E+14   1.9531E-05   2.0180E-05   0.96784
FLUX  502   639.00        4.691588E+14   1.9649E-05   2.0140E-05   0.97561
FLUX  503   641.00        4.676950E+14   1.9345E-05   2.0100E-05   0.96240
FLUX  504   643.00        4.662403E+14   1.9537E-05   2.0061E-05   0.97388
FLUX  505   645.00        4.647946E+14   1.9100E-05   2.0021E-05   0.95402
FLUX  506   647.00        4.633578E+14   1.9543E-05   1.9981E-05   0.97808
FLUX  507   649.00        4.619299E+14   1.8992E-05   1.9942E-05   0.95237
FLUX  508   651.00        4.605108E+14   1.9290E-05   1.9905E-05   0.96906
FLUX  509   653.00        4.591003E+14   1.9306E-05   1.9866E-05   0.97182
FLUX  510   655.00        4.576985E+14   1.7751E-05   1.9838E-05   0.89477
FLUX  511   657.00        4.563052E+14   1.4152E-05   1.9799E-05   0.71477
FLUX  512   659.00        4.549203E+14   1.8810E-05   1.9760E-05   0.95192
FLUX  513   661.00        4.535439E+14   1.9154E-05   1.9721E-05   0.97124
FLUX  514   663.00        4.521757E+14   1.9356E-05   1.9682E-05   0.98341
FLUX  515   665.00        4.508158E+14   1.9305E-05   1.9643E-05   0.98275
FLUX  516   667.00        4.494640E+14   1.9136E-05   1.9605E-05   0.97607
FLUX  517   669.00        4.481203E+14   1.9259E-05   1.9566E-05   0.98430
FLUX  518   671.00        4.467846E+14   1.9201E-05   1.9528E-05   0.98325
FLUX  519   673.00        4.454569E+14   1.9191E-05   1.9489E-05   0.98468
FLUX  520   675.00        4.441370E+14   1.8948E-05   1.9451E-05   0.97417
FLUX  521   677.00        4.428250E+14   1.9230E-05   1.9413E-05   0.99057
FLUX  522   679.00        4.415206E+14   1.9072E-05   1.9375E-05   0.98438
FLUX  523   681.00        4.402239E+14   1.9119E-05   1.9336E-05   0.98875
FLUX  524   683.00        4.389348E+14   1.8957E-05   1.9298E-05   0.98229
FLUX  525   685.00        4.376533E+14   1.8901E-05   1.9261E-05   0.98131
FLUX  526   687.00        4.363792E+14   1.9026E-05   1.9223E-05   0.98978
FLUX  527   689.00        4.351125E+14   1.9010E-05   1.9185E-05   0.99089
FLUX  528   691.00        4.338531E+14   1.8939E-05   1.9148E-05   0.98911
FLUX  529   693.00        4.326010E+14   1.8854E-05   1.9110E-05   0.98662
FLUX  530   695.00        4.313561E+14   1.8854E-05   1.9073E-05   0.98853
FLUX  531   697.00        4.301184E+14   1.8778E-05   1.9035E-05   0.98646
FLUX  532   699.00        4.288877E+14   1.8810E-05   1.8998E-05   0.99008
FLUX  533   701.00        4.276641E+14   1.8381E-05   1.8961E-05   0.96938
FLUX  534   703.00        4.264474E+14   1.8640E-05   1.8924E-05   0.98496
FLUX  535   705.00        4.252376E+14   1.8650E-05   1.8887E-05   0.98744
FLUX  536   707.00        4.240347E+14   1.8653E-05   1.8850E-05   0.98950
FLUX  537   709.00        4.228385E+14   1.8628E-05   1.8814E-05   0.99010
FLUX  538   711.00        4.216491E+14   1.8016E-05   1.8777E-05   0.95947
FLUX  539   713.00        4.204663E+14   1.8291E-05   1.8741E-05   0.97602
FLUX  540   715.00        4.192902E+14   1.8351E-05   1.8704E-05   0.98114
FLUX  541   717.00        4.181206E+14   1.8291E-05   1.8668E-05   0.97985
FLUX  542   719.00        4.169576E+14   1.8128E-05   1.8631E-05   0.97301
FLUX  543   721.00        4.158010E+14   1.8229E-05   1.8595E-05   0.98035
FLUX  544   723.00        4.146508E+14   1.8137E-05   1.8559E-05   0.97731
FLUX  545   725.00        4.135069E+14   1.8053E-05   1.8529E-05   0.97433
FLUX  546   727.00        4.123693E+14   1.8227E-05   1.8492E-05   0.98564
FLUX  547   729.00        4.112380E+14   1.7963E-05   1.8456E-05   0.97329
FLUX  548   731.00        4.101129E+14   1.7967E-05   1.8434E-05   0.97469
FLUX  549   733.00        4.089939E+14   1.8034E-05   1.8398E-05   0.98020
FLUX  550   735.00        4.078810E+14   1.8040E-05   1.8362E-05   0.98247
FLUX  551   737.00        4.067741E+14   1.8140E-05   1.8326E-05   0.98986
FLUX  552   739.00        4.056732E+14   1.7885E-05   1.8290E-05   0.97784
FLUX  553   741.00        4.045783E+14   1.7705E-05   1.8255E-05   0.96990
FLUX  554   743.00        4.034892E+14   1.7534E-05   1.8219E-05   0.96239
FLUX  555   745.00        4.024060E+14   1.7673E-05   1.8184E-05   0.97189
FLUX  556   747.00        4.013286E+14   1.7552E-05   1.8148E-05   0.96711
FLUX  557   749.00        4.002570E+14   1.7648E-05   1.8113E-05   0.97430
FLUX  558   751.00        3.991911E+14   1.7683E-05   1.8078E-05   0.97815
FLUX  559   753.00        3.981308E+14   1.7718E-05   1.8043E-05   0.98200
FLUX  560   755.00        3.970762E+14   1.7881E-05   1.8008E-05   0.99296
FLUX  561   757.00        3.960271E+14   1.7684E-05   1.7972E-05   0.98393
FLUX  562   759.00        3.949835E+14   1.7755E-05   1.7938E-05   0.98985
FLUX  563   761.00        3.939455E+14   1.7726E-05   1.7903E-05   0.99010
FLUX  564   763.00        3.929128E+14   1.7716E-05   1.7868E-05   0.99150
FLUX  565   765.00        3.918856E+14   1.7548E-05   1.7833E-05   0.98401
FLUX  566   767.00        3.908638E+14   1.7340E-05   1.7799E-05   0.97421
FLUX  567   769.00        3.898472E+14   1.7452E-05   1.7764E-05   0.98246
FLUX  568   771.00        3.888359E+14   1.7393E-05   1.7729E-05   0.98101
FLUX  569   773.00        3.878299E+14   1.7473E-05   1.7695E-05   0.98746
FLUX  570   775.00        3.868290E+14   1.7395E-05   1.7661E-05   0.98496
FLUX  571   777.00        3.858333E+14   1.7016E-05   1.7626E-05   0.96536
FLUX  572   779.00        3.848427E+14   1.7494E-05   1.7592E-05   0.99443
FLUX  573   781.00        3.838572E+14   1.7402E-05   1.7558E-05   0.99112
FLUX  574   783.00        3.828768E+14   1.7185E-05   1.7524E-05   0.98066
FLUX  575   785.00        3.819013E+14   1.7019E-05   1.7490E-05   0.97311
FLUX  576   787.00        3.809307E+14   1.7171E-05   1.7456E-05   0.98368
FLUX  577   789.00        3.799651E+14   1.7035E-05   1.7422E-05   0.97778
FLUX  578   791.00        3.790044E+14   1.6931E-05   1.7388E-05   0.97370
FLUX  579   793.00        3.780485E+14   1.6934E-05   1.7354E-05   0.97577
FLUX  580   795.00        3.770975E+14   1.6821E-05   1.7321E-05   0.97112
FLUX  581   797.00        3.761512E+14   1.7175E-05   1.7287E-05   0.99351
FLUX  582   799.00        3.752096E+14   1.6852E-05   1.7254E-05   0.97670
FLUX  583   801.00        3.742728E+14   1.7012E-05   1.7220E-05   0.98792
FLUX  584   803.00        3.733406E+14   1.6863E-05   1.7187E-05   0.98118
FLUX  585   805.00        3.724130E+14   1.6954E-05   1.7153E-05   0.98836
FLUX  586   807.00        3.714901E+14   1.6872E-05   1.7120E-05   0.98554
FLUX  587   809.00        3.705717E+14   1.6819E-05   1.7087E-05   0.98434
FLUX  588   811.00        3.696578E+14   1.6936E-05   1.7054E-05   0.99311
FLUX  589   813.00        3.687485E+14   1.6960E-05   1.7020E-05   0.99646
FLUX  590   815.00        3.678436E+14   1.6905E-05   1.6987E-05   0.99514
FLUX  591   817.00        3.669431E+14   1.6878E-05   1.6955E-05   0.99550
FLUX  592   819.00        3.660470E+14   1.6400E-05   1.6922E-05   0.96920
FLUX  593   821.00        3.651553E+14   1.6382E-05   2.1086E-05   0.77689
FLUX  594   823.00        3.642679E+14   1.6404E-05   2.1034E-05   0.77987
FLUX  595   825.00        3.633848E+14   1.6448E-05   2.0982E-05   0.78388
FLUX  596   827.00        3.625060E+14   1.6752E-05   2.0931E-05   0.80033
FLUX  597   829.00        3.616315E+14   1.6665E-05   2.0880E-05   0.79815
FLUX  598   831.00        3.607611E+14   1.6520E-05   2.0829E-05   0.79315
FLUX  599   833.00        3.598950E+14   1.6229E-05   2.0778E-05   0.78109
FLUX  600   835.00        3.590329E+14   1.6487E-05   2.0727E-05   0.79544
FLUX  601   837.00        3.581750E+14   1.6281E-05   2.0676E-05   0.78741
FLUX  602   839.00        3.573212E+14   1.6243E-05   2.0626E-05   0.78752
FLUX  603   841.00        3.564715E+14   1.6238E-05   2.0576E-05   0.78916
FLUX  604   843.00        3.556257E+14   1.6470E-05   2.0526E-05   0.80240
FLUX  605   845.00        3.547840E+14   1.6134E-05   2.0476E-05   0.78795
FLUX  606   847.00        3.539463E+14   1.5821E-05   2.0427E-05   0.77451
FLUX  607   849.00        3.531125E+14   1.6781E-05   2.0378E-05   0.82352
FLUX  608   851.00        3.522826E+14   1.4937E-05   2.0328E-05   0.73480
FLUX  609   853.00        3.514566E+14   1.7004E-05   2.0279E-05   0.83848
FLUX  610   855.00        3.506345E+14   1.3016E-05   2.0231E-05   0.64339
FLUX  611   857.00        3.498162E+14   1.8025E-05   2.0182E-05   0.89312
FLUX  612   859.00        3.490017E+14   1.6919E-05   2.0134E-05   0.84033
FLUX  613   861.00        3.481911E+14   1.6476E-05   2.0086E-05   0.82029
FLUX  614   863.00        3.473841E+14   1.8615E-05   2.0038E-05   0.92899
FLUX  615   865.00        3.465809E+14   1.7975E-05   1.9990E-05   0.89919
FLUX  616   867.00        3.457814E+14   1.3329E-05   1.9942E-05   0.66841
FLUX  617   869.00        3.449856E+14   1.7953E-05   1.9895E-05   0.90241
FLUX  618   871.00        3.441935E+14   1.9058E-05   1.9847E-05   0.96023
FLUX  619   873.00        3.434049E+14   1.8672E-05   1.9800E-05   0.94301
FLUX  620   875.00        3.426200E+14   1.5225E-05   1.9753E-05   0.77077
FLUX  621   877.00        3.418387E+14   1.8422E-05   1.9707E-05   0.93481
FLUX  622   879.00        3.410609E+14   1.9150E-05   1.9660E-05   0.97405
FLUX  623   881.00        3.402866E+14   1.9066E-05   1.9614E-05   0.97211
FLUX  624   883.00        3.395159E+14   1.8446E-05   1.9567E-05   0.94271
FLUX  625   885.00        3.387486E+14   1.7602E-05   1.9521E-05   0.90166
FLUX  626   887.00        3.379848E+14   1.5130E-05   1.9475E-05   0.77688
FLUX  627   889.00        3.372244E+14   1.8525E-05   1.9430E-05   0.95344
FLUX  628   891.00        3.364675E+14   1.8864E-05   1.9384E-05   0.97319
FLUX  629   893.00        3.357139E+14   1.8700E-05   1.9339E-05   0.96696
FLUX  630   895.00        3.349637E+14   1.8919E-05   1.9293E-05   0.98062
FLUX  631   897.00        3.342168E+14   1.8721E-05   1.9248E-05   0.97258
FLUX  632   899.00        3.334733E+14   1.8463E-05   1.9203E-05   0.96143
FLUX  633   901.00        3.327331E+14   1.5394E-05   1.9159E-05   0.80348
FLUX  634   903.00        3.319961E+14   1.7036E-05   1.9114E-05   0.89128
FLUX  635   905.00        3.312624E+14   1.8603E-05   1.9070E-05   0.97553
FLUX  636   907.00        3.305320E+14   1.8044E-05   1.9025E-05   0.94845
FLUX  637   909.00        3.298047E+14   1.7786E-05   1.8981E-05   0.93706
FLUX  638   911.00        3.290807E+14   1.8244E-05   1.8937E-05   0.96338
FLUX  639   913.00        3.283598E+14   1.8496E-05   1.8893E-05   0.97899
FLUX  640   915.00        3.276421E+14   1.8664E-05   1.8849E-05   0.99014
FLUX  641   917.00        3.269275E+14   1.8461E-05   1.8806E-05   0.98165
FLUX  642   919.00        3.262160E+14   1.8210E-05   1.8763E-05   0.97057
FLUX  643   921.00        3.255076E+14   1.7551E-05   1.8719E-05   0.93757
FLUX  644   923.00        3.248023E+14   1.4311E-05   1.8676E-05   0.76624
FLUX  645   925.00        3.241000E+14   1.7017E-05   1.8633E-05   0.91323
FLUX  646   927.00        3.234008E+14   1.7566E-05   1.8591E-05   0.94490
FLUX  647   929.00        3.227045E+14   1.8264E-05   1.8548E-05   0.98468
FLUX  648   931.00        3.220113E+14   1.8309E-05   1.8506E-05   0.98939
FLUX  649   933.00        3.213210E+14   1.8161E-05   1.8463E-05   0.98363
FLUX  650   935.00        3.206337E+14   1.8245E-05   1.8421E-05   0.99046
FLUX  651   937.00        3.199493E+14   1.8278E-05   1.8379E-05   0.99450
FLUX  652   939.00        3.192678E+14   1.7974E-05   1.8337E-05   0.98018
FLUX  653   941.00        3.185893E+14   1.7175E-05   1.8296E-05   0.93874
FLUX  654   943.00        3.179136E+14   1.7775E-05   1.8254E-05   0.97378
FLUX  655   945.00        3.172407E+14   1.7755E-05   1.8213E-05   0.97490
FLUX  656   947.00        3.165707E+14   1.7930E-05   1.8171E-05   0.98674
FLUX  657   949.00        3.159036E+14   1.7987E-05   1.8130E-05   0.99211
FLUX  658   951.00        3.152392E+14   1.7757E-05   1.8089E-05   0.98162
FLUX  659   953.00        3.145776E+14   1.7105E-05   1.8048E-05   0.94772
FLUX  660   955.00        3.139188E+14   1.4144E-05   1.8007E-05   0.78548
FLUX  661   957.00        3.132628E+14   1.7140E-05   1.7967E-05   0.95399
FLUX  662   959.00        3.126095E+14   1.7642E-05   1.7926E-05   0.98417
FLUX  663   961.00        3.119589E+14   1.7427E-05   1.7886E-05   0.97435
FLUX  664   963.00        3.113110E+14   1.7065E-05   1.7846E-05   0.95622
FLUX  665   965.00        3.106658E+14   1.7426E-05   1.7806E-05   0.97868
FLUX  666   967.00        3.100233E+14   1.7107E-05   1.7766E-05   0.96290
FLUX  667   969.00        3.093834E+14   1.7036E-05   1.7726E-05   0.96106
FLUX  668   971.00        3.087461E+14   1.7569E-05   1.7686E-05   0.99336
FLUX  669   973.00        3.081115E+14   1.7451E-05   1.7647E-05   0.98893
FLUX  670   975.00        3.074795E+14   1.7102E-05   1.7607E-05   0.97131
FLUX  671   977.00        3.068501E+14   1.7439E-05   1.7568E-05   0.99265
FLUX  672   979.00        3.062232E+14   1.7359E-05   1.7529E-05   0.99031
FLUX  673   981.00        3.055989E+14   1.7310E-05   1.7490E-05   0.98971
FLUX  674   983.00        3.049771E+14   1.7225E-05   1.7451E-05   0.98706
FLUX  675   985.00        3.043579E+14   1.6987E-05   1.7412E-05   0.97562
FLUX  676   987.00        3.037411E+14   1.7012E-05   1.7373E-05   0.97920
FLUX  677   989.00        3.031269E+14   1.6877E-05   1.7334E-05   0.97361
FLUX  678   991.00        3.025151E+14   1.6877E-05   1.7296E-05   0.97575
FLUX  679   993.00        3.019058E+14   1.7041E-05   1.7258E-05   0.98744
FLUX  680   995.00        3.012990E+14   1.6908E-05   1.7219E-05   0.98189
FLUX  681   997.00        3.006946E+14   1.7001E-05   1.7181E-05   0.98949
FLUX  682   999.00        3.000926E+14   1.6945E-05   1.7143E-05   0.98842
FLUX  683  1002.50        2.990449E+14   1.6158E-05   1.7077E-05   0.94618
FLUX  684  1007.50        2.975608E+14   1.5499E-05   1.6983E-05   0.91260
FLUX  685  1012.50        2.960914E+14   1.6384E-05   1.6890E-05   0.97005
FLUX  686  1017.50        2.946364E+14   1.6492E-05   1.6798E-05   0.98181
FLUX  687  1022.50        2.931956E+14   1.6533E-05   1.6706E-05   0.98962
FLUX  688  1027.50        2.917689E+14   1.6528E-05   1.6616E-05   0.99472
FLUX  689  1032.50        2.903559E+14   1.6274E-05   1.6526E-05   0.98477
FLUX  690  1037.50        2.889566E+14   1.6239E-05   1.6436E-05   0.98801
FLUX  691  1042.50        2.875707E+14   1.6167E-05   1.6348E-05   0.98895
FLUX  692  1047.50        2.861981E+14   1.5706E-05   1.6260E-05   0.96596
FLUX  693  1052.50        2.848385E+14   1.5760E-05   1.6172E-05   0.97449
FLUX  694  1057.50        2.834917E+14   1.5798E-05   1.6086E-05   0.98212
FLUX  695  1062.50        2.821576E+14   1.5767E-05   1.6000E-05   0.98547
FLUX  696  1067.50        2.808361E+14   1.5321E-05   1.5914E-05   0.96272
FLUX  697  1072.50        2.795268E+14   1.5452E-05   1.5829E-05   0.97614
FLUX  698  1077.50        2.782297E+14   1.5379E-05   1.5745E-05   0.97674
FLUX  699  1082.50        2.769446E+14   1.5295E-05   1.5662E-05   0.97662
FLUX  700  1087.50        2.756713E+14   1.5233E-05   1.5579E-05   0.97783
FLUX  701  1092.50        2.744096E+14   1.3788E-05   1.5497E-05   0.88978
FLUX  702  1097.50        2.731595E+14   1.4760E-05   1.5415E-05   0.95752
FLUX  703  1102.50        2.719206E+14   1.5192E-05   1.5334E-05   0.99078
FLUX  704  1107.50        2.706930E+14   1.5163E-05   1.5253E-05   0.99407
FLUX  705  1112.50        2.694764E+14   1.4981E-05   1.5173E-05   0.98730
FLUX  706  1117.50        2.682707E+14   1.4920E-05   1.5094E-05   0.98848
FLUX  707  1122.50        2.670757E+14   1.4907E-05   1.5015E-05   0.99276
FLUX  708  1127.50        2.658914E+14   1.4391E-05   1.4937E-05   0.96344
FLUX  709  1132.50        2.647174E+14   1.4376E-05   1.4860E-05   0.96743
FLUX  710  1137.50        2.635538E+14   1.4521E-05   1.4783E-05   0.98229
FLUX  711  1142.50        2.624004E+14   1.4264E-05   1.4706E-05   0.96993
FLUX  712  1147.50        2.612571E+14   1.4537E-05   1.4630E-05   0.99364
FLUX  713  1152.50        2.601236E+14   1.4481E-05   1.4555E-05   0.99494
FLUX  714  1157.50        2.590000E+14   1.4325E-05   1.4480E-05   0.98930
FLUX  715  1162.50        2.578860E+14   1.3986E-05   1.4406E-05   0.97088
FLUX  716  1167.50        2.567816E+14   1.3834E-05   1.4332E-05   0.96530
FLUX  717  1172.50        2.556866E+14   1.4164E-05   1.4258E-05   0.99338
FLUX  718  1177.50        2.546008E+14   1.3742E-05   1.4186E-05   0.96871
FLUX  719  1182.50        2.535243E+14   1.3786E-05   1.4113E-05   0.97680
FLUX  720  1187.50        2.524568E+14   1.3606E-05   1.4041E-05   0.96897
FLUX  721  1192.50        2.513983E+14   1.3948E-05   1.3970E-05   0.99845
FLUX  722  1197.50        2.503486E+14   1.3601E-05   1.3899E-05   0.97852
FLUX  723  1202.50        2.493077E+14   1.3678E-05   1.3829E-05   0.98908
FLUX  724  1207.50        2.482754E+14   1.3539E-05   1.3759E-05   0.98400
FLUX  725  1212.50        2.472515E+14   1.3501E-05   1.3690E-05   0.98624
FLUX  726  1217.50        2.462361E+14   1.3500E-05   1.3621E-05   0.99118
FLUX  727  1222.50        2.452290E+14   1.3374E-05   1.3552E-05   0.98690
FLUX  728  1227.50        2.442301E+14   1.3322E-05   1.3484E-05   0.98799
FLUX  729  1232.50        2.432394E+14   1.3261E-05   1.3416E-05   0.98845
FLUX  730  1237.50        2.422566E+14   1.3224E-05   1.3349E-05   0.99064
FLUX  731  1242.50        2.412817E+14   1.3217E-05   1.3283E-05   0.99509
FLUX  732  1247.50        2.403146E+14   1.3086E-05   1.3216E-05   0.99017
FLUX  733  1252.50        2.393553E+14   1.2985E-05   1.3151E-05   0.98742
FLUX  734  1257.50        2.384036E+14   1.2828E-05   1.3085E-05   0.98031
FLUX  735  1262.50        2.374594E+14   1.2872E-05   1.3020E-05   0.98864
FLUX  736  1267.50        2.365227E+14   1.2856E-05   1.2956E-05   0.99233
FLUX  737  1272.50        2.355933E+14   1.2846E-05   1.2892E-05   0.99642
FLUX  738  1277.50        2.346712E+14   1.2678E-05   1.2828E-05   0.98828
FLUX  739  1282.50        2.337563E+14   1.1389E-05   1.2765E-05   0.89217
FLUX  740  1287.50        2.328485E+14   1.2550E-05   1.2702E-05   0.98801
FLUX  741  1292.50        2.319478E+14   1.2515E-05   1.2640E-05   0.99011
FLUX  742  1297.50        2.310539E+14   1.2494E-05   1.2578E-05   0.99331
FLUX  743  1302.50        2.301670E+14   1.2448E-05   1.2516E-05   0.99453
FLUX  744  1307.50        2.292868E+14   1.2423E-05   1.2455E-05   0.99742
FLUX  745  1312.50        2.284133E+14   1.2311E-05   1.2394E-05   0.99329
FLUX  746  1317.50        2.275465E+14   1.2175E-05   1.2334E-05   0.98709
FLUX  747  1322.50        2.266862E+14   1.2221E-05   1.2274E-05   0.99565
FLUX  748  1327.50        2.258324E+14   1.2136E-05   1.2214E-05   0.99360
FLUX  749  1332.50        2.249850E+14   1.2107E-05   1.2155E-05   0.99601
FLUX  750  1337.50        2.241439E+14   1.2043E-05   1.2096E-05   0.99559
FLUX  751  1342.50        2.233091E+14   1.1971E-05   1.2038E-05   0.99442
FLUX  752  1347.50        2.224805E+14   1.1924E-05   1.1980E-05   0.99536
FLUX  753  1352.50        2.216580E+14   1.1815E-05   1.1922E-05   0.99106
FLUX  754  1357.50        2.208416E+14   1.1714E-05   1.1864E-05   0.98732
FLUX  755  1362.50        2.200312E+14   1.1734E-05   1.1807E-05   0.99376
FLUX  756  1367.50        2.192267E+14   1.1632E-05   1.1751E-05   0.98992
FLUX  757  1372.50        2.184281E+14   1.1433E-05   1.1694E-05   0.97761
FLUX  758  1377.50        2.176352E+14   1.1504E-05   1.1638E-05   0.98844
FLUX  759  1382.50        2.168481E+14   1.1476E-05   1.1583E-05   0.99082
FLUX  760  1387.50        2.160667E+14   1.1500E-05   1.1527E-05   0.99767
FLUX  761  1392.50        2.152908E+14   1.1332E-05   1.1472E-05   0.98772
FLUX  762  1397.50        2.145206E+14   1.1324E-05   1.1418E-05   0.99176
FLUX  763  1402.50        2.137558E+14   1.1281E-05   1.1363E-05   0.99279
FLUX  764  1407.50        2.129964E+14   1.1272E-05   1.1309E-05   0.99672
FLUX  765  1412.50        2.122425E+14   1.1160E-05   1.1256E-05   0.99148
FLUX  766  1417.50        2.114938E+14   1.1133E-05   1.1202E-05   0.99383
FLUX  767  1422.50        2.107504E+14   1.1049E-05   1.1149E-05   0.99103
FLUX  768  1427.50        2.100123E+14   1.0971E-05   1.1097E-05   0.98873
FLUX  769  1432.50        2.092792E+14   1.0965E-05   1.1044E-05   0.99279
FLUX  770  1437.50        2.085513E+14   1.0966E-05   1.0992E-05   0.99763
FLUX  771  1442.50        2.078284E+14   1.0563E-05   1.0940E-05   0.96557
FLUX  772  1447.50        2.071105E+14   1.0808E-05   1.0889E-05   0.99260
FLUX  773  1452.50        2.063976E+14   1.0569E-05   1.0837E-05   0.97524
FLUX  774  1457.00        2.057601E+14   1.0706E-05   1.0792E-05   0.99208
FLUX  775  1462.00        2.050564E+14   1.0606E-05   1.1500E-05   0.92223
FLUX  776  1467.50        2.042879E+14   1.0623E-05   1.1440E-05   0.92857
FLUX  777  1472.50        2.035942E+14   1.0502E-05   1.1385E-05   0.92237
FLUX  778  1477.50        2.029052E+14   1.0406E-05   1.1331E-05   0.91833
FLUX  779  1482.50        2.022209E+14   1.0411E-05   1.1277E-05   0.92317
FLUX  780  1487.50        2.015412E+14   1.0309E-05   1.1224E-05   0.91848
FLUX  781  1492.50        2.008660E+14   1.0416E-05   1.1170E-05   0.93246
FLUX  782  1497.50        2.001953E+14   1.0289E-05   1.1117E-05   0.92554
FLUX  783  1502.50        1.995291E+14   1.0184E-05   1.1064E-05   0.92047
FLUX  784  1507.50        1.988673E+14   1.0091E-05   1.1012E-05   0.91640
FLUX  785  1512.50        1.982099E+14   1.0134E-05   1.0959E-05   0.92470
FLUX  786  1517.50        1.975568E+14   1.0110E-05   1.0907E-05   0.92688
FLUX  787  1522.50        1.969080E+14   1.0144E-05   1.0856E-05   0.93444
FLUX  788  1527.50        1.962635E+14   9.9405E-06   1.0804E-05   0.92005
FLUX  789  1532.50        1.956232E+14   9.8996E-06   1.0753E-05   0.92063
FLUX  790  1537.50        1.949870E+14   1.0061E-05   1.0702E-05   0.94011
FLUX  791  1542.50        1.943549E+14   9.6377E-06   1.0652E-05   0.90482
FLUX  792  1547.50        1.937270E+14   9.9909E-06   1.0601E-05   0.94243
FLUX  793  1552.50        1.931031E+14   1.0026E-05   1.0551E-05   0.95028
FLUX  794  1557.50        1.924831E+14   9.4737E-06   1.0501E-05   0.90216
FLUX  795  1562.50        1.918672E+14   1.0092E-05   1.0451E-05   0.96566
FLUX  796  1567.50        1.912552E+14   9.8096E-06   1.0402E-05   0.94306
FLUX  797  1572.50        1.906471E+14   9.3803E-06   1.0353E-05   0.90607
FLUX  798  1577.50        1.900428E+14   9.8825E-06   1.0304E-05   0.95912
FLUX  799  1582.50        1.894423E+14   9.9526E-06   1.0255E-05   0.97052
FLUX  800  1587.50        1.888457E+14   8.9814E-06   1.0206E-05   0.87998
FLUX  801  1592.50        1.882527E+14   9.8192E-06   1.0158E-05   0.96664
FLUX  802  1597.50        1.876635E+14   9.9283E-06   1.0110E-05   0.98204
FLUX  803  1605.00        1.867866E+14   9.7678E-06   1.0038E-05   0.97308
FLUX  804  1615.00        1.856300E+14   9.3088E-06   9.9428E-06   0.93624
FLUX  805  1625.00        1.844877E+14   9.7691E-06   9.8481E-06   0.99198
FLUX  806  1635.00        1.833593E+14   9.5126E-06   9.7537E-06   0.97528
FLUX  807  1645.00        1.822447E+14   9.0268E-06   9.6591E-06   0.93453
FLUX  808  1655.00        1.811435E+14   9.4662E-06   9.5649E-06   0.98968
FLUX  809  1665.00        1.800556E+14   9.4004E-06   9.4721E-06   0.99243
FLUX  810  1675.00        1.789806E+14   9.1759E-06   9.3806E-06   0.97817
FLUX  811  1685.00        1.779184E+14   8.7182E-06   9.2905E-06   0.93840
FLUX  812  1695.00        1.768687E+14   9.1464E-06   9.2016E-06   0.99399
FLUX  813  1705.00        1.758314E+14   8.9793E-06   9.1141E-06   0.98521
FLUX  814  1715.00        1.748061E+14   8.9742E-06   9.0277E-06   0.99407
FLUX  815  1725.00        1.737928E+14   8.7876E-06   8.9426E-06   0.98267
FLUX  816  1735.00        1.727911E+14   8.1877E-06   8.8587E-06   0.92426
FLUX  817  1745.00        1.718009E+14   8.5589E-06   8.7760E-06   0.97527
FLUX  818  1755.00        1.708219E+14   8.5597E-06   8.6944E-06   0.98450
FLUX  819  1765.00        1.698541E+14   8.4738E-06   8.6140E-06   0.98372
FLUX  820  1775.00        1.688972E+14   8.4263E-06   8.5347E-06   0.98729
FLUX  821  1785.00        1.679510E+14   8.3350E-06   8.4565E-06   0.98563
FLUX  822  1795.00        1.670153E+14   8.3362E-06   8.3794E-06   0.99485
FLUX  823  1805.00        1.660900E+14   8.1729E-06   8.3033E-06   0.98430
FLUX  824  1815.00        1.651749E+14   7.7136E-06   8.2282E-06   0.93746
FLUX  825  1825.00        1.642699E+14   7.9935E-06   8.1542E-06   0.98030
FLUX  826  1835.00        1.633747E+14   8.0220E-06   8.0811E-06   0.99269
FLUX  827  1845.00        1.624892E+14   7.9451E-06   8.0090E-06   0.99202
FLUX  828  1855.00        1.616132E+14   7.8365E-06   7.9379E-06   0.98723
FLUX  829  1865.00        1.607466E+14   7.7869E-06   7.8677E-06   0.98973
FLUX  830  1875.00        1.598893E+14   7.2502E-06   7.7985E-06   0.92969
FLUX  831  1885.00        1.590411E+14   7.6255E-06   7.7302E-06   0.98645
FLUX  832  1895.00        1.582018E+14   7.5047E-06   7.6628E-06   0.97937
FLUX  833  1905.00        1.573714E+14   7.5698E-06   7.5962E-06   0.99652
FLUX  834  1915.00        1.565496E+14   7.4923E-06   7.5305E-06   0.99492
FLUX  835  1925.00        1.557364E+14   7.4234E-06   7.4657E-06   0.99433
FLUX  836  1935.00        1.549315E+14   7.3342E-06   7.4017E-06   0.99088
FLUX  837  1945.00        1.541350E+14   6.8655E-06   7.3386E-06   0.93554
FLUX  838  1955.00        1.533465E+14   7.2282E-06   7.2762E-06   0.99340
FLUX  839  1965.00        1.525662E+14   7.1789E-06   7.2146E-06   0.99505
FLUX  840  1975.00        1.517937E+14   7.0894E-06   7.1538E-06   0.99100
FLUX  841  1985.00        1.510290E+14   7.0570E-06   7.0938E-06   0.99482
FLUX  842  1995.00        1.502719E+14   7.0008E-06   7.0344E-06   0.99522
FLUX  843  2005.00        1.495224E+14   6.9545E-06   6.9759E-06   0.99694
FLUX  844  2015.00        1.487804E+14   6.9077E-06   6.9180E-06   0.99852
FLUX  845  2025.00        1.480457E+14   6.8299E-06   6.8609E-06   0.99548
FLUX  846  2035.00        1.473182E+14   6.7579E-06   6.8045E-06   0.99316
FLUX  847  2045.00        1.465978E+14   6.7410E-06   6.7487E-06   0.99885
FLUX  848  2055.00        1.458844E+14   6.6778E-06   6.6937E-06   0.99763
FLUX  849  2065.00        1.451780E+14   6.6020E-06   6.6393E-06   0.99439
FLUX  850  2075.00        1.444783E+14   6.5513E-06   6.5856E-06   0.99479
FLUX  851  2085.00        1.437854E+14   6.5062E-06   6.5325E-06   0.99597
FLUX  852  2095.00        1.430990E+14   6.4494E-06   6.4801E-06   0.99526
FLUX  853  2105.00        1.424192E+14   6.4014E-06   6.4283E-06   0.99582
FLUX  854  2115.00        1.417459E+14   6.3228E-06   6.3771E-06   0.99149
FLUX  855  2125.00        1.410788E+14   6.2836E-06   6.3266E-06   0.99320
FLUX  856  2135.00        1.404180E+14   6.2283E-06   6.2766E-06   0.99230
FLUX  857  2145.00        1.397634E+14   6.2103E-06   6.2273E-06   0.99727
FLUX  858  2155.00        1.391148E+14   6.1592E-06   6.1785E-06   0.99688
FLUX  859  2165.00        1.384723E+14   5.7670E-06   6.1303E-06   0.94075
FLUX  860  2175.00        1.378356E+14   6.0319E-06   6.0826E-06   0.99167
FLUX  861  2185.00        1.372048E+14   6.0099E-06   6.0355E-06   0.99576
FLUX  862  2195.00        1.365797E+14   5.9842E-06   5.9889E-06   0.99921
FLUX  863  2205.00        1.359603E+14   5.9025E-06   5.9429E-06   0.99320
FLUX  864  2215.00        1.353465E+14   5.8569E-06   5.8974E-06   0.99313
FLUX  865  2225.00        1.347382E+14   5.8442E-06   5.8524E-06   0.99860
FLUX  866  2235.00        1.341353E+14   5.7979E-06   5.8080E-06   0.99827
FLUX  867  2245.00        1.335379E+14   5.7561E-06   5.7640E-06   0.99863
FLUX  868  2255.00        1.329457E+14   5.6701E-06   5.7205E-06   0.99118
FLUX  869  2265.00        1.323587E+14   5.6529E-06   5.6776E-06   0.99566
FLUX  870  2275.00        1.317769E+14   5.6204E-06   5.6351E-06   0.99739
FLUX  871  2285.00        1.312002E+14   5.5767E-06   5.7289E-06   0.97343
FLUX  872  2295.00        1.306285E+14   5.5221E-06   5.6857E-06   0.97122
FLUX  873  2305.00        1.300618E+14   5.5049E-06   5.6430E-06   0.97552
FLUX  874  2315.00        1.295000E+14   5.4580E-06   5.6008E-06   0.97451
FLUX  875  2325.00        1.289430E+14   5.4303E-06   5.5591E-06   0.97684
FLUX  876  2335.00        1.283908E+14   5.3854E-06   5.5178E-06   0.97600
FLUX  877  2345.00        1.278433E+14   5.3498E-06   5.4770E-06   0.97679
FLUX  878  2355.00        1.273004E+14   5.3116E-06   5.4366E-06   0.97700
FLUX  879  2365.00        1.267622E+14   5.2744E-06   5.3967E-06   0.97734
FLUX  880  2375.00        1.262284E+14   5.2282E-06   5.3572E-06   0.97591
FLUX  881  2385.00        1.256992E+14   5.1888E-06   5.3182E-06   0.97567
FLUX  882  2395.00        1.251743E+14   5.1520E-06   5.2796E-06   0.97583
FLUX  883  2405.00        1.246538E+14   5.1025E-06   5.2414E-06   0.97351
FLUX  884  2415.00        1.241377E+14   5.0616E-06   5.2036E-06   0.97272
FLUX  885  2425.00        1.236258E+14   5.0616E-06   5.1662E-06   0.97974
FLUX  886  2435.00        1.231181E+14   4.9792E-06   5.1292E-06   0.97074
FLUX  887  2445.00        1.226145E+14   4.9446E-06   5.0927E-06   0.97093
FLUX  888  2455.00        1.221151E+14   4.9448E-06   5.0565E-06   0.97792
FLUX  889  2465.00        1.216197E+14   4.8897E-06   5.0207E-06   0.97392
FLUX  890  2475.00        1.211283E+14   4.8553E-06   4.9852E-06   0.97393
FLUX  891  2485.00        1.206408E+14   4.8605E-06   4.9502E-06   0.98188
FLUX  892  2495.00        1.201573E+14   4.6938E-06   4.9155E-06   0.95489
FLUX  893  2505.00        1.196776E+14   4.8195E-06   4.8812E-06   0.98737
FLUX  894  2515.00        1.192018E+14   4.7830E-06   4.8472E-06   0.98674
FLUX  895  2525.00        1.187297E+14   4.5945E-06   4.8136E-06   0.95448
FLUX  896  2535.00        1.182613E+14   4.7216E-06   4.7804E-06   0.98770
FLUX  897  2545.00        1.177967E+14   4.6981E-06   4.7475E-06   0.98960
FLUX  898  2555.00        1.173356E+14   4.6466E-06   4.7149E-06   0.98552
FLUX  899  2565.00        1.168782E+14   4.4275E-06   4.6826E-06   0.94552
FLUX  900  2575.00        1.164243E+14   4.5966E-06   4.6507E-06   0.98835
FLUX  901  2585.00        1.159739E+14   4.5604E-06   4.6192E-06   0.98729
FLUX  902  2595.00        1.155270E+14   4.5614E-06   4.5879E-06   0.99422
FLUX  903  2605.00        1.150835E+14   4.5035E-06   4.5569E-06   0.98828
FLUX  904  2615.00        1.146434E+14   4.2810E-06   4.5263E-06   0.94581
FLUX  905  2625.00        1.142067E+14   4.2069E-06   4.4960E-06   0.93571
FLUX  906  2635.00        1.137732E+14   4.4209E-06   4.4659E-06   0.98992
FLUX  907  2645.00        1.133431E+14   4.4155E-06   4.4362E-06   0.99534
FLUX  908  2655.00        1.129162E+14   4.3835E-06   4.4068E-06   0.99471
FLUX  909  2665.00        1.124925E+14   4.3258E-06   4.3776E-06   0.98815
FLUX  910  2675.00        1.120720E+14   4.1018E-06   4.3488E-06   0.94322
FLUX  911  2685.00        1.116546E+14   4.2916E-06   4.3202E-06   0.99338
FLUX  912  2695.00        1.112403E+14   4.2848E-06   4.2919E-06   0.99834
FLUX  913  2705.00        1.108290E+14   4.2486E-06   4.2639E-06   0.99643
FLUX  914  2715.00        1.104208E+14   4.2300E-06   4.2361E-06   0.99855
FLUX  915  2725.00        1.100156E+14   4.2019E-06   4.2087E-06   0.99839
FLUX  916  2735.00        1.096133E+14   4.1730E-06   4.1815E-06   0.99798
FLUX  917  2745.00        1.092140E+14   4.1486E-06   4.1545E-06   0.99858
FLUX  918  2755.00        1.088176E+14   3.9221E-06   4.1278E-06   0.95015
FLUX  919  2765.00        1.084241E+14   4.0316E-06   4.1014E-06   0.98298
FLUX  920  2775.00        1.080333E+14   4.0665E-06   4.0752E-06   0.99786
FLUX  921  2785.00        1.076454E+14   4.0435E-06   4.0493E-06   0.99857
FLUX  922  2795.00        1.072603E+14   4.0222E-06   4.0236E-06   0.99964
FLUX  923  2805.00        1.068779E+14   3.9949E-06   3.9982E-06   0.99917
FLUX  924  2815.00        1.064982E+14   3.9679E-06   3.9730E-06   0.99871
FLUX  925  2825.00        1.061212E+14   3.9428E-06   3.9481E-06   0.99866
FLUX  926  2835.00        1.057469E+14   3.9221E-06   3.9234E-06   0.99968
FLUX  927  2845.00        1.053752E+14   3.8864E-06   3.8989E-06   0.99680
FLUX  928  2855.00        1.050061E+14   3.8715E-06   3.8746E-06   0.99919
FLUX  929  2865.00        1.046396E+14   3.8216E-06   3.8506E-06   0.99246
FLUX  930  2875.00        1.042757E+14   3.6220E-06   3.8268E-06   0.94648
FLUX  931  2885.00        1.039142E+14   3.7887E-06   3.8032E-06   0.99620
FLUX  932  2895.00        1.035553E+14   3.7683E-06   3.7798E-06   0.99695
FLUX  933  2905.00        1.031988E+14   3.7543E-06   3.7567E-06   0.99936
FLUX  934  2915.00        1.028448E+14   3.7185E-06   3.7338E-06   0.99590
FLUX  935  2925.00        1.024932E+14   3.7006E-06   3.7110E-06   0.99718
FLUX  936  2935.00        1.021440E+14   3.6852E-06   3.6885E-06   0.99909
FLUX  937  2945.00        1.017971E+14   3.6609E-06   3.6662E-06   0.99856
FLUX  938  2955.00        1.014526E+14   3.6414E-06   3.6441E-06   0.99926
FLUX  939  2965.00        1.011105E+14   3.6202E-06   3.6221E-06   0.99946
FLUX  940  2975.00        1.007706E+14   3.5970E-06   3.6004E-06   0.99904
FLUX  941  2985.00        1.004330E+14   3.5768E-06   3.5789E-06   0.99940
FLUX  942  2995.00        1.000977E+14   3.5501E-06   3.5576E-06   0.99791
FLUX  943  3005.00        9.976456E+13   3.5290E-06   3.5364E-06   0.99791
FLUX  944  3015.00        9.943367E+13   3.5067E-06   3.5155E-06   0.99752
FLUX  945  3025.00        9.910496E+13   3.4883E-06   3.4947E-06   0.99818
FLUX  946  3035.00        9.877842E+13   3.3284E-06   3.4741E-06   0.95807
FLUX  947  3045.00        9.845402E+13   3.3907E-06   3.4537E-06   0.98175
FLUX  948  3055.00        9.813175E+13   3.4254E-06   3.4335E-06   0.99765
FLUX  949  3065.00        9.781158E+13   3.4060E-06   3.4134E-06   0.99782
FLUX  950  3075.00        9.749350E+13   3.3877E-06   3.3935E-06   0.99829
FLUX  951  3085.00        9.717747E+13   3.3562E-06   3.3738E-06   0.99477
FLUX  952  3095.00        9.686349E+13   3.3438E-06   3.3543E-06   0.99688
FLUX  953  3105.00        9.655153E+13   3.3239E-06   3.3349E-06   0.99670
FLUX  954  3115.00        9.624157E+13   3.2901E-06   3.3157E-06   0.99228
FLUX  955  3125.00        9.593360E+13   3.2841E-06   3.2967E-06   0.99621
FLUX  956  3135.00        9.562759E+13   3.2628E-06   3.2778E-06   0.99544
FLUX  957  3145.00        9.532353E+13   3.2473E-06   3.2591E-06   0.99640
FLUX  958  3155.00        9.502139E+13   3.2334E-06   3.2405E-06   0.99780
FLUX  959  3165.00        9.472117E+13   3.2191E-06   3.2221E-06   0.99906
FLUX  960  3175.00        9.442283E+13   3.1932E-06   3.2039E-06   0.99667
FLUX  961  3185.00        9.412637E+13   3.1833E-06   3.1858E-06   0.99921
FLUX  962  3195.00        9.383177E+13   3.1634E-06   3.1678E-06   0.99861
FLUX  963  3210.00        9.339330E+13   3.1361E-06   3.1412E-06   0.99836
FLUX  964  3230.00        9.281502E+13   3.1045E-06   3.1062E-06   0.99945
FLUX  965  3250.00        9.224385E+13   3.0689E-06   3.0718E-06   0.99905
FLUX  966  3270.00        9.167966E+13   3.0332E-06   3.0380E-06   0.99841
FLUX  967  3290.00        9.112234E+13   2.9028E-06   3.0334E-06   0.95697
FLUX  968  3310.00        9.057175E+13   2.9383E-06   3.0001E-06   0.97938
FLUX  969  3330.00        9.002778E+13   2.9177E-06   2.9675E-06   0.98322
FLUX  970  3350.00        8.949030E+13   2.8917E-06   2.9353E-06   0.98516
FLUX  971  3370.00        8.895920E+13   2.8531E-06   2.9037E-06   0.98260
FLUX  972  3390.00        8.843437E+13   2.8233E-06   2.8725E-06   0.98286
FLUX  973  3410.00        8.791569E+13   2.7941E-06   2.8419E-06   0.98317
FLUX  974  3430.00        8.740306E+13   2.7713E-06   2.8118E-06   0.98562
FLUX  975  3450.00        8.689638E+13   2.7505E-06   2.7821E-06   0.98865
FLUX  976  3470.00        8.639553E+13   2.7186E-06   2.7529E-06   0.98754
FLUX  977  3490.00        8.590043E+13   2.6931E-06   2.7242E-06   0.98860
FLUX  978  3510.00        8.541097E+13   2.6659E-06   2.6959E-06   0.98887
FLUX  979  3530.00        8.492705E+13   2.6375E-06   2.6680E-06   0.98857
FLUX  980  3550.00        8.444859E+13   2.6092E-06   2.6406E-06   0.98810
FLUX  981  3570.00        8.397549E+13   2.5774E-06   2.6136E-06   0.98616
FLUX  982  3590.00        8.350766E+13   2.5621E-06   2.5870E-06   0.99039
FLUX  983  3610.00        8.304501E+13   2.5232E-06   2.5608E-06   0.98531
FLUX  984  3630.00        8.258747E+13   2.5152E-06   2.5350E-06   0.99218
FLUX  985  3650.00        8.213493E+13   2.4690E-06   2.5096E-06   0.98381
FLUX  986  3670.00        8.168733E+13   2.4633E-06   2.4846E-06   0.99143
FLUX  987  3690.00        8.124458E+13   2.4060E-06   2.4600E-06   0.97804
FLUX  988  3710.00        8.080660E+13   2.4098E-06   2.4357E-06   0.98939
FLUX  989  3730.00        8.037332E+13   2.3608E-06   2.4118E-06   0.97886
FLUX  990  3750.00        7.994467E+13   2.2870E-06   2.3882E-06   0.95763
FLUX  991  3770.00        7.952056E+13   2.3430E-06   2.3649E-06   0.99071
FLUX  992  3790.00        7.910092E+13   2.3239E-06   2.3421E-06   0.99223
FLUX  993  3810.00        7.868570E+13   2.2760E-06   2.3195E-06   0.98125
FLUX  994  3830.00        7.827480E+13   2.2697E-06   2.2972E-06   0.98802
FLUX  995  3850.00        7.786818E+13   2.2642E-06   2.2753E-06   0.99512
FLUX  996  3870.00        7.746576E+13   2.2375E-06   2.2537E-06   0.99282
FLUX  997  3890.00        7.706748E+13   2.2141E-06   2.2324E-06   0.99181
FLUX  998  3910.00        7.667327E+13   2.1531E-06   2.2114E-06   0.97363
FLUX  999  3930.00        7.628308E+13   2.1835E-06   2.1907E-06   0.99672
FLUX 1000  3950.00        7.589684E+13   2.1624E-06   2.1702E-06   0.99639
FLUX 1001  3970.00        7.551448E+13   2.1449E-06   2.1501E-06   0.99758
FLUX 1002  3990.00        7.513596E+13   2.1152E-06   2.1302E-06   0.99296
FLUX 1003  4010.00        7.476122E+13   2.0805E-06   2.1106E-06   0.98574
FLUX 1004  4030.00        7.439020E+13   2.0471E-06   2.0913E-06   0.97888
FLUX 1005  4050.00        7.402284E+13   2.0108E-06   2.0723E-06   0.97036
FLUX 1006  4070.00        7.365909E+13   2.0469E-06   2.0535E-06   0.99680
FLUX 1007  4090.00        7.329890E+13   2.0254E-06   2.0349E-06   0.99534
FLUX 1008  4110.00        7.294221E+13   2.0148E-06   2.0166E-06   0.99910
FLUX 1009  4130.00        7.258898E+13   1.9964E-06   1.9986E-06   0.99893
FLUX 1010  4150.00        7.223916E+13   1.9746E-06   1.9808E-06   0.99688
FLUX 1011  4170.00        7.189269E+13   1.9068E-06   1.9632E-06   0.97129
FLUX 1012  4190.00        7.154952E+13   1.9384E-06   1.9458E-06   0.99617
FLUX 1013  4210.00        7.120962E+13   1.9196E-06   1.9287E-06   0.99528
FLUX 1014  4230.00        7.087293E+13   1.9110E-06   1.9119E-06   0.99957
FLUX 1015  4250.00        7.053941E+13   1.8931E-06   1.8952E-06   0.99888
FLUX 1016  4270.00        7.020902E+13   1.8780E-06   1.8787E-06   0.99962
FLUX 1017  4290.00        6.988170E+13   1.8619E-06   1.8625E-06   0.99968
FLUX 1018  4310.00        6.955742E+13   1.8454E-06   1.8465E-06   0.99942
FLUX 1019  4330.00        6.923614E+13   1.8281E-06   1.8307E-06   0.99860
FLUX 1020  4350.00        6.891782E+13   1.8132E-06   1.8150E-06   0.99899
FLUX 1021  4370.00        6.860240E+13   1.7520E-06   1.7996E-06   0.97354
FLUX 1022  4390.00        6.828986E+13   1.7768E-06   1.7844E-06   0.99574
FLUX 1023  4410.00        6.798016E+13   1.7645E-06   1.7694E-06   0.99725
FLUX 1024  4430.00        6.767325E+13   1.7518E-06   1.7545E-06   0.99846
FLUX 1025  4450.00        6.736910E+13   1.7368E-06   1.7399E-06   0.99821
FLUX 1026  4470.00        6.706767E+13   1.7263E-06   1.7328E-06   0.99629
FLUX 1027  4490.00        6.676893E+13   1.7088E-06   1.7184E-06   0.99440
FLUX 1028  4510.00        6.647284E+13   1.6961E-06   1.7042E-06   0.99525
FLUX 1029  4530.00        6.617936E+13   1.6814E-06   1.6901E-06   0.99482
FLUX 1030  4550.00        6.588846E+13   1.6682E-06   1.6763E-06   0.99518
FLUX 1031  4570.00        6.560011E+13   1.6526E-06   1.6626E-06   0.99403
FLUX 1032  4590.00        6.531427E+13   1.6393E-06   1.6490E-06   0.99406
FLUX 1033  4610.00        6.503091E+13   1.6280E-06   1.6357E-06   0.99533
FLUX 1034  4630.00        6.475000E+13   1.6140E-06   1.6225E-06   0.99475
FLUX 1035  4650.00        6.447151E+13   1.5564E-06   1.6094E-06   0.96702
FLUX 1036  4670.00        6.419540E+13   1.5438E-06   1.5965E-06   0.96699
FLUX 1037  4690.00        6.392164E+13   1.5733E-06   1.5838E-06   0.99337
FLUX 1038  4710.00        6.365021E+13   1.5632E-06   1.5712E-06   0.99487
FLUX 1039  4730.00        6.338108E+13   1.5521E-06   1.5588E-06   0.99573
FLUX 1040  4750.00        6.311421E+13   1.5377E-06   1.5465E-06   0.99429
FLUX 1041  4770.00        6.284958E+13   1.5261E-06   1.5343E-06   0.99466
FLUX 1042  4790.00        6.258716E+13   1.5157E-06   1.5223E-06   0.99566
FLUX 1043  4810.00        6.232692E+13   1.5036E-06   1.5105E-06   0.99547
FLUX 1044  4830.00        6.206884E+13   1.4925E-06   1.4987E-06   0.99583
FLUX 1045  4850.00        6.181289E+13   1.4802E-06   1.4872E-06   0.99533
FLUX 1046  4870.00        6.155903E+13   1.4699E-06   1.4757E-06   0.99607
FLUX 1047  4890.00        6.130726E+13   1.4575E-06   1.4644E-06   0.99531
FLUX 1048  4910.00        6.105754E+13   1.4463E-06   1.4532E-06   0.99525
FLUX 1049  4930.00        6.080984E+13   1.4344E-06   1.4421E-06   0.99469
FLUX 1050  4950.00        6.056414E+13   1.4260E-06   1.4312E-06   0.99639
FLUX 1051  4970.00        6.032042E+13   1.4116E-06   1.4203E-06   0.99384
FLUX 1052  4990.00        6.007866E+13   1.4045E-06   1.4097E-06   0.99637
FLUX 1053  5010.00        5.983882E+13   1.3940E-06   1.3991E-06   0.99640
FLUX 1054  5030.00        5.960089E+13   1.3787E-06   1.3886E-06   0.99288
FLUX 1055  5050.00        5.936485E+13   1.3741E-06   1.3783E-06   0.99699
FLUX 1056  5070.00        5.913067E+13   1.3644E-06   1.3681E-06   0.99735
FLUX 1057  5090.00        5.889833E+13   1.3464E-06   1.3579E-06   0.99152
FLUX 1058  5110.00        5.866781E+13   1.3417E-06   1.3479E-06   0.99540
FLUX 1059  5130.00        5.843908E+13   1.2985E-06   1.3380E-06   0.97045
FLUX 1060  5150.00        5.821214E+13   1.3236E-06   1.3283E-06   0.99651
FLUX 1061  5170.00        5.798694E+13   1.3053E-06   1.3186E-06   0.98992
FLUX 1062  5190.00        5.776349E+13   1.3070E-06   1.3090E-06   0.99844
FLUX 1063  5210.00        5.754175E+13   1.2978E-06   1.2995E-06   0.99867
FLUX 1064  5230.00        5.732170E+13   1.2886E-06   1.2902E-06   0.99879
FLUX 1065  5250.00        5.710333E+13   1.2767E-06   1.2809E-06   0.99670
FLUX 1066  5270.00        5.688662E+13   1.2575E-06   1.2718E-06   0.98879
FLUX 1067  5290.00        5.667155E+13   1.2620E-06   1.2627E-06   0.99943
FLUX 1068  5310.00        5.645810E+13   1.2532E-06   1.2537E-06   0.99955
FLUX 1069  5330.00        5.624625E+13   1.2441E-06   1.2448E-06   0.99940
FLUX 1070  5350.00        5.603598E+13   1.2352E-06   1.2361E-06   0.99932
FLUX 1071  5370.00        5.582728E+13   1.2148E-06   1.2274E-06   0.98973
FLUX 1072  5390.00        5.562013E+13   1.2088E-06   1.2188E-06   0.99183
FLUX 1073  5410.00        5.541451E+13   1.2096E-06   1.2103E-06   0.99947
FLUX 1074  5430.00        5.521041E+13   1.2003E-06   1.2018E-06   0.99871
FLUX 1075  5450.00        5.500780E+13   1.1925E-06   1.1935E-06   0.99915
FLUX 1076  5470.00        5.480667E+13   1.1831E-06   1.1853E-06   0.99817
FLUX 1077  5490.00        5.460701E+13   1.1763E-06   1.1771E-06   0.99934
FLUX 1078  5510.00        5.440880E+13   1.1661E-06   1.1690E-06   0.99751
FLUX 1079  5530.00        5.421203E+13   1.1398E-06   1.1610E-06   0.98175
FLUX 1080  5550.00        5.401667E+13   1.1520E-06   1.1531E-06   0.99902
FLUX 1081  5570.00        5.382271E+13   1.1438E-06   1.1453E-06   0.99873
FLUX 1082  5590.00        5.363014E+13   1.1338E-06   1.1375E-06   0.99677
FLUX 1083  5610.00        5.343895E+13   1.1287E-06   1.1298E-06   0.99897
FLUX 1084  5630.00        5.324911E+13   1.1214E-06   1.1222E-06   0.99923
FLUX 1085  5650.00        5.306062E+13   1.1143E-06   1.1147E-06   0.99963
FLUX 1086  5670.00        5.287346E+13   1.1065E-06   1.1073E-06   0.99927
FLUX 1087  5690.00        5.268761E+13   1.0988E-06   1.0999E-06   0.99901
FLUX 1088  5710.00        5.250306E+13   1.0684E-06   1.0926E-06   0.97786
FLUX 1089  5730.00        5.231981E+13   1.0839E-06   1.0854E-06   0.99868
FLUX 1090  5750.00        5.213783E+13   1.0779E-06   1.0782E-06   0.99973
FLUX 1091  5770.00        5.195711E+13   1.0707E-06   1.0711E-06   0.99964
FLUX 1092  5790.00        5.177763E+13   1.0629E-06   1.0641E-06   0.99889
FLUX 1093  5810.00        5.159940E+13   1.0568E-06   1.0572E-06   0.99965
FLUX 1094  5830.00        5.142238E+13   1.0495E-06   1.0503E-06   0.99931
FLUX 1095  5850.00        5.124658E+13   1.0428E-06   1.0457E-06   0.99726
FLUX 1096  5870.00        5.107198E+13   1.0357E-06   1.0389E-06   0.99692
FLUX 1097  5890.00        5.089856E+13   1.0267E-06   1.0322E-06   0.99467
FLUX 1098  5910.00        5.072631E+13   9.9511E-07   1.0256E-06   0.97029
FLUX 1099  5930.00        5.055523E+13   1.0144E-06   1.0190E-06   0.99550
FLUX 1100  5950.00        5.038529E+13   9.8404E-07   1.0125E-06   0.97191
FLUX 1101  5970.00        5.021650E+13   9.9858E-07   1.0060E-06   0.99259
FLUX 1102  5990.00        5.004883E+13   9.9649E-07   9.9964E-07   0.99685
FLUX 1103  6010.00        4.988228E+13   9.9034E-07   9.9331E-07   0.99701
FLUX 1104  6030.00        4.971683E+13   9.8470E-07   9.8704E-07   0.99763
FLUX 1105  6050.00        4.955248E+13   9.7851E-07   9.8083E-07   0.99764
FLUX 1106  6070.00        4.938921E+13   9.7254E-07   9.7467E-07   0.99781
FLUX 1107  6090.00        4.922701E+13   9.6661E-07   9.6858E-07   0.99796
FLUX 1108  6110.00        4.906588E+13   9.5961E-07   9.6254E-07   0.99696
FLUX 1109  6130.00        4.890579E+13   9.5559E-07   9.5656E-07   0.99899
FLUX 1110  6150.00        4.874675E+13   9.4965E-07   9.5063E-07   0.99898
FLUX 1111  6170.00        4.858874E+13   9.4368E-07   9.4476E-07   0.99886
FLUX 1112  6190.00        4.843174E+13   9.3740E-07   9.3894E-07   0.99837
FLUX 1113  6210.00        4.827576E+13   9.3238E-07   9.3317E-07   0.99915
FLUX 1114  6230.00        4.812079E+13   9.2510E-07   9.2746E-07   0.99746
FLUX 1115  6250.00        4.796680E+13   9.1996E-07   9.2180E-07   0.99800
FLUX 1116  6270.00        4.781380E+13   9.1261E-07   9.1619E-07   0.99609
FLUX 1117  6290.00        4.766176E+13   8.8469E-07   9.1063E-07   0.97151
FLUX 1118  6310.00        4.751070E+13   9.0031E-07   9.0513E-07   0.99467
FLUX 1119  6330.00        4.736058E+13   8.9783E-07   8.9967E-07   0.99796
FLUX 1120  6350.00        4.721142E+13   8.9210E-07   8.9426E-07   0.99759
FLUX 1121  6370.00        4.706319E+13   8.8821E-07   8.8890E-07   0.99922
FLUX 1122  6390.00        4.691588E+13   8.8185E-07   8.8359E-07   0.99803
FLUX 1123  6420.00        4.669665E+13   8.7499E-07   8.7571E-07   0.99917
FLUX 1124  6460.00        4.640751E+13   8.6394E-07   8.6537E-07   0.99835
FLUX 1125  6500.00        4.612192E+13   8.5320E-07   8.5521E-07   0.99765
FLUX 1126  6540.00        4.583983E+13   8.4453E-07   8.4522E-07   0.99918
FLUX 1127  6580.00        4.556117E+13   8.3377E-07   8.3541E-07   0.99804
FLUX 1128  6620.00        4.528588E+13   8.2406E-07   8.2577E-07   0.99792
FLUX 1129  6660.00        4.501389E+13   8.1530E-07   8.1630E-07   0.99878
FLUX 1130  6700.00        4.474515E+13   8.0608E-07   8.0698E-07   0.99888
FLUX 1131  6740.00        4.447960E+13   7.9531E-07   7.9782E-07   0.99685
FLUX 1132  6780.00        4.421718E+13   7.7638E-07   7.8882E-07   0.98423
FLUX 1133  6820.00        4.395784E+13   7.7744E-07   7.7996E-07   0.99677
FLUX 1134  6860.00        4.370153E+13   7.7042E-07   7.7126E-07   0.99892
FLUX 1135  6900.00        4.344819E+13   7.6123E-07   7.6270E-07   0.99808
FLUX 1136  6940.00        4.319777E+13   7.5063E-07   7.5428E-07   0.99516
FLUX 1137  6980.00        4.295021E+13   7.4479E-07   7.4599E-07   0.99838
FLUX 1138  7020.00        4.270548E+13   7.3675E-07   7.3785E-07   0.99852
FLUX 1139  7060.00        4.246353E+13   7.2864E-07   7.2983E-07   0.99837
FLUX 1140  7100.00        4.222430E+13   7.1870E-07   7.2195E-07   0.99551
FLUX 1141  7140.00        4.198775E+13   7.1337E-07   7.1419E-07   0.99885
FLUX 1142  7180.00        4.175383E+13   7.0569E-07   7.0655E-07   0.99878
FLUX 1143  7220.00        4.152251E+13   6.9713E-07   6.9904E-07   0.99727
FLUX 1144  7260.00        4.129373E+13   6.8709E-07   6.9165E-07   0.99341
FLUX 1145  7300.00        4.106747E+13   6.8363E-07   6.8437E-07   0.99892
FLUX 1146  7340.00        4.084366E+13   6.7646E-07   6.7720E-07   0.99891
FLUX 1147  7380.00        4.062229E+13   6.6970E-07   6.7015E-07   0.99934
FLUX 1148  7420.00        4.040330E+13   6.6169E-07   6.6322E-07   0.99769
FLUX 1149  7460.00        4.018666E+13   6.4482E-07   6.5641E-07   0.98235
FLUX 1150  7500.00        3.997233E+13   6.2934E-07   6.4969E-07   0.96868
FLUX 1151  7540.00        3.976028E+13   6.4122E-07   6.4308E-07   0.99711
FLUX 1152  7580.00        3.955046E+13   6.3582E-07   6.3657E-07   0.99882
FLUX 1153  7620.00        3.934285E+13   6.2965E-07   6.3015E-07   0.99920
FLUX 1154  7660.00        3.913740E+13   6.2332E-07   6.2384E-07   0.99917
FLUX 1155  7700.00        3.893409E+13   6.1718E-07   6.1761E-07   0.99930
FLUX 1156  7740.00        3.873288E+13   6.1112E-07   6.1148E-07   0.99941
FLUX 1157  7780.00        3.853374E+13   5.9908E-07   6.0544E-07   0.98951
FLUX 1158  7820.00        3.833664E+13   5.9922E-07   5.9948E-07   0.99956
FLUX 1159  7860.00        3.814154E+13   5.9347E-07   5.9362E-07   0.99976
FLUX 1160  7900.00        3.794842E+13   5.8776E-07   5.8784E-07   0.99988
FLUX 1161  7940.00        3.775724E+13   5.8196E-07   5.8214E-07   0.99969
FLUX 1162  7980.00        3.756798E+13   5.7626E-07   5.7652E-07   0.99955
FLUX 1163  8020.00        3.738061E+13   5.7054E-07   5.7099E-07   0.99922
FLUX 1164  8060.00        3.719510E+13   5.6512E-07   5.6553E-07   0.99928
FLUX 1165  8100.00        3.701142E+13   5.6000E-07   5.6015E-07   0.99974
FLUX 1166  8140.00        3.682955E+13   5.4861E-07   5.5484E-07   0.98877
FLUX 1167  8180.00        3.664945E+13   5.4823E-07   5.4961E-07   0.99747
FLUX 1168  8220.00        3.647111E+13   5.4430E-07   5.4446E-07   0.99970
FLUX 1169  8260.00        3.629449E+13   5.3922E-07   5.3937E-07   0.99972
FLUX 1170  8300.00        3.611958E+13   5.3411E-07   5.3436E-07   0.99954
FLUX 1171  8340.00        3.594634E+13   5.2863E-07   5.2941E-07   0.99852
FLUX 1172  8380.00        3.577476E+13   5.2352E-07   5.2453E-07   0.99807
FLUX 1173  8420.00        3.560481E+13   5.1912E-07   5.1972E-07   0.99884
FLUX 1174  8460.00        3.543647E+13   5.1474E-07   5.1498E-07   0.99954
FLUX 1175  8500.00        3.526971E+13   5.1016E-07   5.1030E-07   0.99974
FLUX 1176  8540.00        3.510451E+13   5.0542E-07   5.0568E-07   0.99948
FLUX 1177  8580.00        3.494085E+13   5.0066E-07   5.0112E-07   0.99908
FLUX 1178  8620.00        3.477871E+13   4.9623E-07   4.9663E-07   0.99919
FLUX 1179  8660.00        3.461807E+13   4.8508E-07   4.9220E-07   0.98554
FLUX 1180  8700.00        3.445891E+13   4.8743E-07   4.8782E-07   0.99919
FLUX 1181  8740.00        3.430120E+13   4.7937E-07   4.8350E-07   0.99146
FLUX 1182  8780.00        3.414493E+13   4.7537E-07   4.7924E-07   0.99193
FLUX 1183  8820.00        3.399008E+13   4.7464E-07   4.7504E-07   0.99917
FLUX 1184  8860.00        3.383663E+13   4.6998E-07   4.7089E-07   0.99807
FLUX 1185  8900.00        3.368455E+13   4.6650E-07   4.6679E-07   0.99938
FLUX 1186  8940.00        3.353384E+13   4.6260E-07   4.6275E-07   0.99970
FLUX 1187  8980.00        3.338447E+13   4.5835E-07   4.5875E-07   0.99912
FLUX 1188  9020.00        3.323642E+13   4.5449E-07   4.5481E-07   0.99929
FLUX 1189  9060.00        3.308968E+13   4.5012E-07   4.5092E-07   0.99821
FLUX 1190  9100.00        3.294423E+13   4.4669E-07   4.4708E-07   0.99912
FLUX 1191  9140.00        3.280005E+13   4.4305E-07   4.4329E-07   0.99945
FLUX 1192  9180.00        3.265714E+13   4.3942E-07   4.3955E-07   0.99971
FLUX 1193  9220.00        3.251546E+13   4.3573E-07   4.3585E-07   0.99972
FLUX 1194  9260.00        3.237500E+13   4.3076E-07   4.3220E-07   0.99666
FLUX 1195  9300.00        3.223575E+13   4.2853E-07   4.2860E-07   0.99984
FLUX 1196  9340.00        3.209770E+13   4.2492E-07   4.2503E-07   0.99972
FLUX 1197  9380.00        3.196082E+13   4.1528E-07   4.2152E-07   0.98520
FLUX 1198  9420.00        3.182511E+13   4.1727E-07   4.1804E-07   0.99815
FLUX 1199  9460.00        3.169054E+13   4.1446E-07   4.1461E-07   0.99964
FLUX 1200  9500.00        3.155711E+13   4.1038E-07   4.1122E-07   0.99795
FLUX 1201  9540.00        3.142479E+13   4.0648E-07   4.0788E-07   0.99658
FLUX 1202  9580.00        3.129358E+13   4.0452E-07   4.0457E-07   0.99989
FLUX 1203  9620.00        3.116346E+13   4.0110E-07   4.0130E-07   0.99949
FLUX 1204  9660.00        3.103442E+13   3.9803E-07   3.9807E-07   0.99990
FLUX 1205  9700.00        3.090644E+13   3.9483E-07   3.9488E-07   0.99988
FLUX 1206  9740.00        3.077952E+13   3.9147E-07   3.9173E-07   0.99933
FLUX 1207  9780.00        3.065363E+13   3.8847E-07   3.8861E-07   0.99963
FLUX 1208  9820.00        3.052877E+13   3.8505E-07   3.8553E-07   0.99874
FLUX 1209  9860.00        3.040492E+13   3.8049E-07   3.8249E-07   0.99476
FLUX 1210  9900.00        3.028207E+13   3.7945E-07   3.7948E-07   0.99990
FLUX 1211  9940.00        3.016021E+13   3.7640E-07   3.7651E-07   0.99969
FLUX 1212  9980.00        3.003933E+13   3.7336E-07   3.7358E-07   0.99943
FLUX 1213 10020.00        2.991941E+13   3.7046E-07   3.7067E-07   0.99943
FLUX 1214 20000.00        1.498963E+13   9.4713E-08   9.4725E-08   0.99987
FLUX 1215 40000.00        7.494813E+12   2.3558E-08   2.3559E-08   0.99998
FLUX 1216 60000.00        4.996542E+12   1.0374E-08   1.0374E-08   0.99999
FLUX 1217 80000.00        3.747406E+12   5.7876E-09   5.7876E-09   0.99999
FLUX 1218100000.00        2.997925E+12   3.6778E-09   3.6778E-09   1.00000
FLUX 1219120000.00        2.498271E+12   2.5384E-09   2.5384E-09   1.00000
FLUX 1220140000.00        2.141375E+12   1.8549E-09   1.8549E-09   1.00000
FLUX 1221160000.00        1.873703E+12   1.4135E-09   1.4135E-09   1.00000
FLUX
