TEFF   6000.  GRAVITY 2.00000 LTE 
TITLE  [+0.5] VTURB=2  L/H=1.25 NOVER NEW ODF                                   
FLUX    1     9.09        3.298047E+16   2.5000E-39   2.5000E-39   1.00000
FLUX    2     9.35        3.206337E+16   2.5000E-39   2.5000E-39   1.00000
FLUX    3     9.61        3.119589E+16   2.5000E-39   2.5000E-39   1.00000
FLUX    4     9.77        3.068500E+16   2.5000E-39   2.5000E-39   1.00000
FLUX    5     9.96        3.009965E+16   2.5000E-39   2.5000E-39   1.00000
FLUX    6    10.20        2.939142E+16   2.5000E-39   2.5000E-39   1.00000
FLUX    7    10.38        2.888174E+16   2.5000E-39   2.5000E-39   1.00000
FLUX    8    10.56        2.838944E+16   2.5000E-39   2.5000E-39   1.00000
FLUX    9    10.77        2.783589E+16   2.5000E-39   2.5000E-39   1.00000
FLUX   10    11.04        2.715512E+16   2.5000E-39   2.5000E-39   1.00000
FLUX   11    11.40        2.629759E+16   2.5000E-39   2.5000E-39   1.00000
FLUX   12    11.78        2.544928E+16   2.5000E-39   2.5000E-39   1.00000
FLUX   13    12.13        2.471496E+16   2.5000E-39   2.5000E-39   1.00000
FLUX   14    12.48        2.402184E+16   2.5000E-39   2.5000E-39   1.00000
FLUX   15    12.71        2.358714E+16   2.5000E-39   2.5000E-39   1.00000
FLUX   16    12.84        2.334833E+16   2.5000E-39   2.5000E-39   1.00000
FLUX   17    13.05        2.297260E+16   2.5000E-39   2.5000E-39   1.00000
FLUX   18    13.24        2.264294E+16   2.5000E-39   2.5000E-39   1.00000
FLUX   19    13.39        2.238928E+16   6.7595-130   6.7596-130   0.99998
FLUX   20    13.66        2.194674E+16   2.2309-127   2.2309-127   0.99998
FLUX   21    13.98        2.144439E+16   1.6081-124   1.6081-124   0.99998
FLUX   22    14.33        2.092062E+16   1.5270-121   1.5270-121   0.99998
FLUX   23    14.72        2.036634E+16   2.1537-118   2.1538-118   0.99998
FLUX   24    15.10        1.985381E+16   1.7527-115   1.7528-115   0.99998
FLUX   25    15.52        1.931653E+16   1.9632-112   1.9632-112   0.99998
FLUX   26    15.88        1.887862E+16   5.9743-110   5.9744-110   0.99998
FLUX   27    16.20        1.850571E+16   7.7623-108   7.7624-108   0.99998
FLUX   28    16.60        1.805979E+16   2.6072-105   2.6073-105   0.99998
FLUX   29    17.03        1.760379E+16   9.9508-103   9.9510-103   0.99998
FLUX   30    17.34        1.728907E+16   6.0041-101   6.0042-101   0.99998
FLUX   31    17.68        1.695659E+16   4.5567E-99   4.5568E-99   0.99998
FLUX   32    18.02        1.663665E+16   2.9308E-97   2.9308E-97   0.99998
FLUX   33    18.17        1.649931E+16   1.7496E-96   1.7496E-96   0.99998
FLUX   34    18.61        1.610921E+16   2.7939E-94   2.7939E-94   0.99998
FLUX   35    19.10        1.569594E+16   6.0049E-92   6.0050E-92   0.99998
FLUX   36    19.39        1.546119E+16   1.2638E-90   1.2638E-90   0.99998
FLUX   37    19.84        1.511051E+16   1.1949E-88   1.1949E-88   0.99998
FLUX   38    20.18        1.485592E+16   3.2473E-87   3.2473E-87   0.99998
FLUX   39    20.50        1.462402E+16   6.5737E-86   6.5738E-86   0.99998
FLUX   40    21.05        1.424192E+16   9.2681E-84   9.2682E-84   0.99998
FLUX   41    21.62        1.386644E+16   1.1948E-81   1.1948E-81   0.99998
FLUX   42    21.98        1.363933E+16   2.2536E-80   2.2536E-80   0.99998
FLUX   43    22.30        1.344361E+16   2.8233E-79   2.8233E-79   0.99998
FLUX   44    22.68        1.321836E+16   5.1770E-78   5.1771E-78   0.99998
FLUX   45    23.00        1.303446E+16   5.5652E-77   5.5653E-77   0.99998
FLUX   46    23.40        1.281165E+16   9.8487E-76   9.8488E-76   0.99998
FLUX   47    24.00        1.249135E+16   6.1089E-74   6.1090E-74   0.99998
FLUX   48    24.65        1.216197E+16   4.2462E-72   4.2463E-72   0.99998
FLUX   49    25.24        1.187767E+16   1.6462E-70   1.6462E-70   0.99998
FLUX   50    25.68        1.167416E+16   2.2528E-69   2.2529E-69   0.99998
FLUX   51    26.00        1.153048E+16   1.4272E-68   1.4272E-68   0.99998
FLUX   52    26.40        1.135578E+16   1.3453E-67   1.3453E-67   0.99998
FLUX   53    26.85        1.116546E+16   1.5449E-66   1.5449E-66   0.99998
FLUX   54    27.35        1.096133E+16   2.1129E-65   2.1129E-65   0.99998
FLUX   55    27.85        1.076454E+16   2.6294E-64   2.6294E-64   0.99998
FLUX   56    28.40        1.055607E+16   3.7886E-63   3.7887E-63   0.99998
FLUX   57    29.00        1.033767E+16   6.1801E-62   6.1803E-62   0.99998
FLUX   58    29.60        1.012812E+16   8.9656E-61   8.9658E-61   0.99998
FLUX   59    30.10        9.959883E+15   7.6718E-60   7.6744E-60   0.99966
FLUX   60    30.80        9.733523E+15   1.3747E-58   1.3747E-58   0.99998
FLUX   61    31.80        9.427437E+15   6.7640E-57   6.7641E-57   0.99998
FLUX   62    32.80        9.140015E+15   2.6089E-55   2.6090E-55   0.99998
FLUX   63    33.80        8.869601E+15   8.0537E-54   8.0539E-54   0.99998
FLUX   64    34.80        8.614727E+15   2.0316E-52   2.0316E-52   0.99998
FLUX   65    35.70        8.397549E+15   3.1623E-51   3.1623E-51   0.99998
FLUX   66    36.60        8.191052E+15   4.2908E-50   4.2909E-50   0.99998
FLUX   67    37.50        7.994467E+15   5.1129E-49   5.1130E-49   0.99997
FLUX   68    38.50        7.786818E+15   6.9765E-48   6.9766E-48   0.99998
FLUX   69    39.50        7.589683E+15   8.2993E-47   8.2995E-47   0.99998
FLUX   70    40.50        7.402284E+15   8.7036E-46   8.7037E-46   0.99998
FLUX   71    41.40        7.241364E+15   6.5299E-45   6.5300E-45   0.99998
FLUX   72    42.20        7.104087E+15   3.6329E-44   3.6330E-44   0.99998
FLUX   73    43.00        6.971919E+15   1.8921E-43   1.8921E-43   0.99998
FLUX   74    44.10        6.798016E+15   1.6537E-42   1.6537E-42   0.99998
FLUX   75    45.10        6.647284E+15   1.0786E-41   1.0786E-41   0.99998
FLUX   76    46.00        6.517228E+15   5.4261E-41   5.4262E-41   0.99998
FLUX   77    47.00        6.378564E+15   3.0305E-40   3.0305E-40   0.99998
FLUX   78    48.00        6.245677E+15   1.5703E-39   1.5704E-39   0.99998
FLUX   79    49.00        6.118214E+15   7.5924E-39   7.5925E-39   0.99998
FLUX   80    50.00        5.995850E+15   3.4346E-38   3.4347E-38   0.99998
FLUX   81    50.60        5.924753E+15   1.0948E-37   1.2478E-37   0.87742
FLUX   82    51.20        5.855322E+15   2.8853E-37   2.9203E-37   0.98800
FLUX   83    52.00        5.765240E+15   8.7056E-37   8.7891E-37   0.99049
FLUX   84    53.00        5.656462E+15   3.3172E-36   3.3174E-36   0.99993
FLUX   85    54.00        5.551713E+15   1.1820E-35   1.1894E-35   0.99380
FLUX   86    55.00        5.450773E+15   4.0635E-35   4.0638E-35   0.99993
FLUX   87    56.00        5.353437E+15   1.3259E-34   1.3260E-34   0.99997
FLUX   88    57.00        5.259517E+15   4.1418E-34   4.1419E-34   0.99998
FLUX   89    58.00        5.168836E+15   1.2276E-33   1.2427E-33   0.98782
FLUX   90    59.00        5.081229E+15   3.5770E-33   3.5811E-33   0.99886
FLUX   91    60.00        4.996542E+15   9.9280E-33   9.9430E-33   0.99850
FLUX   92    61.00        4.914631E+15   2.6646E-32   2.6648E-32   0.99992
FLUX   93    62.00        4.835363E+15   6.9039E-32   6.9060E-32   0.99970
FLUX   94    63.00        4.758611E+15   1.7332E-31   1.7334E-31   0.99985
FLUX   95    64.00        4.684258E+15   4.2217E-31   4.2228E-31   0.99974
FLUX   96    65.00        4.612192E+15   9.9927E-31   9.9938E-31   0.99989
FLUX   97    65.80        4.556117E+15   1.9511E-30   1.9514E-30   0.99982
FLUX   98    66.50        4.508158E+15   3.4448E-30   3.4559E-30   0.99678
FLUX   99    67.50        4.441370E+15   7.6331E-30   7.6500E-30   0.99779
FLUX  100    68.50        4.376533E+15   1.6518E-29   1.6521E-29   0.99981
FLUX  101    69.50        4.313561E+15   3.4845E-29   3.4850E-29   0.99986
FLUX  102    70.50        4.252376E+15   7.1268E-29   7.1871E-29   0.99161
FLUX  103    71.60        4.187046E+15   1.5538E-28   1.5543E-28   0.99965
FLUX  104    72.60        4.129373E+15   3.0664E-28   3.0666E-28   0.99991
FLUX  105    73.50        4.078809E+15   5.5570E-28   5.5598E-28   0.99951
FLUX  106    74.50        4.024060E+15   1.0559E-27   1.0578E-27   0.99815
FLUX  107    75.50        3.970762E+15   1.9708E-27   1.9763E-27   0.99723
FLUX  108    76.50        3.918856E+15   3.6255E-27   3.6283E-27   0.99921
FLUX  109    77.50        3.868290E+15   6.5349E-27   6.5500E-27   0.99770
FLUX  110    78.50        3.819013E+15   1.1635E-26   1.1635E-26   0.99998
FLUX  111    79.50        3.770975E+15   2.0077E-26   2.0349E-26   0.98663
FLUX  112    80.50        3.724130E+15   3.4747E-26   3.5061E-26   0.99104
FLUX  113    81.50        3.678436E+15   5.9457E-26   5.9549E-26   0.99846
FLUX  114    82.50        3.633848E+15   9.9662E-26   9.9763E-26   0.99899
FLUX  115    83.50        3.590329E+15   1.6485E-25   1.6495E-25   0.99936
FLUX  116    84.50        3.547840E+15   2.6915E-25   2.6925E-25   0.99961
FLUX  117    85.50        3.506345E+15   4.3430E-25   4.3434E-25   0.99991
FLUX  118    86.50        3.465809E+15   6.9177E-25   6.9192E-25   0.99979
FLUX  119    87.50        3.426200E+15   1.0841E-24   1.0896E-24   0.99495
FLUX  120    88.50        3.387486E+15   1.6962E-24   1.6971E-24   0.99946
FLUX  121    89.50        3.349637E+15   2.6147E-24   2.6151E-24   0.99985
FLUX  122    90.50        3.312624E+15   3.9833E-24   3.9881E-24   0.99880
FLUX  123    91.50        3.276421E+15   3.8880E-21   9.6788E-21   0.40170
FLUX  124    92.50        3.241000E+15   1.4327E-20   1.5081E-20   0.95000
FLUX  125    93.50        3.206337E+15   2.2108E-20   2.3268E-20   0.95014
FLUX  126    94.50        3.172407E+15   3.3794E-20   3.5559E-20   0.95035
FLUX  127    95.50        3.139188E+15   5.2952E-20   5.3846E-20   0.98340
FLUX  128    96.50        3.106658E+15   7.9468E-20   8.0806E-20   0.98344
FLUX  129    97.50        3.074795E+15   1.1820E-19   1.2021E-19   0.98331
FLUX  130    98.50        3.043579E+15   1.7444E-19   1.7740E-19   0.98336
FLUX  131    99.50        3.012990E+15   2.4704E-19   2.5961E-19   0.95156
FLUX  132   100.50        2.983010E+15   3.7695E-19   3.7695E-19   0.99999
FLUX  133   101.50        2.953621E+15   5.4310E-19   5.4311E-19   0.99999
FLUX  134   102.50        2.924805E+15   7.3876E-19   7.7696E-19   0.95084
FLUX  135   103.50        2.896546E+15   1.1033E-18   1.1033E-18   0.99999
FLUX  136   104.50        2.868828E+15   1.5559E-18   1.5559E-18   0.99999
FLUX  137   105.50        2.841635E+15   2.1793E-18   2.1793E-18   0.99999
FLUX  138   106.50        2.814953E+15   2.9828E-18   3.0324E-18   0.98363
FLUX  139   107.50        2.788767E+15   4.1249E-18   4.1925E-18   0.98388
FLUX  140   108.50        2.763064E+15   5.7604E-18   5.7604E-18   0.99999
FLUX  141   109.50        2.737831E+15   7.7386E-18   7.8669E-18   0.98369
FLUX  142   110.50        2.713054E+15   1.7127E-17   6.7695E-17   0.25300
FLUX  143   111.50        2.688722E+15   5.9962E-17   9.6937E-17   0.61856
FLUX  144   112.50        2.664822E+15   9.6115E-17   1.3483E-16   0.71289
FLUX  145   113.50        2.641344E+15   1.4491E-16   1.8261E-16   0.79352
FLUX  146   114.50        2.618275E+15   2.0264E-16   2.4170E-16   0.83840
FLUX  147   115.50        2.595606E+15   2.4041E-16   3.1358E-16   0.76668
FLUX  148   116.50        2.573326E+15   3.6467E-16   3.9930E-16   0.91328
FLUX  149   117.50        2.551426E+15   4.7016E-16   4.9821E-16   0.94370
FLUX  150   118.50        2.529894E+15   5.3550E-16   6.6778E-16   0.80190
FLUX  151   119.50        2.508724E+15   3.4697E-16   8.3793E-16   0.41408
FLUX  152   120.50        2.487905E+15   4.6653E-16   1.0449E-15   0.44647
FLUX  153   121.50        2.467428E+15   1.9394E-16   1.2962E-15   0.14963
FLUX  154   122.50        2.447286E+15   6.6558E-16   1.6138E-15   0.41244
FLUX  155   123.50        2.427470E+15   1.3638E-15   1.9842E-15   0.68733
FLUX  156   124.50        2.407972E+15   2.3413E-15   3.1868E-15   0.73468
FLUX  157   125.50        2.388785E+15   3.4685E-15   4.1979E-15   0.82625
FLUX  158   126.50        2.369901E+15   3.4286E-15   5.2650E-15   0.65121
FLUX  159   127.50        2.351314E+15   4.8108E-15   6.4393E-15   0.74710
FLUX  160   128.50        2.333016E+15   6.0221E-15   7.8219E-15   0.76990
FLUX  161   129.50        2.315000E+15   7.7643E-15   9.4267E-15   0.82365
FLUX  162   130.50        2.297261E+15   7.3872E-15   1.1317E-14   0.65273
FLUX  163   131.50        2.279791E+15   1.0327E-14   1.3530E-14   0.76326
FLUX  164   132.50        2.262585E+15   1.1606E-14   1.6123E-14   0.71982
FLUX  165   133.50        2.245637E+15   1.3936E-14   1.9148E-14   0.72777
FLUX  166   134.50        2.228940E+15   1.6204E-14   2.2673E-14   0.71466
FLUX  167   135.50        2.212491E+15   1.9053E-14   2.6882E-14   0.70877
FLUX  168   136.50        2.196282E+15   2.1284E-14   3.1986E-14   0.66542
FLUX  169   137.50        2.180309E+15   2.4438E-14   3.7947E-14   0.64402
FLUX  170   138.50        2.164567E+15   2.8482E-14   4.4891E-14   0.63448
FLUX  171   139.50        2.149050E+15   3.3116E-14   5.2962E-14   0.62528
FLUX  172   140.50        2.133754E+15   4.0348E-14   6.2322E-14   0.64740
FLUX  173   141.50        2.118675E+15   4.6379E-14   7.3152E-14   0.63401
FLUX  174   142.50        2.103807E+15   5.3077E-14   8.5659E-14   0.61963
FLUX  175   143.50        2.089146E+15   6.2560E-14   1.0007E-13   0.62518
FLUX  176   144.20        2.079005E+15   7.9442E-14   1.1142E-13   0.71298
FLUX  177   144.70        2.071821E+15   7.5600E-14   1.2034E-13   0.62823
FLUX  178   145.50        2.060430E+15   8.9722E-14   1.3576E-13   0.66090
FLUX  179   146.50        2.046365E+15   1.0893E-13   1.5753E-13   0.69150
FLUX  180   147.50        2.032492E+15   1.1233E-13   1.8240E-13   0.61586
FLUX  181   148.50        2.018805E+15   1.3611E-13   2.1075E-13   0.64587
FLUX  182   149.50        2.005301E+15   1.7825E-13   2.4300E-13   0.73354
FLUX  183   150.50        1.991977E+15   2.1967E-13   2.7963E-13   0.78558
FLUX  184   151.20        1.982755E+15   1.9028E-13   3.0815E-13   0.61749
FLUX  185   151.70        1.976220E+15   2.4614E-13   4.0530E-13   0.60730
FLUX  186   152.50        1.965852E+15   3.5448E-13   1.2074E-12   0.29359
FLUX  187   153.50        1.953046E+15   1.0488E-12   5.3516E-12   0.19598
FLUX  188   154.50        1.940405E+15   1.1383E-12   6.1028E-12   0.18652
FLUX  189   155.50        1.927926E+15   1.7665E-12   6.9447E-12   0.25436
FLUX  190   156.50        1.915607E+15   1.6861E-12   7.8907E-12   0.21369
FLUX  191   157.50        1.903444E+15   3.1187E-12   1.0166E-11   0.30678
FLUX  192   158.50        1.891435E+15   4.0221E-12   1.1475E-11   0.35052
FLUX  193   159.50        1.879577E+15   4.8742E-12   1.2920E-11   0.37726
FLUX  194   160.50        1.867866E+15   5.3287E-12   1.4510E-11   0.36724
FLUX  195   161.50        1.856300E+15   5.7940E-12   1.6256E-11   0.35643
FLUX  196   162.50        1.844877E+15   6.8489E-12   1.8774E-11   0.36482
FLUX  197   163.50        1.833593E+15   7.7148E-12   2.0985E-11   0.36763
FLUX  198   164.50        1.822447E+15   1.1271E-11   2.3409E-11   0.48148
FLUX  199   165.50        1.811435E+15   5.8200E-12   2.6064E-11   0.22330
FLUX  200   166.50        1.800556E+15   1.2893E-11   2.8965E-11   0.44512
FLUX  201   167.20        1.793017E+15   7.8597E-12   3.1154E-11   0.25229
FLUX  202   167.70        1.787671E+15   1.3950E-11   7.0468E-11   0.19796
FLUX  203   168.50        1.779184E+15   2.6751E-11   3.6725E-10   0.07284
FLUX  204   169.50        1.768687E+15   5.2316E-11   4.0296E-10   0.12983
FLUX  205   170.50        1.758314E+15   6.0423E-11   4.4268E-10   0.13649
FLUX  206   171.50        1.748061E+15   7.0308E-11   8.9717E-10   0.07837
FLUX  207   172.50        1.737928E+15   8.7744E-11   9.7475E-10   0.09002
FLUX  208   173.50        1.727911E+15   1.1182E-10   1.0411E-09   0.10740
FLUX  209   174.50        1.718009E+15   1.4166E-10   1.1198E-09   0.12650
FLUX  210   175.50        1.708219E+15   2.0702E-10   1.1907E-09   0.17387
FLUX  211   176.50        1.698541E+15   2.0522E-10   1.2633E-09   0.16244
FLUX  212   177.50        1.688972E+15   2.1563E-10   1.3392E-09   0.16102
FLUX  213   178.50        1.679510E+15   2.6601E-10   1.4180E-09   0.18760
FLUX  214   179.50        1.670153E+15   3.6414E-10   1.4994E-09   0.24287
FLUX  215   180.50        1.660900E+15   3.0828E-10   1.5866E-09   0.19431
FLUX  216   181.50        1.651749E+15   3.2530E-10   1.6754E-09   0.19416
FLUX  217   182.50        1.642699E+15   3.7327E-10   1.7691E-09   0.21099
FLUX  218   183.50        1.633747E+15   4.7914E-10   1.8659E-09   0.25680
FLUX  219   184.50        1.624892E+15   3.8792E-10   1.9675E-09   0.19716
FLUX  220   185.50        1.616132E+15   5.5359E-10   2.0781E-09   0.26639
FLUX  221   186.50        1.607466E+15   6.5579E-10   2.1894E-09   0.29952
FLUX  222   187.50        1.598893E+15   7.2909E-10   2.5033E-09   0.29126
FLUX  223   188.50        1.590411E+15   8.1954E-10   2.6177E-09   0.31308
FLUX  224   189.50        1.582018E+15   1.0382E-09   2.7368E-09   0.37937
FLUX  225   190.50        1.573714E+15   9.8079E-10   2.8597E-09   0.34297
FLUX  226   191.50        1.565496E+15   1.1111E-09   2.9879E-09   0.37188
FLUX  227   192.50        1.557364E+15   1.1107E-09   3.1214E-09   0.35584
FLUX  228   193.50        1.549315E+15   7.6137E-10   3.2605E-09   0.23352
FLUX  229   194.50        1.541350E+15   1.6080E-09   3.4063E-09   0.47208
FLUX  230   195.50        1.533465E+15   1.6863E-09   3.5586E-09   0.47388
FLUX  231   196.70        1.524110E+15   2.1913E-09   3.7500E-09   0.58433
FLUX  232   197.60        1.517168E+15   2.1675E-09   4.3591E-09   0.49722
FLUX  233   198.40        1.511051E+15   2.3222E-09   4.5106E-09   0.51483
FLUX  234   199.50        1.502719E+15   2.4924E-09   5.0298E-09   0.49553
FLUX  235   200.50        1.495224E+15   2.6230E-09   5.2483E-09   0.49977
FLUX  236   201.50        1.487804E+15   2.6843E-09   5.4796E-09   0.48988
FLUX  237   202.50        1.480457E+15   2.3705E-09   5.7191E-09   0.41448
FLUX  238   203.50        1.473182E+15   3.2506E-09   5.9673E-09   0.54474
FLUX  239   204.50        1.465978E+15   3.7848E-09   6.2274E-09   0.60776
FLUX  240   205.50        1.458844E+15   3.5583E-09   6.4948E-09   0.54787
FLUX  241   206.50        1.451780E+15   3.4636E-09   6.7699E-09   0.51162
FLUX  242   207.40        1.445480E+15   4.3307E-09   7.0244E-09   0.61653
FLUX  243   207.80        1.442697E+15   5.4941E-09   6.9212E-08   0.07938
FLUX  244   208.50        1.437854E+15   6.0813E-09   7.0671E-08   0.08605
FLUX  245   209.50        1.430990E+15   9.1825E-09   7.2681E-08   0.12634
FLUX  246   210.50        1.424192E+15   1.4408E-08   7.4532E-08   0.19331
FLUX  247   211.50        1.417459E+15   1.5195E-08   7.6213E-08   0.19937
FLUX  248   212.50        1.410788E+15   1.2465E-08   7.7877E-08   0.16005
FLUX  249   213.50        1.404180E+15   1.1090E-08   7.9566E-08   0.13938
FLUX  250   214.50        1.397634E+15   1.6779E-08   8.1184E-08   0.20668
FLUX  251   215.50        1.391148E+15   1.8812E-08   8.2837E-08   0.22710
FLUX  252   216.50        1.384723E+15   1.4781E-08   8.4579E-08   0.17476
FLUX  253   217.50        1.378356E+15   1.6656E-08   8.6408E-08   0.19276
FLUX  254   218.50        1.372048E+15   2.1153E-08   8.8397E-08   0.23929
FLUX  255   219.50        1.365797E+15   2.3740E-08   9.0528E-08   0.26224
FLUX  256   220.50        1.359603E+15   2.1314E-08   9.2815E-08   0.22964
FLUX  257   221.50        1.353465E+15   1.3630E-08   9.5273E-08   0.14306
FLUX  258   222.50        1.347382E+15   1.6400E-08   1.0058E-07   0.16305
FLUX  259   223.50        1.341353E+15   2.7787E-08   1.0332E-07   0.26893
FLUX  260   224.50        1.335379E+15   2.4759E-08   1.0622E-07   0.23310
FLUX  261   225.50        1.329457E+15   1.6276E-08   1.2978E-07   0.12542
FLUX  262   226.50        1.323587E+15   1.3647E-08   1.3213E-07   0.10328
FLUX  263   227.50        1.317769E+15   2.3017E-08   1.3452E-07   0.17110
FLUX  264   228.50        1.312002E+15   2.7172E-08   1.3694E-07   0.19842
FLUX  265   229.50        1.306285E+15   2.5123E-08   1.3939E-07   0.18023
FLUX  266   230.50        1.300618E+15   3.0472E-08   1.4186E-07   0.21480
FLUX  267   231.50        1.295000E+15   2.3855E-08   1.4439E-07   0.16521
FLUX  268   232.50        1.289430E+15   2.0997E-08   1.4697E-07   0.14287
FLUX  269   233.50        1.283908E+15   1.0532E-08   1.5459E-07   0.06813
FLUX  270   234.50        1.278433E+15   7.3470E-09   1.5702E-07   0.04679
FLUX  271   235.50        1.273004E+15   1.5845E-08   1.5951E-07   0.09934
FLUX  272   236.50        1.267622E+15   8.1580E-09   1.6206E-07   0.05034
FLUX  273   237.50        1.262284E+15   1.1916E-08   1.6467E-07   0.07236
FLUX  274   238.50        1.256992E+15   6.0651E-09   1.6746E-07   0.03622
FLUX  275   239.50        1.251743E+15   8.6726E-09   1.7022E-07   0.05095
FLUX  276   240.50        1.246538E+15   8.6426E-09   1.7303E-07   0.04995
FLUX  277   241.50        1.241377E+15   1.3660E-08   1.7591E-07   0.07766
FLUX  278   242.50        1.236258E+15   3.2019E-08   1.7887E-07   0.17901
FLUX  279   243.50        1.231181E+15   3.6239E-08   1.8191E-07   0.19921
FLUX  280   244.50        1.226145E+15   4.4803E-08   1.9237E-07   0.23290
FLUX  281   245.50        1.221151E+15   4.8313E-08   1.9518E-07   0.24752
FLUX  282   246.50        1.216197E+15   3.9978E-08   1.9804E-07   0.20187
FLUX  283   247.50        1.211283E+15   3.6132E-08   2.0092E-07   0.17983
FLUX  284   248.50        1.206408E+15   2.4224E-08   2.0385E-07   0.11883
FLUX  285   249.50        1.201573E+15   3.2479E-08   2.0684E-07   0.15703
FLUX  286   250.50        1.196776E+15   5.1269E-08   2.1560E-07   0.23779
FLUX  287   251.30        1.192967E+15   2.6904E-08   2.1781E-07   0.12352
FLUX  288   251.80        1.190598E+15   2.2043E-08   8.7433E-07   0.02521
FLUX  289   252.50        1.187297E+15   2.0068E-08   8.8394E-07   0.02270
FLUX  290   253.50        1.182613E+15   2.7964E-08   8.9778E-07   0.03115
FLUX  291   254.50        1.177967E+15   3.7018E-08   9.1167E-07   0.04060
FLUX  292   255.50        1.173356E+15   7.8085E-08   9.2575E-07   0.08435
FLUX  293   256.50        1.168782E+15   4.0655E-08   9.4000E-07   0.04325
FLUX  294   257.50        1.164243E+15   5.4912E-08   9.5446E-07   0.05753
FLUX  295   258.50        1.159739E+15   3.6440E-08   9.6912E-07   0.03760
FLUX  296   259.50        1.155270E+15   2.9741E-08   9.8398E-07   0.03022
FLUX  297   260.50        1.150835E+15   2.3162E-08   9.9904E-07   0.02318
FLUX  298   261.50        1.146434E+15   2.2034E-08   1.0142E-06   0.02173
FLUX  299   262.50        1.142067E+15   3.1215E-08   1.0295E-06   0.03032
FLUX  300   263.50        1.137732E+15   7.5639E-08   1.0592E-06   0.07141
FLUX  301   264.50        1.133431E+15   1.6563E-07   1.0744E-06   0.15416
FLUX  302   265.50        1.129162E+15   2.3744E-07   1.0898E-06   0.21788
FLUX  303   266.50        1.124925E+15   1.2789E-07   1.1054E-06   0.11570
FLUX  304   267.50        1.120720E+15   1.5355E-07   1.1211E-06   0.13696
FLUX  305   268.50        1.116546E+15   1.7929E-07   1.1370E-06   0.15768
FLUX  306   269.50        1.112403E+15   1.4184E-07   1.1531E-06   0.12301
FLUX  307   270.50        1.108290E+15   1.8513E-07   1.1853E-06   0.15619
FLUX  308   271.50        1.104208E+15   1.0404E-07   1.2008E-06   0.08664
FLUX  309   272.50        1.100156E+15   9.1064E-08   1.2165E-06   0.07486
FLUX  310   273.50        1.096133E+15   9.8229E-08   1.2323E-06   0.07971
FLUX  311   274.50        1.092140E+15   4.2401E-08   1.2483E-06   0.03397
FLUX  312   275.50        1.088176E+15   6.0095E-08   1.2644E-06   0.04753
FLUX  313   276.50        1.084240E+15   8.3531E-08   1.2806E-06   0.06523
FLUX  314   277.50        1.080333E+15   9.1932E-08   1.2969E-06   0.07089
FLUX  315   278.50        1.076454E+15   5.6502E-08   1.3133E-06   0.04302
FLUX  316   279.50        1.072603E+15   1.7987E-08   1.3298E-06   0.01353
FLUX  317   280.50        1.068779E+15   2.3761E-08   1.3465E-06   0.01765
FLUX  318   281.50        1.064982E+15   8.2258E-08   1.3634E-06   0.06033
FLUX  319   282.50        1.061212E+15   1.4349E-07   1.3805E-06   0.10394
FLUX  320   283.50        1.057469E+15   1.7280E-07   1.3977E-06   0.12363
FLUX  321   284.50        1.053752E+15   1.7046E-07   1.4151E-06   0.12046
FLUX  322   285.50        1.050061E+15   9.9539E-08   1.4325E-06   0.06949
FLUX  323   286.50        1.046396E+15   2.1656E-07   1.4501E-06   0.14934
FLUX  324   287.50        1.042757E+15   2.8583E-07   1.4678E-06   0.19473
FLUX  325   288.50        1.039142E+15   2.8058E-07   1.4856E-06   0.18887
FLUX  326   289.50        1.035553E+15   3.1041E-07   1.5035E-06   0.20646
FLUX  327   291.00        1.030215E+15   4.4121E-07   1.5410E-06   0.28631
FLUX  328   293.00        1.023183E+15   3.9628E-07   1.5764E-06   0.25139
FLUX  329   295.00        1.016246E+15   3.7670E-07   1.6141E-06   0.23338
FLUX  330   297.00        1.009402E+15   4.8619E-07   1.6499E-06   0.29469
FLUX  331   299.00        1.002650E+15   4.8585E-07   1.6861E-06   0.28815
FLUX  332   301.00        9.959884E+14   5.5096E-07   1.7228E-06   0.31980
FLUX  333   303.00        9.894142E+14   5.7536E-07   1.7600E-06   0.32692
FLUX  334   305.00        9.829262E+14   6.0325E-07   1.7973E-06   0.33565
FLUX  335   307.00        9.765228E+14   5.7905E-07   1.8348E-06   0.31559
FLUX  336   309.00        9.702023E+14   6.8374E-07   1.8818E-06   0.36335
FLUX  337   311.00        9.639630E+14   6.9220E-07   1.9187E-06   0.36077
FLUX  338   313.00        9.578035E+14   6.7489E-07   1.9585E-06   0.34460
FLUX  339   315.00        9.517222E+14   6.9745E-07   1.9953E-06   0.34955
FLUX  340   317.00        9.457177E+14   7.2124E-07   2.0323E-06   0.35490
FLUX  341   319.00        9.397884E+14   6.3907E-07   2.0694E-06   0.30881
FLUX  342   321.00        9.339330E+14   7.6473E-07   2.1068E-06   0.36298
FLUX  343   323.00        9.281501E+14   5.6624E-07   2.1470E-06   0.26374
FLUX  344   325.00        9.224385E+14   8.0829E-07   2.1842E-06   0.37006
FLUX  345   327.00        9.167966E+14   9.6903E-07   2.2214E-06   0.43622
FLUX  346   329.00        9.112234E+14   9.3804E-07   2.2602E-06   0.41503
FLUX  347   331.00        9.057175E+14   9.7382E-07   2.2974E-06   0.42387
FLUX  348   333.00        9.002778E+14   9.5843E-07   2.3347E-06   0.41052
FLUX  349   335.00        8.949030E+14   9.3192E-07   2.3719E-06   0.39289
FLUX  350   337.00        8.895920E+14   8.5306E-07   2.4095E-06   0.35405
FLUX  351   339.00        8.843436E+14   9.5006E-07   2.4479E-06   0.38812
FLUX  352   341.00        8.791569E+14   1.0478E-06   2.4852E-06   0.42161
FLUX  353   343.00        8.740306E+14   1.0741E-06   2.5225E-06   0.42580
FLUX  354   345.00        8.689638E+14   1.1904E-06   2.5606E-06   0.46489
FLUX  355   347.00        8.639553E+14   1.1667E-06   2.5983E-06   0.44903
FLUX  356   349.00        8.590043E+14   1.2102E-06   2.6360E-06   0.45911
FLUX  357   351.00        8.541097E+14   1.3067E-06   2.6737E-06   0.48871
FLUX  358   353.00        8.492705E+14   1.2661E-06   2.7114E-06   0.46696
FLUX  359   355.00        8.444859E+14   1.4607E-06   2.7494E-06   0.53130
FLUX  360   357.00        8.397549E+14   1.1777E-06   2.7878E-06   0.42244
FLUX  361   359.00        8.350766E+14   1.2245E-06   2.8263E-06   0.43325
FLUX  362   361.00        8.304501E+14   1.3134E-06   2.8649E-06   0.45843
FLUX  363   363.00        8.258746E+14   1.4076E-06   2.9034E-06   0.48480
FLUX  364   364.00        8.236058E+14   1.3963E-06   2.9230E-06   0.47767
FLUX  365   365.00        8.213493E+14   1.5568E-06   7.2789E-06   0.21388
FLUX  366   367.00        8.168733E+14   1.5833E-06   7.3271E-06   0.21609
FLUX  367   369.00        8.124458E+14   1.6301E-06   7.3749E-06   0.22104
FLUX  368   371.00        8.080660E+14   1.9308E-06   7.4243E-06   0.26006
FLUX  369   373.00        8.037332E+14   1.9104E-06   7.4708E-06   0.25572
FLUX  370   375.00        7.994467E+14   2.2317E-06   7.5168E-06   0.29690
FLUX  371   377.00        7.952056E+14   2.4241E-06   7.6542E-06   0.31670
FLUX  372   379.00        7.910092E+14   2.6653E-06   7.7016E-06   0.34607
FLUX  373   381.00        7.868569E+14   2.8734E-06   7.7481E-06   0.37085
FLUX  374   383.00        7.827480E+14   2.0984E-06   7.7940E-06   0.26924
FLUX  375   385.00        7.786818E+14   2.4429E-06   7.8497E-06   0.31121
FLUX  376   387.00        7.746576E+14   2.5298E-06   7.8936E-06   0.32049
FLUX  377   389.00        7.706748E+14   2.6458E-06   7.9388E-06   0.33327
FLUX  378   391.00        7.667327E+14   2.7865E-06   7.9837E-06   0.34902
FLUX  379   393.00        7.628308E+14   9.3731E-07   8.0281E-06   0.11675
FLUX  380   395.00        7.589683E+14   1.8238E-06   8.0719E-06   0.22595
FLUX  381   397.00        7.551448E+14   1.0936E-06   8.1150E-06   0.13476
FLUX  382   399.00        7.513596E+14   3.3319E-06   8.1574E-06   0.40845
FLUX  383   401.00        7.476122E+14   4.0273E-06   8.2092E-06   0.49058
FLUX  384   403.00        7.439020E+14   4.1533E-06   8.2526E-06   0.50327
FLUX  385   405.00        7.402284E+14   4.0827E-06   8.2952E-06   0.49217
FLUX  386   407.00        7.365909E+14   4.0732E-06   8.3371E-06   0.48856
FLUX  387   409.00        7.329890E+14   4.6528E-06   8.3783E-06   0.55534
FLUX  388   411.00        7.294221E+14   4.4557E-06   8.4187E-06   0.52927
FLUX  389   413.00        7.258898E+14   4.6326E-06   8.4584E-06   0.54769
FLUX  390   415.00        7.223916E+14   4.9446E-06   8.4984E-06   0.58183
FLUX  391   417.00        7.189269E+14   4.7560E-06   8.5389E-06   0.55698
FLUX  392   419.00        7.154952E+14   4.8438E-06   8.5771E-06   0.56473
FLUX  393   421.00        7.120962E+14   4.9640E-06   8.6144E-06   0.57625
FLUX  394   423.00        7.087293E+14   4.8902E-06   8.6517E-06   0.56524
FLUX  395   425.00        7.053941E+14   5.1541E-06   8.6883E-06   0.59322
FLUX  396   427.00        7.020902E+14   4.9529E-06   8.7242E-06   0.56771
FLUX  397   429.00        6.988170E+14   4.6847E-06   8.7597E-06   0.53480
FLUX  398   431.00        6.955742E+14   4.0588E-06   8.7946E-06   0.46151
FLUX  399   433.00        6.923614E+14   5.2802E-06   8.8285E-06   0.59809
FLUX  400   435.00        6.891782E+14   4.9669E-06   8.8629E-06   0.56042
FLUX  401   437.00        6.860240E+14   5.8974E-06   8.8953E-06   0.66298
FLUX  402   439.00        6.828986E+14   5.5333E-06   8.9273E-06   0.61982
FLUX  403   441.00        6.798016E+14   5.7304E-06   8.9588E-06   0.63964
FLUX  404   443.00        6.767325E+14   5.7124E-06   8.9900E-06   0.63541
FLUX  405   445.00        6.736910E+14   5.9072E-06   9.0207E-06   0.65485
FLUX  406   447.00        6.706767E+14   6.2754E-06   9.0511E-06   0.69333
FLUX  407   449.00        6.676893E+14   6.3373E-06   9.0809E-06   0.69787
FLUX  408   451.00        6.647284E+14   7.1329E-06   9.1103E-06   0.78294
FLUX  409   453.00        6.617936E+14   6.4231E-06   9.1393E-06   0.70280
FLUX  410   455.00        6.588846E+14   6.5263E-06   9.1680E-06   0.71186
FLUX  411   457.00        6.560011E+14   7.1226E-06   9.1961E-06   0.77452
FLUX  412   459.00        6.531427E+14   6.6973E-06   9.2239E-06   0.72608
FLUX  413   461.00        6.503091E+14   7.0962E-06   9.2512E-06   0.76706
FLUX  414   463.00        6.475000E+14   6.8822E-06   9.2781E-06   0.74177
FLUX  415   465.00        6.447150E+14   7.1647E-06   9.3047E-06   0.77001
FLUX  416   467.00        6.419540E+14   7.3428E-06   9.3309E-06   0.78693
FLUX  417   469.00        6.392164E+14   7.1455E-06   9.3568E-06   0.76367
FLUX  418   471.00        6.365021E+14   6.8843E-06   9.3823E-06   0.73375
FLUX  419   473.00        6.338108E+14   7.3948E-06   9.4076E-06   0.78605
FLUX  420   475.00        6.311421E+14   7.6810E-06   9.4325E-06   0.81432
FLUX  421   477.00        6.284958E+14   7.7310E-06   9.4576E-06   0.81744
FLUX  422   479.00        6.258716E+14   7.8061E-06   9.4819E-06   0.82327
FLUX  423   481.00        6.232692E+14   7.6213E-06   9.5058E-06   0.80175
FLUX  424   483.00        6.206884E+14   7.9339E-06   9.5290E-06   0.83260
FLUX  425   485.00        6.181289E+14   7.1870E-06   9.6056E-06   0.74821
FLUX  426   487.00        6.155903E+14   6.2984E-06   9.6283E-06   0.65416
FLUX  427   489.00        6.130726E+14   7.7566E-06   9.6507E-06   0.80374
FLUX  428   491.00        6.105753E+14   7.7877E-06   9.6728E-06   0.80512
FLUX  429   493.00        6.080984E+14   7.6288E-06   9.6948E-06   0.78690
FLUX  430   495.00        6.056414E+14   8.2188E-06   9.7166E-06   0.84586
FLUX  431   497.00        6.032042E+14   8.1772E-06   9.7380E-06   0.83971
FLUX  432   499.00        6.007866E+14   7.5294E-06   9.7592E-06   0.77151
FLUX  433   501.00        5.983882E+14   7.1733E-06   9.7802E-06   0.73346
FLUX  434   503.00        5.960089E+14   7.6929E-06   9.8009E-06   0.78492
FLUX  435   505.00        5.936485E+14   7.8927E-06   9.8213E-06   0.80364
FLUX  436   507.00        5.913067E+14   8.3073E-06   9.8414E-06   0.84412
FLUX  437   509.00        5.889833E+14   8.0163E-06   9.8612E-06   0.81292
FLUX  438   511.00        5.866781E+14   8.2185E-06   9.8807E-06   0.83177
FLUX  439   513.00        5.843908E+14   7.8403E-06   9.9000E-06   0.79195
FLUX  440   515.00        5.821214E+14   7.7618E-06   9.9191E-06   0.78251
FLUX  441   517.00        5.798694E+14   7.7141E-06   9.9379E-06   0.77623
FLUX  442   519.00        5.776349E+14   7.6663E-06   9.9564E-06   0.76999
FLUX  443   521.00        5.754175E+14   8.0147E-06   9.9746E-06   0.80352
FLUX  444   523.00        5.732170E+14   8.1157E-06   9.9925E-06   0.81218
FLUX  445   525.00        5.710333E+14   8.2571E-06   1.0010E-05   0.82487
FLUX  446   527.00        5.688662E+14   7.4159E-06   1.0028E-05   0.73956
FLUX  447   529.00        5.667155E+14   8.3334E-06   1.0045E-05   0.82963
FLUX  448   531.00        5.645810E+14   8.4843E-06   1.0061E-05   0.84325
FLUX  449   533.00        5.624625E+14   7.9062E-06   1.0078E-05   0.78451
FLUX  450   535.00        5.603598E+14   8.5727E-06   1.0094E-05   0.84928
FLUX  451   537.00        5.582728E+14   8.8292E-06   1.0114E-05   0.87293
FLUX  452   539.00        5.562013E+14   8.6294E-06   1.0151E-05   0.85010
FLUX  453   541.00        5.541451E+14   8.4079E-06   1.0167E-05   0.82701
FLUX  454   543.00        5.521040E+14   8.6656E-06   1.0182E-05   0.85108
FLUX  455   545.00        5.500780E+14   9.1707E-06   1.0197E-05   0.89935
FLUX  456   547.00        5.480667E+14   8.8512E-06   1.0212E-05   0.86675
FLUX  457   549.00        5.460701E+14   8.7315E-06   1.0227E-05   0.85381
FLUX  458   551.00        5.440880E+14   8.7371E-06   1.0241E-05   0.85315
FLUX  459   553.00        5.421202E+14   9.0021E-06   1.0255E-05   0.87780
FLUX  460   555.00        5.401667E+14   9.0931E-06   1.0269E-05   0.88546
FLUX  461   557.00        5.382271E+14   9.0809E-06   1.0283E-05   0.88308
FLUX  462   559.00        5.363014E+14   8.9004E-06   1.0297E-05   0.86438
FLUX  463   561.00        5.343895E+14   9.3280E-06   1.0310E-05   0.90472
FLUX  464   563.00        5.324911E+14   9.2567E-06   1.0348E-05   0.89455
FLUX  465   565.00        5.306062E+14   9.2256E-06   1.0361E-05   0.89040
FLUX  466   567.00        5.287346E+14   8.9809E-06   1.0374E-05   0.86571
FLUX  467   569.00        5.268761E+14   9.2932E-06   1.0387E-05   0.89471
FLUX  468   571.00        5.250306E+14   9.1622E-06   1.0399E-05   0.88104
FLUX  469   573.00        5.231981E+14   9.9420E-06   1.0412E-05   0.95490
FLUX  470   575.00        5.213783E+14   9.5385E-06   1.0424E-05   0.91507
FLUX  471   577.00        5.195711E+14   9.7524E-06   1.0435E-05   0.93454
FLUX  472   579.00        5.177763E+14   9.3933E-06   1.0447E-05   0.89914
FLUX  473   581.00        5.159940E+14   9.7125E-06   1.0458E-05   0.92869
FLUX  474   583.00        5.142238E+14   9.9674E-06   1.0469E-05   0.95206
FLUX  475   585.00        5.124658E+14   9.8285E-06   1.0480E-05   0.93782
FLUX  476   587.00        5.107198E+14   9.9215E-06   1.0491E-05   0.94573
FLUX  477   589.00        5.089856E+14   9.4876E-06   1.0501E-05   0.90347
FLUX  478   591.00        5.072631E+14   9.8929E-06   1.0511E-05   0.94116
FLUX  479   593.00        5.055523E+14   9.8964E-06   1.0521E-05   0.94060
FLUX  480   595.00        5.038529E+14   9.9537E-06   1.0540E-05   0.94436
FLUX  481   597.00        5.021650E+14   1.0100E-05   1.0550E-05   0.95734
FLUX  482   599.00        5.004883E+14   9.9417E-06   1.0559E-05   0.94151
FLUX  483   601.00        4.988228E+14   9.7733E-06   1.0569E-05   0.92475
FLUX  484   603.00        4.971683E+14   9.9982E-06   1.0578E-05   0.94521
FLUX  485   605.00        4.955248E+14   1.0116E-05   1.0588E-05   0.95540
FLUX  486   607.00        4.938921E+14   1.0263E-05   1.0597E-05   0.96854
FLUX  487   609.00        4.922701E+14   9.8700E-06   1.0605E-05   0.93066
FLUX  488   611.00        4.906588E+14   9.7750E-06   1.0614E-05   0.92096
FLUX  489   613.00        4.890579E+14   9.5333E-06   1.0622E-05   0.89750
FLUX  490   615.00        4.874675E+14   9.5957E-06   1.0630E-05   0.90268
FLUX  491   617.00        4.858874E+14   9.4512E-06   1.0638E-05   0.88843
FLUX  492   619.00        4.843174E+14   1.0071E-05   1.0646E-05   0.94603
FLUX  493   621.00        4.827576E+14   1.0166E-05   1.0654E-05   0.95427
FLUX  494   623.00        4.812079E+14   9.8242E-06   1.0661E-05   0.92151
FLUX  495   625.00        4.796680E+14   9.3994E-06   1.0668E-05   0.88107
FLUX  496   627.00        4.781380E+14   1.0133E-05   1.0718E-05   0.94543
FLUX  497   629.00        4.766176E+14   1.0236E-05   1.0725E-05   0.95444
FLUX  498   631.00        4.751070E+14   9.8182E-06   1.0731E-05   0.91491
FLUX  499   633.00        4.736058E+14   9.9897E-06   1.0738E-05   0.93031
FLUX  500   635.00        4.721142E+14   9.9532E-06   1.0748E-05   0.92604
FLUX  501   637.00        4.706319E+14   9.9221E-06   1.0754E-05   0.92262
FLUX  502   639.00        4.691588E+14   1.0203E-05   1.0760E-05   0.94820
FLUX  503   641.00        4.676950E+14   1.0012E-05   1.0766E-05   0.92990
FLUX  504   643.00        4.662403E+14   1.0190E-05   1.0772E-05   0.94597
FLUX  505   645.00        4.647946E+14   1.0043E-05   1.0778E-05   0.93182
FLUX  506   647.00        4.633578E+14   1.0194E-05   1.0783E-05   0.94534
FLUX  507   649.00        4.619299E+14   9.9956E-06   1.0788E-05   0.92651
FLUX  508   651.00        4.605107E+14   1.0273E-05   1.0799E-05   0.95131
FLUX  509   653.00        4.591003E+14   1.0278E-05   1.0804E-05   0.95130
FLUX  510   655.00        4.576985E+14   9.9516E-06   1.0835E-05   0.91843
FLUX  511   657.00        4.563052E+14   8.6366E-06   1.0840E-05   0.79673
FLUX  512   659.00        4.549203E+14   1.0201E-05   1.0844E-05   0.94067
FLUX  513   661.00        4.535439E+14   1.0347E-05   1.0849E-05   0.95377
FLUX  514   663.00        4.521757E+14   1.0382E-05   1.0853E-05   0.95658
FLUX  515   665.00        4.508158E+14   1.0391E-05   1.0857E-05   0.95708
FLUX  516   667.00        4.494640E+14   1.0286E-05   1.0861E-05   0.94705
FLUX  517   669.00        4.481203E+14   1.0511E-05   1.0864E-05   0.96744
FLUX  518   671.00        4.467846E+14   1.0330E-05   1.0868E-05   0.95048
FLUX  519   673.00        4.454569E+14   1.0510E-05   1.0871E-05   0.96671
FLUX  520   675.00        4.441370E+14   1.0289E-05   1.0875E-05   0.94618
FLUX  521   677.00        4.428250E+14   1.0478E-05   1.0878E-05   0.96324
FLUX  522   679.00        4.415206E+14   1.0369E-05   1.0881E-05   0.95297
FLUX  523   681.00        4.402239E+14   1.0428E-05   1.0884E-05   0.95817
FLUX  524   683.00        4.389348E+14   1.0484E-05   1.0886E-05   0.96306
FLUX  525   685.00        4.376533E+14   1.0302E-05   1.0889E-05   0.94610
FLUX  526   687.00        4.363792E+14   1.0512E-05   1.0892E-05   0.96512
FLUX  527   689.00        4.351125E+14   1.0550E-05   1.0894E-05   0.96839
FLUX  528   691.00        4.338531E+14   1.0492E-05   1.0896E-05   0.96295
FLUX  529   693.00        4.326010E+14   1.0478E-05   1.0898E-05   0.96145
FLUX  530   695.00        4.313561E+14   1.0494E-05   1.0900E-05   0.96270
FLUX  531   697.00        4.301184E+14   1.0516E-05   1.0902E-05   0.96462
FLUX  532   699.00        4.288877E+14   1.0539E-05   1.0904E-05   0.96652
FLUX  533   701.00        4.276640E+14   1.0131E-05   1.0906E-05   0.92893
FLUX  534   703.00        4.264474E+14   1.0419E-05   1.0907E-05   0.95524
FLUX  535   705.00        4.252376E+14   1.0525E-05   1.0909E-05   0.96481
FLUX  536   707.00        4.240346E+14   1.0463E-05   1.0910E-05   0.95909
FLUX  537   709.00        4.228385E+14   1.0461E-05   1.0911E-05   0.95874
FLUX  538   711.00        4.216491E+14   1.0338E-05   1.0912E-05   0.94744
FLUX  539   713.00        4.204663E+14   1.0359E-05   1.0913E-05   0.94924
FLUX  540   715.00        4.192902E+14   1.0397E-05   1.0913E-05   0.95267
FLUX  541   717.00        4.181206E+14   1.0334E-05   1.0914E-05   0.94692
FLUX  542   719.00        4.169576E+14   1.0057E-05   1.0914E-05   0.92150
FLUX  543   721.00        4.158010E+14   1.0392E-05   1.0914E-05   0.95217
FLUX  544   723.00        4.146508E+14   1.0317E-05   1.0915E-05   0.94520
FLUX  545   725.00        4.135069E+14   1.0403E-05   1.0930E-05   0.95180
FLUX  546   727.00        4.123693E+14   1.0491E-05   1.0930E-05   0.95985
FLUX  547   729.00        4.112380E+14   1.0168E-05   1.0930E-05   0.93030
FLUX  548   731.00        4.101129E+14   1.0374E-05   1.0964E-05   0.94625
FLUX  549   733.00        4.089939E+14   1.0453E-05   1.0963E-05   0.95349
FLUX  550   735.00        4.078809E+14   1.0478E-05   1.0963E-05   0.95580
FLUX  551   737.00        4.067741E+14   1.0557E-05   1.0962E-05   0.96303
FLUX  552   739.00        4.056732E+14   1.0293E-05   1.0962E-05   0.93896
FLUX  553   741.00        4.045783E+14   1.0215E-05   1.0961E-05   0.93196
FLUX  554   743.00        4.034892E+14   1.0220E-05   1.0960E-05   0.93251
FLUX  555   745.00        4.024060E+14   1.0330E-05   1.0959E-05   0.94261
FLUX  556   747.00        4.013286E+14   1.0441E-05   1.0958E-05   0.95285
FLUX  557   749.00        4.002570E+14   1.0411E-05   1.0957E-05   0.95022
FLUX  558   751.00        3.991911E+14   1.0497E-05   1.0955E-05   0.95819
FLUX  559   753.00        3.981308E+14   1.0533E-05   1.0954E-05   0.96161
FLUX  560   755.00        3.970762E+14   1.0658E-05   1.0952E-05   0.97314
FLUX  561   757.00        3.960271E+14   1.0529E-05   1.0951E-05   0.96149
FLUX  562   759.00        3.949835E+14   1.0583E-05   1.0949E-05   0.96654
FLUX  563   761.00        3.939455E+14   1.0549E-05   1.0947E-05   0.96363
FLUX  564   763.00        3.929128E+14   1.0664E-05   1.0946E-05   0.97431
FLUX  565   765.00        3.918856E+14   1.0595E-05   1.0944E-05   0.96813
FLUX  566   767.00        3.908638E+14   1.0338E-05   1.0941E-05   0.94484
FLUX  567   769.00        3.898472E+14   1.0556E-05   1.0939E-05   0.96499
FLUX  568   771.00        3.888359E+14   1.0491E-05   1.0937E-05   0.95920
FLUX  569   773.00        3.878299E+14   1.0508E-05   1.0935E-05   0.96097
FLUX  570   775.00        3.868290E+14   1.0460E-05   1.0932E-05   0.95676
FLUX  571   777.00        3.858333E+14   1.0489E-05   1.0930E-05   0.95966
FLUX  572   779.00        3.848427E+14   1.0714E-05   1.0927E-05   0.98051
FLUX  573   781.00        3.838572E+14   1.0627E-05   1.0924E-05   0.97279
FLUX  574   783.00        3.828768E+14   1.0526E-05   1.0922E-05   0.96382
FLUX  575   785.00        3.819013E+14   1.0450E-05   1.0919E-05   0.95706
FLUX  576   787.00        3.809307E+14   1.0630E-05   1.0916E-05   0.97377
FLUX  577   789.00        3.799651E+14   1.0558E-05   1.0913E-05   0.96747
FLUX  578   791.00        3.790044E+14   1.0403E-05   1.0910E-05   0.95358
FLUX  579   793.00        3.780485E+14   1.0320E-05   1.0906E-05   0.94620
FLUX  580   795.00        3.770975E+14   1.0361E-05   1.0903E-05   0.95029
FLUX  581   797.00        3.761512E+14   1.0621E-05   1.0902E-05   0.97423
FLUX  582   799.00        3.752096E+14   1.0595E-05   1.0899E-05   0.97213
FLUX  583   801.00        3.742728E+14   1.0541E-05   1.0895E-05   0.96750
FLUX  584   803.00        3.733406E+14   1.0466E-05   1.0891E-05   0.96095
FLUX  585   805.00        3.724130E+14   1.0491E-05   1.0888E-05   0.96357
FLUX  586   807.00        3.714901E+14   1.0528E-05   1.0884E-05   0.96734
FLUX  587   809.00        3.705717E+14   1.0401E-05   1.0880E-05   0.95594
FLUX  588   811.00        3.696578E+14   1.0602E-05   1.0876E-05   0.97477
FLUX  589   813.00        3.687485E+14   1.0669E-05   1.0872E-05   0.98131
FLUX  590   815.00        3.678436E+14   1.0593E-05   1.0868E-05   0.97466
FLUX  591   817.00        3.669431E+14   1.0619E-05   1.0864E-05   0.97747
FLUX  592   819.00        3.660470E+14   1.0286E-05   1.0859E-05   0.94718
FLUX  593   821.00        3.651553E+14   1.0264E-05   1.1417E-05   0.89900
FLUX  594   823.00        3.642679E+14   1.0364E-05   1.1412E-05   0.90815
FLUX  595   825.00        3.633848E+14   1.0392E-05   1.1407E-05   0.91104
FLUX  596   827.00        3.625060E+14   1.0617E-05   1.1402E-05   0.93117
FLUX  597   829.00        3.616315E+14   1.0580E-05   1.1397E-05   0.92833
FLUX  598   831.00        3.607611E+14   1.0349E-05   1.1392E-05   0.90846
FLUX  599   833.00        3.598950E+14   1.0342E-05   1.1387E-05   0.90828
FLUX  600   835.00        3.590329E+14   1.0438E-05   1.1381E-05   0.91710
FLUX  601   837.00        3.581750E+14   1.0489E-05   1.1376E-05   0.92208
FLUX  602   839.00        3.573212E+14   1.0355E-05   1.1370E-05   0.91070
FLUX  603   841.00        3.564715E+14   1.0478E-05   1.1365E-05   0.92197
FLUX  604   843.00        3.556257E+14   1.0307E-05   1.1359E-05   0.90731
FLUX  605   845.00        3.547840E+14   1.0282E-05   1.1354E-05   0.90557
FLUX  606   847.00        3.539463E+14   1.0239E-05   1.1348E-05   0.90224
FLUX  607   849.00        3.531125E+14   1.0068E-05   1.1343E-05   0.88760
FLUX  608   851.00        3.522826E+14   9.2920E-06   1.1337E-05   0.81963
FLUX  609   853.00        3.514566E+14   9.7795E-06   1.1331E-05   0.86307
FLUX  610   855.00        3.506345E+14   7.4601E-06   1.1329E-05   0.65851
FLUX  611   857.00        3.498162E+14   1.0596E-05   1.1323E-05   0.93579
FLUX  612   859.00        3.490017E+14   1.0300E-05   1.1317E-05   0.91016
FLUX  613   861.00        3.481911E+14   1.0201E-05   1.1311E-05   0.90185
FLUX  614   863.00        3.473841E+14   1.0725E-05   1.1305E-05   0.94867
FLUX  615   865.00        3.465809E+14   1.0250E-05   1.1299E-05   0.90709
FLUX  616   867.00        3.457814E+14   7.7663E-06   1.1293E-05   0.68770
FLUX  617   869.00        3.449856E+14   1.0245E-05   1.1287E-05   0.90763
FLUX  618   871.00        3.441935E+14   1.0728E-05   1.1281E-05   0.95097
FLUX  619   873.00        3.434049E+14   1.0713E-05   1.1275E-05   0.95017
FLUX  620   875.00        3.426200E+14   9.8936E-06   1.1269E-05   0.87797
FLUX  621   877.00        3.418387E+14   1.0792E-05   1.1262E-05   0.95824
FLUX  622   879.00        3.410609E+14   1.0809E-05   1.1256E-05   0.96027
FLUX  623   881.00        3.402866E+14   1.0666E-05   1.1250E-05   0.94814
FLUX  624   883.00        3.395159E+14   1.0678E-05   1.1243E-05   0.94970
FLUX  625   885.00        3.387486E+14   1.0552E-05   1.1237E-05   0.93906
FLUX  626   887.00        3.379848E+14   9.8402E-06   1.1230E-05   0.87621
FLUX  627   889.00        3.372244E+14   1.0716E-05   1.1224E-05   0.95477
FLUX  628   891.00        3.364674E+14   1.0905E-05   1.1217E-05   0.97216
FLUX  629   893.00        3.357139E+14   1.0649E-05   1.1211E-05   0.94990
FLUX  630   895.00        3.349637E+14   1.0788E-05   1.1204E-05   0.96285
FLUX  631   897.00        3.342168E+14   1.0741E-05   1.1198E-05   0.95926
FLUX  632   899.00        3.334733E+14   1.0743E-05   1.1191E-05   0.96001
FLUX  633   901.00        3.327331E+14   9.8205E-06   1.1184E-05   0.87808
FLUX  634   903.00        3.319961E+14   1.0440E-05   1.1177E-05   0.93405
FLUX  635   905.00        3.312624E+14   1.0931E-05   1.1170E-05   0.97857
FLUX  636   907.00        3.305320E+14   1.0605E-05   1.1164E-05   0.94994
FLUX  637   909.00        3.298047E+14   1.0322E-05   1.1157E-05   0.92522
FLUX  638   911.00        3.290807E+14   1.0501E-05   1.1150E-05   0.94185
FLUX  639   913.00        3.283598E+14   1.0856E-05   1.1143E-05   0.97424
FLUX  640   915.00        3.276421E+14   1.0805E-05   1.1136E-05   0.97035
FLUX  641   917.00        3.269275E+14   1.0720E-05   1.1129E-05   0.96331
FLUX  642   919.00        3.262160E+14   1.0792E-05   1.1121E-05   0.97034
FLUX  643   921.00        3.255076E+14   1.0398E-05   1.1114E-05   0.93554
FLUX  644   923.00        3.248023E+14   9.6454E-06   1.1107E-05   0.86840
FLUX  645   925.00        3.241000E+14   1.0240E-05   1.1100E-05   0.92251
FLUX  646   927.00        3.234008E+14   1.0505E-05   1.1093E-05   0.94700
FLUX  647   929.00        3.227045E+14   1.0711E-05   1.1086E-05   0.96625
FLUX  648   931.00        3.220113E+14   1.0780E-05   1.1078E-05   0.97305
FLUX  649   933.00        3.213210E+14   1.0729E-05   1.1071E-05   0.96907
FLUX  650   935.00        3.206337E+14   1.0765E-05   1.1064E-05   0.97296
FLUX  651   937.00        3.199493E+14   1.0759E-05   1.1057E-05   0.97308
FLUX  652   939.00        3.192678E+14   1.0681E-05   1.1049E-05   0.96665
FLUX  653   941.00        3.185893E+14   1.0156E-05   1.1042E-05   0.91980
FLUX  654   943.00        3.179136E+14   1.0564E-05   1.1035E-05   0.95733
FLUX  655   945.00        3.172407E+14   1.0439E-05   1.1027E-05   0.94664
FLUX  656   947.00        3.165707E+14   1.0711E-05   1.1020E-05   0.97194
FLUX  657   949.00        3.159036E+14   1.0791E-05   1.1012E-05   0.97993
FLUX  658   951.00        3.152392E+14   1.0674E-05   1.1005E-05   0.96989
FLUX  659   953.00        3.145776E+14   1.0521E-05   1.0997E-05   0.95665
FLUX  660   955.00        3.139188E+14   9.7145E-06   1.0990E-05   0.88395
FLUX  661   957.00        3.132628E+14   1.0462E-05   1.0982E-05   0.95263
FLUX  662   959.00        3.126095E+14   1.0696E-05   1.0975E-05   0.97458
FLUX  663   961.00        3.119589E+14   1.0536E-05   1.0967E-05   0.96066
FLUX  664   963.00        3.113110E+14   1.0394E-05   1.0959E-05   0.94841
FLUX  665   965.00        3.106658E+14   1.0490E-05   1.0952E-05   0.95782
FLUX  666   967.00        3.100233E+14   1.0347E-05   1.0944E-05   0.94545
FLUX  667   969.00        3.093834E+14   1.0407E-05   1.0936E-05   0.95159
FLUX  668   971.00        3.087461E+14   1.0636E-05   1.0929E-05   0.97325
FLUX  669   973.00        3.081115E+14   1.0629E-05   1.0921E-05   0.97324
FLUX  670   975.00        3.074795E+14   1.0391E-05   1.0913E-05   0.95215
FLUX  671   977.00        3.068500E+14   1.0596E-05   1.0905E-05   0.97163
FLUX  672   979.00        3.062232E+14   1.0490E-05   1.0897E-05   0.96259
FLUX  673   981.00        3.055989E+14   1.0658E-05   1.0890E-05   0.97877
FLUX  674   983.00        3.049771E+14   1.0596E-05   1.0882E-05   0.97377
FLUX  675   985.00        3.043579E+14   1.0542E-05   1.0874E-05   0.96946
FLUX  676   987.00        3.037411E+14   1.0524E-05   1.0866E-05   0.96857
FLUX  677   989.00        3.031269E+14   1.0496E-05   1.0858E-05   0.96669
FLUX  678   991.00        3.025151E+14   1.0435E-05   1.0850E-05   0.96174
FLUX  679   993.00        3.019058E+14   1.0621E-05   1.0842E-05   0.97965
FLUX  680   995.00        3.012990E+14   1.0570E-05   1.0834E-05   0.97562
FLUX  681   997.00        3.006946E+14   1.0589E-05   1.0826E-05   0.97815
FLUX  682   999.00        3.000926E+14   1.0594E-05   1.0818E-05   0.97926
FLUX  683  1002.50        2.990449E+14   1.0411E-05   1.0804E-05   0.96365
FLUX  684  1007.50        2.975608E+14   1.0184E-05   1.0784E-05   0.94434
FLUX  685  1012.50        2.960914E+14   1.0454E-05   1.0764E-05   0.97129
FLUX  686  1017.50        2.946364E+14   1.0409E-05   1.0743E-05   0.96886
FLUX  687  1022.50        2.931956E+14   1.0478E-05   1.0723E-05   0.97718
FLUX  688  1027.50        2.917689E+14   1.0562E-05   1.0703E-05   0.98683
FLUX  689  1032.50        2.903559E+14   1.0396E-05   1.0683E-05   0.97317
FLUX  690  1037.50        2.889566E+14   1.0408E-05   1.0662E-05   0.97617
FLUX  691  1042.50        2.875707E+14   1.0437E-05   1.0642E-05   0.98070
FLUX  692  1047.50        2.861981E+14   1.0184E-05   1.0622E-05   0.95883
FLUX  693  1052.50        2.848385E+14   1.0299E-05   1.0601E-05   0.97154
FLUX  694  1057.50        2.834917E+14   1.0321E-05   1.0580E-05   0.97553
FLUX  695  1062.50        2.821576E+14   1.0314E-05   1.0560E-05   0.97667
FLUX  696  1067.50        2.808361E+14   1.0055E-05   1.0539E-05   0.95401
FLUX  697  1072.50        2.795268E+14   1.0160E-05   1.0518E-05   0.96591
FLUX  698  1077.50        2.782297E+14   1.0133E-05   1.0498E-05   0.96530
FLUX  699  1082.50        2.769446E+14   1.0022E-05   1.0477E-05   0.95661
FLUX  700  1087.50        2.756713E+14   1.0044E-05   1.0456E-05   0.96060
FLUX  701  1092.50        2.744096E+14   9.6765E-06   1.0435E-05   0.92728
FLUX  702  1097.50        2.731595E+14   9.8396E-06   1.0415E-05   0.94479
FLUX  703  1102.50        2.719206E+14   1.0058E-05   1.0394E-05   0.96772
FLUX  704  1107.50        2.706930E+14   1.0078E-05   1.0373E-05   0.97156
FLUX  705  1112.50        2.694764E+14   1.0003E-05   1.0352E-05   0.96626
FLUX  706  1117.50        2.682707E+14   9.9887E-06   1.0331E-05   0.96688
FLUX  707  1122.50        2.670757E+14   1.0038E-05   1.0310E-05   0.97365
FLUX  708  1127.50        2.658913E+14   9.7695E-06   1.0289E-05   0.94951
FLUX  709  1132.50        2.647174E+14   9.8091E-06   1.0268E-05   0.95529
FLUX  710  1137.50        2.635538E+14   9.8635E-06   1.0247E-05   0.96254
FLUX  711  1142.50        2.624004E+14   9.7159E-06   1.0226E-05   0.95008
FLUX  712  1147.50        2.612571E+14   1.0015E-05   1.0205E-05   0.98130
FLUX  713  1152.50        2.601236E+14   9.9850E-06   1.0184E-05   0.98042
FLUX  714  1157.50        2.590000E+14   9.8744E-06   1.0163E-05   0.97157
FLUX  715  1162.50        2.578860E+14   9.7025E-06   1.0142E-05   0.95664
FLUX  716  1167.50        2.567816E+14   9.6651E-06   1.0121E-05   0.95493
FLUX  717  1172.50        2.556866E+14   9.9314E-06   1.0100E-05   0.98328
FLUX  718  1177.50        2.546008E+14   9.6688E-06   1.0079E-05   0.95928
FLUX  719  1182.50        2.535243E+14   9.7099E-06   1.0058E-05   0.96536
FLUX  720  1187.50        2.524568E+14   9.5933E-06   1.0040E-05   0.95554
FLUX  721  1192.50        2.513983E+14   9.9249E-06   1.0019E-05   0.99063
FLUX  722  1197.50        2.503486E+14   9.6065E-06   9.9978E-06   0.96086
FLUX  723  1202.50        2.493077E+14   9.7626E-06   9.9769E-06   0.97852
FLUX  724  1207.50        2.482754E+14   9.6619E-06   9.9559E-06   0.97047
FLUX  725  1212.50        2.472515E+14   9.6715E-06   9.9349E-06   0.97349
FLUX  726  1217.50        2.462361E+14   9.7620E-06   9.9139E-06   0.98468
FLUX  727  1222.50        2.452290E+14   9.7135E-06   9.8930E-06   0.98186
FLUX  728  1227.50        2.442301E+14   9.7021E-06   9.8721E-06   0.98278
FLUX  729  1232.50        2.432393E+14   9.6598E-06   9.8512E-06   0.98057
FLUX  730  1237.50        2.422566E+14   9.6689E-06   9.8304E-06   0.98358
FLUX  731  1242.50        2.412817E+14   9.6457E-06   9.8095E-06   0.98330
FLUX  732  1247.50        2.403146E+14   9.6523E-06   9.7888E-06   0.98606
FLUX  733  1252.50        2.393553E+14   9.5403E-06   9.7680E-06   0.97669
FLUX  734  1257.50        2.384036E+14   9.5037E-06   9.7473E-06   0.97501
FLUX  735  1262.50        2.374594E+14   9.5527E-06   9.7266E-06   0.98213
FLUX  736  1267.50        2.365227E+14   9.5050E-06   9.7059E-06   0.97930
FLUX  737  1272.50        2.355933E+14   9.5646E-06   9.6853E-06   0.98754
FLUX  738  1277.50        2.346712E+14   9.5399E-06   9.6647E-06   0.98708
FLUX  739  1282.50        2.337563E+14   8.7977E-06   9.6442E-06   0.91222
FLUX  740  1287.50        2.328485E+14   9.4192E-06   9.6237E-06   0.97875
FLUX  741  1292.50        2.319478E+14   9.3715E-06   9.6032E-06   0.97586
FLUX  742  1297.50        2.310539E+14   9.4455E-06   9.5828E-06   0.98568
FLUX  743  1302.50        2.301670E+14   9.3568E-06   9.5623E-06   0.97851
FLUX  744  1307.50        2.292868E+14   9.4281E-06   9.5418E-06   0.98809
FLUX  745  1312.50        2.284133E+14   9.3245E-06   9.5213E-06   0.97933
FLUX  746  1317.50        2.275465E+14   9.2735E-06   9.5009E-06   0.97607
FLUX  747  1322.50        2.266862E+14   9.3425E-06   9.4804E-06   0.98545
FLUX  748  1327.50        2.258324E+14   9.2236E-06   9.4599E-06   0.97502
FLUX  749  1332.50        2.249850E+14   9.2858E-06   9.4395E-06   0.98372
FLUX  750  1337.50        2.241439E+14   9.2456E-06   9.4190E-06   0.98160
FLUX  751  1342.50        2.233091E+14   9.2603E-06   9.3985E-06   0.98530
FLUX  752  1347.50        2.224805E+14   9.2444E-06   9.3780E-06   0.98575
FLUX  753  1352.50        2.216580E+14   9.2003E-06   9.3576E-06   0.98319
FLUX  754  1357.50        2.208416E+14   9.0724E-06   9.3372E-06   0.97164
FLUX  755  1362.50        2.200312E+14   9.1167E-06   9.3168E-06   0.97852
FLUX  756  1367.50        2.192267E+14   9.0792E-06   9.2964E-06   0.97664
FLUX  757  1372.50        2.184280E+14   8.9788E-06   9.2759E-06   0.96797
FLUX  758  1377.50        2.176352E+14   9.0287E-06   9.2554E-06   0.97550
FLUX  759  1382.50        2.168481E+14   9.0441E-06   9.2348E-06   0.97935
FLUX  760  1387.50        2.160667E+14   9.0818E-06   9.2142E-06   0.98563
FLUX  761  1392.50        2.152908E+14   8.9957E-06   9.1935E-06   0.97849
FLUX  762  1397.50        2.145206E+14   9.0029E-06   9.1740E-06   0.98135
FLUX  763  1402.50        2.137558E+14   8.9290E-06   9.1536E-06   0.97546
FLUX  764  1407.50        2.129964E+14   8.9725E-06   9.1328E-06   0.98244
FLUX  765  1412.50        2.122425E+14   8.8485E-06   9.1121E-06   0.97107
FLUX  766  1417.50        2.114938E+14   8.9121E-06   9.0913E-06   0.98029
FLUX  767  1422.50        2.107504E+14   8.7916E-06   9.0710E-06   0.96920
FLUX  768  1427.50        2.100123E+14   8.7021E-06   9.0501E-06   0.96155
FLUX  769  1432.50        2.092792E+14   8.8017E-06   9.0290E-06   0.97483
FLUX  770  1437.50        2.085513E+14   8.8736E-06   9.0079E-06   0.98509
FLUX  771  1442.50        2.078284E+14   8.4596E-06   8.9867E-06   0.94135
FLUX  772  1447.50        2.071105E+14   8.7537E-06   8.9654E-06   0.97639
FLUX  773  1452.50        2.063976E+14   8.5418E-06   8.9441E-06   0.95502
FLUX  774  1457.00        2.057601E+14   8.6945E-06   8.9249E-06   0.97419
FLUX  775  1462.00        2.050564E+14   8.6047E-06   9.1876E-06   0.93655
FLUX  776  1467.50        2.042879E+14   8.6607E-06   9.1685E-06   0.94462
FLUX  777  1472.50        2.035942E+14   8.5068E-06   9.1484E-06   0.92987
FLUX  778  1477.50        2.029052E+14   8.4804E-06   9.1281E-06   0.92904
FLUX  779  1482.50        2.022209E+14   8.5047E-06   9.1076E-06   0.93381
FLUX  780  1487.50        2.015412E+14   8.4345E-06   9.0869E-06   0.92820
FLUX  781  1492.50        2.008660E+14   8.6151E-06   9.0661E-06   0.95025
FLUX  782  1497.50        2.001953E+14   8.4871E-06   9.0450E-06   0.93831
FLUX  783  1502.50        1.995291E+14   8.4327E-06   9.0238E-06   0.93450
FLUX  784  1507.50        1.988673E+14   8.3257E-06   9.0023E-06   0.92484
FLUX  785  1512.50        1.982099E+14   8.4160E-06   8.9806E-06   0.93713
FLUX  786  1517.50        1.975568E+14   8.4569E-06   8.9587E-06   0.94398
FLUX  787  1522.50        1.969080E+14   8.3622E-06   8.9365E-06   0.93573
FLUX  788  1527.50        1.962635E+14   8.3923E-06   8.9141E-06   0.94146
FLUX  789  1532.50        1.956232E+14   8.3169E-06   8.8913E-06   0.93539
FLUX  790  1537.50        1.949870E+14   8.3816E-06   8.8683E-06   0.94511
FLUX  791  1542.50        1.943549E+14   8.1726E-06   8.8450E-06   0.92398
FLUX  792  1547.50        1.937270E+14   8.3016E-06   8.8214E-06   0.94108
FLUX  793  1552.50        1.931031E+14   8.2677E-06   8.7975E-06   0.93977
FLUX  794  1557.50        1.924831E+14   8.0165E-06   8.7732E-06   0.91375
FLUX  795  1562.50        1.918672E+14   8.3962E-06   8.7485E-06   0.95973
FLUX  796  1567.50        1.912552E+14   8.1086E-06   8.7235E-06   0.92951
FLUX  797  1572.50        1.906471E+14   7.9881E-06   8.6980E-06   0.91838
FLUX  798  1577.50        1.900428E+14   8.0728E-06   8.6722E-06   0.93088
FLUX  799  1582.50        1.894423E+14   8.1834E-06   8.6459E-06   0.94651
FLUX  800  1587.50        1.888457E+14   7.5083E-06   8.6190E-06   0.87113
FLUX  801  1592.50        1.882527E+14   8.0496E-06   8.5917E-06   0.93690
FLUX  802  1597.50        1.876635E+14   8.2128E-06   8.5639E-06   0.95899
FLUX  803  1605.00        1.867866E+14   8.0949E-06   8.5212E-06   0.94997
FLUX  804  1615.00        1.856300E+14   7.8075E-06   8.4617E-06   0.92269
FLUX  805  1625.00        1.844877E+14   8.1300E-06   8.3991E-06   0.96796
FLUX  806  1635.00        1.833593E+14   7.9557E-06   8.3316E-06   0.95489
FLUX  807  1645.00        1.822447E+14   7.6251E-06   8.2574E-06   0.92343
FLUX  808  1655.00        1.811435E+14   7.9220E-06   8.1791E-06   0.96857
FLUX  809  1665.00        1.800556E+14   7.9079E-06   8.1019E-06   0.97606
FLUX  810  1675.00        1.789806E+14   7.7280E-06   8.0263E-06   0.96283
FLUX  811  1685.00        1.779184E+14   7.3935E-06   7.9511E-06   0.92986
FLUX  812  1695.00        1.768687E+14   7.7491E-06   7.8770E-06   0.98376
FLUX  813  1705.00        1.758314E+14   7.5482E-06   7.8038E-06   0.96725
FLUX  814  1715.00        1.748061E+14   7.5959E-06   7.7317E-06   0.98244
FLUX  815  1725.00        1.737928E+14   7.3848E-06   7.6604E-06   0.96402
FLUX  816  1735.00        1.727911E+14   6.9639E-06   7.5902E-06   0.91748
FLUX  817  1745.00        1.718009E+14   7.2342E-06   7.5209E-06   0.96188
FLUX  818  1755.00        1.708219E+14   7.2388E-06   7.4525E-06   0.97132
FLUX  819  1765.00        1.698541E+14   7.1828E-06   7.3851E-06   0.97261
FLUX  820  1775.00        1.688972E+14   7.1112E-06   7.3185E-06   0.97166
FLUX  821  1785.00        1.679510E+14   7.0735E-06   7.2529E-06   0.97526
FLUX  822  1795.00        1.670153E+14   7.0633E-06   7.1881E-06   0.98265
FLUX  823  1805.00        1.660900E+14   6.9245E-06   7.1241E-06   0.97198
FLUX  824  1815.00        1.651749E+14   6.6063E-06   7.0610E-06   0.93561
FLUX  825  1825.00        1.642699E+14   6.7701E-06   6.9987E-06   0.96733
FLUX  826  1835.00        1.633747E+14   6.7903E-06   6.9371E-06   0.97883
FLUX  827  1845.00        1.624892E+14   6.6978E-06   6.8764E-06   0.97403
FLUX  828  1855.00        1.616132E+14   6.6482E-06   6.8164E-06   0.97533
FLUX  829  1865.00        1.607466E+14   6.5455E-06   6.7571E-06   0.96868
FLUX  830  1875.00        1.598893E+14   6.1879E-06   6.6987E-06   0.92375
FLUX  831  1885.00        1.590411E+14   6.4579E-06   6.6409E-06   0.97245
FLUX  832  1895.00        1.582018E+14   6.2556E-06   6.5838E-06   0.95015
FLUX  833  1905.00        1.573714E+14   6.4284E-06   6.5275E-06   0.98482
FLUX  834  1915.00        1.565496E+14   6.3442E-06   6.4718E-06   0.98028
FLUX  835  1925.00        1.557364E+14   6.3023E-06   6.4169E-06   0.98214
FLUX  836  1935.00        1.549315E+14   6.1854E-06   6.3626E-06   0.97215
FLUX  837  1945.00        1.541350E+14   5.8668E-06   6.3090E-06   0.92990
FLUX  838  1955.00        1.533465E+14   6.1410E-06   6.2561E-06   0.98160
FLUX  839  1965.00        1.525662E+14   6.0821E-06   6.2038E-06   0.98038
FLUX  840  1975.00        1.517937E+14   6.0053E-06   6.1522E-06   0.97612
FLUX  841  1985.00        1.510290E+14   5.9931E-06   6.1012E-06   0.98228
FLUX  842  1995.00        1.502719E+14   5.9466E-06   6.0509E-06   0.98276
FLUX  843  2005.00        1.495224E+14   5.9295E-06   6.0011E-06   0.98805
FLUX  844  2015.00        1.487804E+14   5.9124E-06   5.9520E-06   0.99335
FLUX  845  2025.00        1.480457E+14   5.8039E-06   5.9035E-06   0.98314
FLUX  846  2035.00        1.473182E+14   5.7213E-06   5.8555E-06   0.97708
FLUX  847  2045.00        1.465978E+14   5.7701E-06   5.8081E-06   0.99346
FLUX  848  2055.00        1.458844E+14   5.6948E-06   5.7613E-06   0.98847
FLUX  849  2065.00        1.451780E+14   5.6295E-06   5.7150E-06   0.98504
FLUX  850  2075.00        1.444783E+14   5.5883E-06   5.6693E-06   0.98572
FLUX  851  2085.00        1.437854E+14   5.5427E-06   5.6241E-06   0.98554
FLUX  852  2095.00        1.430990E+14   5.4870E-06   5.5794E-06   0.98345
FLUX  853  2105.00        1.424192E+14   5.4828E-06   5.5352E-06   0.99053
FLUX  854  2115.00        1.417459E+14   5.4073E-06   5.4916E-06   0.98466
FLUX  855  2125.00        1.410788E+14   5.3672E-06   5.4485E-06   0.98508
FLUX  856  2135.00        1.404180E+14   5.3442E-06   5.4058E-06   0.98859
FLUX  857  2145.00        1.397634E+14   5.3230E-06   5.3637E-06   0.99242
FLUX  858  2155.00        1.391148E+14   5.2768E-06   5.3221E-06   0.99150
FLUX  859  2165.00        1.384723E+14   4.9817E-06   5.2809E-06   0.94335
FLUX  860  2175.00        1.378356E+14   5.1470E-06   5.2402E-06   0.98222
FLUX  861  2185.00        1.372048E+14   5.1413E-06   5.1999E-06   0.98872
FLUX  862  2195.00        1.365797E+14   5.1340E-06   5.1601E-06   0.99493
FLUX  863  2205.00        1.359603E+14   5.0416E-06   5.1208E-06   0.98453
FLUX  864  2215.00        1.353465E+14   5.0271E-06   5.0819E-06   0.98921
FLUX  865  2225.00        1.347382E+14   5.0051E-06   5.0434E-06   0.99240
FLUX  866  2235.00        1.341353E+14   4.9640E-06   5.0054E-06   0.99174
FLUX  867  2245.00        1.335379E+14   4.9299E-06   4.9678E-06   0.99237
FLUX  868  2255.00        1.329457E+14   4.8508E-06   4.9306E-06   0.98382
FLUX  869  2265.00        1.323587E+14   4.8254E-06   4.8938E-06   0.98601
FLUX  870  2275.00        1.317769E+14   4.8260E-06   4.8574E-06   0.99353
FLUX  871  2285.00        1.312002E+14   4.7624E-06   4.8705E-06   0.97780
FLUX  872  2295.00        1.306285E+14   4.6866E-06   4.8343E-06   0.96944
FLUX  873  2305.00        1.300618E+14   4.7080E-06   4.7985E-06   0.98116
FLUX  874  2315.00        1.295000E+14   4.6609E-06   4.7630E-06   0.97857
FLUX  875  2325.00        1.289430E+14   4.5957E-06   4.7280E-06   0.97203
FLUX  876  2335.00        1.283908E+14   4.5840E-06   4.6933E-06   0.97670
FLUX  877  2345.00        1.278433E+14   4.5769E-06   4.6590E-06   0.98238
FLUX  878  2355.00        1.273004E+14   4.4819E-06   4.6251E-06   0.96903
FLUX  879  2365.00        1.267622E+14   4.5027E-06   4.5915E-06   0.98065
FLUX  880  2375.00        1.262284E+14   4.4488E-06   4.5584E-06   0.97596
FLUX  881  2385.00        1.256992E+14   4.3719E-06   4.5255E-06   0.96605
FLUX  882  2395.00        1.251743E+14   4.3891E-06   4.4930E-06   0.97686
FLUX  883  2405.00        1.246538E+14   4.3531E-06   4.4609E-06   0.97584
FLUX  884  2415.00        1.241377E+14   4.2850E-06   4.4290E-06   0.96747
FLUX  885  2425.00        1.236258E+14   4.2863E-06   4.3976E-06   0.97470
FLUX  886  2435.00        1.231181E+14   4.2383E-06   4.3664E-06   0.97066
FLUX  887  2445.00        1.226145E+14   4.2089E-06   4.3356E-06   0.97077
FLUX  888  2455.00        1.221151E+14   4.1626E-06   4.3051E-06   0.96689
FLUX  889  2465.00        1.216197E+14   4.1806E-06   4.2749E-06   0.97795
FLUX  890  2475.00        1.211283E+14   4.1284E-06   4.2450E-06   0.97251
FLUX  891  2485.00        1.206408E+14   4.0895E-06   4.2155E-06   0.97012
FLUX  892  2495.00        1.201573E+14   4.0341E-06   4.1862E-06   0.96366
FLUX  893  2505.00        1.196776E+14   4.0765E-06   4.1573E-06   0.98057
FLUX  894  2515.00        1.192018E+14   4.0319E-06   4.1286E-06   0.97657
FLUX  895  2525.00        1.187297E+14   3.9740E-06   4.1003E-06   0.96919
FLUX  896  2535.00        1.182613E+14   3.9980E-06   4.0722E-06   0.98178
FLUX  897  2545.00        1.177967E+14   3.9572E-06   4.0444E-06   0.97844
FLUX  898  2555.00        1.173356E+14   3.9219E-06   4.0169E-06   0.97634
FLUX  899  2565.00        1.168782E+14   3.8153E-06   3.9897E-06   0.95629
FLUX  900  2575.00        1.164243E+14   3.8995E-06   3.9628E-06   0.98403
FLUX  901  2585.00        1.159739E+14   3.8219E-06   3.9361E-06   0.97099
FLUX  902  2595.00        1.155270E+14   3.8473E-06   3.9097E-06   0.98404
FLUX  903  2605.00        1.150835E+14   3.8216E-06   3.8835E-06   0.98405
FLUX  904  2615.00        1.146434E+14   3.7004E-06   3.8577E-06   0.95925
FLUX  905  2625.00        1.142067E+14   3.6127E-06   3.8320E-06   0.94277
FLUX  906  2635.00        1.137732E+14   3.7372E-06   3.8067E-06   0.98176
FLUX  907  2645.00        1.133431E+14   3.7116E-06   3.7815E-06   0.98151
FLUX  908  2655.00        1.129162E+14   3.6952E-06   3.7566E-06   0.98363
FLUX  909  2665.00        1.124925E+14   3.6405E-06   3.7320E-06   0.97548
FLUX  910  2675.00        1.120720E+14   3.5513E-06   3.7076E-06   0.95785
FLUX  911  2685.00        1.116546E+14   3.6434E-06   3.6834E-06   0.98914
FLUX  912  2695.00        1.112403E+14   3.6277E-06   3.6595E-06   0.99131
FLUX  913  2705.00        1.108290E+14   3.6022E-06   3.6358E-06   0.99076
FLUX  914  2715.00        1.104208E+14   3.5812E-06   3.6123E-06   0.99139
FLUX  915  2725.00        1.100156E+14   3.5593E-06   3.5890E-06   0.99171
FLUX  916  2735.00        1.096133E+14   3.5393E-06   3.5660E-06   0.99250
FLUX  917  2745.00        1.092140E+14   3.5260E-06   3.5432E-06   0.99516
FLUX  918  2755.00        1.088176E+14   3.3845E-06   3.5206E-06   0.96135
FLUX  919  2765.00        1.084240E+14   3.4363E-06   3.4982E-06   0.98231
FLUX  920  2775.00        1.080333E+14   3.4438E-06   3.4760E-06   0.99074
FLUX  921  2785.00        1.076454E+14   3.4267E-06   3.4541E-06   0.99208
FLUX  922  2795.00        1.072603E+14   3.4186E-06   3.4323E-06   0.99602
FLUX  923  2805.00        1.068779E+14   3.3935E-06   3.4107E-06   0.99496
FLUX  924  2815.00        1.064982E+14   3.3737E-06   3.3894E-06   0.99536
FLUX  925  2825.00        1.061212E+14   3.3499E-06   3.3682E-06   0.99455
FLUX  926  2835.00        1.057469E+14   3.3395E-06   3.3473E-06   0.99767
FLUX  927  2845.00        1.053752E+14   3.3009E-06   3.3265E-06   0.99232
FLUX  928  2855.00        1.050061E+14   3.2908E-06   3.3059E-06   0.99543
FLUX  929  2865.00        1.046396E+14   3.2570E-06   3.2855E-06   0.99131
FLUX  930  2875.00        1.042757E+14   3.1324E-06   3.2653E-06   0.95929
FLUX  931  2885.00        1.039142E+14   3.2208E-06   3.2453E-06   0.99245
FLUX  932  2895.00        1.035553E+14   3.2099E-06   3.2255E-06   0.99518
FLUX  933  2905.00        1.031988E+14   3.1945E-06   3.2058E-06   0.99647
FLUX  934  2915.00        1.028448E+14   3.1673E-06   3.1863E-06   0.99401
FLUX  935  2925.00        1.024932E+14   3.1395E-06   3.1670E-06   0.99132
FLUX  936  2935.00        1.021440E+14   3.1350E-06   3.1479E-06   0.99591
FLUX  937  2945.00        1.017971E+14   3.1098E-06   3.1289E-06   0.99390
FLUX  938  2955.00        1.014526E+14   3.0977E-06   3.1101E-06   0.99601
FLUX  939  2965.00        1.011105E+14   3.0822E-06   3.0915E-06   0.99700
FLUX  940  2975.00        1.007706E+14   3.0618E-06   3.0731E-06   0.99635
FLUX  941  2985.00        1.004330E+14   3.0455E-06   3.0548E-06   0.99698
FLUX  942  2995.00        1.000977E+14   3.0161E-06   3.0366E-06   0.99326
FLUX  943  3005.00        9.976456E+13   3.0008E-06   3.0186E-06   0.99410
FLUX  944  3015.00        9.943366E+13   2.9866E-06   3.0008E-06   0.99525
FLUX  945  3025.00        9.910496E+13   2.9694E-06   2.9832E-06   0.99537
FLUX  946  3035.00        9.877842E+13   2.8665E-06   2.9657E-06   0.96657
FLUX  947  3045.00        9.845402E+13   2.9086E-06   2.9483E-06   0.98652
FLUX  948  3055.00        9.813175E+13   2.9151E-06   2.9311E-06   0.99456
FLUX  949  3065.00        9.781158E+13   2.8956E-06   2.9140E-06   0.99369
FLUX  950  3075.00        9.749349E+13   2.8876E-06   2.8970E-06   0.99672
FLUX  951  3085.00        9.717747E+13   2.8522E-06   2.8803E-06   0.99026
FLUX  952  3095.00        9.686349E+13   2.8445E-06   2.8636E-06   0.99332
FLUX  953  3105.00        9.655153E+13   2.8337E-06   2.8471E-06   0.99529
FLUX  954  3115.00        9.624157E+13   2.7943E-06   2.8308E-06   0.98713
FLUX  955  3125.00        9.593360E+13   2.7968E-06   2.8145E-06   0.99368
FLUX  956  3135.00        9.562759E+13   2.7799E-06   2.7985E-06   0.99339
FLUX  957  3145.00        9.532353E+13   2.7691E-06   2.7825E-06   0.99519
FLUX  958  3155.00        9.502139E+13   2.7519E-06   2.7667E-06   0.99464
FLUX  959  3165.00        9.472117E+13   2.7366E-06   2.7510E-06   0.99476
FLUX  960  3175.00        9.442283E+13   2.7213E-06   2.7355E-06   0.99483
FLUX  961  3185.00        9.412637E+13   2.7095E-06   2.7201E-06   0.99612
FLUX  962  3195.00        9.383177E+13   2.6977E-06   2.7048E-06   0.99739
FLUX  963  3210.00        9.339330E+13   2.6707E-06   2.6821E-06   0.99576
FLUX  964  3230.00        9.281501E+13   2.6440E-06   2.6523E-06   0.99688
FLUX  965  3250.00        9.224385E+13   2.6112E-06   2.6230E-06   0.99552
FLUX  966  3270.00        9.167966E+13   2.5806E-06   2.5941E-06   0.99479
FLUX  967  3290.00        9.112234E+13   2.4993E-06   2.5727E-06   0.97146
FLUX  968  3310.00        9.057175E+13   2.5109E-06   2.5446E-06   0.98674
FLUX  969  3330.00        9.002778E+13   2.4867E-06   2.5170E-06   0.98795
FLUX  970  3350.00        8.949030E+13   2.4672E-06   2.4898E-06   0.99091
FLUX  971  3370.00        8.895920E+13   2.4327E-06   2.4631E-06   0.98768
FLUX  972  3390.00        8.843436E+13   2.4059E-06   2.4367E-06   0.98734
FLUX  973  3410.00        8.791569E+13   2.3780E-06   2.4108E-06   0.98639
FLUX  974  3430.00        8.740306E+13   2.3623E-06   2.3853E-06   0.99033
FLUX  975  3450.00        8.689638E+13   2.3472E-06   2.3602E-06   0.99447
FLUX  976  3470.00        8.639553E+13   2.3170E-06   2.3355E-06   0.99204
FLUX  977  3490.00        8.590043E+13   2.2966E-06   2.3112E-06   0.99367
FLUX  978  3510.00        8.541097E+13   2.2741E-06   2.2873E-06   0.99426
FLUX  979  3530.00        8.492705E+13   2.2463E-06   2.2637E-06   0.99233
FLUX  980  3550.00        8.444859E+13   2.2265E-06   2.2405E-06   0.99376
FLUX  981  3570.00        8.397549E+13   2.2003E-06   2.2176E-06   0.99217
FLUX  982  3590.00        8.350766E+13   2.1785E-06   2.1951E-06   0.99243
FLUX  983  3610.00        8.304501E+13   2.1591E-06   2.1730E-06   0.99364
FLUX  984  3630.00        8.258746E+13   2.1431E-06   2.1511E-06   0.99626
FLUX  985  3650.00        8.213493E+13   2.1057E-06   2.1296E-06   0.98879
FLUX  986  3670.00        8.168733E+13   2.0911E-06   2.1084E-06   0.99182
FLUX  987  3690.00        8.124458E+13   2.0479E-06   2.0875E-06   0.98105
FLUX  988  3710.00        8.080660E+13   2.0323E-06   2.0669E-06   0.98322
FLUX  989  3730.00        8.037332E+13   2.0086E-06   2.0467E-06   0.98142
FLUX  990  3750.00        7.994467E+13   1.9528E-06   2.0267E-06   0.96354
FLUX  991  3770.00        7.952056E+13   1.9825E-06   2.0070E-06   0.98781
FLUX  992  3790.00        7.910092E+13   1.9639E-06   1.9876E-06   0.98809
FLUX  993  3810.00        7.868569E+13   1.9409E-06   1.9685E-06   0.98597
FLUX  994  3830.00        7.827480E+13   1.9336E-06   1.9496E-06   0.99180
FLUX  995  3850.00        7.786818E+13   1.9216E-06   1.9310E-06   0.99511
FLUX  996  3870.00        7.746576E+13   1.8964E-06   1.9127E-06   0.99146
FLUX  997  3890.00        7.706748E+13   1.8761E-06   1.8947E-06   0.99021
FLUX  998  3910.00        7.667327E+13   1.8521E-06   1.8769E-06   0.98683
FLUX  999  3930.00        7.628308E+13   1.8504E-06   1.8593E-06   0.99520
FLUX 1000  3950.00        7.589683E+13   1.8240E-06   1.8420E-06   0.99026
FLUX 1001  3970.00        7.551448E+13   1.8129E-06   1.8249E-06   0.99345
FLUX 1002  3990.00        7.513596E+13   1.7798E-06   1.8081E-06   0.98437
FLUX 1003  4010.00        7.476122E+13   1.7658E-06   1.7914E-06   0.98568
FLUX 1004  4030.00        7.439020E+13   1.7524E-06   1.7750E-06   0.98722
FLUX 1005  4050.00        7.402284E+13   1.7212E-06   1.7589E-06   0.97860
FLUX 1006  4070.00        7.365909E+13   1.7299E-06   1.7429E-06   0.99250
FLUX 1007  4090.00        7.329890E+13   1.7135E-06   1.7272E-06   0.99205
FLUX 1008  4110.00        7.294221E+13   1.7056E-06   1.7117E-06   0.99645
FLUX 1009  4130.00        7.258898E+13   1.6918E-06   1.6964E-06   0.99729
FLUX 1010  4150.00        7.223916E+13   1.6701E-06   1.6813E-06   0.99338
FLUX 1011  4170.00        7.189269E+13   1.6398E-06   1.6663E-06   0.98404
FLUX 1012  4190.00        7.154952E+13   1.6424E-06   1.6516E-06   0.99442
FLUX 1013  4210.00        7.120962E+13   1.6223E-06   1.6371E-06   0.99098
FLUX 1014  4230.00        7.087293E+13   1.6210E-06   1.6228E-06   0.99892
FLUX 1015  4250.00        7.053941E+13   1.6011E-06   1.6086E-06   0.99534
FLUX 1016  4270.00        7.020902E+13   1.5907E-06   1.5947E-06   0.99752
FLUX 1017  4290.00        6.988170E+13   1.5538E-06   1.5809E-06   0.98284
FLUX 1018  4310.00        6.955742E+13   1.5263E-06   1.5673E-06   0.97386
FLUX 1019  4330.00        6.923614E+13   1.5226E-06   1.5539E-06   0.97986
FLUX 1020  4350.00        6.891782E+13   1.4842E-06   1.5406E-06   0.96337
FLUX 1021  4370.00        6.860240E+13   1.4550E-06   1.5275E-06   0.95250
FLUX 1022  4390.00        6.828986E+13   1.4656E-06   1.5146E-06   0.96762
FLUX 1023  4410.00        6.798016E+13   1.4205E-06   1.5018E-06   0.94583
FLUX 1024  4430.00        6.767325E+13   1.4250E-06   1.4892E-06   0.95685
FLUX 1025  4450.00        6.736910E+13   1.4174E-06   1.4768E-06   0.95975
FLUX 1026  4470.00        6.706767E+13   1.3790E-06   1.4657E-06   0.94083
FLUX 1027  4490.00        6.676893E+13   1.3869E-06   1.4536E-06   0.95416
FLUX 1028  4510.00        6.647284E+13   1.3757E-06   1.4416E-06   0.95430
FLUX 1029  4530.00        6.617936E+13   1.3434E-06   1.4297E-06   0.93964
FLUX 1030  4550.00        6.588846E+13   1.3458E-06   1.4180E-06   0.94911
FLUX 1031  4570.00        6.560011E+13   1.3404E-06   1.4064E-06   0.95303
FLUX 1032  4590.00        6.531427E+13   1.3098E-06   1.3950E-06   0.93893
FLUX 1033  4610.00        6.503091E+13   1.3134E-06   1.3837E-06   0.94922
FLUX 1034  4630.00        6.475000E+13   1.3019E-06   1.3725E-06   0.94851
FLUX 1035  4650.00        6.447150E+13   1.2790E-06   1.3615E-06   0.93943
FLUX 1036  4670.00        6.419540E+13   1.2742E-06   1.3506E-06   0.94342
FLUX 1037  4690.00        6.392164E+13   1.2771E-06   1.3398E-06   0.95318
FLUX 1038  4710.00        6.365021E+13   1.2661E-06   1.3292E-06   0.95253
FLUX 1039  4730.00        6.338108E+13   1.2659E-06   1.3187E-06   0.95999
FLUX 1040  4750.00        6.311421E+13   1.2525E-06   1.3083E-06   0.95738
FLUX 1041  4770.00        6.284958E+13   1.2412E-06   1.2980E-06   0.95625
FLUX 1042  4790.00        6.258716E+13   1.2348E-06   1.2879E-06   0.95882
FLUX 1043  4810.00        6.232692E+13   1.2199E-06   1.2779E-06   0.95463
FLUX 1044  4830.00        6.206884E+13   1.2219E-06   1.2679E-06   0.96372
FLUX 1045  4850.00        6.181289E+13   1.2088E-06   1.2581E-06   0.96080
FLUX 1046  4870.00        6.155903E+13   1.1991E-06   1.2484E-06   0.96045
FLUX 1047  4890.00        6.130726E+13   1.1921E-06   1.2389E-06   0.96228
FLUX 1048  4910.00        6.105753E+13   1.1834E-06   1.2294E-06   0.96256
FLUX 1049  4930.00        6.080984E+13   1.1755E-06   1.2200E-06   0.96352
FLUX 1050  4950.00        6.056414E+13   1.1656E-06   1.2108E-06   0.96267
FLUX 1051  4970.00        6.032042E+13   1.1585E-06   1.2016E-06   0.96408
FLUX 1052  4990.00        6.007866E+13   1.1529E-06   1.1926E-06   0.96674
FLUX 1053  5010.00        5.983882E+13   1.1400E-06   1.1837E-06   0.96312
FLUX 1054  5030.00        5.960089E+13   1.1375E-06   1.1748E-06   0.96820
FLUX 1055  5050.00        5.936485E+13   1.1243E-06   1.1661E-06   0.96414
FLUX 1056  5070.00        5.913067E+13   1.1189E-06   1.1574E-06   0.96674
FLUX 1057  5090.00        5.889833E+13   1.1126E-06   1.1489E-06   0.96842
FLUX 1058  5110.00        5.866781E+13   1.1023E-06   1.1404E-06   0.96660
FLUX 1059  5130.00        5.843908E+13   1.0860E-06   1.1320E-06   0.95931
FLUX 1060  5150.00        5.821214E+13   1.0888E-06   1.1238E-06   0.96886
FLUX 1061  5170.00        5.798694E+13   1.0851E-06   1.1156E-06   0.97268
FLUX 1062  5190.00        5.776349E+13   1.0744E-06   1.1075E-06   0.97011
FLUX 1063  5210.00        5.754175E+13   1.0652E-06   1.0995E-06   0.96878
FLUX 1064  5230.00        5.732170E+13   1.0578E-06   1.0916E-06   0.96903
FLUX 1065  5250.00        5.710333E+13   1.0541E-06   1.0837E-06   0.97265
FLUX 1066  5270.00        5.688662E+13   1.0480E-06   1.0760E-06   0.97402
FLUX 1067  5290.00        5.667155E+13   1.0362E-06   1.0683E-06   0.96996
FLUX 1068  5310.00        5.645810E+13   1.0327E-06   1.0607E-06   0.97362
FLUX 1069  5330.00        5.624625E+13   1.0249E-06   1.0532E-06   0.97312
FLUX 1070  5350.00        5.603598E+13   1.0193E-06   1.0458E-06   0.97469
FLUX 1071  5370.00        5.582728E+13   1.0099E-06   1.0384E-06   0.97257
FLUX 1072  5390.00        5.562013E+13   1.0054E-06   1.0312E-06   0.97505
FLUX 1073  5410.00        5.541451E+13   1.0002E-06   1.0240E-06   0.97676
FLUX 1074  5430.00        5.521040E+13   9.8854E-07   1.0168E-06   0.97218
FLUX 1075  5450.00        5.500780E+13   9.8706E-07   1.0098E-06   0.97750
FLUX 1076  5470.00        5.480667E+13   9.7873E-07   1.0028E-06   0.97599
FLUX 1077  5490.00        5.460701E+13   9.7203E-07   9.9590E-07   0.97603
FLUX 1078  5510.00        5.440880E+13   9.6777E-07   9.8907E-07   0.97846
FLUX 1079  5530.00        5.421202E+13   9.6114E-07   9.8230E-07   0.97846
FLUX 1080  5550.00        5.401667E+13   9.5294E-07   9.7561E-07   0.97677
FLUX 1081  5570.00        5.382271E+13   9.5235E-07   9.6898E-07   0.98283
FLUX 1082  5590.00        5.363014E+13   9.4034E-07   9.6242E-07   0.97706
FLUX 1083  5610.00        5.343895E+13   9.3732E-07   9.5592E-07   0.98054
FLUX 1084  5630.00        5.324911E+13   9.3008E-07   9.4949E-07   0.97956
FLUX 1085  5650.00        5.306062E+13   9.2858E-07   9.4313E-07   0.98458
FLUX 1086  5670.00        5.287346E+13   9.2252E-07   9.3683E-07   0.98473
FLUX 1087  5690.00        5.268761E+13   9.1292E-07   9.3059E-07   0.98102
FLUX 1088  5710.00        5.250306E+13   9.0644E-07   9.2441E-07   0.98056
FLUX 1089  5730.00        5.231981E+13   9.0523E-07   9.1829E-07   0.98577
FLUX 1090  5750.00        5.213783E+13   8.9914E-07   9.1224E-07   0.98565
FLUX 1091  5770.00        5.195711E+13   8.9331E-07   9.0624E-07   0.98573
FLUX 1092  5790.00        5.177763E+13   8.8829E-07   9.0030E-07   0.98666
FLUX 1093  5810.00        5.159940E+13   8.8209E-07   8.9442E-07   0.98622
FLUX 1094  5830.00        5.142238E+13   8.7747E-07   8.8860E-07   0.98748
FLUX 1095  5850.00        5.124658E+13   8.7334E-07   8.8309E-07   0.98896
FLUX 1096  5870.00        5.107198E+13   8.6607E-07   8.7738E-07   0.98711
FLUX 1097  5890.00        5.089856E+13   8.5918E-07   8.7172E-07   0.98562
FLUX 1098  5910.00        5.072631E+13   8.4818E-07   8.6611E-07   0.97930
FLUX 1099  5930.00        5.055523E+13   8.5093E-07   8.6056E-07   0.98881
FLUX 1100  5950.00        5.038529E+13   8.3603E-07   8.5506E-07   0.97774
FLUX 1101  5970.00        5.021650E+13   8.4097E-07   8.4962E-07   0.98982
FLUX 1102  5990.00        5.004883E+13   8.3633E-07   8.4423E-07   0.99064
FLUX 1103  6010.00        4.988228E+13   8.3114E-07   8.3888E-07   0.99077
FLUX 1104  6030.00        4.971683E+13   8.2676E-07   8.3359E-07   0.99180
FLUX 1105  6050.00        4.955248E+13   8.2142E-07   8.2835E-07   0.99164
FLUX 1106  6070.00        4.938921E+13   8.1539E-07   8.2315E-07   0.99057
FLUX 1107  6090.00        4.922701E+13   8.1072E-07   8.1801E-07   0.99108
FLUX 1108  6110.00        4.906588E+13   8.0403E-07   8.1291E-07   0.98907
FLUX 1109  6130.00        4.890579E+13   8.0186E-07   8.0786E-07   0.99257
FLUX 1110  6150.00        4.874675E+13   7.9762E-07   8.0286E-07   0.99347
FLUX 1111  6170.00        4.858874E+13   7.9280E-07   7.9791E-07   0.99360
FLUX 1112  6190.00        4.843174E+13   7.8840E-07   7.9300E-07   0.99420
FLUX 1113  6210.00        4.827576E+13   7.8411E-07   7.8813E-07   0.99491
FLUX 1114  6230.00        4.812079E+13   7.7656E-07   7.8331E-07   0.99139
FLUX 1115  6250.00        4.796680E+13   7.7360E-07   7.7853E-07   0.99367
FLUX 1116  6270.00        4.781380E+13   7.6899E-07   7.7380E-07   0.99379
FLUX 1117  6290.00        4.766176E+13   7.5890E-07   7.6911E-07   0.98672
FLUX 1118  6310.00        4.751070E+13   7.5810E-07   7.6446E-07   0.99168
FLUX 1119  6330.00        4.736058E+13   7.5693E-07   7.5985E-07   0.99616
FLUX 1120  6350.00        4.721142E+13   7.5166E-07   7.5529E-07   0.99519
FLUX 1121  6370.00        4.706319E+13   7.4808E-07   7.5076E-07   0.99642
FLUX 1122  6390.00        4.691588E+13   7.4266E-07   7.4628E-07   0.99516
FLUX 1123  6420.00        4.669665E+13   7.3718E-07   7.3963E-07   0.99669
FLUX 1124  6460.00        4.640751E+13   7.2779E-07   7.3090E-07   0.99575
FLUX 1125  6500.00        4.612192E+13   7.1873E-07   7.2232E-07   0.99503
FLUX 1126  6540.00        4.583983E+13   7.1167E-07   7.1389E-07   0.99689
FLUX 1127  6580.00        4.556117E+13   7.0391E-07   7.0561E-07   0.99759
FLUX 1128  6620.00        4.528588E+13   6.9531E-07   6.9747E-07   0.99691
FLUX 1129  6660.00        4.501389E+13   6.8817E-07   6.8947E-07   0.99812
FLUX 1130  6700.00        4.474515E+13   6.8002E-07   6.8160E-07   0.99769
FLUX 1131  6740.00        4.447960E+13   6.7170E-07   6.7387E-07   0.99678
FLUX 1132  6780.00        4.421718E+13   6.6202E-07   6.6627E-07   0.99362
FLUX 1133  6820.00        4.395784E+13   6.5735E-07   6.5879E-07   0.99781
FLUX 1134  6860.00        4.370153E+13   6.5013E-07   6.5144E-07   0.99799
FLUX 1135  6900.00        4.344819E+13   6.4267E-07   6.4422E-07   0.99759
FLUX 1136  6940.00        4.319777E+13   6.3526E-07   6.3711E-07   0.99711
FLUX 1137  6980.00        4.295021E+13   6.2906E-07   6.3011E-07   0.99833
FLUX 1138  7020.00        4.270548E+13   6.2158E-07   6.2324E-07   0.99733
FLUX 1139  7060.00        4.246353E+13   6.1526E-07   6.1647E-07   0.99804
FLUX 1140  7100.00        4.222430E+13   6.0894E-07   6.0981E-07   0.99857
FLUX 1141  7140.00        4.198774E+13   6.0253E-07   6.0326E-07   0.99878
FLUX 1142  7180.00        4.175383E+13   5.9584E-07   5.9682E-07   0.99836
FLUX 1143  7220.00        4.152251E+13   5.8899E-07   5.9048E-07   0.99748
FLUX 1144  7260.00        4.129373E+13   5.8277E-07   5.8424E-07   0.99749
FLUX 1145  7300.00        4.106747E+13   5.7767E-07   5.7809E-07   0.99927
FLUX 1146  7340.00        4.084366E+13   5.7101E-07   5.7204E-07   0.99820
FLUX 1147  7380.00        4.062229E+13   5.6563E-07   5.6609E-07   0.99919
FLUX 1148  7420.00        4.040330E+13   5.5884E-07   5.6023E-07   0.99752
FLUX 1149  7460.00        4.018666E+13   5.4978E-07   5.5446E-07   0.99155
FLUX 1150  7500.00        3.997233E+13   5.4246E-07   5.4878E-07   0.98849
FLUX 1151  7540.00        3.976028E+13   5.4221E-07   5.4318E-07   0.99821
FLUX 1152  7580.00        3.955046E+13   5.3710E-07   5.3767E-07   0.99894
FLUX 1153  7620.00        3.934285E+13   5.3180E-07   5.3225E-07   0.99916
FLUX 1154  7660.00        3.913740E+13   5.2652E-07   5.2690E-07   0.99927
FLUX 1155  7700.00        3.893409E+13   5.2086E-07   5.2163E-07   0.99851
FLUX 1156  7740.00        3.873288E+13   5.1609E-07   5.1645E-07   0.99932
FLUX 1157  7780.00        3.853374E+13   5.1050E-07   5.1133E-07   0.99836
FLUX 1158  7820.00        3.833664E+13   5.0610E-07   5.0630E-07   0.99961
FLUX 1159  7860.00        3.814154E+13   5.0119E-07   5.0133E-07   0.99971
FLUX 1160  7900.00        3.794842E+13   4.9625E-07   4.9644E-07   0.99962
FLUX 1161  7940.00        3.775724E+13   4.9132E-07   4.9162E-07   0.99938
FLUX 1162  7980.00        3.756798E+13   4.8664E-07   4.8687E-07   0.99951
FLUX 1163  8020.00        3.738061E+13   4.8146E-07   4.8219E-07   0.99848
FLUX 1164  8060.00        3.719510E+13   4.7687E-07   4.7758E-07   0.99852
FLUX 1165  8100.00        3.701142E+13   4.7283E-07   4.7303E-07   0.99959
FLUX 1166  8140.00        3.682955E+13   4.6691E-07   4.6854E-07   0.99651
FLUX 1167  8180.00        3.664945E+13   4.6347E-07   4.6412E-07   0.99860
FLUX 1168  8220.00        3.647111E+13   4.5956E-07   4.5976E-07   0.99957
FLUX 1169  8260.00        3.629449E+13   4.5509E-07   4.5546E-07   0.99917
FLUX 1170  8300.00        3.611958E+13   4.5092E-07   4.5122E-07   0.99933
FLUX 1171  8340.00        3.594634E+13   4.4610E-07   4.4704E-07   0.99790
FLUX 1172  8380.00        3.577476E+13   4.4211E-07   4.4292E-07   0.99817
FLUX 1173  8420.00        3.560481E+13   4.3843E-07   4.3885E-07   0.99904
FLUX 1174  8460.00        3.543647E+13   4.3458E-07   4.3484E-07   0.99939
FLUX 1175  8500.00        3.526971E+13   4.3070E-07   4.3089E-07   0.99956
FLUX 1176  8540.00        3.510451E+13   4.2664E-07   4.2698E-07   0.99919
FLUX 1177  8580.00        3.494085E+13   4.2288E-07   4.2313E-07   0.99941
FLUX 1178  8620.00        3.477871E+13   4.1893E-07   4.1934E-07   0.99902
FLUX 1179  8660.00        3.461807E+13   4.1443E-07   4.1559E-07   0.99721
FLUX 1180  8700.00        3.445891E+13   4.1178E-07   4.1189E-07   0.99972
FLUX 1181  8740.00        3.430120E+13   4.0712E-07   4.0824E-07   0.99726
FLUX 1182  8780.00        3.414493E+13   4.0355E-07   4.0464E-07   0.99729
FLUX 1183  8820.00        3.399008E+13   4.0047E-07   4.0109E-07   0.99846
FLUX 1184  8860.00        3.383662E+13   3.9707E-07   3.9758E-07   0.99872
FLUX 1185  8900.00        3.368455E+13   3.9358E-07   3.9412E-07   0.99863
FLUX 1186  8940.00        3.353384E+13   3.9037E-07   3.9070E-07   0.99915
FLUX 1187  8980.00        3.338447E+13   3.8653E-07   3.8733E-07   0.99794
FLUX 1188  9020.00        3.323642E+13   3.8347E-07   3.8400E-07   0.99863
FLUX 1189  9060.00        3.308968E+13   3.8065E-07   3.8071E-07   0.99985
FLUX 1190  9100.00        3.294423E+13   3.7674E-07   3.7747E-07   0.99807
FLUX 1191  9140.00        3.280005E+13   3.7368E-07   3.7426E-07   0.99844
FLUX 1192  9180.00        3.265713E+13   3.7087E-07   3.7110E-07   0.99939
FLUX 1193  9220.00        3.251546E+13   3.6789E-07   3.6798E-07   0.99977
FLUX 1194  9260.00        3.237500E+13   3.6471E-07   3.6489E-07   0.99950
FLUX 1195  9300.00        3.223575E+13   3.6180E-07   3.6184E-07   0.99987
FLUX 1196  9340.00        3.209770E+13   3.5861E-07   3.5884E-07   0.99936
FLUX 1197  9380.00        3.196082E+13   3.5466E-07   3.5586E-07   0.99661
FLUX 1198  9420.00        3.182511E+13   3.5278E-07   3.5293E-07   0.99958
FLUX 1199  9460.00        3.169054E+13   3.4980E-07   3.5003E-07   0.99934
FLUX 1200  9500.00        3.155710E+13   3.4690E-07   3.4717E-07   0.99924
FLUX 1201  9540.00        3.142479E+13   3.4397E-07   3.4434E-07   0.99892
FLUX 1202  9580.00        3.129358E+13   3.4140E-07   3.4154E-07   0.99956
FLUX 1203  9620.00        3.116346E+13   3.3845E-07   3.3878E-07   0.99903
FLUX 1204  9660.00        3.103442E+13   3.3591E-07   3.3606E-07   0.99958
FLUX 1205  9700.00        3.090644E+13   3.3328E-07   3.3336E-07   0.99977
FLUX 1206  9740.00        3.077952E+13   3.3003E-07   3.3070E-07   0.99798
FLUX 1207  9780.00        3.065363E+13   3.2765E-07   3.2807E-07   0.99873
FLUX 1208  9820.00        3.052877E+13   3.2523E-07   3.2547E-07   0.99927
FLUX 1209  9860.00        3.040492E+13   3.2268E-07   3.2290E-07   0.99933
FLUX 1210  9900.00        3.028207E+13   3.2030E-07   3.2036E-07   0.99981
FLUX 1211  9940.00        3.016021E+13   3.1753E-07   3.1785E-07   0.99899
FLUX 1212  9980.00        3.003933E+13   3.1513E-07   3.1537E-07   0.99925
FLUX 1213 10020.00        2.991941E+13   3.1269E-07   3.1292E-07   0.99925
FLUX 1214 20000.00        1.498962E+13   7.9978E-08   7.9991E-08   0.99984
FLUX 1215 40000.00        7.494812E+12   1.9915E-08   1.9915E-08   0.99997
FLUX 1216 60000.00        4.996542E+12   8.7726E-09   8.7728E-09   0.99998
FLUX 1217 80000.00        3.747406E+12   4.8946E-09   4.8947E-09   0.99999
FLUX 1218100000.00        2.997925E+12   3.1106E-09   3.1106E-09   0.99999
FLUX 1219120000.00        2.498271E+12   2.1470E-09   2.1470E-09   1.00000
FLUX 1220140000.00        2.141375E+12   1.5690E-09   1.5690E-09   1.00000
FLUX 1221160000.00        1.873703E+12   1.1956E-09   1.1956E-09   1.00000
FLUX
