TEFF   5000.  GRAVITY 3.50000 LTE 
TITLE  [+0.5] VTURB=2  L/H=1.25 NOVER NEW ODF                                   
FLUX    1     9.09        3.298047E+16   2.5000E-39   2.5000E-39   1.00000
FLUX    2     9.35        3.206337E+16   2.5000E-39   2.5000E-39   1.00000
FLUX    3     9.61        3.119589E+16   2.5000E-39   2.5000E-39   1.00000
FLUX    4     9.77        3.068500E+16   2.5000E-39   2.5000E-39   1.00000
FLUX    5     9.96        3.009965E+16   2.5000E-39   2.5000E-39   1.00000
FLUX    6    10.20        2.939142E+16   2.8077-208   2.8078-208   0.99998
FLUX    7    10.38        2.888174E+16   1.0656-204   1.0656-204   0.99998
FLUX    8    10.56        2.838944E+16   3.0487-201   3.0488-201   0.99998
FLUX    9    10.77        2.783589E+16   2.3424-197   2.3424-197   0.99998
FLUX   10    11.04        2.715512E+16   1.4033-192   1.4034-192   0.99998
FLUX   11    11.40        2.629759E+16   1.4546-186   1.4547-186   0.99998
FLUX   12    11.78        2.544928E+16   1.2929-180   1.2930-180   0.99998
FLUX   13    12.13        2.471496E+16   1.8150-175   1.8150-175   0.99998
FLUX   14    12.48        2.402184E+16   1.3039-170   1.3039-170   0.99998
FLUX   15    12.71        2.358714E+16   1.4457-167   1.4458-167   0.99998
FLUX   16    12.84        2.334833E+16   6.8017-166   6.8019-166   0.99998
FLUX   17    13.05        2.297260E+16   2.9076-163   2.9076-163   0.99998
FLUX   18    13.24        2.264294E+16   5.9056-161   5.9057-161   0.99998
FLUX   19    13.39        2.238928E+16   3.5209-159   3.5210-159   0.99998
FLUX   20    13.66        2.194674E+16   4.3994-156   4.3994-156   0.99998
FLUX   21    13.98        2.144439E+16   1.4378-152   1.4378-152   0.99998
FLUX   22    14.33        2.092062E+16   6.6041-149   6.6042-149   0.99998
FLUX   23    14.72        2.036634E+16   4.9415-145   4.9416-145   0.99998
FLUX   24    15.10        1.985381E+16   1.8822-141   1.8822-141   0.99998
FLUX   25    15.52        1.931653E+16   1.0636-137   1.0636-137   0.99998
FLUX   26    15.88        1.887862E+16   1.2108-134   1.2109-134   0.99998
FLUX   27    16.20        1.850571E+16   4.8401-132   4.8402-132   0.99998
FLUX   28    16.60        1.805979E+16   6.2347-129   6.2348-129   0.99998
FLUX   29    17.03        1.760379E+16   9.4107-126   9.4109-126   0.99998
FLUX   30    17.34        1.728907E+16   1.4670-123   1.4670-123   0.99998
FLUX   31    17.68        1.695659E+16   3.0353-121   3.0354-121   0.99998
FLUX   32    18.02        1.663665E+16   5.1259-119   5.1260-119   0.99998
FLUX   33    18.17        1.649931E+16   4.6315-118   4.6315-118   0.99998
FLUX   34    18.61        1.610921E+16   2.4007-115   2.4008-115   0.99998
FLUX   35    19.10        1.569594E+16   1.7968-112   1.7969-112   0.99998
FLUX   36    19.39        1.546119E+16   7.6830-111   7.6831-111   0.99998
FLUX   37    19.84        1.511051E+16   2.0951-108   2.0951-108   0.99998
FLUX   38    20.18        1.485592E+16   1.2286-106   1.2287-106   0.99998
FLUX   39    20.50        1.462402E+16   5.0123-105   5.0124-105   0.99998
FLUX   40    21.05        1.424192E+16   2.2427-102   2.2427-102   0.99998
FLUX   41    21.62        1.386644E+16   8.9969-100   8.9970-100   0.99998
FLUX   42    21.98        1.363933E+16   3.3724E-98   3.3725E-98   0.99998
FLUX   43    22.30        1.344361E+16   7.6366E-97   7.6368E-97   0.99998
FLUX   44    22.68        1.321836E+16   2.7679E-95   2.7680E-95   0.99998
FLUX   45    23.00        1.303446E+16   5.1906E-94   5.1907E-94   0.99998
FLUX   46    23.40        1.281165E+16   1.8027E-92   1.8028E-92   0.99998
FLUX   47    24.00        1.249135E+16   2.9482E-90   2.9483E-90   0.99998
FLUX   48    24.65        1.216197E+16   5.5555E-88   5.5556E-88   0.99998
FLUX   49    25.24        1.187767E+16   5.0948E-86   5.0949E-86   0.99998
FLUX   50    25.68        1.167416E+16   1.2916E-84   1.2916E-84   0.99998
FLUX   51    26.00        1.153048E+16   1.2645E-83   1.2645E-83   0.99998
FLUX   52    26.40        1.135578E+16   2.0238E-82   2.0238E-82   0.99998
FLUX   53    26.85        1.116546E+16   4.1378E-81   4.1378E-81   0.99998
FLUX   54    27.35        1.096133E+16   1.0507E-79   1.0507E-79   0.99998
FLUX   55    27.85        1.076454E+16   2.3745E-78   2.3745E-78   0.99998
FLUX   56    28.40        1.055607E+16   6.4378E-77   6.4380E-77   0.99998
FLUX   57    29.00        1.033767E+16   2.0368E-75   2.0369E-75   0.99998
FLUX   58    29.60        1.012812E+16   5.5799E-74   5.5800E-74   0.99998
FLUX   59    30.10        9.959883E+15   7.9553E-73   7.9579E-73   0.99968
FLUX   60    30.80        9.733523E+15   2.8335E-71   2.8335E-71   0.99998
FLUX   61    31.80        9.427437E+15   3.5308E-69   3.5308E-69   0.99998
FLUX   62    32.80        9.140015E+15   3.2598E-67   3.2599E-67   0.99998
FLUX   63    33.80        8.869601E+15   2.2881E-65   2.2881E-65   0.99998
FLUX   64    34.80        8.614727E+15   1.2521E-63   1.2521E-63   0.99998
FLUX   65    35.70        8.397549E+15   3.7711E-62   3.7712E-62   0.99998
FLUX   66    36.60        8.191052E+15   9.5860E-61   9.5862E-61   0.99998
FLUX   67    37.50        7.994467E+15   2.0767E-59   2.0767E-59   0.99997
FLUX   68    38.50        7.786818E+15   5.3286E-58   5.3287E-58   0.99998
FLUX   69    39.50        7.589683E+15   1.1547E-56   1.1547E-56   0.99998
FLUX   70    40.50        7.402284E+15   2.1417E-55   2.1417E-55   0.99998
FLUX   71    41.40        7.241364E+15   2.6221E-54   2.6221E-54   0.99998
FLUX   72    42.20        7.104087E+15   2.2155E-53   2.2155E-53   0.99998
FLUX   73    43.00        6.971919E+15   1.7254E-52   1.7255E-52   0.99998
FLUX   74    44.10        6.798016E+15   2.5608E-51   2.5609E-51   0.99998
FLUX   75    45.10        6.647284E+15   2.6432E-50   2.6433E-50   0.99998
FLUX   76    46.00        6.517228E+15   1.9761E-49   1.9761E-49   0.99998
FLUX   77    47.00        6.378564E+15   1.6838E-48   1.6838E-48   0.99998
FLUX   78    48.00        6.245677E+15   1.3080E-47   1.3081E-47   0.99998
FLUX   79    49.00        6.118214E+15   9.3261E-47   9.3263E-47   0.99998
FLUX   80    50.00        5.995850E+15   6.1259E-46   6.1260E-46   0.99998
FLUX   81    50.60        5.924753E+15   2.4372E-45   2.7684E-45   0.88034
FLUX   82    51.20        5.855322E+15   7.9168E-45   8.0062E-45   0.98883
FLUX   83    52.00        5.765240E+15   3.1428E-44   3.1710E-44   0.99111
FLUX   84    53.00        5.656462E+15   1.6675E-43   1.6675E-43   0.99998
FLUX   85    54.00        5.551713E+15   8.1842E-43   8.2278E-43   0.99471
FLUX   86    55.00        5.450773E+15   3.8244E-42   3.8245E-42   0.99998
FLUX   87    56.00        5.353437E+15   1.6791E-41   1.6792E-41   0.99998
FLUX   88    57.00        5.259517E+15   6.9848E-41   6.9850E-41   0.99998
FLUX   89    58.00        5.168836E+15   2.7322E-40   2.7636E-40   0.98864
FLUX   90    59.00        5.081229E+15   1.0397E-39   1.0404E-39   0.99932
FLUX   91    60.00        4.996542E+15   3.7384E-39   3.7404E-39   0.99947
FLUX   92    61.00        4.914631E+15   1.2871E-38   1.2871E-38   0.99998
FLUX   93    62.00        4.835363E+15   4.2477E-38   4.2485E-38   0.99982
FLUX   94    63.00        4.758611E+15   1.3477E-37   1.3479E-37   0.99989
FLUX   95    64.00        4.684258E+15   4.1201E-37   4.1201E-37   0.99998
FLUX   96    65.00        4.612192E+15   1.2150E-36   1.2150E-36   0.99998
FLUX   97    65.80        4.556117E+15   2.8154E-36   2.8155E-36   0.99998
FLUX   98    66.50        4.508158E+15   5.7634E-36   5.7724E-36   0.99845
FLUX   99    67.50        4.441370E+15   1.5649E-35   1.5668E-35   0.99879
FLUX  100    68.50        4.376533E+15   4.1246E-35   4.1247E-35   0.99998
FLUX  101    69.50        4.313561E+15   1.0545E-34   1.0545E-34   0.99998
FLUX  102    70.50        4.252376E+15   2.6088E-34   2.6216E-34   0.99513
FLUX  103    71.60        4.187046E+15   6.9215E-34   6.9217E-34   0.99998
FLUX  104    72.60        4.129373E+15   1.6287E-33   1.6287E-33   0.99998
FLUX  105    73.50        4.078809E+15   3.4457E-33   3.4461E-33   0.99989
FLUX  106    74.50        4.024060E+15   7.7429E-33   7.7503E-33   0.99905
FLUX  107    75.50        3.970762E+15   1.7021E-32   1.7040E-32   0.99887
FLUX  108    76.50        3.918856E+15   3.6654E-32   3.6659E-32   0.99986
FLUX  109    77.50        3.868290E+15   7.7148E-32   7.7236E-32   0.99886
FLUX  110    78.50        3.819013E+15   1.5949E-31   1.5949E-31   0.99997
FLUX  111    79.50        3.770975E+15   3.1976E-31   3.2305E-31   0.98981
FLUX  112    80.50        3.724130E+15   6.3889E-31   6.4229E-31   0.99470
FLUX  113    81.50        3.678436E+15   1.2535E-30   1.2544E-30   0.99929
FLUX  114    82.50        3.633848E+15   2.4080E-30   2.4083E-30   0.99987
FLUX  115    83.50        3.590329E+15   4.5481E-30   4.5486E-30   0.99989
FLUX  116    84.50        3.547840E+15   8.4543E-30   8.4546E-30   0.99997
FLUX  117    85.50        3.506345E+15   1.5475E-29   1.5476E-29   0.99997
FLUX  118    86.50        3.465809E+15   2.7902E-29   2.7906E-29   0.99984
FLUX  119    87.50        3.426200E+15   4.9450E-29   4.9605E-29   0.99688
FLUX  120    88.50        3.387486E+15   8.6947E-29   8.6972E-29   0.99971
FLUX  121    89.50        3.349637E+15   1.5042E-28   1.5046E-28   0.99971
FLUX  122    90.50        3.312624E+15   2.5678E-28   2.5696E-28   0.99931
FLUX  123    91.50        3.276421E+15   3.2732E-25   1.6249E-24   0.20144
FLUX  124    92.50        3.241000E+15   1.2390E-24   2.4817E-24   0.49923
FLUX  125    93.50        3.206337E+15   1.8007E-24   3.7706E-24   0.47756
FLUX  126    94.50        3.172407E+15   3.0265E-24   5.6991E-24   0.53106
FLUX  127    95.50        3.139188E+15   4.8054E-24   8.6048E-24   0.55845
FLUX  128    96.50        3.106658E+15   7.9229E-24   1.2859E-23   0.61612
FLUX  129    97.50        3.074795E+15   1.1773E-23   1.9042E-23   0.61827
FLUX  130    98.50        3.043579E+15   1.8327E-23   2.8655E-23   0.63958
FLUX  131    99.50        3.012990E+15   2.7950E-23   4.2439E-23   0.65859
FLUX  132   100.50        2.983010E+15   4.3817E-23   6.2698E-23   0.69885
FLUX  133   101.50        2.953621E+15   6.7164E-23   9.1849E-23   0.73124
FLUX  134   102.50        2.924805E+15   9.9404E-23   1.3586E-22   0.73167
FLUX  135   103.50        2.896546E+15   1.5919E-22   1.9829E-22   0.80283
FLUX  136   104.50        2.868828E+15   2.4023E-22   2.8952E-22   0.82975
FLUX  137   105.50        2.841635E+15   3.4217E-22   4.2099E-22   0.81277
FLUX  138   106.50        2.814953E+15   5.1706E-22   6.0966E-22   0.84811
FLUX  139   107.50        2.788767E+15   7.5858E-22   8.7896E-22   0.86304
FLUX  140   108.50        2.763064E+15   1.1277E-21   1.2626E-21   0.89316
FLUX  141   109.50        2.737831E+15   1.5632E-21   1.8087E-21   0.86425
FLUX  142   110.50        2.713054E+15   2.2262E-21   2.5813E-21   0.86244
FLUX  143   111.50        2.688722E+15   3.2137E-21   3.6635E-21   0.87722
FLUX  144   112.50        2.664822E+15   4.7908E-21   5.1729E-21   0.92613
FLUX  145   113.50        2.641344E+15   6.8952E-21   7.2834E-21   0.94670
FLUX  146   114.50        2.618275E+15   9.7524E-21   1.0215E-20   0.95474
FLUX  147   115.50        2.595606E+15   1.3877E-20   1.4251E-20   0.97374
FLUX  148   116.50        2.573326E+15   1.9345E-20   1.9776E-20   0.97819
FLUX  149   117.50        2.551426E+15   2.6962E-20   2.7354E-20   0.98565
FLUX  150   118.50        2.529894E+15   3.7189E-20   3.7802E-20   0.98378
FLUX  151   119.50        2.508724E+15   5.0056E-20   5.1840E-20   0.96558
FLUX  152   120.50        2.487905E+15   6.7883E-20   7.0748E-20   0.95951
FLUX  153   121.50        2.467428E+15   7.4103E-20   9.6189E-20   0.77039
FLUX  154   122.50        2.447286E+15   1.2723E-19   1.3026E-19   0.97674
FLUX  155   123.50        2.427470E+15   1.7098E-19   1.7557E-19   0.97388
FLUX  156   124.50        2.407972E+15   2.2944E-19   2.3459E-19   0.97804
FLUX  157   125.50        2.388785E+15   3.0650E-19   3.1422E-19   0.97546
FLUX  158   126.50        2.369901E+15   4.0887E-19   4.1855E-19   0.97686
FLUX  159   127.50        2.351314E+15   5.4245E-19   5.5482E-19   0.97772
FLUX  160   128.50        2.333016E+15   6.9325E-19   7.3227E-19   0.94670
FLUX  161   129.50        2.315000E+15   9.1078E-19   9.6275E-19   0.94602
FLUX  162   130.50        2.297261E+15   1.1907E-18   1.2604E-18   0.94476
FLUX  163   131.50        2.279791E+15   1.6070E-18   1.6431E-18   0.97805
FLUX  164   132.50        2.262585E+15   2.0867E-18   2.1332E-18   0.97821
FLUX  165   133.50        2.245637E+15   2.6138E-18   2.7592E-18   0.94732
FLUX  166   134.50        2.228940E+15   3.3820E-18   3.5556E-18   0.95118
FLUX  167   135.50        2.212491E+15   4.4827E-18   4.5650E-18   0.98198
FLUX  168   136.50        2.196282E+15   5.5600E-18   5.8403E-18   0.95200
FLUX  169   137.50        2.180309E+15   6.7465E-18   7.4440E-18   0.90630
FLUX  170   138.50        2.164567E+15   8.5309E-18   9.4535E-18   0.90241
FLUX  171   139.50        2.149050E+15   9.7418E-18   1.1963E-17   0.81435
FLUX  172   140.50        2.133754E+15   1.3662E-17   1.5085E-17   0.90564
FLUX  173   141.50        2.118675E+15   1.7169E-17   1.8961E-17   0.90552
FLUX  174   142.50        2.103807E+15   1.9319E-17   2.3753E-17   0.81335
FLUX  175   143.50        2.089146E+15   2.6832E-17   2.9659E-17   0.90471
FLUX  176   144.20        2.079005E+15   3.1397E-17   3.4580E-17   0.90796
FLUX  177   144.70        2.071821E+15   3.1241E-17   3.8551E-17   0.81037
FLUX  178   145.50        2.060430E+15   3.7294E-17   4.5801E-17   0.81426
FLUX  179   146.50        2.046365E+15   5.1331E-17   5.6652E-17   0.90607
FLUX  180   147.50        2.032492E+15   5.6817E-17   6.9863E-17   0.81326
FLUX  181   148.50        2.018805E+15   6.9556E-17   8.5901E-17   0.80972
FLUX  182   149.50        2.005301E+15   9.5655E-17   1.0531E-16   0.90827
FLUX  183   150.50        1.991977E+15   1.2277E-16   1.2875E-16   0.95358
FLUX  184   151.20        1.982755E+15   1.0581E-16   1.4795E-16   0.71517
FLUX  185   151.70        1.976220E+15   1.3314E-16   1.6431E-16   0.81028
FLUX  186   152.50        1.965852E+15   1.7524E-16   2.9103E-16   0.60212
FLUX  187   153.50        1.953046E+15   4.4231E-16   1.9470E-15   0.22717
FLUX  188   154.50        1.940405E+15   4.6892E-16   2.2624E-15   0.20727
FLUX  189   155.50        1.927926E+15   8.0811E-16   2.6406E-15   0.30603
FLUX  190   156.50        1.915607E+15   8.2296E-16   3.1049E-15   0.26505
FLUX  191   157.50        1.903444E+15   2.4106E-15   1.0724E-14   0.22479
FLUX  192   158.50        1.891435E+15   2.7182E-15   1.2126E-14   0.22417
FLUX  193   159.50        1.879577E+15   2.9898E-15   1.3651E-14   0.21902
FLUX  194   160.50        1.867866E+15   3.0125E-15   1.5301E-14   0.19689
FLUX  195   161.50        1.856300E+15   3.2094E-15   1.7075E-14   0.18796
FLUX  196   162.50        1.844877E+15   3.4561E-15   3.8235E-14   0.09039
FLUX  197   163.50        1.833593E+15   5.4781E-15   4.4169E-14   0.12403
FLUX  198   164.50        1.822447E+15   8.0731E-15   5.0894E-14   0.15863
FLUX  199   165.50        1.811435E+15   5.8983E-15   5.8499E-14   0.10083
FLUX  200   166.50        1.800556E+15   1.0582E-14   6.7094E-14   0.15772
FLUX  201   167.20        1.793017E+15   7.1194E-15   7.3760E-14   0.09652
FLUX  202   167.70        1.787671E+15   1.3249E-14   2.0155E-13   0.06573
FLUX  203   168.50        1.779184E+15   2.3239E-14   6.6964E-13   0.03470
FLUX  204   169.50        1.768687E+15   4.4424E-14   7.5160E-13   0.05911
FLUX  205   170.50        1.758314E+15   5.6667E-14   8.4540E-13   0.06703
FLUX  206   171.50        1.748061E+15   6.2340E-14   1.9228E-12   0.03242
FLUX  207   172.50        1.737928E+15   9.7225E-14   2.1056E-12   0.04618
FLUX  208   173.50        1.727911E+15   1.2064E-13   2.2969E-12   0.05252
FLUX  209   174.50        1.718009E+15   1.8093E-13   2.5043E-12   0.07225
FLUX  210   175.50        1.708219E+15   1.9513E-13   2.7236E-12   0.07164
FLUX  211   176.50        1.698541E+15   2.3033E-13   2.9579E-12   0.07787
FLUX  212   177.50        1.688972E+15   2.0208E-13   3.2079E-12   0.06300
FLUX  213   178.50        1.679510E+15   4.1314E-13   3.4745E-12   0.11891
FLUX  214   179.50        1.670153E+15   3.5562E-13   3.7588E-12   0.09461
FLUX  215   180.50        1.660900E+15   5.9874E-13   4.0628E-12   0.14737
FLUX  216   181.50        1.651749E+15   4.2168E-13   4.3859E-12   0.09614
FLUX  217   182.50        1.642699E+15   7.3969E-13   4.7306E-12   0.15636
FLUX  218   183.50        1.633747E+15   6.8948E-13   5.0980E-12   0.13524
FLUX  219   184.50        1.624892E+15   6.7932E-13   5.4896E-12   0.12375
FLUX  220   185.50        1.616132E+15   6.7045E-13   5.9092E-12   0.11346
FLUX  221   186.50        1.607466E+15   1.1385E-12   6.3545E-12   0.17917
FLUX  222   187.50        1.598893E+15   1.1157E-12   7.1742E-12   0.15552
FLUX  223   188.50        1.590411E+15   1.4076E-12   7.6782E-12   0.18332
FLUX  224   189.50        1.582018E+15   1.9572E-12   8.2108E-12   0.23837
FLUX  225   190.50        1.573714E+15   1.7995E-12   8.7733E-12   0.20512
FLUX  226   191.50        1.565496E+15   2.5097E-12   9.3673E-12   0.26792
FLUX  227   192.50        1.557364E+15   2.1122E-12   9.9940E-12   0.21135
FLUX  228   193.50        1.549315E+15   1.1734E-12   1.0655E-11   0.11012
FLUX  229   194.50        1.541350E+15   3.0956E-12   1.1352E-11   0.27269
FLUX  230   195.50        1.533465E+15   4.1520E-12   1.2087E-11   0.34350
FLUX  231   196.70        1.524110E+15   4.9800E-12   1.3021E-11   0.38245
FLUX  232   197.60        1.517168E+15   5.3896E-12   1.3918E-11   0.38725
FLUX  233   198.40        1.511051E+15   6.5253E-12   1.4611E-11   0.44659
FLUX  234   199.50        1.502719E+15   6.1521E-12   1.5699E-11   0.39188
FLUX  235   200.50        1.495224E+15   6.7938E-12   1.6664E-11   0.40770
FLUX  236   201.50        1.487804E+15   7.7245E-12   1.7678E-11   0.43696
FLUX  237   202.50        1.480457E+15   6.0065E-12   1.8743E-11   0.32046
FLUX  238   203.50        1.473182E+15   8.8793E-12   1.9862E-11   0.44706
FLUX  239   204.50        1.465978E+15   9.6970E-12   2.1035E-11   0.46099
FLUX  240   205.50        1.458844E+15   1.1252E-11   2.2266E-11   0.50533
FLUX  241   206.50        1.451780E+15   1.0737E-11   2.3556E-11   0.45581
FLUX  242   207.40        1.445480E+15   9.4441E-12   2.4769E-11   0.38128
FLUX  243   207.80        1.442697E+15   1.3957E-11   4.9315E-10   0.02830
FLUX  244   208.50        1.437854E+15   1.7607E-11   5.1285E-10   0.03433
FLUX  245   209.50        1.430990E+15   3.2269E-11   5.4184E-10   0.05956
FLUX  246   210.50        1.424192E+15   4.3275E-11   5.7174E-10   0.07569
FLUX  247   211.50        1.417459E+15   4.5887E-11   6.0259E-10   0.07615
FLUX  248   212.50        1.410788E+15   4.2041E-11   6.3475E-10   0.06623
FLUX  249   213.50        1.404180E+15   5.7480E-11   6.6838E-10   0.08600
FLUX  250   214.50        1.397634E+15   5.2157E-11   7.0349E-10   0.07414
FLUX  251   215.50        1.391148E+15   5.7234E-11   7.4036E-10   0.07730
FLUX  252   216.50        1.384723E+15   5.4473E-11   7.7923E-10   0.06991
FLUX  253   217.50        1.378356E+15   6.1379E-11   8.2031E-10   0.07482
FLUX  254   218.50        1.372048E+15   5.7215E-11   8.6393E-10   0.06623
FLUX  255   219.50        1.365797E+15   8.8755E-11   9.1020E-10   0.09751
FLUX  256   220.50        1.359603E+15   7.9858E-11   9.5935E-10   0.08324
FLUX  257   221.50        1.353465E+15   7.8538E-11   1.0116E-09   0.07764
FLUX  258   222.50        1.347382E+15   8.3395E-11   1.0896E-09   0.07653
FLUX  259   223.50        1.341353E+15   1.3959E-10   1.1486E-09   0.12154
FLUX  260   224.50        1.335379E+15   1.5476E-10   1.2109E-09   0.12780
FLUX  261   225.50        1.329457E+15   1.6145E-10   1.4721E-09   0.10967
FLUX  262   226.50        1.323587E+15   1.0324E-10   1.5374E-09   0.06715
FLUX  263   227.50        1.317769E+15   1.5868E-10   1.6054E-09   0.09884
FLUX  264   228.50        1.312002E+15   1.9292E-10   1.6760E-09   0.11511
FLUX  265   229.50        1.306285E+15   2.2316E-10   1.7494E-09   0.12756
FLUX  266   230.50        1.300618E+15   1.3057E-10   1.8256E-09   0.07152
FLUX  267   231.50        1.295000E+15   2.5939E-10   1.9049E-09   0.13617
FLUX  268   232.50        1.289430E+15   2.4150E-10   1.9872E-09   0.12153
FLUX  269   233.50        1.283908E+15   3.4199E-10   2.1236E-09   0.16104
FLUX  270   234.50        1.278433E+15   2.1211E-10   2.2106E-09   0.09595
FLUX  271   235.50        1.273004E+15   2.2490E-10   2.3008E-09   0.09775
FLUX  272   236.50        1.267622E+15   2.4395E-10   2.3943E-09   0.10189
FLUX  273   237.50        1.262284E+15   2.7261E-10   2.4914E-09   0.10942
FLUX  274   238.50        1.256992E+15   3.0598E-10   2.5923E-09   0.11804
FLUX  275   239.50        1.251743E+15   3.3952E-10   2.6967E-09   0.12590
FLUX  276   240.50        1.246538E+15   4.8589E-10   2.8051E-09   0.17322
FLUX  277   241.50        1.241377E+15   3.3991E-10   2.9174E-09   0.11651
FLUX  278   242.50        1.236258E+15   4.9256E-10   3.0338E-09   0.16236
FLUX  279   243.50        1.231181E+15   6.4134E-10   3.1544E-09   0.20332
FLUX  280   244.50        1.226145E+15   8.4552E-10   3.3528E-09   0.25218
FLUX  281   245.50        1.221151E+15   9.3520E-10   3.4790E-09   0.26881
FLUX  282   246.50        1.216197E+15   6.3053E-10   3.6093E-09   0.17470
FLUX  283   247.50        1.211283E+15   7.6012E-10   3.7437E-09   0.20304
FLUX  284   248.50        1.206408E+15   2.2893E-10   3.8823E-09   0.05897
FLUX  285   249.50        1.201573E+15   3.8157E-10   4.0252E-09   0.09480
FLUX  286   250.50        1.196776E+15   7.7232E-10   4.2297E-09   0.18259
FLUX  287   251.30        1.192967E+15   4.7640E-10   4.3487E-09   0.10955
FLUX  288   251.80        1.190598E+15   3.3886E-10   3.6292E-07   0.00093
FLUX  289   252.50        1.187297E+15   3.4939E-10   3.6699E-07   0.00095
FLUX  290   253.50        1.182613E+15   9.1555E-10   3.7284E-07   0.00246
FLUX  291   254.50        1.177967E+15   1.2134E-09   3.7876E-07   0.00320
FLUX  292   255.50        1.173356E+15   2.5976E-09   3.8491E-07   0.00675
FLUX  293   256.50        1.168782E+15   1.7097E-09   3.9131E-07   0.00437
FLUX  294   257.50        1.164243E+15   2.6864E-09   3.9799E-07   0.00675
FLUX  295   258.50        1.159739E+15   2.4026E-09   4.0496E-07   0.00593
FLUX  296   259.50        1.155270E+15   2.5437E-09   4.1222E-07   0.00617
FLUX  297   260.50        1.150835E+15   2.9769E-09   4.1981E-07   0.00709
FLUX  298   261.50        1.146434E+15   2.7206E-09   4.2771E-07   0.00636
FLUX  299   262.50        1.142067E+15   3.9128E-09   4.3598E-07   0.00897
FLUX  300   263.50        1.137732E+15   8.4162E-09   4.8163E-07   0.01747
FLUX  301   264.50        1.133431E+15   9.5064E-09   4.8925E-07   0.01943
FLUX  302   265.50        1.129162E+15   1.9824E-08   4.9721E-07   0.03987
FLUX  303   266.50        1.124925E+15   1.0257E-08   5.0548E-07   0.02029
FLUX  304   267.50        1.120720E+15   9.7824E-09   5.1405E-07   0.01903
FLUX  305   268.50        1.116546E+15   1.4674E-08   5.2289E-07   0.02806
FLUX  306   269.50        1.112403E+15   7.7230E-09   5.3200E-07   0.01452
FLUX  307   270.50        1.108290E+15   1.3566E-08   5.8692E-07   0.02311
FLUX  308   271.50        1.104208E+15   8.7702E-09   5.9439E-07   0.01475
FLUX  309   272.50        1.100156E+15   5.0174E-09   6.0201E-07   0.00833
FLUX  310   273.50        1.096133E+15   7.3022E-09   6.0979E-07   0.01198
FLUX  311   274.50        1.092140E+15   6.3144E-09   6.1773E-07   0.01022
FLUX  312   275.50        1.088176E+15   8.2875E-09   6.2584E-07   0.01324
FLUX  313   276.50        1.084240E+15   1.1722E-08   6.3398E-07   0.01849
FLUX  314   277.50        1.080333E+15   1.3615E-08   6.4232E-07   0.02120
FLUX  315   278.50        1.076454E+15   8.0515E-09   6.5087E-07   0.01237
FLUX  316   279.50        1.072603E+15   3.5692E-09   6.5966E-07   0.00541
FLUX  317   280.50        1.068779E+15   4.6113E-09   6.6869E-07   0.00690
FLUX  318   281.50        1.064982E+15   1.2351E-08   6.7798E-07   0.01822
FLUX  319   282.50        1.061212E+15   1.5777E-08   6.8761E-07   0.02294
FLUX  320   283.50        1.057469E+15   1.1495E-08   6.9752E-07   0.01648
FLUX  321   284.50        1.053752E+15   5.7487E-09   7.0769E-07   0.00812
FLUX  322   285.50        1.050061E+15   1.8892E-09   7.1807E-07   0.00263
FLUX  323   286.50        1.046396E+15   9.0200E-09   7.2867E-07   0.01238
FLUX  324   287.50        1.042757E+15   1.7494E-08   7.3948E-07   0.02366
FLUX  325   288.50        1.039142E+15   2.3661E-08   7.5047E-07   0.03153
FLUX  326   289.50        1.035553E+15   3.6853E-08   7.6150E-07   0.04840
FLUX  327   291.00        1.030215E+15   5.6149E-08   8.0926E-07   0.06938
FLUX  328   293.00        1.023183E+15   5.5464E-08   8.2925E-07   0.06688
FLUX  329   295.00        1.016246E+15   5.0379E-08   8.5584E-07   0.05886
FLUX  330   297.00        1.009402E+15   5.2178E-08   8.7611E-07   0.05956
FLUX  331   299.00        1.002650E+15   5.0881E-08   8.9710E-07   0.05672
FLUX  332   301.00        9.959884E+14   4.2967E-08   9.1887E-07   0.04676
FLUX  333   303.00        9.894142E+14   6.4578E-08   9.4120E-07   0.06861
FLUX  334   305.00        9.829262E+14   6.7157E-08   9.6362E-07   0.06969
FLUX  335   307.00        9.765228E+14   9.3698E-08   9.8629E-07   0.09500
FLUX  336   309.00        9.702023E+14   9.7878E-08   1.0361E-06   0.09447
FLUX  337   311.00        9.639630E+14   1.3812E-07   1.0558E-06   0.13082
FLUX  338   313.00        9.578035E+14   1.1782E-07   1.0830E-06   0.10879
FLUX  339   315.00        9.517222E+14   1.4221E-07   1.1012E-06   0.12915
FLUX  340   317.00        9.457177E+14   1.6943E-07   1.1191E-06   0.15140
FLUX  341   319.00        9.397884E+14   1.3750E-07   1.1372E-06   0.12091
FLUX  342   321.00        9.339330E+14   1.5130E-07   1.1557E-06   0.13092
FLUX  343   323.00        9.281501E+14   1.1685E-07   1.1813E-06   0.09892
FLUX  344   325.00        9.224385E+14   1.9741E-07   1.1981E-06   0.16477
FLUX  345   327.00        9.167966E+14   2.5731E-07   1.2149E-06   0.21180
FLUX  346   329.00        9.112234E+14   2.6077E-07   1.2357E-06   0.21103
FLUX  347   331.00        9.057175E+14   2.2455E-07   1.2521E-06   0.17935
FLUX  348   333.00        9.002778E+14   2.3798E-07   1.2680E-06   0.18767
FLUX  349   335.00        8.949030E+14   2.2111E-07   1.2836E-06   0.17226
FLUX  350   337.00        8.895920E+14   1.5477E-07   1.3001E-06   0.11904
FLUX  351   339.00        8.843436E+14   1.7990E-07   1.3191E-06   0.13638
FLUX  352   341.00        8.791569E+14   1.9962E-07   1.3348E-06   0.14955
FLUX  353   343.00        8.740306E+14   2.1844E-07   1.3502E-06   0.16178
FLUX  354   345.00        8.689638E+14   2.2991E-07   1.3678E-06   0.16808
FLUX  355   347.00        8.639553E+14   2.4658E-07   1.3850E-06   0.17804
FLUX  356   349.00        8.590043E+14   2.9894E-07   1.4020E-06   0.21322
FLUX  357   351.00        8.541097E+14   3.2068E-07   1.4190E-06   0.22599
FLUX  358   353.00        8.492705E+14   2.6195E-07   1.4360E-06   0.18242
FLUX  359   355.00        8.444859E+14   2.9835E-07   1.4543E-06   0.20516
FLUX  360   357.00        8.397549E+14   1.5602E-07   1.4749E-06   0.10578
FLUX  361   359.00        8.350766E+14   2.0384E-07   1.4956E-06   0.13630
FLUX  362   361.00        8.304501E+14   3.1056E-07   1.5163E-06   0.20481
FLUX  363   363.00        8.258746E+14   3.6117E-07   1.5372E-06   0.23496
FLUX  364   364.00        8.236058E+14   3.6751E-07   1.5483E-06   0.23736
FLUX  365   365.00        8.213493E+14   4.4617E-07   1.8664E-06   0.23905
FLUX  366   367.00        8.168733E+14   4.9054E-07   1.8919E-06   0.25928
FLUX  367   369.00        8.124458E+14   4.4257E-07   1.9174E-06   0.23081
FLUX  368   371.00        8.080660E+14   4.6903E-07   1.9445E-06   0.24121
FLUX  369   373.00        8.037332E+14   2.4043E-07   1.9698E-06   0.12206
FLUX  370   375.00        7.994467E+14   2.8322E-07   1.9951E-06   0.14196
FLUX  371   377.00        7.952056E+14   4.0082E-07   2.0975E-06   0.19109
FLUX  372   379.00        7.910092E+14   3.8896E-07   2.1273E-06   0.18284
FLUX  373   381.00        7.868569E+14   3.2826E-07   2.1568E-06   0.15220
FLUX  374   383.00        7.827480E+14   1.6089E-07   2.1861E-06   0.07360
FLUX  375   385.00        7.786818E+14   1.8829E-07   2.2200E-06   0.08481
FLUX  376   387.00        7.746576E+14   2.2652E-07   2.2490E-06   0.10072
FLUX  377   389.00        7.706748E+14   4.4218E-07   2.2807E-06   0.19388
FLUX  378   391.00        7.667327E+14   5.7637E-07   2.3129E-06   0.24920
FLUX  379   393.00        7.628308E+14   2.4010E-07   2.3447E-06   0.10240
FLUX  380   395.00        7.589683E+14   4.7949E-07   2.3761E-06   0.20180
FLUX  381   397.00        7.551448E+14   3.1698E-07   2.4071E-06   0.13168
FLUX  382   399.00        7.513596E+14   8.3720E-07   2.4378E-06   0.34343
FLUX  383   401.00        7.476122E+14   9.5284E-07   2.4741E-06   0.38513
FLUX  384   403.00        7.439020E+14   9.2170E-07   2.5077E-06   0.36754
FLUX  385   405.00        7.402284E+14   8.4841E-07   2.5406E-06   0.33394
FLUX  386   407.00        7.365909E+14   7.9791E-07   2.5729E-06   0.31013
FLUX  387   409.00        7.329890E+14   1.0443E-06   2.6045E-06   0.40098
FLUX  388   411.00        7.294221E+14   1.0329E-06   2.6355E-06   0.39192
FLUX  389   413.00        7.258898E+14   8.7659E-07   2.6659E-06   0.32881
FLUX  390   415.00        7.223916E+14   7.9819E-07   2.6978E-06   0.29587
FLUX  391   417.00        7.189269E+14   8.3543E-07   2.7302E-06   0.30600
FLUX  392   419.00        7.154952E+14   8.7418E-07   2.7606E-06   0.31666
FLUX  393   421.00        7.120962E+14   1.0037E-06   2.7903E-06   0.35971
FLUX  394   423.00        7.087293E+14   1.0526E-06   2.8194E-06   0.37333
FLUX  395   425.00        7.053941E+14   1.1618E-06   2.8479E-06   0.40796
FLUX  396   427.00        7.020902E+14   1.0744E-06   2.8758E-06   0.37359
FLUX  397   429.00        6.988170E+14   9.7703E-07   2.9035E-06   0.33650
FLUX  398   431.00        6.955742E+14   8.4963E-07   2.9308E-06   0.28989
FLUX  399   433.00        6.923614E+14   1.3329E-06   2.9576E-06   0.45067
FLUX  400   435.00        6.891782E+14   1.3270E-06   2.9850E-06   0.44457
FLUX  401   437.00        6.860240E+14   1.4751E-06   3.0108E-06   0.48992
FLUX  402   439.00        6.828986E+14   1.2964E-06   3.0363E-06   0.42698
FLUX  403   441.00        6.798016E+14   1.4326E-06   3.0614E-06   0.46794
FLUX  404   443.00        6.767325E+14   1.5292E-06   3.0863E-06   0.49548
FLUX  405   445.00        6.736910E+14   1.5750E-06   3.1111E-06   0.50626
FLUX  406   447.00        6.706767E+14   1.7339E-06   3.1355E-06   0.55300
FLUX  407   449.00        6.676893E+14   1.7908E-06   3.1597E-06   0.56678
FLUX  408   451.00        6.647284E+14   2.1252E-06   3.1836E-06   0.66755
FLUX  409   453.00        6.617936E+14   1.8360E-06   3.2073E-06   0.57244
FLUX  410   455.00        6.588846E+14   1.9338E-06   3.2308E-06   0.59854
FLUX  411   457.00        6.560011E+14   2.1349E-06   3.2541E-06   0.65605
FLUX  412   459.00        6.531427E+14   2.0679E-06   3.2772E-06   0.63098
FLUX  413   461.00        6.503091E+14   2.1462E-06   3.3002E-06   0.65033
FLUX  414   463.00        6.475000E+14   2.0685E-06   3.3230E-06   0.62249
FLUX  415   465.00        6.447150E+14   2.1380E-06   3.3456E-06   0.63904
FLUX  416   467.00        6.419540E+14   2.2467E-06   3.3680E-06   0.66708
FLUX  417   469.00        6.392164E+14   2.2118E-06   3.3903E-06   0.65238
FLUX  418   471.00        6.365021E+14   2.1478E-06   3.4124E-06   0.62940
FLUX  419   473.00        6.338108E+14   2.3018E-06   3.4344E-06   0.67022
FLUX  420   475.00        6.311421E+14   2.4537E-06   3.4563E-06   0.70993
FLUX  421   477.00        6.284958E+14   2.5110E-06   3.4785E-06   0.72188
FLUX  422   479.00        6.258716E+14   2.5283E-06   3.5000E-06   0.72238
FLUX  423   481.00        6.232692E+14   2.5089E-06   3.5214E-06   0.71247
FLUX  424   483.00        6.206884E+14   2.6529E-06   3.5427E-06   0.74885
FLUX  425   485.00        6.181289E+14   2.4829E-06   3.5885E-06   0.69193
FLUX  426   487.00        6.155903E+14   2.2820E-06   3.6096E-06   0.63219
FLUX  427   489.00        6.130726E+14   2.5747E-06   3.6307E-06   0.70915
FLUX  428   491.00        6.105753E+14   2.5796E-06   3.6516E-06   0.70644
FLUX  429   493.00        6.080984E+14   2.5433E-06   3.6725E-06   0.69253
FLUX  430   495.00        6.056414E+14   2.7654E-06   3.6932E-06   0.74879
FLUX  431   497.00        6.032042E+14   2.7032E-06   3.7139E-06   0.72788
FLUX  432   499.00        6.007866E+14   2.4831E-06   3.7344E-06   0.66492
FLUX  433   501.00        5.983882E+14   2.3420E-06   3.7548E-06   0.62372
FLUX  434   503.00        5.960089E+14   2.5325E-06   3.7751E-06   0.67084
FLUX  435   505.00        5.936485E+14   2.5749E-06   3.7954E-06   0.67844
FLUX  436   507.00        5.913067E+14   2.7334E-06   3.8155E-06   0.71640
FLUX  437   509.00        5.889833E+14   2.5285E-06   3.8355E-06   0.65923
FLUX  438   511.00        5.866781E+14   2.6375E-06   3.8555E-06   0.68408
FLUX  439   513.00        5.843908E+14   2.5282E-06   3.8753E-06   0.65239
FLUX  440   515.00        5.821214E+14   2.4518E-06   3.8950E-06   0.62948
FLUX  441   517.00        5.798694E+14   2.1141E-06   3.9146E-06   0.54005
FLUX  442   519.00        5.776349E+14   2.2913E-06   3.9341E-06   0.58241
FLUX  443   521.00        5.754175E+14   2.6415E-06   3.9535E-06   0.66815
FLUX  444   523.00        5.732170E+14   2.8171E-06   3.9728E-06   0.70911
FLUX  445   525.00        5.710333E+14   2.9777E-06   3.9920E-06   0.74592
FLUX  446   527.00        5.688662E+14   2.5606E-06   4.0111E-06   0.63838
FLUX  447   529.00        5.667155E+14   3.0630E-06   4.0301E-06   0.76003
FLUX  448   531.00        5.645810E+14   3.3447E-06   4.0489E-06   0.82607
FLUX  449   533.00        5.624625E+14   2.8369E-06   4.0677E-06   0.69741
FLUX  450   535.00        5.603598E+14   3.2241E-06   4.0864E-06   0.78898
FLUX  451   537.00        5.582728E+14   3.2853E-06   4.1069E-06   0.79993
FLUX  452   539.00        5.562013E+14   3.1700E-06   4.1349E-06   0.76664
FLUX  453   541.00        5.541451E+14   3.1187E-06   4.1533E-06   0.75090
FLUX  454   543.00        5.521040E+14   3.2331E-06   4.1716E-06   0.77502
FLUX  455   545.00        5.500780E+14   3.4757E-06   4.1898E-06   0.82955
FLUX  456   547.00        5.480667E+14   3.3329E-06   4.2079E-06   0.79207
FLUX  457   549.00        5.460701E+14   3.2880E-06   4.2259E-06   0.77806
FLUX  458   551.00        5.440880E+14   3.3029E-06   4.2438E-06   0.77827
FLUX  459   553.00        5.421202E+14   3.4478E-06   4.2617E-06   0.80901
FLUX  460   555.00        5.401667E+14   3.5716E-06   4.2795E-06   0.83458
FLUX  461   557.00        5.382271E+14   3.4969E-06   4.2971E-06   0.81378
FLUX  462   559.00        5.363014E+14   3.3838E-06   4.3147E-06   0.78425
FLUX  463   561.00        5.343895E+14   3.6564E-06   4.3321E-06   0.84403
FLUX  464   563.00        5.324911E+14   3.5931E-06   4.3604E-06   0.82404
FLUX  465   565.00        5.306062E+14   3.6452E-06   4.3777E-06   0.83268
FLUX  466   567.00        5.287346E+14   3.5659E-06   4.3949E-06   0.81136
FLUX  467   569.00        5.268761E+14   3.7312E-06   4.4120E-06   0.84569
FLUX  468   571.00        5.250306E+14   3.6045E-06   4.4290E-06   0.81384
FLUX  469   573.00        5.231981E+14   4.0538E-06   4.4459E-06   0.91182
FLUX  470   575.00        5.213783E+14   3.8441E-06   4.4626E-06   0.86141
FLUX  471   577.00        5.195711E+14   3.9620E-06   4.4793E-06   0.88452
FLUX  472   579.00        5.177763E+14   3.7256E-06   4.4958E-06   0.82868
FLUX  473   581.00        5.159940E+14   4.0063E-06   4.5122E-06   0.88788
FLUX  474   583.00        5.142238E+14   4.2001E-06   4.5285E-06   0.92749
FLUX  475   585.00        5.124658E+14   4.0576E-06   4.5447E-06   0.89281
FLUX  476   587.00        5.107198E+14   4.1028E-06   4.5608E-06   0.89958
FLUX  477   589.00        5.089856E+14   3.5008E-06   4.5768E-06   0.76490
FLUX  478   591.00        5.072631E+14   4.0785E-06   4.5927E-06   0.88804
FLUX  479   593.00        5.055523E+14   4.1262E-06   4.6085E-06   0.89536
FLUX  480   595.00        5.038529E+14   4.1645E-06   4.6281E-06   0.89984
FLUX  481   597.00        5.021650E+14   4.2719E-06   4.6436E-06   0.91995
FLUX  482   599.00        5.004883E+14   4.1972E-06   4.6591E-06   0.90085
FLUX  483   601.00        4.988228E+14   4.1262E-06   4.6745E-06   0.88271
FLUX  484   603.00        4.971683E+14   4.2730E-06   4.6897E-06   0.91115
FLUX  485   605.00        4.955248E+14   4.3985E-06   4.7055E-06   0.93476
FLUX  486   607.00        4.938921E+14   4.4073E-06   4.7206E-06   0.93363
FLUX  487   609.00        4.922701E+14   4.1735E-06   4.7356E-06   0.88131
FLUX  488   611.00        4.906588E+14   4.2186E-06   4.7504E-06   0.88805
FLUX  489   613.00        4.890579E+14   3.9721E-06   4.7652E-06   0.83356
FLUX  490   615.00        4.874675E+14   4.1568E-06   4.7799E-06   0.86964
FLUX  491   617.00        4.858874E+14   3.9668E-06   4.7944E-06   0.82737
FLUX  492   619.00        4.843174E+14   4.3509E-06   4.8089E-06   0.90476
FLUX  493   621.00        4.827576E+14   4.3676E-06   4.8235E-06   0.90548
FLUX  494   623.00        4.812079E+14   4.2071E-06   4.8378E-06   0.86965
FLUX  495   625.00        4.796680E+14   4.0617E-06   4.8519E-06   0.83713
FLUX  496   627.00        4.781380E+14   4.3373E-06   4.8847E-06   0.88793
FLUX  497   629.00        4.766176E+14   4.4474E-06   4.8988E-06   0.90786
FLUX  498   631.00        4.751070E+14   4.2593E-06   4.9127E-06   0.86700
FLUX  499   633.00        4.736058E+14   4.3372E-06   4.9265E-06   0.88036
FLUX  500   635.00        4.721142E+14   4.3017E-06   4.9418E-06   0.87046
FLUX  501   637.00        4.706319E+14   4.2996E-06   4.9555E-06   0.86765
FLUX  502   639.00        4.691588E+14   4.5128E-06   4.9690E-06   0.90818
FLUX  503   641.00        4.676950E+14   4.4256E-06   4.9825E-06   0.88823
FLUX  504   643.00        4.662403E+14   4.5119E-06   4.9958E-06   0.90313
FLUX  505   645.00        4.647946E+14   4.4829E-06   5.0091E-06   0.89495
FLUX  506   647.00        4.633578E+14   4.4995E-06   5.0222E-06   0.89593
FLUX  507   649.00        4.619299E+14   4.4240E-06   5.0352E-06   0.87861
FLUX  508   651.00        4.605107E+14   4.5986E-06   5.0507E-06   0.91048
FLUX  509   653.00        4.591003E+14   4.6240E-06   5.0635E-06   0.91321
FLUX  510   655.00        4.576985E+14   4.5875E-06   5.0991E-06   0.89967
FLUX  511   657.00        4.563052E+14   4.4222E-06   5.1118E-06   0.86510
FLUX  512   659.00        4.549203E+14   4.6734E-06   5.1244E-06   0.91200
FLUX  513   661.00        4.535439E+14   4.7476E-06   5.1369E-06   0.92421
FLUX  514   663.00        4.521757E+14   4.6990E-06   5.1493E-06   0.91255
FLUX  515   665.00        4.508158E+14   4.7332E-06   5.1616E-06   0.91699
FLUX  516   667.00        4.494640E+14   4.6508E-06   5.1738E-06   0.89892
FLUX  517   669.00        4.481203E+14   4.8322E-06   5.1859E-06   0.93178
FLUX  518   671.00        4.467846E+14   4.6576E-06   5.1980E-06   0.89605
FLUX  519   673.00        4.454569E+14   4.8816E-06   5.2099E-06   0.93698
FLUX  520   675.00        4.441370E+14   4.7978E-06   5.2217E-06   0.91881
FLUX  521   677.00        4.428250E+14   4.8494E-06   5.2335E-06   0.92661
FLUX  522   679.00        4.415206E+14   4.8131E-06   5.2451E-06   0.91763
FLUX  523   681.00        4.402239E+14   4.8245E-06   5.2567E-06   0.91779
FLUX  524   683.00        4.389348E+14   4.9380E-06   5.2682E-06   0.93733
FLUX  525   685.00        4.376533E+14   4.7675E-06   5.2796E-06   0.90301
FLUX  526   687.00        4.363792E+14   4.8964E-06   5.2909E-06   0.92544
FLUX  527   689.00        4.351125E+14   4.9582E-06   5.3021E-06   0.93515
FLUX  528   691.00        4.338531E+14   4.9288E-06   5.3132E-06   0.92766
FLUX  529   693.00        4.326010E+14   4.8836E-06   5.3242E-06   0.91724
FLUX  530   695.00        4.313561E+14   4.8561E-06   5.3351E-06   0.91021
FLUX  531   697.00        4.301184E+14   4.8939E-06   5.3460E-06   0.91543
FLUX  532   699.00        4.288877E+14   4.8743E-06   5.3570E-06   0.90990
FLUX  533   701.00        4.276640E+14   4.6969E-06   5.3676E-06   0.87505
FLUX  534   703.00        4.264474E+14   4.8737E-06   5.3782E-06   0.90620
FLUX  535   705.00        4.252376E+14   4.9797E-06   5.3887E-06   0.92411
FLUX  536   707.00        4.240346E+14   4.8951E-06   5.3991E-06   0.90665
FLUX  537   709.00        4.228385E+14   4.8868E-06   5.4094E-06   0.90338
FLUX  538   711.00        4.216491E+14   4.9145E-06   5.4196E-06   0.90680
FLUX  539   713.00        4.204663E+14   4.7954E-06   5.4297E-06   0.88316
FLUX  540   715.00        4.192902E+14   4.7968E-06   5.4398E-06   0.88180
FLUX  541   717.00        4.181206E+14   4.8711E-06   5.4497E-06   0.89382
FLUX  542   719.00        4.169576E+14   4.6924E-06   5.4596E-06   0.85948
FLUX  543   721.00        4.158010E+14   4.8961E-06   5.4694E-06   0.89518
FLUX  544   723.00        4.146508E+14   4.9824E-06   5.4790E-06   0.90936
FLUX  545   725.00        4.135069E+14   5.0138E-06   5.5023E-06   0.91122
FLUX  546   727.00        4.123693E+14   4.9989E-06   5.5119E-06   0.90694
FLUX  547   729.00        4.112380E+14   4.8088E-06   5.5213E-06   0.87095
FLUX  548   731.00        4.101129E+14   4.9759E-06   5.5607E-06   0.89483
FLUX  549   733.00        4.089939E+14   4.9784E-06   5.5701E-06   0.89377
FLUX  550   735.00        4.078809E+14   4.9946E-06   5.5794E-06   0.89518
FLUX  551   737.00        4.067741E+14   5.1049E-06   5.5887E-06   0.91344
FLUX  552   739.00        4.056732E+14   4.9715E-06   5.5979E-06   0.88810
FLUX  553   741.00        4.045783E+14   4.9759E-06   5.6069E-06   0.88746
FLUX  554   743.00        4.034892E+14   5.0601E-06   5.6159E-06   0.90102
FLUX  555   745.00        4.024060E+14   5.0835E-06   5.6249E-06   0.90375
FLUX  556   747.00        4.013286E+14   5.1486E-06   5.6337E-06   0.91389
FLUX  557   749.00        4.002570E+14   5.1010E-06   5.6425E-06   0.90405
FLUX  558   751.00        3.991911E+14   5.1946E-06   5.6512E-06   0.91921
FLUX  559   753.00        3.981308E+14   5.2580E-06   5.6598E-06   0.92900
FLUX  560   755.00        3.970762E+14   5.3008E-06   5.6683E-06   0.93516
FLUX  561   757.00        3.960271E+14   5.2490E-06   5.6768E-06   0.92463
FLUX  562   759.00        3.949835E+14   5.2557E-06   5.6852E-06   0.92445
FLUX  563   761.00        3.939455E+14   5.2523E-06   5.6935E-06   0.92250
FLUX  564   763.00        3.929128E+14   5.3523E-06   5.7018E-06   0.93871
FLUX  565   765.00        3.918856E+14   5.3711E-06   5.7099E-06   0.94066
FLUX  566   767.00        3.908638E+14   5.1686E-06   5.7180E-06   0.90391
FLUX  567   769.00        3.898472E+14   5.3948E-06   5.7260E-06   0.94215
FLUX  568   771.00        3.888359E+14   5.3184E-06   5.7340E-06   0.92753
FLUX  569   773.00        3.878299E+14   5.3214E-06   5.7419E-06   0.92678
FLUX  570   775.00        3.868290E+14   5.3038E-06   5.7497E-06   0.92245
FLUX  571   777.00        3.858333E+14   5.4813E-06   5.7574E-06   0.95204
FLUX  572   779.00        3.848427E+14   5.5041E-06   5.7651E-06   0.95473
FLUX  573   781.00        3.838572E+14   5.4706E-06   5.7726E-06   0.94767
FLUX  574   783.00        3.828768E+14   5.4382E-06   5.7802E-06   0.94084
FLUX  575   785.00        3.819013E+14   5.4249E-06   5.7876E-06   0.93733
FLUX  576   787.00        3.809307E+14   5.4754E-06   5.7950E-06   0.94485
FLUX  577   789.00        3.799651E+14   5.3263E-06   5.8023E-06   0.91797
FLUX  578   791.00        3.790044E+14   5.1854E-06   5.8095E-06   0.89257
FLUX  579   793.00        3.780485E+14   5.1509E-06   5.8167E-06   0.88554
FLUX  580   795.00        3.770975E+14   5.1052E-06   5.8238E-06   0.87662
FLUX  581   797.00        3.761512E+14   5.3452E-06   5.8319E-06   0.91655
FLUX  582   799.00        3.752096E+14   5.3582E-06   5.8388E-06   0.91769
FLUX  583   801.00        3.742728E+14   5.3376E-06   5.8457E-06   0.91308
FLUX  584   803.00        3.733406E+14   5.3744E-06   5.8525E-06   0.91830
FLUX  585   805.00        3.724130E+14   5.3262E-06   5.8593E-06   0.90902
FLUX  586   807.00        3.714901E+14   5.3382E-06   5.8659E-06   0.91003
FLUX  587   809.00        3.705717E+14   5.1763E-06   5.8725E-06   0.88144
FLUX  588   811.00        3.696578E+14   5.1957E-06   5.8790E-06   0.88377
FLUX  589   813.00        3.687485E+14   5.3141E-06   5.8855E-06   0.90291
FLUX  590   815.00        3.678436E+14   5.3034E-06   5.8919E-06   0.90011
FLUX  591   817.00        3.669431E+14   5.3497E-06   5.8982E-06   0.90700
FLUX  592   819.00        3.660470E+14   5.2131E-06   5.9045E-06   0.88291
FLUX  593   821.00        3.651553E+14   5.2424E-06   5.9217E-06   0.88528
FLUX  594   823.00        3.642679E+14   5.3167E-06   5.9279E-06   0.89690
FLUX  595   825.00        3.633848E+14   5.4097E-06   5.9340E-06   0.91165
FLUX  596   827.00        3.625060E+14   5.4963E-06   5.9400E-06   0.92530
FLUX  597   829.00        3.616315E+14   5.4660E-06   5.9460E-06   0.91928
FLUX  598   831.00        3.607611E+14   5.2216E-06   5.9519E-06   0.87729
FLUX  599   833.00        3.598950E+14   5.2959E-06   5.9578E-06   0.88890
FLUX  600   835.00        3.590329E+14   5.3125E-06   5.9636E-06   0.89081
FLUX  601   837.00        3.581750E+14   5.4208E-06   5.9694E-06   0.90811
FLUX  602   839.00        3.573212E+14   5.2568E-06   5.9751E-06   0.87979
FLUX  603   841.00        3.564715E+14   5.4858E-06   5.9807E-06   0.91726
FLUX  604   843.00        3.556257E+14   5.3381E-06   5.9863E-06   0.89172
FLUX  605   845.00        3.547840E+14   5.4673E-06   5.9918E-06   0.91247
FLUX  606   847.00        3.539463E+14   5.4558E-06   5.9973E-06   0.90972
FLUX  607   849.00        3.531125E+14   5.4592E-06   6.0027E-06   0.90946
FLUX  608   851.00        3.522826E+14   5.1740E-06   6.0080E-06   0.86117
FLUX  609   853.00        3.514566E+14   5.3705E-06   6.0133E-06   0.89310
FLUX  610   855.00        3.506345E+14   4.5173E-06   6.0199E-06   0.75039
FLUX  611   857.00        3.498162E+14   5.6066E-06   6.0251E-06   0.93055
FLUX  612   859.00        3.490017E+14   5.5037E-06   6.0302E-06   0.91268
FLUX  613   861.00        3.481911E+14   5.5557E-06   6.0353E-06   0.92053
FLUX  614   863.00        3.473841E+14   5.6425E-06   6.0404E-06   0.93413
FLUX  615   865.00        3.465809E+14   5.5939E-06   6.0454E-06   0.92532
FLUX  616   867.00        3.457814E+14   4.6973E-06   6.0503E-06   0.77637
FLUX  617   869.00        3.449856E+14   5.4221E-06   6.0552E-06   0.89545
FLUX  618   871.00        3.441935E+14   5.6028E-06   6.0600E-06   0.92455
FLUX  619   873.00        3.434049E+14   5.6476E-06   6.0648E-06   0.93121
FLUX  620   875.00        3.426200E+14   5.6008E-06   6.0695E-06   0.92278
FLUX  621   877.00        3.418387E+14   5.7341E-06   6.0742E-06   0.94401
FLUX  622   879.00        3.410609E+14   5.6794E-06   6.0788E-06   0.93430
FLUX  623   881.00        3.402866E+14   5.5024E-06   6.0834E-06   0.90450
FLUX  624   883.00        3.395159E+14   5.6844E-06   6.0880E-06   0.93371
FLUX  625   885.00        3.387486E+14   5.7656E-06   6.0924E-06   0.94635
FLUX  626   887.00        3.379848E+14   5.6338E-06   6.0969E-06   0.92404
FLUX  627   889.00        3.372244E+14   5.7927E-06   6.1013E-06   0.94942
FLUX  628   891.00        3.364674E+14   5.8883E-06   6.1056E-06   0.96441
FLUX  629   893.00        3.357139E+14   5.7041E-06   6.1099E-06   0.93359
FLUX  630   895.00        3.349637E+14   5.7386E-06   6.1142E-06   0.93857
FLUX  631   897.00        3.342168E+14   5.7651E-06   6.1184E-06   0.94226
FLUX  632   899.00        3.334733E+14   5.8068E-06   6.1225E-06   0.94844
FLUX  633   901.00        3.327331E+14   5.5515E-06   6.1266E-06   0.90613
FLUX  634   903.00        3.319961E+14   5.7697E-06   6.1306E-06   0.94112
FLUX  635   905.00        3.312624E+14   5.9576E-06   6.1346E-06   0.97114
FLUX  636   907.00        3.305320E+14   5.8849E-06   6.1386E-06   0.95867
FLUX  637   909.00        3.298047E+14   5.6584E-06   6.1425E-06   0.92120
FLUX  638   911.00        3.290807E+14   5.6559E-06   6.1463E-06   0.92021
FLUX  639   913.00        3.283598E+14   5.9020E-06   6.1501E-06   0.95965
FLUX  640   915.00        3.276421E+14   5.5343E-06   6.1539E-06   0.89932
FLUX  641   917.00        3.269275E+14   5.4176E-06   6.1576E-06   0.87982
FLUX  642   919.00        3.262160E+14   5.5119E-06   6.1613E-06   0.89460
FLUX  643   921.00        3.255076E+14   5.3373E-06   6.1650E-06   0.86574
FLUX  644   923.00        3.248023E+14   5.4385E-06   6.1686E-06   0.88164
FLUX  645   925.00        3.241000E+14   5.4242E-06   6.1721E-06   0.87882
FLUX  646   927.00        3.234008E+14   5.5609E-06   6.1757E-06   0.90044
FLUX  647   929.00        3.227045E+14   5.5032E-06   6.1793E-06   0.89059
FLUX  648   931.00        3.220113E+14   5.6821E-06   6.1828E-06   0.91902
FLUX  649   933.00        3.213210E+14   5.6859E-06   6.1862E-06   0.91912
FLUX  650   935.00        3.206337E+14   5.6531E-06   6.1897E-06   0.91332
FLUX  651   937.00        3.199493E+14   5.6425E-06   6.1930E-06   0.91110
FLUX  652   939.00        3.192678E+14   5.5510E-06   6.1964E-06   0.89585
FLUX  653   941.00        3.185893E+14   5.3613E-06   6.1997E-06   0.86477
FLUX  654   943.00        3.179136E+14   5.5124E-06   6.2030E-06   0.88866
FLUX  655   945.00        3.172407E+14   5.3845E-06   6.2062E-06   0.86759
FLUX  656   947.00        3.165707E+14   5.6027E-06   6.2095E-06   0.90228
FLUX  657   949.00        3.159036E+14   5.6099E-06   6.2126E-06   0.90297
FLUX  658   951.00        3.152392E+14   5.6936E-06   6.2158E-06   0.91599
FLUX  659   953.00        3.145776E+14   5.6519E-06   6.2189E-06   0.90883
FLUX  660   955.00        3.139188E+14   5.6026E-06   6.2219E-06   0.90047
FLUX  661   957.00        3.132628E+14   5.6538E-06   6.2249E-06   0.90825
FLUX  662   959.00        3.126095E+14   5.7755E-06   6.2279E-06   0.92736
FLUX  663   961.00        3.119589E+14   5.7122E-06   6.2309E-06   0.91677
FLUX  664   963.00        3.113110E+14   5.6809E-06   6.2338E-06   0.91131
FLUX  665   965.00        3.106658E+14   5.6110E-06   6.2366E-06   0.89969
FLUX  666   967.00        3.100233E+14   5.5917E-06   6.2395E-06   0.89618
FLUX  667   969.00        3.093834E+14   5.7487E-06   6.2423E-06   0.92092
FLUX  668   971.00        3.087461E+14   5.7099E-06   6.2451E-06   0.91430
FLUX  669   973.00        3.081115E+14   5.7443E-06   6.2478E-06   0.91941
FLUX  670   975.00        3.074795E+14   5.7029E-06   6.2506E-06   0.91238
FLUX  671   977.00        3.068500E+14   5.7473E-06   6.2532E-06   0.91910
FLUX  672   979.00        3.062232E+14   5.6490E-06   6.2559E-06   0.90298
FLUX  673   981.00        3.055989E+14   5.8486E-06   6.2585E-06   0.93450
FLUX  674   983.00        3.049771E+14   5.8137E-06   6.2611E-06   0.92855
FLUX  675   985.00        3.043579E+14   5.8941E-06   6.2636E-06   0.94100
FLUX  676   987.00        3.037411E+14   5.8856E-06   6.2662E-06   0.93926
FLUX  677   989.00        3.031269E+14   5.9371E-06   6.2687E-06   0.94711
FLUX  678   991.00        3.025151E+14   5.8655E-06   6.2712E-06   0.93532
FLUX  679   993.00        3.019058E+14   5.9772E-06   6.2736E-06   0.95276
FLUX  680   995.00        3.012990E+14   5.9470E-06   6.2761E-06   0.94757
FLUX  681   997.00        3.006946E+14   5.9952E-06   6.2785E-06   0.95488
FLUX  682   999.00        3.000926E+14   5.9992E-06   6.2808E-06   0.95516
FLUX  683  1002.50        2.990449E+14   5.9893E-06   6.2850E-06   0.95295
FLUX  684  1007.50        2.975608E+14   5.9680E-06   6.2907E-06   0.94870
FLUX  685  1012.50        2.960914E+14   6.0423E-06   6.2964E-06   0.95964
FLUX  686  1017.50        2.946364E+14   5.9747E-06   6.3020E-06   0.94807
FLUX  687  1022.50        2.931956E+14   6.0412E-06   6.3074E-06   0.95780
FLUX  688  1027.50        2.917689E+14   6.1176E-06   6.3128E-06   0.96907
FLUX  689  1032.50        2.903559E+14   6.0437E-06   6.3181E-06   0.95656
FLUX  690  1037.50        2.889566E+14   6.0540E-06   6.3233E-06   0.95741
FLUX  691  1042.50        2.875707E+14   6.1245E-06   6.3284E-06   0.96778
FLUX  692  1047.50        2.861981E+14   6.0974E-06   6.3333E-06   0.96275
FLUX  693  1052.50        2.848385E+14   6.1488E-06   6.3380E-06   0.97014
FLUX  694  1057.50        2.834917E+14   6.1279E-06   6.3426E-06   0.96615
FLUX  695  1062.50        2.821576E+14   6.1433E-06   6.3474E-06   0.96784
FLUX  696  1067.50        2.808361E+14   6.0468E-06   6.3518E-06   0.95199
FLUX  697  1072.50        2.795268E+14   6.0979E-06   6.3561E-06   0.95938
FLUX  698  1077.50        2.782297E+14   6.0876E-06   6.3604E-06   0.95711
FLUX  699  1082.50        2.769446E+14   5.9821E-06   6.3648E-06   0.93987
FLUX  700  1087.50        2.756713E+14   5.9783E-06   6.3690E-06   0.93865
FLUX  701  1092.50        2.744096E+14   5.9456E-06   6.3732E-06   0.93290
FLUX  702  1097.50        2.731595E+14   5.5763E-06   6.3774E-06   0.87439
FLUX  703  1102.50        2.719206E+14   5.6200E-06   6.3815E-06   0.88068
FLUX  704  1107.50        2.706930E+14   5.7442E-06   6.3854E-06   0.89958
FLUX  705  1112.50        2.694764E+14   5.7726E-06   6.3893E-06   0.90348
FLUX  706  1117.50        2.682707E+14   5.8769E-06   6.3932E-06   0.91924
FLUX  707  1122.50        2.670757E+14   5.8964E-06   6.3970E-06   0.92175
FLUX  708  1127.50        2.658913E+14   5.8156E-06   6.4009E-06   0.90857
FLUX  709  1132.50        2.647174E+14   5.9381E-06   6.4048E-06   0.92714
FLUX  710  1137.50        2.635538E+14   5.8454E-06   6.4087E-06   0.91210
FLUX  711  1142.50        2.624004E+14   5.9026E-06   6.4126E-06   0.92047
FLUX  712  1147.50        2.612571E+14   6.0538E-06   6.4164E-06   0.94350
FLUX  713  1152.50        2.601236E+14   6.0740E-06   6.4202E-06   0.94609
FLUX  714  1157.50        2.590000E+14   6.0303E-06   6.4239E-06   0.93873
FLUX  715  1162.50        2.578860E+14   5.9961E-06   6.4277E-06   0.93285
FLUX  716  1167.50        2.567816E+14   6.0456E-06   6.4314E-06   0.94001
FLUX  717  1172.50        2.556866E+14   6.1833E-06   6.4352E-06   0.96085
FLUX  718  1177.50        2.546008E+14   6.0943E-06   6.4391E-06   0.94645
FLUX  719  1182.50        2.535243E+14   6.0697E-06   6.4430E-06   0.94207
FLUX  720  1187.50        2.524568E+14   6.0605E-06   6.4481E-06   0.93989
FLUX  721  1192.50        2.513983E+14   6.2435E-06   6.4521E-06   0.96767
FLUX  722  1197.50        2.503486E+14   5.9693E-06   6.4560E-06   0.92461
FLUX  723  1202.50        2.493077E+14   6.1448E-06   6.4600E-06   0.95120
FLUX  724  1207.50        2.482754E+14   6.0939E-06   6.4640E-06   0.94275
FLUX  725  1212.50        2.472515E+14   6.1724E-06   6.4680E-06   0.95430
FLUX  726  1217.50        2.462361E+14   6.2646E-06   6.4720E-06   0.96796
FLUX  727  1222.50        2.452290E+14   6.2718E-06   6.4761E-06   0.96846
FLUX  728  1227.50        2.442301E+14   6.2658E-06   6.4802E-06   0.96691
FLUX  729  1232.50        2.432393E+14   6.2449E-06   6.4845E-06   0.96305
FLUX  730  1237.50        2.422566E+14   6.2740E-06   6.4888E-06   0.96689
FLUX  731  1242.50        2.412817E+14   6.2347E-06   6.4933E-06   0.96018
FLUX  732  1247.50        2.403146E+14   6.3135E-06   6.4977E-06   0.97165
FLUX  733  1252.50        2.393553E+14   6.2663E-06   6.5023E-06   0.96370
FLUX  734  1257.50        2.384036E+14   6.3066E-06   6.5070E-06   0.96920
FLUX  735  1262.50        2.374594E+14   6.3303E-06   6.5117E-06   0.97214
FLUX  736  1267.50        2.365227E+14   6.2603E-06   6.5165E-06   0.96068
FLUX  737  1272.50        2.355933E+14   6.3279E-06   6.5214E-06   0.97032
FLUX  738  1277.50        2.346712E+14   6.3860E-06   6.5265E-06   0.97847
FLUX  739  1282.50        2.337563E+14   6.0966E-06   6.5318E-06   0.93337
FLUX  740  1287.50        2.328485E+14   6.3025E-06   6.5371E-06   0.96411
FLUX  741  1292.50        2.319478E+14   6.2581E-06   6.5425E-06   0.95653
FLUX  742  1297.50        2.310539E+14   6.3838E-06   6.5480E-06   0.97491
FLUX  743  1302.50        2.301670E+14   6.2951E-06   6.5536E-06   0.96055
FLUX  744  1307.50        2.292868E+14   6.4009E-06   6.5593E-06   0.97586
FLUX  745  1312.50        2.284133E+14   6.2850E-06   6.5650E-06   0.95735
FLUX  746  1317.50        2.275465E+14   6.3101E-06   6.5709E-06   0.96031
FLUX  747  1322.50        2.266862E+14   6.3820E-06   6.5768E-06   0.97038
FLUX  748  1327.50        2.258324E+14   6.2835E-06   6.5828E-06   0.95452
FLUX  749  1332.50        2.249850E+14   6.3839E-06   6.5890E-06   0.96887
FLUX  750  1337.50        2.241439E+14   6.3640E-06   6.5952E-06   0.96494
FLUX  751  1342.50        2.233091E+14   6.4392E-06   6.6016E-06   0.97539
FLUX  752  1347.50        2.224805E+14   6.4239E-06   6.6082E-06   0.97211
FLUX  753  1352.50        2.216580E+14   6.4488E-06   6.6149E-06   0.97489
FLUX  754  1357.50        2.208416E+14   6.3395E-06   6.6218E-06   0.95737
FLUX  755  1362.50        2.200312E+14   6.3672E-06   6.6287E-06   0.96054
FLUX  756  1367.50        2.192267E+14   6.4003E-06   6.6358E-06   0.96451
FLUX  757  1372.50        2.184280E+14   6.4473E-06   6.6429E-06   0.97056
FLUX  758  1377.50        2.176352E+14   6.4381E-06   6.6501E-06   0.96812
FLUX  759  1382.50        2.168481E+14   6.4735E-06   6.6573E-06   0.97239
FLUX  760  1387.50        2.160667E+14   6.4626E-06   6.6646E-06   0.96969
FLUX  761  1392.50        2.152908E+14   6.4913E-06   6.6720E-06   0.97291
FLUX  762  1397.50        2.145206E+14   6.4751E-06   6.6805E-06   0.96925
FLUX  763  1402.50        2.137558E+14   6.4037E-06   6.6884E-06   0.95744
FLUX  764  1407.50        2.129964E+14   6.3529E-06   6.6961E-06   0.94874
FLUX  765  1412.50        2.122425E+14   6.1498E-06   6.7039E-06   0.91735
FLUX  766  1417.50        2.114938E+14   6.2357E-06   6.7118E-06   0.92907
FLUX  767  1422.50        2.107504E+14   6.1622E-06   6.7203E-06   0.91694
FLUX  768  1427.50        2.100123E+14   6.0615E-06   6.7283E-06   0.90089
FLUX  769  1432.50        2.092792E+14   6.2432E-06   6.7362E-06   0.92681
FLUX  770  1437.50        2.085513E+14   6.3382E-06   6.7442E-06   0.93980
FLUX  771  1442.50        2.078284E+14   6.1020E-06   6.7521E-06   0.90372
FLUX  772  1447.50        2.071105E+14   6.3494E-06   6.7601E-06   0.93924
FLUX  773  1452.50        2.063976E+14   6.1948E-06   6.7681E-06   0.91530
FLUX  774  1457.00        2.057601E+14   6.2399E-06   6.7753E-06   0.92097
FLUX  775  1462.00        2.050564E+14   6.2035E-06   6.8129E-06   0.91056
FLUX  776  1467.50        2.042879E+14   6.1930E-06   6.8251E-06   0.90739
FLUX  777  1472.50        2.035942E+14   6.1032E-06   6.8339E-06   0.89308
FLUX  778  1477.50        2.029052E+14   6.1821E-06   6.8426E-06   0.90348
FLUX  779  1482.50        2.022209E+14   6.2018E-06   6.8511E-06   0.90522
FLUX  780  1487.50        2.015412E+14   6.1395E-06   6.8595E-06   0.89504
FLUX  781  1492.50        2.008660E+14   6.3739E-06   6.8677E-06   0.92809
FLUX  782  1497.50        2.001953E+14   6.3150E-06   6.8758E-06   0.91843
FLUX  783  1502.50        1.995291E+14   6.1382E-06   6.8838E-06   0.89168
FLUX  784  1507.50        1.988673E+14   6.1612E-06   6.8916E-06   0.89402
FLUX  785  1512.50        1.982099E+14   6.2692E-06   6.8990E-06   0.90871
FLUX  786  1517.50        1.975568E+14   6.3609E-06   6.9062E-06   0.92105
FLUX  787  1522.50        1.969080E+14   6.2803E-06   6.9130E-06   0.90848
FLUX  788  1527.50        1.962635E+14   6.3857E-06   6.9195E-06   0.92286
FLUX  789  1532.50        1.956232E+14   6.3719E-06   6.9255E-06   0.92007
FLUX  790  1537.50        1.949870E+14   6.4324E-06   6.9310E-06   0.92806
FLUX  791  1542.50        1.943549E+14   6.4252E-06   6.9360E-06   0.92636
FLUX  792  1547.50        1.937270E+14   6.4269E-06   6.9406E-06   0.92598
FLUX  793  1552.50        1.931031E+14   6.3223E-06   6.9446E-06   0.91039
FLUX  794  1557.50        1.924831E+14   6.3122E-06   6.9480E-06   0.90850
FLUX  795  1562.50        1.918672E+14   6.4930E-06   6.9507E-06   0.93416
FLUX  796  1567.50        1.912552E+14   6.2736E-06   6.9526E-06   0.90234
FLUX  797  1572.50        1.906471E+14   6.4265E-06   6.9537E-06   0.92418
FLUX  798  1577.50        1.900428E+14   6.1100E-06   6.9541E-06   0.87862
FLUX  799  1582.50        1.894423E+14   6.2957E-06   6.9534E-06   0.90541
FLUX  800  1587.50        1.888457E+14   6.0427E-06   6.9516E-06   0.86925
FLUX  801  1592.50        1.882527E+14   6.2121E-06   6.9488E-06   0.89399
FLUX  802  1597.50        1.876635E+14   6.3654E-06   6.9447E-06   0.91658
FLUX  803  1605.00        1.867866E+14   6.3442E-06   6.9361E-06   0.91467
FLUX  804  1615.00        1.856300E+14   6.2930E-06   6.9189E-06   0.90953
FLUX  805  1625.00        1.844877E+14   6.3977E-06   6.8938E-06   0.92804
FLUX  806  1635.00        1.833593E+14   6.3594E-06   6.8569E-06   0.92745
FLUX  807  1645.00        1.822447E+14   6.2357E-06   6.8042E-06   0.91645
FLUX  808  1655.00        1.811435E+14   6.3570E-06   6.7409E-06   0.94305
FLUX  809  1665.00        1.800556E+14   6.3009E-06   6.6786E-06   0.94345
FLUX  810  1675.00        1.789806E+14   6.2169E-06   6.6178E-06   0.93942
FLUX  811  1685.00        1.779184E+14   6.0758E-06   6.5570E-06   0.92661
FLUX  812  1695.00        1.768687E+14   6.2669E-06   6.4970E-06   0.96457
FLUX  813  1705.00        1.758314E+14   6.0825E-06   6.4378E-06   0.94481
FLUX  814  1715.00        1.748061E+14   6.1098E-06   6.3793E-06   0.95776
FLUX  815  1725.00        1.737928E+14   5.9646E-06   6.3215E-06   0.94354
FLUX  816  1735.00        1.727911E+14   5.7969E-06   6.2645E-06   0.92536
FLUX  817  1745.00        1.718009E+14   5.9022E-06   6.2083E-06   0.95070
FLUX  818  1755.00        1.708219E+14   5.8812E-06   6.1527E-06   0.95587
FLUX  819  1765.00        1.698541E+14   5.8634E-06   6.0979E-06   0.96155
FLUX  820  1775.00        1.688972E+14   5.7538E-06   6.0437E-06   0.95202
FLUX  821  1785.00        1.679510E+14   5.7803E-06   5.9902E-06   0.96496
FLUX  822  1795.00        1.670153E+14   5.7332E-06   5.9375E-06   0.96559
FLUX  823  1805.00        1.660900E+14   5.6407E-06   5.8854E-06   0.95842
FLUX  824  1815.00        1.651749E+14   5.5385E-06   5.8339E-06   0.94935
FLUX  825  1825.00        1.642699E+14   5.5280E-06   5.7831E-06   0.95588
FLUX  826  1835.00        1.633747E+14   5.4861E-06   5.7329E-06   0.95695
FLUX  827  1845.00        1.624892E+14   5.3915E-06   5.6834E-06   0.94865
FLUX  828  1855.00        1.616132E+14   5.4179E-06   5.6344E-06   0.96158
FLUX  829  1865.00        1.607466E+14   5.2783E-06   5.5860E-06   0.94491
FLUX  830  1875.00        1.598893E+14   5.1518E-06   5.5382E-06   0.93023
FLUX  831  1885.00        1.590411E+14   5.2606E-06   5.4910E-06   0.95803
FLUX  832  1895.00        1.582018E+14   5.0358E-06   5.4444E-06   0.92494
FLUX  833  1905.00        1.573714E+14   5.2298E-06   5.3984E-06   0.96878
FLUX  834  1915.00        1.565496E+14   5.1459E-06   5.3529E-06   0.96133
FLUX  835  1925.00        1.557364E+14   5.1304E-06   5.3080E-06   0.96655
FLUX  836  1935.00        1.549315E+14   5.0050E-06   5.2636E-06   0.95086
FLUX  837  1945.00        1.541350E+14   4.8874E-06   5.2197E-06   0.93633
FLUX  838  1955.00        1.533465E+14   5.0140E-06   5.1764E-06   0.96862
FLUX  839  1965.00        1.525662E+14   4.9276E-06   5.1336E-06   0.95988
FLUX  840  1975.00        1.517937E+14   4.8431E-06   5.0913E-06   0.95124
FLUX  841  1985.00        1.510290E+14   4.8504E-06   5.0496E-06   0.96057
FLUX  842  1995.00        1.502719E+14   4.8155E-06   5.0083E-06   0.96152
FLUX  843  2005.00        1.495224E+14   4.8367E-06   4.9675E-06   0.97368
FLUX  844  2015.00        1.487804E+14   4.8340E-06   4.9271E-06   0.98110
FLUX  845  2025.00        1.480457E+14   4.7059E-06   4.8873E-06   0.96288
FLUX  846  2035.00        1.473182E+14   4.6532E-06   4.8479E-06   0.95983
FLUX  847  2045.00        1.465978E+14   4.7113E-06   4.8090E-06   0.97968
FLUX  848  2055.00        1.458844E+14   4.6156E-06   4.7705E-06   0.96753
FLUX  849  2065.00        1.451780E+14   4.5704E-06   4.7325E-06   0.96574
FLUX  850  2075.00        1.444783E+14   4.5537E-06   4.6949E-06   0.96991
FLUX  851  2085.00        1.437854E+14   4.5041E-06   4.6578E-06   0.96701
FLUX  852  2095.00        1.430990E+14   4.4408E-06   4.6210E-06   0.96100
FLUX  853  2105.00        1.424192E+14   4.4829E-06   4.5847E-06   0.97780
FLUX  854  2115.00        1.417459E+14   4.4300E-06   4.5488E-06   0.97388
FLUX  855  2125.00        1.410788E+14   4.3788E-06   4.5133E-06   0.97020
FLUX  856  2135.00        1.404180E+14   4.3894E-06   4.4782E-06   0.98018
FLUX  857  2145.00        1.397634E+14   4.3490E-06   4.4435E-06   0.97872
FLUX  858  2155.00        1.391148E+14   4.3178E-06   4.4092E-06   0.97927
FLUX  859  2165.00        1.384723E+14   4.1859E-06   4.3753E-06   0.95671
FLUX  860  2175.00        1.378356E+14   4.1905E-06   4.3418E-06   0.96516
FLUX  861  2185.00        1.372048E+14   4.1970E-06   4.3086E-06   0.97409
FLUX  862  2195.00        1.365797E+14   4.1988E-06   4.2758E-06   0.98198
FLUX  863  2205.00        1.359603E+14   4.1038E-06   4.2434E-06   0.96709
FLUX  864  2215.00        1.353465E+14   4.1509E-06   4.2114E-06   0.98564
FLUX  865  2225.00        1.347382E+14   4.0792E-06   4.1797E-06   0.97597
FLUX  866  2235.00        1.341353E+14   4.0506E-06   4.1483E-06   0.97643
FLUX  867  2245.00        1.335379E+14   4.0249E-06   4.1173E-06   0.97756
FLUX  868  2255.00        1.329457E+14   4.0001E-06   4.0867E-06   0.97883
FLUX  869  2265.00        1.323587E+14   3.9437E-06   4.0563E-06   0.97223
FLUX  870  2275.00        1.317769E+14   3.9705E-06   4.0263E-06   0.98613
FLUX  871  2285.00        1.312002E+14   3.8859E-06   4.0014E-06   0.97113
FLUX  872  2295.00        1.306285E+14   3.5719E-06   3.9721E-06   0.89924
FLUX  873  2305.00        1.300618E+14   3.7314E-06   3.9431E-06   0.94631
FLUX  874  2315.00        1.295000E+14   3.7223E-06   3.9144E-06   0.95093
FLUX  875  2325.00        1.289430E+14   3.4066E-06   3.8860E-06   0.87663
FLUX  876  2335.00        1.283908E+14   3.5616E-06   3.8579E-06   0.92320
FLUX  877  2345.00        1.278433E+14   3.6125E-06   3.8301E-06   0.94319
FLUX  878  2355.00        1.273004E+14   3.2672E-06   3.8026E-06   0.85920
FLUX  879  2365.00        1.267622E+14   3.4758E-06   3.7754E-06   0.92064
FLUX  880  2375.00        1.262284E+14   3.4476E-06   3.7484E-06   0.91974
FLUX  881  2385.00        1.256992E+14   3.1722E-06   3.7218E-06   0.85233
FLUX  882  2395.00        1.251743E+14   3.3525E-06   3.6954E-06   0.90721
FLUX  883  2405.00        1.246538E+14   3.3889E-06   3.6693E-06   0.92359
FLUX  884  2415.00        1.241377E+14   3.1348E-06   3.6435E-06   0.86039
FLUX  885  2425.00        1.236258E+14   3.2534E-06   3.6179E-06   0.89924
FLUX  886  2435.00        1.231181E+14   3.2978E-06   3.5926E-06   0.91795
FLUX  887  2445.00        1.226145E+14   3.1420E-06   3.5675E-06   0.88072
FLUX  888  2455.00        1.221151E+14   3.1093E-06   3.5427E-06   0.87765
FLUX  889  2465.00        1.216197E+14   3.2477E-06   3.5182E-06   0.92312
FLUX  890  2475.00        1.211283E+14   3.1427E-06   3.4939E-06   0.89949
FLUX  891  2485.00        1.206408E+14   3.0333E-06   3.4698E-06   0.87420
FLUX  892  2495.00        1.201573E+14   3.1439E-06   3.4460E-06   0.91232
FLUX  893  2505.00        1.196776E+14   3.1613E-06   3.4225E-06   0.92367
FLUX  894  2515.00        1.192018E+14   3.0085E-06   3.3992E-06   0.88507
FLUX  895  2525.00        1.187297E+14   3.1034E-06   3.3761E-06   0.91922
FLUX  896  2535.00        1.182613E+14   3.1105E-06   3.3532E-06   0.92762
FLUX  897  2545.00        1.177967E+14   3.0323E-06   3.3306E-06   0.91043
FLUX  898  2555.00        1.173356E+14   3.0270E-06   3.3082E-06   0.91501
FLUX  899  2565.00        1.168782E+14   3.0386E-06   3.2860E-06   0.92472
FLUX  900  2575.00        1.164243E+14   3.0698E-06   3.2640E-06   0.94050
FLUX  901  2585.00        1.159739E+14   2.9118E-06   3.2423E-06   0.89808
FLUX  902  2595.00        1.155270E+14   2.9858E-06   3.2207E-06   0.92705
FLUX  903  2605.00        1.150835E+14   3.0085E-06   3.1994E-06   0.94035
FLUX  904  2615.00        1.146434E+14   2.9672E-06   3.1783E-06   0.93360
FLUX  905  2625.00        1.142067E+14   2.9097E-06   3.1573E-06   0.92155
FLUX  906  2635.00        1.137732E+14   2.9423E-06   3.1366E-06   0.93804
FLUX  907  2645.00        1.133431E+14   2.9228E-06   3.1161E-06   0.93796
FLUX  908  2655.00        1.129162E+14   2.8947E-06   3.0958E-06   0.93504
FLUX  909  2665.00        1.124925E+14   2.8574E-06   3.0757E-06   0.92902
FLUX  910  2675.00        1.120720E+14   2.9198E-06   3.0557E-06   0.95552
FLUX  911  2685.00        1.116546E+14   2.9070E-06   3.0360E-06   0.95752
FLUX  912  2695.00        1.112403E+14   2.8595E-06   3.0165E-06   0.94796
FLUX  913  2705.00        1.108290E+14   2.8753E-06   2.9971E-06   0.95935
FLUX  914  2715.00        1.104208E+14   2.8581E-06   2.9779E-06   0.95977
FLUX  915  2725.00        1.100156E+14   2.8521E-06   2.9589E-06   0.96390
FLUX  916  2735.00        1.096133E+14   2.8188E-06   2.9401E-06   0.95874
FLUX  917  2745.00        1.092140E+14   2.8309E-06   2.9215E-06   0.96899
FLUX  918  2755.00        1.088176E+14   2.8076E-06   2.9030E-06   0.96712
FLUX  919  2765.00        1.084240E+14   2.7870E-06   2.8847E-06   0.96610
FLUX  920  2775.00        1.080333E+14   2.7601E-06   2.8666E-06   0.96285
FLUX  921  2785.00        1.076454E+14   2.7582E-06   2.8487E-06   0.96823
FLUX  922  2795.00        1.072603E+14   2.7636E-06   2.8309E-06   0.97622
FLUX  923  2805.00        1.068779E+14   2.7429E-06   2.8133E-06   0.97497
FLUX  924  2815.00        1.064982E+14   2.7240E-06   2.7958E-06   0.97430
FLUX  925  2825.00        1.061212E+14   2.7138E-06   2.7785E-06   0.97672
FLUX  926  2835.00        1.057469E+14   2.7178E-06   2.7614E-06   0.98421
FLUX  927  2845.00        1.053752E+14   2.6823E-06   2.7444E-06   0.97736
FLUX  928  2855.00        1.050061E+14   2.6741E-06   2.7276E-06   0.98042
FLUX  929  2865.00        1.046396E+14   2.6590E-06   2.7109E-06   0.98086
FLUX  930  2875.00        1.042757E+14   2.6354E-06   2.6943E-06   0.97811
FLUX  931  2885.00        1.039142E+14   2.6314E-06   2.6780E-06   0.98261
FLUX  932  2895.00        1.035553E+14   2.6227E-06   2.6617E-06   0.98533
FLUX  933  2905.00        1.031988E+14   2.6071E-06   2.6456E-06   0.98543
FLUX  934  2915.00        1.028448E+14   2.5975E-06   2.6297E-06   0.98778
FLUX  935  2925.00        1.024932E+14   2.5515E-06   2.6139E-06   0.97615
FLUX  936  2935.00        1.021440E+14   2.5621E-06   2.5982E-06   0.98613
FLUX  937  2945.00        1.017971E+14   2.5401E-06   2.5827E-06   0.98352
FLUX  938  2955.00        1.014526E+14   2.5332E-06   2.5673E-06   0.98674
FLUX  939  2965.00        1.011105E+14   2.5224E-06   2.5520E-06   0.98839
FLUX  940  2975.00        1.007706E+14   2.5129E-06   2.5369E-06   0.99055
FLUX  941  2985.00        1.004330E+14   2.4956E-06   2.5219E-06   0.98958
FLUX  942  2995.00        1.000977E+14   2.4710E-06   2.5070E-06   0.98565
FLUX  943  3005.00        9.976456E+13   2.4570E-06   2.4923E-06   0.98584
FLUX  944  3015.00        9.943366E+13   2.4587E-06   2.4777E-06   0.99233
FLUX  945  3025.00        9.910496E+13   2.4367E-06   2.4632E-06   0.98923
FLUX  946  3035.00        9.877842E+13   2.4077E-06   2.4488E-06   0.98321
FLUX  947  3045.00        9.845402E+13   2.4041E-06   2.4346E-06   0.98746
FLUX  948  3055.00        9.813175E+13   2.3980E-06   2.4204E-06   0.99071
FLUX  949  3065.00        9.781158E+13   2.3797E-06   2.4064E-06   0.98889
FLUX  950  3075.00        9.749349E+13   2.3773E-06   2.3925E-06   0.99366
FLUX  951  3085.00        9.717747E+13   2.3403E-06   2.3787E-06   0.98387
FLUX  952  3095.00        9.686349E+13   2.3367E-06   2.3650E-06   0.98803
FLUX  953  3105.00        9.655153E+13   2.3390E-06   2.3515E-06   0.99470
FLUX  954  3115.00        9.624157E+13   2.2964E-06   2.3380E-06   0.98220
FLUX  955  3125.00        9.593360E+13   2.3075E-06   2.3247E-06   0.99260
FLUX  956  3135.00        9.562759E+13   2.2895E-06   2.3115E-06   0.99049
FLUX  957  3145.00        9.532353E+13   2.2855E-06   2.2984E-06   0.99440
FLUX  958  3155.00        9.502139E+13   2.2623E-06   2.2854E-06   0.98988
FLUX  959  3165.00        9.472117E+13   2.2437E-06   2.2725E-06   0.98734
FLUX  960  3175.00        9.442283E+13   2.2424E-06   2.2597E-06   0.99235
FLUX  961  3185.00        9.412637E+13   2.2283E-06   2.2470E-06   0.99164
FLUX  962  3195.00        9.383177E+13   2.2234E-06   2.2345E-06   0.99503
FLUX  963  3210.00        9.339330E+13   2.2015E-06   2.2158E-06   0.99352
FLUX  964  3230.00        9.281501E+13   2.1700E-06   2.1913E-06   0.99029
FLUX  965  3250.00        9.224385E+13   2.1474E-06   2.1672E-06   0.99087
FLUX  966  3270.00        9.167966E+13   2.1230E-06   2.1435E-06   0.99046
FLUX  967  3290.00        9.112234E+13   2.0893E-06   2.1205E-06   0.98533
FLUX  968  3310.00        9.057175E+13   2.0735E-06   2.0975E-06   0.98858
FLUX  969  3330.00        9.002778E+13   2.0451E-06   2.0749E-06   0.98564
FLUX  970  3350.00        8.949030E+13   2.0343E-06   2.0527E-06   0.99107
FLUX  971  3370.00        8.895920E+13   2.0100E-06   2.0308E-06   0.98976
FLUX  972  3390.00        8.843436E+13   1.9801E-06   2.0092E-06   0.98552
FLUX  973  3410.00        8.791569E+13   1.9586E-06   1.9880E-06   0.98519
FLUX  974  3430.00        8.740306E+13   1.9507E-06   1.9672E-06   0.99165
FLUX  975  3450.00        8.689638E+13   1.9298E-06   1.9466E-06   0.99135
FLUX  976  3470.00        8.639553E+13   1.9094E-06   1.9264E-06   0.99121
FLUX  977  3490.00        8.590043E+13   1.8927E-06   1.9064E-06   0.99277
FLUX  978  3510.00        8.541097E+13   1.8745E-06   1.8868E-06   0.99346
FLUX  979  3530.00        8.492705E+13   1.8479E-06   1.8675E-06   0.98951
FLUX  980  3550.00        8.444859E+13   1.8368E-06   1.8485E-06   0.99368
FLUX  981  3570.00        8.397549E+13   1.8133E-06   1.8297E-06   0.99101
FLUX  982  3590.00        8.350766E+13   1.7917E-06   1.8112E-06   0.98921
FLUX  983  3610.00        8.304501E+13   1.7855E-06   1.7931E-06   0.99580
FLUX  984  3630.00        8.258746E+13   1.7654E-06   1.7751E-06   0.99450
FLUX  985  3650.00        8.213493E+13   1.7308E-06   1.7575E-06   0.98479
FLUX  986  3670.00        8.168733E+13   1.7195E-06   1.7401E-06   0.98817
FLUX  987  3690.00        8.124458E+13   1.6869E-06   1.7230E-06   0.97905
FLUX  988  3710.00        8.080660E+13   1.6616E-06   1.7061E-06   0.97391
FLUX  989  3730.00        8.037332E+13   1.6629E-06   1.6894E-06   0.98428
FLUX  990  3750.00        7.994467E+13   1.6210E-06   1.6730E-06   0.96891
FLUX  991  3770.00        7.952056E+13   1.6300E-06   1.6569E-06   0.98378
FLUX  992  3790.00        7.910092E+13   1.6151E-06   1.6410E-06   0.98424
FLUX  993  3810.00        7.868569E+13   1.6009E-06   1.6252E-06   0.98503
FLUX  994  3830.00        7.827480E+13   1.5975E-06   1.6098E-06   0.99239
FLUX  995  3850.00        7.786818E+13   1.5848E-06   1.5945E-06   0.99395
FLUX  996  3870.00        7.746576E+13   1.5626E-06   1.5795E-06   0.98934
FLUX  997  3890.00        7.706748E+13   1.5438E-06   1.5646E-06   0.98672
FLUX  998  3910.00        7.667327E+13   1.5412E-06   1.5500E-06   0.99431
FLUX  999  3930.00        7.628308E+13   1.5259E-06   1.5356E-06   0.99373
FLUX 1000  3950.00        7.589683E+13   1.4973E-06   1.5213E-06   0.98423
FLUX 1001  3970.00        7.551448E+13   1.4917E-06   1.5073E-06   0.98962
FLUX 1002  3990.00        7.513596E+13   1.4598E-06   1.4935E-06   0.97749
FLUX 1003  4010.00        7.476122E+13   1.4594E-06   1.4798E-06   0.98618
FLUX 1004  4030.00        7.439020E+13   1.4550E-06   1.4663E-06   0.99224
FLUX 1005  4050.00        7.402284E+13   1.4349E-06   1.4531E-06   0.98752
FLUX 1006  4070.00        7.365909E+13   1.4223E-06   1.4400E-06   0.98775
FLUX 1007  4090.00        7.329890E+13   1.4151E-06   1.4270E-06   0.99167
FLUX 1008  4110.00        7.294221E+13   1.4038E-06   1.4143E-06   0.99262
FLUX 1009  4130.00        7.258898E+13   1.3959E-06   1.4017E-06   0.99586
FLUX 1010  4150.00        7.223916E+13   1.3761E-06   1.3893E-06   0.99054
FLUX 1011  4170.00        7.189269E+13   1.3674E-06   1.3770E-06   0.99302
FLUX 1012  4190.00        7.154952E+13   1.3550E-06   1.3649E-06   0.99275
FLUX 1013  4210.00        7.120962E+13   1.3327E-06   1.3529E-06   0.98507
FLUX 1014  4230.00        7.087293E+13   1.3384E-06   1.3411E-06   0.99799
FLUX 1015  4250.00        7.053941E+13   1.3177E-06   1.3295E-06   0.99114
FLUX 1016  4270.00        7.020902E+13   1.3122E-06   1.3180E-06   0.99558
FLUX 1017  4290.00        6.988170E+13   1.2485E-06   1.3067E-06   0.95550
FLUX 1018  4310.00        6.955742E+13   1.2038E-06   1.2955E-06   0.92920
FLUX 1019  4330.00        6.923614E+13   1.2249E-06   1.2844E-06   0.95369
FLUX 1020  4350.00        6.891782E+13   1.1656E-06   1.2735E-06   0.91524
FLUX 1021  4370.00        6.860240E+13   1.1497E-06   1.2627E-06   0.91047
FLUX 1022  4390.00        6.828986E+13   1.1501E-06   1.2521E-06   0.91856
FLUX 1023  4410.00        6.798016E+13   1.0780E-06   1.2416E-06   0.86824
FLUX 1024  4430.00        6.767325E+13   1.0941E-06   1.2312E-06   0.88866
FLUX 1025  4450.00        6.736910E+13   1.0825E-06   1.2210E-06   0.88658
FLUX 1026  4470.00        6.706767E+13   1.0296E-06   1.2109E-06   0.85026
FLUX 1027  4490.00        6.676893E+13   1.0551E-06   1.2009E-06   0.87860
FLUX 1028  4510.00        6.647284E+13   1.0377E-06   1.1910E-06   0.87124
FLUX 1029  4530.00        6.617936E+13   9.9305E-07   1.1813E-06   0.84067
FLUX 1030  4550.00        6.588846E+13   1.0142E-06   1.1716E-06   0.86564
FLUX 1031  4570.00        6.560011E+13   1.0118E-06   1.1621E-06   0.87069
FLUX 1032  4590.00        6.531427E+13   9.6339E-07   1.1527E-06   0.83576
FLUX 1033  4610.00        6.503091E+13   9.8795E-07   1.1434E-06   0.86403
FLUX 1034  4630.00        6.475000E+13   9.7310E-07   1.1342E-06   0.85794
FLUX 1035  4650.00        6.447150E+13   9.6522E-07   1.1252E-06   0.85785
FLUX 1036  4670.00        6.419540E+13   9.6674E-07   1.1162E-06   0.86609
FLUX 1037  4690.00        6.392164E+13   9.6366E-07   1.1073E-06   0.87024
FLUX 1038  4710.00        6.365021E+13   9.4610E-07   1.0986E-06   0.86119
FLUX 1039  4730.00        6.338108E+13   9.6010E-07   1.0899E-06   0.88087
FLUX 1040  4750.00        6.311421E+13   9.4819E-07   1.0814E-06   0.87682
FLUX 1041  4770.00        6.284958E+13   9.4057E-07   1.0730E-06   0.87662
FLUX 1042  4790.00        6.258716E+13   9.3158E-07   1.0646E-06   0.87505
FLUX 1043  4810.00        6.232692E+13   9.2036E-07   1.0563E-06   0.87126
FLUX 1044  4830.00        6.206884E+13   9.3680E-07   1.0482E-06   0.89374
FLUX 1045  4850.00        6.181289E+13   9.2026E-07   1.0401E-06   0.88476
FLUX 1046  4870.00        6.155903E+13   9.1082E-07   1.0321E-06   0.88245
FLUX 1047  4890.00        6.130726E+13   9.1268E-07   1.0243E-06   0.89106
FLUX 1048  4910.00        6.105753E+13   8.9942E-07   1.0165E-06   0.88485
FLUX 1049  4930.00        6.080984E+13   8.9605E-07   1.0088E-06   0.88827
FLUX 1050  4950.00        6.056414E+13   8.9004E-07   1.0011E-06   0.88903
FLUX 1051  4970.00        6.032042E+13   8.8975E-07   9.9361E-07   0.89547
FLUX 1052  4990.00        6.007866E+13   8.8000E-07   9.8616E-07   0.89235
FLUX 1053  5010.00        5.983882E+13   8.6781E-07   9.7879E-07   0.88661
FLUX 1054  5030.00        5.960089E+13   8.7682E-07   9.7151E-07   0.90253
FLUX 1055  5050.00        5.936485E+13   8.6197E-07   9.6430E-07   0.89388
FLUX 1056  5070.00        5.913067E+13   8.5853E-07   9.5718E-07   0.89694
FLUX 1057  5090.00        5.889833E+13   8.5551E-07   9.5013E-07   0.90041
FLUX 1058  5110.00        5.866781E+13   8.4453E-07   9.4316E-07   0.89543
FLUX 1059  5130.00        5.843908E+13   8.4295E-07   9.3627E-07   0.90034
FLUX 1060  5150.00        5.821214E+13   8.3799E-07   9.2945E-07   0.90160
FLUX 1061  5170.00        5.798694E+13   8.4298E-07   9.2270E-07   0.91360
FLUX 1062  5190.00        5.776349E+13   8.3096E-07   9.1603E-07   0.90713
FLUX 1063  5210.00        5.754175E+13   8.2183E-07   9.0943E-07   0.90368
FLUX 1064  5230.00        5.732170E+13   8.1832E-07   9.0290E-07   0.90632
FLUX 1065  5250.00        5.710333E+13   8.1985E-07   8.9644E-07   0.91456
FLUX 1066  5270.00        5.688662E+13   8.2419E-07   8.9005E-07   0.92600
FLUX 1067  5290.00        5.667155E+13   8.0392E-07   8.8373E-07   0.90969
FLUX 1068  5310.00        5.645810E+13   8.0061E-07   8.7747E-07   0.91240
FLUX 1069  5330.00        5.624625E+13   8.0012E-07   8.7129E-07   0.91832
FLUX 1070  5350.00        5.603598E+13   7.9531E-07   8.6516E-07   0.91926
FLUX 1071  5370.00        5.582728E+13   7.8965E-07   8.5910E-07   0.91916
FLUX 1072  5390.00        5.562013E+13   7.8932E-07   8.5310E-07   0.92523
FLUX 1073  5410.00        5.541451E+13   7.8490E-07   8.4717E-07   0.92649
FLUX 1074  5430.00        5.521040E+13   7.7408E-07   8.4130E-07   0.92010
FLUX 1075  5450.00        5.500780E+13   7.7767E-07   8.3548E-07   0.93080
FLUX 1076  5470.00        5.480667E+13   7.6924E-07   8.2973E-07   0.92710
FLUX 1077  5490.00        5.460701E+13   7.6647E-07   8.2403E-07   0.93014
FLUX 1078  5510.00        5.440880E+13   7.6138E-07   8.1840E-07   0.93033
FLUX 1079  5530.00        5.421202E+13   7.6857E-07   8.1282E-07   0.94556
FLUX 1080  5550.00        5.401667E+13   7.5130E-07   8.0730E-07   0.93063
FLUX 1081  5570.00        5.382271E+13   7.5882E-07   8.0183E-07   0.94636
FLUX 1082  5590.00        5.363014E+13   7.4561E-07   7.9642E-07   0.93620
FLUX 1083  5610.00        5.343895E+13   7.4718E-07   7.9106E-07   0.94453
FLUX 1084  5630.00        5.324911E+13   7.3757E-07   7.8576E-07   0.93868
FLUX 1085  5650.00        5.306062E+13   7.4107E-07   7.8051E-07   0.94947
FLUX 1086  5670.00        5.287346E+13   7.3640E-07   7.7531E-07   0.94982
FLUX 1087  5690.00        5.268761E+13   7.2449E-07   7.7016E-07   0.94069
FLUX 1088  5710.00        5.250306E+13   7.2934E-07   7.6507E-07   0.95330
FLUX 1089  5730.00        5.231981E+13   7.2565E-07   7.6002E-07   0.95477
FLUX 1090  5750.00        5.213783E+13   7.2127E-07   7.5502E-07   0.95530
FLUX 1091  5770.00        5.195711E+13   7.1527E-07   7.5007E-07   0.95360
FLUX 1092  5790.00        5.177763E+13   7.1545E-07   7.4517E-07   0.96011
FLUX 1093  5810.00        5.159940E+13   7.0782E-07   7.4032E-07   0.95610
FLUX 1094  5830.00        5.142238E+13   7.0518E-07   7.3552E-07   0.95875
FLUX 1095  5850.00        5.124658E+13   7.0308E-07   7.3076E-07   0.96212
FLUX 1096  5870.00        5.107198E+13   6.9500E-07   7.2605E-07   0.95724
FLUX 1097  5890.00        5.089856E+13   6.9059E-07   7.2138E-07   0.95732
FLUX 1098  5910.00        5.072631E+13   6.9098E-07   7.1676E-07   0.96404
FLUX 1099  5930.00        5.055523E+13   6.8756E-07   7.1218E-07   0.96543
FLUX 1100  5950.00        5.038529E+13   6.7988E-07   7.0764E-07   0.96077
FLUX 1101  5970.00        5.021650E+13   6.8120E-07   7.0315E-07   0.96879
FLUX 1102  5990.00        5.004883E+13   6.7722E-07   6.9870E-07   0.96926
FLUX 1103  6010.00        4.988228E+13   6.7280E-07   6.9429E-07   0.96904
FLUX 1104  6030.00        4.971683E+13   6.6957E-07   6.8992E-07   0.97050
FLUX 1105  6050.00        4.955248E+13   6.6405E-07   6.8559E-07   0.96857
FLUX 1106  6070.00        4.938921E+13   6.6084E-07   6.8131E-07   0.96995
FLUX 1107  6090.00        4.922701E+13   6.5596E-07   6.7706E-07   0.96883
FLUX 1108  6110.00        4.906588E+13   6.5080E-07   6.7286E-07   0.96722
FLUX 1109  6130.00        4.890579E+13   6.5014E-07   6.6869E-07   0.97226
FLUX 1110  6150.00        4.874675E+13   6.4772E-07   6.6456E-07   0.97466
FLUX 1111  6170.00        4.858874E+13   6.4532E-07   6.6047E-07   0.97707
FLUX 1112  6190.00        4.843174E+13   6.4212E-07   6.5642E-07   0.97822
FLUX 1113  6210.00        4.827576E+13   6.3968E-07   6.5240E-07   0.98050
FLUX 1114  6230.00        4.812079E+13   6.3270E-07   6.4842E-07   0.97576
FLUX 1115  6250.00        4.796680E+13   6.2875E-07   6.4448E-07   0.97560
FLUX 1116  6270.00        4.781380E+13   6.2614E-07   6.4057E-07   0.97748
FLUX 1117  6290.00        4.766176E+13   6.2379E-07   6.3669E-07   0.97973
FLUX 1118  6310.00        4.751070E+13   6.1748E-07   6.3286E-07   0.97570
FLUX 1119  6330.00        4.736058E+13   6.1901E-07   6.2905E-07   0.98404
FLUX 1120  6350.00        4.721142E+13   6.1354E-07   6.2528E-07   0.98122
FLUX 1121  6370.00        4.706319E+13   6.1314E-07   6.2155E-07   0.98647
FLUX 1122  6390.00        4.691588E+13   6.0692E-07   6.1785E-07   0.98231
FLUX 1123  6420.00        4.669665E+13   6.0348E-07   6.1236E-07   0.98551
FLUX 1124  6460.00        4.640751E+13   5.9569E-07   6.0515E-07   0.98437
FLUX 1125  6500.00        4.612192E+13   5.8954E-07   5.9806E-07   0.98574
FLUX 1126  6540.00        4.583983E+13   5.8388E-07   5.9110E-07   0.98779
FLUX 1127  6580.00        4.556117E+13   5.7879E-07   5.8426E-07   0.99064
FLUX 1128  6620.00        4.528588E+13   5.7142E-07   5.7754E-07   0.98940
FLUX 1129  6660.00        4.501389E+13   5.6645E-07   5.7093E-07   0.99214
FLUX 1130  6700.00        4.474515E+13   5.6002E-07   5.6444E-07   0.99217
FLUX 1131  6740.00        4.447960E+13   5.5289E-07   5.5805E-07   0.99075
FLUX 1132  6780.00        4.421718E+13   5.4809E-07   5.5177E-07   0.99333
FLUX 1133  6820.00        4.395784E+13   5.4202E-07   5.4559E-07   0.99345
FLUX 1134  6860.00        4.370153E+13   5.3675E-07   5.3952E-07   0.99486
FLUX 1135  6900.00        4.344819E+13   5.3070E-07   5.3355E-07   0.99467
FLUX 1136  6940.00        4.319777E+13   5.2481E-07   5.2768E-07   0.99457
FLUX 1137  6980.00        4.295021E+13   5.2010E-07   5.2190E-07   0.99654
FLUX 1138  7020.00        4.270548E+13   5.1345E-07   5.1622E-07   0.99464
FLUX 1139  7060.00        4.246353E+13   5.0889E-07   5.1062E-07   0.99661
FLUX 1140  7100.00        4.222430E+13   5.0362E-07   5.0512E-07   0.99703
FLUX 1141  7140.00        4.198774E+13   4.9844E-07   4.9971E-07   0.99747
FLUX 1142  7180.00        4.175383E+13   4.9302E-07   4.9438E-07   0.99725
FLUX 1143  7220.00        4.152251E+13   4.8807E-07   4.8914E-07   0.99781
FLUX 1144  7260.00        4.129373E+13   4.8272E-07   4.8398E-07   0.99741
FLUX 1145  7300.00        4.106747E+13   4.7819E-07   4.7890E-07   0.99852
FLUX 1146  7340.00        4.084366E+13   4.7268E-07   4.7390E-07   0.99743
FLUX 1147  7380.00        4.062229E+13   4.6840E-07   4.6898E-07   0.99876
FLUX 1148  7420.00        4.040330E+13   4.6255E-07   4.6413E-07   0.99659
FLUX 1149  7460.00        4.018666E+13   4.5742E-07   4.5936E-07   0.99577
FLUX 1150  7500.00        3.997233E+13   4.5388E-07   4.5466E-07   0.99828
FLUX 1151  7540.00        3.976028E+13   4.4901E-07   4.5003E-07   0.99773
FLUX 1152  7580.00        3.955046E+13   4.4472E-07   4.4548E-07   0.99830
FLUX 1153  7620.00        3.934285E+13   4.4004E-07   4.4099E-07   0.99786
FLUX 1154  7660.00        3.913740E+13   4.3544E-07   4.3657E-07   0.99742
FLUX 1155  7700.00        3.893409E+13   4.3010E-07   4.3221E-07   0.99511
FLUX 1156  7740.00        3.873288E+13   4.2630E-07   4.2792E-07   0.99621
FLUX 1157  7780.00        3.853374E+13   4.2197E-07   4.2369E-07   0.99593
FLUX 1158  7820.00        3.833664E+13   4.1769E-07   4.1953E-07   0.99563
FLUX 1159  7860.00        3.814154E+13   4.1344E-07   4.1542E-07   0.99523
FLUX 1160  7900.00        3.794842E+13   4.0939E-07   4.1138E-07   0.99518
FLUX 1161  7940.00        3.775724E+13   4.0521E-07   4.0739E-07   0.99466
FLUX 1162  7980.00        3.756798E+13   4.0152E-07   4.0346E-07   0.99519
FLUX 1163  8020.00        3.738061E+13   3.9705E-07   3.9959E-07   0.99365
FLUX 1164  8060.00        3.719510E+13   3.9335E-07   3.9577E-07   0.99388
FLUX 1165  8100.00        3.701142E+13   3.9028E-07   3.9200E-07   0.99561
FLUX 1166  8140.00        3.682955E+13   3.8592E-07   3.8829E-07   0.99390
FLUX 1167  8180.00        3.664945E+13   3.8307E-07   3.8464E-07   0.99592
FLUX 1168  8220.00        3.647111E+13   3.7981E-07   3.8103E-07   0.99681
FLUX 1169  8260.00        3.629449E+13   3.7610E-07   3.7747E-07   0.99636
FLUX 1170  8300.00        3.611958E+13   3.7273E-07   3.7396E-07   0.99670
FLUX 1171  8340.00        3.594634E+13   3.6870E-07   3.7051E-07   0.99513
FLUX 1172  8380.00        3.577476E+13   3.6555E-07   3.6709E-07   0.99581
FLUX 1173  8420.00        3.560481E+13   3.6248E-07   3.6373E-07   0.99656
FLUX 1174  8460.00        3.543647E+13   3.5918E-07   3.6041E-07   0.99660
FLUX 1175  8500.00        3.526971E+13   3.5587E-07   3.5714E-07   0.99645
FLUX 1176  8540.00        3.510451E+13   3.5265E-07   3.5391E-07   0.99644
FLUX 1177  8580.00        3.494085E+13   3.4954E-07   3.5072E-07   0.99663
FLUX 1178  8620.00        3.477871E+13   3.4627E-07   3.4758E-07   0.99623
FLUX 1179  8660.00        3.461807E+13   3.4330E-07   3.4448E-07   0.99657
FLUX 1180  8700.00        3.445891E+13   3.4029E-07   3.4142E-07   0.99671
FLUX 1181  8740.00        3.430120E+13   3.3738E-07   3.3840E-07   0.99699
FLUX 1182  8780.00        3.414493E+13   3.3419E-07   3.3542E-07   0.99634
FLUX 1183  8820.00        3.399008E+13   3.3077E-07   3.3248E-07   0.99487
FLUX 1184  8860.00        3.383662E+13   3.2809E-07   3.2957E-07   0.99549
FLUX 1185  8900.00        3.368455E+13   3.2521E-07   3.2671E-07   0.99542
FLUX 1186  8940.00        3.353384E+13   3.2264E-07   3.2388E-07   0.99617
FLUX 1187  8980.00        3.338447E+13   3.1941E-07   3.2109E-07   0.99478
FLUX 1188  9020.00        3.323642E+13   3.1702E-07   3.1833E-07   0.99586
FLUX 1189  9060.00        3.308968E+13   3.1474E-07   3.1561E-07   0.99722
FLUX 1190  9100.00        3.294423E+13   3.1143E-07   3.1293E-07   0.99523
FLUX 1191  9140.00        3.280005E+13   3.0893E-07   3.1028E-07   0.99566
FLUX 1192  9180.00        3.265713E+13   3.0669E-07   3.0766E-07   0.99685
FLUX 1193  9220.00        3.251546E+13   3.0428E-07   3.0507E-07   0.99740
FLUX 1194  9260.00        3.237500E+13   3.0168E-07   3.0252E-07   0.99723
FLUX 1195  9300.00        3.223575E+13   2.9932E-07   3.0000E-07   0.99774
FLUX 1196  9340.00        3.209770E+13   2.9660E-07   2.9751E-07   0.99695
FLUX 1197  9380.00        3.196082E+13   2.9423E-07   2.9505E-07   0.99723
FLUX 1198  9420.00        3.182511E+13   2.9204E-07   2.9262E-07   0.99802
FLUX 1199  9460.00        3.169054E+13   2.8938E-07   2.9022E-07   0.99710
FLUX 1200  9500.00        3.155710E+13   2.8719E-07   2.8785E-07   0.99771
FLUX 1201  9540.00        3.142479E+13   2.8495E-07   2.8551E-07   0.99804
FLUX 1202  9580.00        3.129358E+13   2.8249E-07   2.8320E-07   0.99752
FLUX 1203  9620.00        3.116346E+13   2.8036E-07   2.8091E-07   0.99804
FLUX 1204  9660.00        3.103442E+13   2.7793E-07   2.7865E-07   0.99742
FLUX 1205  9700.00        3.090644E+13   2.7603E-07   2.7642E-07   0.99859
FLUX 1206  9740.00        3.077952E+13   2.7315E-07   2.7422E-07   0.99611
FLUX 1207  9780.00        3.065363E+13   2.7103E-07   2.7204E-07   0.99627
FLUX 1208  9820.00        3.052877E+13   2.6950E-07   2.6989E-07   0.99856
FLUX 1209  9860.00        3.040492E+13   2.6739E-07   2.6776E-07   0.99862
FLUX 1210  9900.00        3.028207E+13   2.6525E-07   2.6566E-07   0.99847
FLUX 1211  9940.00        3.016021E+13   2.6290E-07   2.6358E-07   0.99741
FLUX 1212  9980.00        3.003933E+13   2.6125E-07   2.6153E-07   0.99894
FLUX 1213 10020.00        2.991941E+13   2.5923E-07   2.5950E-07   0.99895
FLUX 1214 20000.00        1.498962E+13   6.6492E-08   6.6515E-08   0.99965
FLUX 1215 40000.00        7.494812E+12   1.6611E-08   1.6614E-08   0.99982
FLUX 1216 60000.00        4.996542E+12   7.3266E-09   7.3274E-09   0.99990
FLUX 1217 80000.00        3.747406E+12   4.0889E-09   4.0893E-09   0.99992
FLUX 1218100000.00        2.997925E+12   2.5982E-09   2.5983E-09   0.99997
FLUX 1219120000.00        2.498271E+12   1.7926E-09   1.7927E-09   0.99997
FLUX 1220140000.00        2.141375E+12   1.3094E-09   1.3094E-09   0.99997
FLUX 1221160000.00        1.873703E+12   9.9719E-10   9.9721E-10   0.99998
FLUX
