TEFF   8250.  GRAVITY 3.50000 LTE 
TITLE  [+0.5] N(He)/Ntot=0.07813 VTURB=2.0  L/H=1.25 NOVER                      
FLUX    1     9.09        3.298047E+16   1.0000E-50   0.0000E+00   1.00000
FLUX    2     9.35        3.206337E+16   1.0000E-50   0.0000E+00   1.00000
FLUX    3     9.61        3.119589E+16   1.0000E-50   0.0000E+00   1.00000
FLUX    4     9.77        3.068501E+16   1.0000E-50   0.0000E+00   1.00000
FLUX    5     9.96        3.009965E+16   1.0000E-50   0.0000E+00   1.00000
FLUX    6    10.20        2.939142E+16   1.0000E-50   0.0000E+00   1.00000
FLUX    7    10.38        2.888174E+16   1.0000E-50   0.0000E+00   1.00000
FLUX    8    10.56        2.838944E+16   1.0000E-50   0.0000E+00   1.00000
FLUX    9    10.77        2.783589E+16   1.0000E-50   0.0000E+00   1.00000
FLUX   10    11.04        2.715512E+16   1.0000E-50   0.0000E+00   1.00000
FLUX   11    11.40        2.629759E+16   1.0000E-50   0.0000E+00   1.00000
FLUX   12    11.78        2.544928E+16   1.0000E-50   0.0000E+00   1.00000
FLUX   13    12.13        2.471496E+16   1.0000E-50   0.0000E+00   1.00000
FLUX   14    12.48        2.402183E+16   1.0000E-50   0.0000E+00   1.00000
FLUX   15    12.71        2.358714E+16   1.0000E-50   0.0000E+00   1.00000
FLUX   16    12.84        2.334833E+16   1.0000E-50   0.0000E+00   1.00000
FLUX   17    13.05        2.297261E+16   1.0000E-50   0.0000E+00   1.00000
FLUX   18    13.24        2.264294E+16   1.0000E-50   0.0000E+00   1.00000
FLUX   19    13.39        2.238928E+16   1.0000E-50   0.0000E+00   1.00000
FLUX   20    13.66        2.194674E+16   1.0000E-50   0.0000E+00   1.00000
FLUX   21    13.98        2.144438E+16   1.0000E-50   0.0000E+00   1.00000
FLUX   22    14.33        2.092062E+16   1.0000E-50   0.0000E+00   1.00000
FLUX   23    14.72        2.036634E+16   1.0000E-50   0.0000E+00   1.00000
FLUX   24    15.10        1.985381E+16   1.0000E-50   0.0000E+00   1.00000
FLUX   25    15.52        1.931653E+16   1.0000E-50   0.0000E+00   1.00000
FLUX   26    15.88        1.887862E+16   1.0000E-50   0.0000E+00   1.00000
FLUX   27    16.20        1.850571E+16   1.0000E-50   0.0000E+00   1.00000
FLUX   28    16.60        1.805979E+16   1.0000E-50   0.0000E+00   1.00000
FLUX   29    17.03        1.760379E+16   1.0000E-50   0.0000E+00   1.00000
FLUX   30    17.34        1.728907E+16   1.0000E-50   0.0000E+00   1.00000
FLUX   31    17.68        1.695659E+16   1.0000E-50   0.0000E+00   1.00000
FLUX   32    18.02        1.663665E+16   1.0000E-50   0.0000E+00   1.00000
FLUX   33    18.17        1.649931E+16   1.0000E-50   0.0000E+00   1.00000
FLUX   34    18.61        1.610922E+16   1.0000E-50   0.0000E+00   1.00000
FLUX   35    19.10        1.569594E+16   1.0000E-50   0.0000E+00   1.00000
FLUX   36    19.39        1.546119E+16   1.0000E-50   0.0000E+00   1.00000
FLUX   37    19.84        1.511051E+16   1.0000E-50   0.0000E+00   1.00000
FLUX   38    20.18        1.485592E+16   1.0000E-50   0.0000E+00   1.00000
FLUX   39    20.50        1.462402E+16   1.0000E-50   0.0000E+00   1.00000
FLUX   40    21.05        1.424192E+16   1.0000E-50   0.0000E+00   1.00000
FLUX   41    21.62        1.386644E+16   1.0000E-50   0.0000E+00   1.00000
FLUX   42    21.98        1.363933E+16   1.0000E-50   0.0000E+00   1.00000
FLUX   43    22.30        1.344361E+16   1.0000E-50   0.0000E+00   1.00000
FLUX   44    22.68        1.321836E+16   1.0000E-50   0.0000E+00   1.00000
FLUX   45    23.00        1.303446E+16   1.0000E-50   0.0000E+00   1.00000
FLUX   46    23.40        1.281165E+16   1.0000E-50   0.0000E+00   1.00000
FLUX   47    24.00        1.249135E+16   1.0000E-50   0.0000E+00   1.00000
FLUX   48    24.65        1.216197E+16   1.0000E-50   0.0000E+00   1.00000
FLUX   49    25.24        1.187767E+16   1.0000E-50   0.0000E+00   1.00000
FLUX   50    25.68        1.167416E+16   1.0000E-50   0.0000E+00   1.00000
FLUX   51    26.00        1.153048E+16   1.0000E-50   0.0000E+00   1.00000
FLUX   52    26.40        1.135578E+16   1.0000E-50   0.0000E+00   1.00000
FLUX   53    26.85        1.116546E+16   1.0000E-50   0.0000E+00   1.00000
FLUX   54    27.35        1.096133E+16   1.0000E-50   0.0000E+00   1.00000
FLUX   55    27.85        1.076454E+16   1.0000E-50   0.0000E+00   1.00000
FLUX   56    28.40        1.055607E+16   1.0000E-50   0.0000E+00   1.00000
FLUX   57    29.00        1.033767E+16   1.0000E-50   0.0000E+00   1.00000
FLUX   58    29.60        1.012813E+16   1.0000E-50   0.0000E+00   1.00000
FLUX   59    30.10        9.959884E+15   1.0000E-50   0.0000E+00   1.00000
FLUX   60    30.80        9.733523E+15   1.0000E-50   0.0000E+00   1.00000
FLUX   61    31.80        9.427437E+15   1.0000E-50   0.0000E+00   1.00000
FLUX   62    32.80        9.140015E+15   1.0000E-50   0.0000E+00   1.00000
FLUX   63    33.80        8.869601E+15   1.0198E-37   1.0198E-37   1.00000
FLUX   64    34.80        8.614727E+15   1.2826E-36   1.2826E-36   1.00000
FLUX   65    35.70        8.397549E+15   9.8149E-36   9.8149E-36   1.00000
FLUX   66    36.60        8.191052E+15   6.7439E-35   6.7439E-35   1.00000
FLUX   67    37.50        7.994467E+15   4.2147E-34   4.2147E-34   1.00000
FLUX   68    38.50        7.786818E+15   2.9142E-33   2.9142E-33   1.00000
FLUX   69    39.50        7.589684E+15   1.8234E-32   1.8234E-32   1.00000
FLUX   70    40.50        7.402284E+15   1.0402E-31   1.0402E-31   1.00000
FLUX   71    41.40        7.241365E+15   4.6324E-31   4.6324E-31   1.00000
FLUX   72    42.20        7.104088E+15   1.6546E-30   1.6546E-30   1.00000
FLUX   73    43.00        6.971919E+15   3.5804E-31   3.5812E-31   0.99978
FLUX   74    44.10        6.798016E+15   1.6356E-30   1.6357E-30   0.99991
FLUX   75    45.10        6.647284E+15   6.0785E-30   6.0787E-30   0.99998
FLUX   76    46.00        6.517228E+15   1.8821E-29   1.8822E-29   0.99997
FLUX   77    47.00        6.378564E+15   6.2637E-29   6.2653E-29   0.99975
FLUX   78    48.00        6.245677E+15   1.9772E-28   1.9772E-28   0.99998
FLUX   79    49.00        6.118214E+15   5.9408E-28   5.9409E-28   0.99998
FLUX   80    50.00        5.995850E+15   1.7022E-27   1.7023E-27   0.99998
FLUX   81    50.60        5.924753E+15   4.1464E-27   4.7518E-27   0.87259
FLUX   82    51.20        5.855322E+15   8.4903E-27   8.6056E-27   0.98661
FLUX   83    52.00        5.765240E+15   1.8306E-26   1.8504E-26   0.98929
FLUX   84    53.00        5.656462E+15   4.6514E-26   4.6538E-26   0.99949
FLUX   85    54.00        5.551713E+15   1.1175E-25   1.1285E-25   0.99025
FLUX   86    55.00        5.450773E+15   2.6410E-25   2.6455E-25   0.99830
FLUX   87    56.00        5.353438E+15   6.0013E-25   6.0025E-25   0.99980
FLUX   88    57.00        5.259518E+15   1.3205E-24   1.3205E-24   0.99998
FLUX   89    58.00        5.168836E+15   2.7860E-24   2.8244E-24   0.98640
FLUX   90    59.00        5.081229E+15   5.8582E-24   5.8689E-24   0.99818
FLUX   91    60.00        4.996542E+15   1.1849E-23   1.1879E-23   0.99747
FLUX   92    61.00        4.914631E+15   2.3448E-23   2.3450E-23   0.99992
FLUX   93    62.00        4.835363E+15   4.5192E-23   4.5206E-23   0.99968
FLUX   94    63.00        4.758611E+15   8.5189E-23   8.5202E-23   0.99984
FLUX   95    64.00        4.684258E+15   1.5705E-22   1.5726E-22   0.99869
FLUX   96    65.00        4.612192E+15   2.8434E-22   2.8439E-22   0.99983
FLUX   97    65.80        4.556117E+15   4.5036E-22   4.5044E-22   0.99983
FLUX   98    66.50        4.508158E+15   6.6449E-22   6.6695E-22   0.99632
FLUX   99    67.50        4.441370E+15   1.1479E-21   1.1506E-21   0.99769
FLUX  100    68.50        4.376533E+15   1.9480E-21   1.9507E-21   0.99859
FLUX  101    69.50        4.313561E+15   3.2523E-21   3.2528E-21   0.99986
FLUX  102    70.50        4.252376E+15   5.2919E-21   5.3385E-21   0.99126
FLUX  103    71.60        4.187046E+15   9.0435E-21   9.0468E-21   0.99964
FLUX  104    72.60        4.129373E+15   1.4391E-20   1.4392E-20   0.99991
FLUX  105    73.50        4.078810E+15   2.1593E-20   2.1604E-20   0.99948
FLUX  106    74.50        4.024060E+15   3.3429E-20   3.3507E-20   0.99767
FLUX  107    75.50        3.970762E+15   5.1159E-20   5.1305E-20   0.99716
FLUX  108    76.50        3.918856E+15   7.7404E-20   7.7602E-20   0.99745
FLUX  109    77.50        3.868290E+15   1.1571E-19   1.1599E-19   0.99761
FLUX  110    78.50        3.819013E+15   1.7141E-19   1.7142E-19   0.99993
FLUX  111    79.50        3.770975E+15   2.4708E-19   2.5058E-19   0.98601
FLUX  112    80.50        3.724130E+15   3.5906E-19   3.6249E-19   0.99055
FLUX  113    81.50        3.678436E+15   5.1825E-19   5.1911E-19   0.99836
FLUX  114    82.50        3.633848E+15   7.3552E-19   7.3632E-19   0.99891
FLUX  115    83.50        3.590329E+15   1.0337E-18   1.0349E-18   0.99884
FLUX  116    84.50        3.547840E+15   1.4409E-18   1.4415E-18   0.99959
FLUX  117    85.50        3.506345E+15   1.9905E-18   1.9916E-18   0.99945
FLUX  118    86.50        3.465809E+15   2.7266E-18   2.7272E-18   0.99979
FLUX  119    87.50        3.426200E+15   3.6771E-18   3.7044E-18   0.99263
FLUX  120    88.50        3.387486E+15   4.9906E-18   4.9933E-18   0.99947
FLUX  121    89.50        3.349637E+15   6.6793E-18   6.6804E-18   0.99984
FLUX  122    90.50        3.312624E+15   8.7823E-18   8.8728E-18   0.98980
FLUX  123    91.50        3.276421E+15   2.5550E-15   6.3510E-15   0.40229
FLUX  124    92.50        3.241000E+15   7.5780E-15   8.5998E-15   0.88118
FLUX  125    93.50        3.206337E+15   1.0041E-14   1.1484E-14   0.87434
FLUX  126    94.50        3.172407E+15   1.3512E-14   1.5197E-14   0.88911
FLUX  127    95.50        3.139188E+15   1.8870E-14   1.9964E-14   0.94521
FLUX  128    96.50        3.106658E+15   2.4972E-14   2.6040E-14   0.95901
FLUX  129    97.50        3.074795E+15   3.1885E-14   3.3737E-14   0.94510
FLUX  130    98.50        3.043579E+15   4.1005E-14   4.3546E-14   0.94165
FLUX  131    99.50        3.012990E+15   5.1315E-14   5.5809E-14   0.91947
FLUX  132   100.50        2.983010E+15   6.9365E-14   7.1120E-14   0.97532
FLUX  133   101.50        2.953621E+15   8.8692E-14   9.0097E-14   0.98441
FLUX  134   102.50        2.924805E+15   1.0862E-13   1.1398E-13   0.95294
FLUX  135   103.50        2.896546E+15   1.4038E-13   1.4332E-13   0.97953
FLUX  136   104.50        2.868828E+15   1.7733E-13   1.7963E-13   0.98723
FLUX  137   105.50        2.841635E+15   2.2211E-13   2.2449E-13   0.98936
FLUX  138   106.50        2.814953E+15   2.7218E-13   2.7993E-13   0.97229
FLUX  139   107.50        2.788767E+15   3.4205E-13   3.4813E-13   0.98251
FLUX  140   108.50        2.763065E+15   4.2448E-13   4.3136E-13   0.98406
FLUX  141   109.50        2.737831E+15   5.1387E-13   5.3205E-13   0.96583
FLUX  142   110.50        2.713054E+15   1.4308E-12   5.2743E-12   0.27127
FLUX  143   111.50        2.688722E+15   4.4233E-12   7.0595E-12   0.62657
FLUX  144   112.50        2.664822E+15   6.4989E-12   9.2074E-12   0.70584
FLUX  145   113.50        2.641344E+15   9.1686E-12   1.1725E-11   0.78196
FLUX  146   114.50        2.618275E+15   1.1645E-11   1.4546E-11   0.80053
FLUX  147   115.50        2.595606E+15   1.3112E-11   1.7662E-11   0.74237
FLUX  148   116.50        2.573326E+15   1.8142E-11   2.1018E-11   0.86319
FLUX  149   117.50        2.551426E+15   2.2002E-11   2.4485E-11   0.89859
FLUX  150   118.50        2.529895E+15   2.3723E-11   3.0416E-11   0.77995
FLUX  151   119.50        2.508724E+15   1.4658E-11   3.5546E-11   0.41237
FLUX  152   120.50        2.487905E+15   1.8733E-11   4.1281E-11   0.45379
FLUX  153   121.50        2.467428E+15   5.0796E-12   4.7695E-11   0.10650
FLUX  154   122.50        2.447286E+15   2.2792E-11   5.6855E-11   0.40089
FLUX  155   123.50        2.427470E+15   4.4529E-11   6.5139E-11   0.68360
FLUX  156   124.50        2.407972E+15   1.0806E-10   2.7045E-10   0.39956
FLUX  157   125.50        2.388785E+15   2.8970E-10   4.1039E-10   0.70592
FLUX  158   126.50        2.369901E+15   2.4484E-10   5.4461E-10   0.44956
FLUX  159   127.50        2.351314E+15   4.1653E-10   6.5820E-10   0.63282
FLUX  160   128.50        2.333016E+15   5.8105E-10   7.7987E-10   0.74506
FLUX  161   129.50        2.315000E+15   6.9546E-10   8.9595E-10   0.77622
FLUX  162   130.50        2.297261E+15   5.1418E-10   1.0199E-09   0.50413
FLUX  163   131.50        2.279791E+15   8.4664E-10   1.1474E-09   0.73785
FLUX  164   132.50        2.262585E+15   1.0092E-09   1.2832E-09   0.78647
FLUX  165   133.50        2.245637E+15   1.0811E-09   1.4265E-09   0.75791
FLUX  166   134.50        2.228941E+15   1.3818E-09   1.5788E-09   0.87525
FLUX  167   135.50        2.212491E+15   1.4106E-09   1.7454E-09   0.80816
FLUX  168   136.50        2.196282E+15   1.5274E-09   1.9321E-09   0.79056
FLUX  169   137.50        2.180309E+15   1.6797E-09   2.1322E-09   0.78777
FLUX  170   138.50        2.164567E+15   1.8413E-09   2.3470E-09   0.78453
FLUX  171   139.50        2.149050E+15   2.1352E-09   2.5772E-09   0.82849
FLUX  172   140.50        2.133754E+15   2.4097E-09   2.8243E-09   0.85319
FLUX  173   141.50        2.118675E+15   2.4433E-09   3.0888E-09   0.79103
FLUX  174   142.50        2.103807E+15   2.8062E-09   3.3840E-09   0.82926
FLUX  175   143.50        2.089146E+15   2.8352E-09   3.6883E-09   0.76870
FLUX  176   144.20        2.079005E+15   3.3035E-09   3.9141E-09   0.84400
FLUX  177   144.70        2.071821E+15   3.6018E-09   4.5176E-09   0.79728
FLUX  178   145.50        2.060430E+15   4.0768E-09   4.8242E-09   0.84507
FLUX  179   146.50        2.046365E+15   4.1338E-09   5.2298E-09   0.79044
FLUX  180   147.50        2.032492E+15   4.5630E-09   5.6605E-09   0.80611
FLUX  181   148.50        2.018805E+15   5.1202E-09   6.1174E-09   0.83699
FLUX  182   149.50        2.005301E+15   5.8501E-09   6.6020E-09   0.88611
FLUX  183   150.50        1.991977E+15   6.4811E-09   7.1149E-09   0.91092
FLUX  184   151.20        1.982755E+15   6.5174E-09   7.4918E-09   0.86993
FLUX  185   151.70        1.976220E+15   7.1407E-09   9.2801E-09   0.76946
FLUX  186   152.50        1.965852E+15   8.1905E-09   5.5042E-08   0.14880
FLUX  187   153.50        1.953046E+15   1.4900E-08   6.4366E-07   0.02315
FLUX  188   154.50        1.940405E+15   4.8386E-08   6.6318E-07   0.07296
FLUX  189   155.50        1.927926E+15   4.4598E-08   6.8138E-07   0.06545
FLUX  190   156.50        1.915607E+15   4.3530E-08   6.9919E-07   0.06226
FLUX  191   157.50        1.903444E+15   9.0515E-08   7.9459E-07   0.11391
FLUX  192   158.50        1.891435E+15   1.4318E-07   8.1035E-07   0.17669
FLUX  193   159.50        1.879577E+15   1.9495E-07   8.2496E-07   0.23631
FLUX  194   160.50        1.867866E+15   1.8223E-07   8.3815E-07   0.21742
FLUX  195   161.50        1.856300E+15   1.6743E-07   8.5001E-07   0.19698
FLUX  196   162.50        1.844877E+15   1.2710E-07   8.9617E-07   0.14182
FLUX  197   163.50        1.833593E+15   1.6015E-07   9.0858E-07   0.17626
FLUX  198   164.50        1.822447E+15   2.8558E-07   9.2014E-07   0.31036
FLUX  199   165.50        1.811435E+15   1.3532E-07   9.3109E-07   0.14533
FLUX  200   166.50        1.800556E+15   2.5665E-07   9.4132E-07   0.27265
FLUX  201   167.20        1.793017E+15   8.7103E-08   9.4823E-07   0.09186
FLUX  202   167.70        1.787671E+15   3.8857E-07   2.2288E-06   0.17434
FLUX  203   168.50        1.779184E+15   6.1654E-07   3.5445E-06   0.17394
FLUX  204   169.50        1.768687E+15   5.0462E-07   3.5552E-06   0.14194
FLUX  205   170.50        1.758314E+15   6.1031E-07   3.5668E-06   0.17111
FLUX  206   171.50        1.748061E+15   9.7516E-07   3.7230E-06   0.26193
FLUX  207   172.50        1.737928E+15   1.0312E-06   3.7380E-06   0.27588
FLUX  208   173.50        1.727911E+15   1.3894E-06   3.7458E-06   0.37092
FLUX  209   174.50        1.718009E+15   1.2510E-06   3.7601E-06   0.33271
FLUX  210   175.50        1.708219E+15   1.7021E-06   3.7674E-06   0.45180
FLUX  211   176.50        1.698541E+15   1.0754E-06   3.7743E-06   0.28494
FLUX  212   177.50        1.688972E+15   1.5968E-06   3.7813E-06   0.42229
FLUX  213   178.50        1.679510E+15   1.4471E-06   3.7882E-06   0.38201
FLUX  214   179.50        1.670153E+15   2.1284E-06   3.7948E-06   0.56087
FLUX  215   180.50        1.660900E+15   1.7114E-06   3.8027E-06   0.45005
FLUX  216   181.50        1.651749E+15   1.9167E-06   3.8091E-06   0.50318
FLUX  217   182.50        1.642699E+15   1.6433E-06   3.8164E-06   0.43060
FLUX  218   183.50        1.633747E+15   1.4524E-06   3.8236E-06   0.37984
FLUX  219   184.50        1.624892E+15   1.3100E-06   3.8308E-06   0.34197
FLUX  220   185.50        1.616132E+15   1.6234E-06   3.8401E-06   0.42273
FLUX  221   186.50        1.607466E+15   1.9293E-06   3.8475E-06   0.50144
FLUX  222   187.50        1.598893E+15   1.7851E-06   3.8861E-06   0.45935
FLUX  223   188.50        1.590411E+15   1.8655E-06   3.8922E-06   0.47928
FLUX  224   189.50        1.582018E+15   2.1228E-06   3.8982E-06   0.54456
FLUX  225   190.50        1.573714E+15   1.8876E-06   3.9039E-06   0.48352
FLUX  226   191.50        1.565496E+15   2.0451E-06   3.9116E-06   0.52283
FLUX  227   192.50        1.557364E+15   1.9577E-06   3.9172E-06   0.49978
FLUX  228   193.50        1.549315E+15   1.2413E-06   3.9231E-06   0.31641
FLUX  229   194.50        1.541350E+15   2.2527E-06   3.9286E-06   0.57340
FLUX  230   195.50        1.533465E+15   2.3221E-06   3.9342E-06   0.59023
FLUX  231   196.70        1.524110E+15   2.6795E-06   3.9413E-06   0.67986
FLUX  232   197.60        1.517169E+15   2.6339E-06   4.0212E-06   0.65500
FLUX  233   198.40        1.511051E+15   2.4906E-06   4.0279E-06   0.61833
FLUX  234   199.50        1.502719E+15   2.4791E-06   4.0752E-06   0.60834
FLUX  235   200.50        1.495224E+15   2.2749E-06   4.0844E-06   0.55698
FLUX  236   201.50        1.487804E+15   2.1018E-06   4.0939E-06   0.51340
FLUX  237   202.50        1.480457E+15   2.0384E-06   4.1038E-06   0.49672
FLUX  238   203.50        1.473182E+15   2.4132E-06   4.1137E-06   0.58662
FLUX  239   204.50        1.465978E+15   2.7335E-06   4.1239E-06   0.66284
FLUX  240   205.50        1.458844E+15   2.4714E-06   4.1344E-06   0.59776
FLUX  241   206.50        1.451780E+15   2.3719E-06   4.1451E-06   0.57223
FLUX  242   207.40        1.445480E+15   2.9660E-06   4.1547E-06   0.71387
FLUX  243   207.80        1.442697E+15   3.2748E-06   4.7747E-06   0.68586
FLUX  244   208.50        1.437854E+15   3.1037E-06   4.7900E-06   0.64796
FLUX  245   209.50        1.430990E+15   2.8536E-06   4.8120E-06   0.59302
FLUX  246   210.50        1.424192E+15   2.6106E-06   4.8343E-06   0.54002
FLUX  247   211.50        1.417459E+15   2.7255E-06   4.8568E-06   0.56118
FLUX  248   212.50        1.410788E+15   2.8829E-06   4.8795E-06   0.59081
FLUX  249   213.50        1.404180E+15   2.1666E-06   4.9026E-06   0.44192
FLUX  250   214.50        1.397634E+15   2.7485E-06   4.9259E-06   0.55797
FLUX  251   215.50        1.391148E+15   2.8545E-06   4.9494E-06   0.57672
FLUX  252   216.50        1.384723E+15   2.5307E-06   4.9734E-06   0.50884
FLUX  253   217.50        1.378356E+15   2.5664E-06   4.9978E-06   0.51352
FLUX  254   218.50        1.372048E+15   2.7610E-06   5.0226E-06   0.54973
FLUX  255   219.50        1.365797E+15   3.0609E-06   5.0478E-06   0.60638
FLUX  256   220.50        1.359603E+15   2.8725E-06   5.0735E-06   0.56618
FLUX  257   221.50        1.353465E+15   2.3882E-06   5.0997E-06   0.46830
FLUX  258   222.50        1.347382E+15   2.3098E-06   5.1301E-06   0.45025
FLUX  259   223.50        1.341353E+15   2.9795E-06   5.1568E-06   0.57778
FLUX  260   224.50        1.335379E+15   2.6791E-06   5.1840E-06   0.51680
FLUX  261   225.50        1.329457E+15   2.2866E-06   5.2366E-06   0.43665
FLUX  262   226.50        1.323587E+15   2.3741E-06   5.2631E-06   0.45108
FLUX  263   227.50        1.317769E+15   2.7107E-06   5.2899E-06   0.51243
FLUX  264   228.50        1.312002E+15   2.9361E-06   5.3168E-06   0.55222
FLUX  265   229.50        1.306285E+15   2.6027E-06   5.3441E-06   0.48703
FLUX  266   230.50        1.300618E+15   2.7581E-06   5.3716E-06   0.51347
FLUX  267   231.50        1.295000E+15   2.5554E-06   5.3993E-06   0.47328
FLUX  268   232.50        1.289430E+15   2.4533E-06   5.4273E-06   0.45203
FLUX  269   233.50        1.283908E+15   1.8656E-06   5.4611E-06   0.34161
FLUX  270   234.50        1.278433E+15   1.4437E-06   5.4894E-06   0.26300
FLUX  271   235.50        1.273004E+15   2.3729E-06   5.5180E-06   0.43003
FLUX  272   236.50        1.267622E+15   1.4932E-06   5.5467E-06   0.26920
FLUX  273   237.50        1.262284E+15   1.9616E-06   5.5757E-06   0.35181
FLUX  274   238.50        1.256992E+15   1.2252E-06   5.6054E-06   0.21858
FLUX  275   239.50        1.251743E+15   1.6118E-06   5.6349E-06   0.28603
FLUX  276   240.50        1.246538E+15   1.5579E-06   5.6646E-06   0.27503
FLUX  277   241.50        1.241377E+15   1.8034E-06   5.6944E-06   0.31669
FLUX  278   242.50        1.236258E+15   2.6100E-06   5.7246E-06   0.45593
FLUX  279   243.50        1.231181E+15   2.5060E-06   5.7549E-06   0.43546
FLUX  280   244.50        1.226145E+15   2.7976E-06   5.7936E-06   0.48287
FLUX  281   245.50        1.221151E+15   2.8156E-06   5.8240E-06   0.48345
FLUX  282   246.50        1.216197E+15   2.7315E-06   5.8545E-06   0.46657
FLUX  283   247.50        1.211283E+15   2.5374E-06   5.8851E-06   0.43115
FLUX  284   248.50        1.206408E+15   2.6249E-06   5.9161E-06   0.44368
FLUX  285   249.50        1.201573E+15   2.4813E-06   5.9472E-06   0.41722
FLUX  286   250.50        1.196776E+15   3.3457E-06   5.9848E-06   0.55903
FLUX  287   251.30        1.192967E+15   2.5129E-06   6.0097E-06   0.41814
FLUX  288   251.80        1.190598E+15   2.6647E-06   6.3115E-06   0.42220
FLUX  289   252.50        1.187297E+15   2.2078E-06   6.3350E-06   0.34851
FLUX  290   253.50        1.182613E+15   2.0602E-06   6.3692E-06   0.32347
FLUX  291   254.50        1.177967E+15   2.0458E-06   6.4036E-06   0.31948
FLUX  292   255.50        1.173356E+15   2.6073E-06   6.4381E-06   0.40498
FLUX  293   256.50        1.168782E+15   2.3459E-06   6.4729E-06   0.36242
FLUX  294   257.50        1.164243E+15   2.8385E-06   6.5077E-06   0.43617
FLUX  295   258.50        1.159739E+15   2.7883E-06   6.5428E-06   0.42616
FLUX  296   259.50        1.155270E+15   2.5939E-06   6.5779E-06   0.39434
FLUX  297   260.50        1.150835E+15   2.3484E-06   6.6131E-06   0.35511
FLUX  298   261.50        1.146434E+15   2.1930E-06   6.6485E-06   0.32984
FLUX  299   262.50        1.142067E+15   2.8908E-06   6.6840E-06   0.43250
FLUX  300   263.50        1.137732E+15   3.2659E-06   6.7218E-06   0.48587
FLUX  301   264.50        1.133431E+15   4.4243E-06   6.7573E-06   0.65473
FLUX  302   265.50        1.129162E+15   4.6511E-06   6.7931E-06   0.68468
FLUX  303   266.50        1.124925E+15   3.6036E-06   6.8289E-06   0.52771
FLUX  304   267.50        1.120720E+15   4.1379E-06   6.8648E-06   0.60277
FLUX  305   268.50        1.116546E+15   4.0163E-06   6.9008E-06   0.58200
FLUX  306   269.50        1.112403E+15   3.7694E-06   6.9370E-06   0.54338
FLUX  307   270.50        1.108290E+15   4.1191E-06   6.9757E-06   0.59049
FLUX  308   271.50        1.104208E+15   3.6249E-06   7.0119E-06   0.51697
FLUX  309   272.50        1.100156E+15   3.7129E-06   7.0483E-06   0.52679
FLUX  310   273.50        1.096133E+15   4.1515E-06   7.0847E-06   0.58598
FLUX  311   274.50        1.092140E+15   2.5744E-06   7.1212E-06   0.36151
FLUX  312   275.50        1.088176E+15   2.9651E-06   7.1578E-06   0.41425
FLUX  313   276.50        1.084241E+15   3.3574E-06   7.1945E-06   0.46666
FLUX  314   277.50        1.080333E+15   4.1401E-06   7.2312E-06   0.57253
FLUX  315   278.50        1.076454E+15   3.4415E-06   7.2681E-06   0.47350
FLUX  316   279.50        1.072603E+15   1.3802E-06   7.3050E-06   0.18894
FLUX  317   280.50        1.068779E+15   1.8500E-06   7.3419E-06   0.25198
FLUX  318   281.50        1.064982E+15   4.2552E-06   7.3790E-06   0.57667
FLUX  319   282.50        1.061212E+15   5.1318E-06   7.4160E-06   0.69199
FLUX  320   283.50        1.057469E+15   4.8091E-06   7.4532E-06   0.64524
FLUX  321   284.50        1.053752E+15   4.5814E-06   7.4904E-06   0.61163
FLUX  322   285.50        1.050061E+15   4.0826E-06   7.5277E-06   0.54233
FLUX  323   286.50        1.046396E+15   5.0277E-06   7.5651E-06   0.66459
FLUX  324   287.50        1.042757E+15   4.8726E-06   7.6025E-06   0.64092
FLUX  325   288.50        1.039142E+15   5.0028E-06   7.6400E-06   0.65482
FLUX  326   289.50        1.035553E+15   4.6666E-06   7.6775E-06   0.60783
FLUX  327   291.00        1.030215E+15   5.8006E-06   7.7352E-06   0.74989
FLUX  328   293.00        1.023183E+15   5.4499E-06   7.8103E-06   0.69778
FLUX  329   295.00        1.016246E+15   5.4752E-06   7.8858E-06   0.69431
FLUX  330   297.00        1.009402E+15   5.9826E-06   7.9612E-06   0.75147
FLUX  331   299.00        1.002651E+15   6.1068E-06   8.0366E-06   0.75987
FLUX  332   301.00        9.959884E+14   6.4387E-06   8.1121E-06   0.79372
FLUX  333   303.00        9.894142E+14   6.3954E-06   8.1876E-06   0.78110
FLUX  334   305.00        9.829262E+14   6.4351E-06   8.2631E-06   0.77878
FLUX  335   307.00        9.765228E+14   6.6250E-06   8.3385E-06   0.79450
FLUX  336   309.00        9.702023E+14   6.9362E-06   8.4152E-06   0.82425
FLUX  337   311.00        9.639630E+14   6.7236E-06   8.4904E-06   0.79190
FLUX  338   313.00        9.578035E+14   6.7345E-06   8.5661E-06   0.78618
FLUX  339   315.00        9.517222E+14   7.1493E-06   8.6414E-06   0.82733
FLUX  340   317.00        9.457177E+14   7.1617E-06   8.7168E-06   0.82159
FLUX  341   319.00        9.397884E+14   6.6862E-06   8.7922E-06   0.76048
FLUX  342   321.00        9.339330E+14   7.1252E-06   8.8674E-06   0.80353
FLUX  343   323.00        9.281502E+14   6.7825E-06   8.9428E-06   0.75843
FLUX  344   325.00        9.224385E+14   7.2905E-06   9.0177E-06   0.80847
FLUX  345   327.00        9.167966E+14   7.5916E-06   9.0924E-06   0.83494
FLUX  346   329.00        9.112234E+14   7.7086E-06   9.1670E-06   0.84091
FLUX  347   331.00        9.057175E+14   8.0164E-06   9.2413E-06   0.86746
FLUX  348   333.00        9.002778E+14   7.8827E-06   9.3153E-06   0.84621
FLUX  349   335.00        8.949030E+14   7.8729E-06   9.3891E-06   0.83851
FLUX  350   337.00        8.895920E+14   7.7938E-06   9.4626E-06   0.82364
FLUX  351   339.00        8.843437E+14   8.0182E-06   9.5360E-06   0.84083
FLUX  352   341.00        8.791569E+14   8.2160E-06   9.6089E-06   0.85504
FLUX  353   343.00        8.740306E+14   8.3679E-06   9.6816E-06   0.86431
FLUX  354   345.00        8.689638E+14   8.4273E-06   9.7541E-06   0.86398
FLUX  355   347.00        8.639553E+14   8.3851E-06   9.8261E-06   0.85334
FLUX  356   349.00        8.590043E+14   8.4234E-06   9.8978E-06   0.85103
FLUX  357   351.00        8.541097E+14   8.7974E-06   9.9692E-06   0.88246
FLUX  358   353.00        8.492705E+14   8.8565E-06   1.0040E-05   0.88209
FLUX  359   355.00        8.444859E+14   9.2959E-06   1.0111E-05   0.91939
FLUX  360   357.00        8.397549E+14   8.8350E-06   1.0181E-05   0.86776
FLUX  361   359.00        8.350766E+14   8.8904E-06   1.0251E-05   0.86723
FLUX  362   361.00        8.304501E+14   9.0385E-06   1.0321E-05   0.87572
FLUX  363   363.00        8.258747E+14   9.2379E-06   1.0390E-05   0.88910
FLUX  364   364.00        8.236058E+14   9.1147E-06   1.0425E-05   0.87432
FLUX  365   365.00        8.213493E+14   9.6969E-06   4.5778E-05   0.21182
FLUX  366   367.00        8.168733E+14   9.6683E-06   4.5596E-05   0.21204
FLUX  367   369.00        8.124458E+14   9.3564E-06   4.5419E-05   0.20600
FLUX  368   371.00        8.080660E+14   1.0160E-05   4.5241E-05   0.22458
FLUX  369   373.00        8.037332E+14   1.0784E-05   4.5062E-05   0.23932
FLUX  370   375.00        7.994467E+14   1.3910E-05   4.4885E-05   0.30991
FLUX  371   377.00        7.952056E+14   1.5314E-05   4.4754E-05   0.34217
FLUX  372   379.00        7.910092E+14   1.9497E-05   4.4580E-05   0.43734
FLUX  373   381.00        7.868570E+14   2.3355E-05   4.4407E-05   0.52593
FLUX  374   383.00        7.827480E+14   1.8326E-05   4.4235E-05   0.41428
FLUX  375   385.00        7.786818E+14   2.6454E-05   4.4070E-05   0.60028
FLUX  376   387.00        7.746576E+14   3.0674E-05   4.3901E-05   0.69870
FLUX  377   389.00        7.706748E+14   1.7184E-05   4.3733E-05   0.39292
FLUX  378   391.00        7.667327E+14   3.0608E-05   4.3566E-05   0.70257
FLUX  379   393.00        7.628308E+14   2.4844E-05   4.3401E-05   0.57243
FLUX  380   395.00        7.589684E+14   3.0484E-05   4.3236E-05   0.70506
FLUX  381   397.00        7.551448E+14   1.5753E-05   4.3073E-05   0.36573
FLUX  382   399.00        7.513596E+14   3.1485E-05   4.2911E-05   0.73371
FLUX  383   401.00        7.476122E+14   3.5960E-05   4.2756E-05   0.84107
FLUX  384   403.00        7.439020E+14   3.5971E-05   4.2597E-05   0.84444
FLUX  385   405.00        7.402284E+14   3.5876E-05   4.2439E-05   0.84536
FLUX  386   407.00        7.365909E+14   3.4636E-05   4.2283E-05   0.81915
FLUX  387   409.00        7.329890E+14   2.7619E-05   4.2127E-05   0.65561
FLUX  388   411.00        7.294221E+14   2.1035E-05   4.1973E-05   0.50116
FLUX  389   413.00        7.258898E+14   3.3848E-05   4.1821E-05   0.80936
FLUX  390   415.00        7.223916E+14   3.6605E-05   4.1670E-05   0.87845
FLUX  391   417.00        7.189269E+14   3.6501E-05   4.1521E-05   0.87909
FLUX  392   419.00        7.154952E+14   3.6546E-05   4.1372E-05   0.88333
FLUX  393   421.00        7.120962E+14   3.6707E-05   4.1225E-05   0.89042
FLUX  394   423.00        7.087293E+14   3.5884E-05   4.1078E-05   0.87355
FLUX  395   425.00        7.053941E+14   3.6401E-05   4.0933E-05   0.88929
FLUX  396   427.00        7.020902E+14   3.4685E-05   4.0789E-05   0.85035
FLUX  397   429.00        6.988170E+14   3.5839E-05   4.0646E-05   0.88173
FLUX  398   431.00        6.955742E+14   3.2776E-05   4.0504E-05   0.80921
FLUX  399   433.00        6.923614E+14   2.5585E-05   4.0363E-05   0.63387
FLUX  400   435.00        6.891782E+14   2.1813E-05   4.0223E-05   0.54230
FLUX  401   437.00        6.860240E+14   3.4178E-05   4.0084E-05   0.85266
FLUX  402   439.00        6.828986E+14   3.5307E-05   3.9945E-05   0.88388
FLUX  403   441.00        6.798016E+14   3.5029E-05   3.9807E-05   0.87997
FLUX  404   443.00        6.767325E+14   3.4711E-05   3.9670E-05   0.87497
FLUX  405   445.00        6.736910E+14   3.5830E-05   3.9535E-05   0.90629
FLUX  406   447.00        6.706767E+14   3.5942E-05   3.9400E-05   0.91223
FLUX  407   449.00        6.676893E+14   3.5642E-05   3.9266E-05   0.90770
FLUX  408   451.00        6.647284E+14   3.7174E-05   3.9133E-05   0.94992
FLUX  409   453.00        6.617936E+14   3.5663E-05   3.9001E-05   0.91441
FLUX  410   455.00        6.588846E+14   3.5367E-05   3.8870E-05   0.90986
FLUX  411   457.00        6.560011E+14   3.6969E-05   3.8740E-05   0.95427
FLUX  412   459.00        6.531427E+14   3.5437E-05   3.8611E-05   0.91780
FLUX  413   461.00        6.503091E+14   3.6688E-05   3.8483E-05   0.95335
FLUX  414   463.00        6.475000E+14   3.5599E-05   3.8355E-05   0.92813
FLUX  415   465.00        6.447151E+14   3.6271E-05   3.8229E-05   0.94880
FLUX  416   467.00        6.419540E+14   3.6412E-05   3.8103E-05   0.95563
FLUX  417   469.00        6.392164E+14   3.5019E-05   3.7977E-05   0.92209
FLUX  418   471.00        6.365021E+14   3.3875E-05   3.7853E-05   0.89491
FLUX  419   473.00        6.338108E+14   3.5889E-05   3.7730E-05   0.95122
FLUX  420   475.00        6.311421E+14   3.6083E-05   3.7607E-05   0.95949
FLUX  421   477.00        6.284958E+14   3.5565E-05   3.7485E-05   0.94877
FLUX  422   479.00        6.258716E+14   3.5532E-05   3.7364E-05   0.95097
FLUX  423   481.00        6.232692E+14   3.4812E-05   3.7244E-05   0.93472
FLUX  424   483.00        6.206884E+14   3.3530E-05   3.7124E-05   0.90319
FLUX  425   485.00        6.181289E+14   2.5837E-05   3.7029E-05   0.69775
FLUX  426   487.00        6.155903E+14   2.0568E-05   3.6911E-05   0.55724
FLUX  427   489.00        6.130726E+14   3.1955E-05   3.6793E-05   0.86850
FLUX  428   491.00        6.105754E+14   3.3960E-05   3.6676E-05   0.92593
FLUX  429   493.00        6.080984E+14   3.3729E-05   3.6560E-05   0.92255
FLUX  430   495.00        6.056414E+14   3.4760E-05   3.6445E-05   0.95377
FLUX  431   497.00        6.032042E+14   3.5216E-05   3.6330E-05   0.96934
FLUX  432   499.00        6.007866E+14   3.3832E-05   3.6216E-05   0.93417
FLUX  433   501.00        5.983882E+14   3.2579E-05   3.6103E-05   0.90239
FLUX  434   503.00        5.960089E+14   3.3770E-05   3.5990E-05   0.93831
FLUX  435   505.00        5.936485E+14   3.3349E-05   3.5878E-05   0.92953
FLUX  436   507.00        5.913067E+14   3.4336E-05   3.5766E-05   0.96001
FLUX  437   509.00        5.889833E+14   3.4033E-05   3.5656E-05   0.95449
FLUX  438   511.00        5.866781E+14   3.4218E-05   3.5545E-05   0.96266
FLUX  439   513.00        5.843908E+14   3.3601E-05   3.5436E-05   0.94823
FLUX  440   515.00        5.821214E+14   3.2890E-05   3.5327E-05   0.93103
FLUX  441   517.00        5.798694E+14   3.2623E-05   3.5218E-05   0.92630
FLUX  442   519.00        5.776349E+14   3.2497E-05   3.5111E-05   0.92555
FLUX  443   521.00        5.754175E+14   3.2730E-05   3.5003E-05   0.93504
FLUX  444   523.00        5.732170E+14   3.2615E-05   3.4897E-05   0.93462
FLUX  445   525.00        5.710333E+14   3.3337E-05   3.4791E-05   0.95822
FLUX  446   527.00        5.688662E+14   3.1127E-05   3.4685E-05   0.89740
FLUX  447   529.00        5.667155E+14   3.2977E-05   3.4581E-05   0.95363
FLUX  448   531.00        5.645810E+14   3.2475E-05   3.4476E-05   0.94195
FLUX  449   533.00        5.624625E+14   3.1454E-05   3.4372E-05   0.91510
FLUX  450   535.00        5.603598E+14   3.2821E-05   3.4269E-05   0.95774
FLUX  451   537.00        5.582728E+14   3.2712E-05   3.4168E-05   0.95737
FLUX  452   539.00        5.562013E+14   3.2454E-05   3.4075E-05   0.95242
FLUX  453   541.00        5.541451E+14   3.1840E-05   3.3974E-05   0.93720
FLUX  454   543.00        5.521041E+14   3.2230E-05   3.3872E-05   0.95152
FLUX  455   545.00        5.500780E+14   3.2756E-05   3.3772E-05   0.96992
FLUX  456   547.00        5.480667E+14   3.2449E-05   3.3672E-05   0.96370
FLUX  457   549.00        5.460701E+14   3.2432E-05   3.3572E-05   0.96605
FLUX  458   551.00        5.440880E+14   3.2314E-05   3.3473E-05   0.96539
FLUX  459   553.00        5.421203E+14   3.2251E-05   3.3374E-05   0.96635
FLUX  460   555.00        5.401667E+14   3.2350E-05   3.3276E-05   0.97216
FLUX  461   557.00        5.382271E+14   3.2076E-05   3.3179E-05   0.96675
FLUX  462   559.00        5.363014E+14   3.1950E-05   3.3082E-05   0.96580
FLUX  463   561.00        5.343895E+14   3.2146E-05   3.2985E-05   0.97455
FLUX  464   563.00        5.324911E+14   3.2246E-05   3.2900E-05   0.98012
FLUX  465   565.00        5.306062E+14   3.1965E-05   3.2804E-05   0.97441
FLUX  466   567.00        5.287346E+14   3.1611E-05   3.2709E-05   0.96643
FLUX  467   569.00        5.268761E+14   3.1871E-05   3.2615E-05   0.97720
FLUX  468   571.00        5.250306E+14   3.1802E-05   3.2520E-05   0.97791
FLUX  469   573.00        5.231981E+14   3.2245E-05   3.2427E-05   0.99440
FLUX  470   575.00        5.213783E+14   3.1761E-05   3.2334E-05   0.98228
FLUX  471   577.00        5.195711E+14   3.1831E-05   3.2241E-05   0.98729
FLUX  472   579.00        5.177763E+14   3.1610E-05   3.2148E-05   0.98328
FLUX  473   581.00        5.159940E+14   3.1642E-05   3.2056E-05   0.98710
FLUX  474   583.00        5.142238E+14   3.1657E-05   3.1964E-05   0.99039
FLUX  475   585.00        5.124658E+14   3.1487E-05   3.1873E-05   0.98789
FLUX  476   587.00        5.107198E+14   3.1448E-05   3.1782E-05   0.98947
FLUX  477   589.00        5.089856E+14   3.0829E-05   3.1692E-05   0.97277
FLUX  478   591.00        5.072631E+14   3.1254E-05   3.1602E-05   0.98900
FLUX  479   593.00        5.055523E+14   3.1180E-05   3.1513E-05   0.98945
FLUX  480   595.00        5.038529E+14   3.1023E-05   3.1427E-05   0.98715
FLUX  481   597.00        5.021650E+14   3.1041E-05   3.1338E-05   0.99051
FLUX  482   599.00        5.004883E+14   3.0749E-05   3.1250E-05   0.98399
FLUX  483   601.00        4.988228E+14   3.0403E-05   3.1162E-05   0.97566
FLUX  484   603.00        4.971683E+14   3.0636E-05   3.1074E-05   0.98588
FLUX  485   605.00        4.955248E+14   3.0552E-05   3.0988E-05   0.98595
FLUX  486   607.00        4.938921E+14   3.0693E-05   3.0901E-05   0.99325
FLUX  487   609.00        4.922701E+14   3.0464E-05   3.0815E-05   0.98862
FLUX  488   611.00        4.906588E+14   3.0230E-05   3.0729E-05   0.98373
FLUX  489   613.00        4.890579E+14   2.9843E-05   3.0644E-05   0.97385
FLUX  490   615.00        4.874675E+14   2.9274E-05   3.0559E-05   0.95796
FLUX  491   617.00        4.858874E+14   2.9562E-05   3.0474E-05   0.97006
FLUX  492   619.00        4.843174E+14   3.0112E-05   3.0390E-05   0.99086
FLUX  493   621.00        4.827576E+14   3.0045E-05   3.0306E-05   0.99140
FLUX  494   623.00        4.812079E+14   2.9737E-05   3.0222E-05   0.98396
FLUX  495   625.00        4.796680E+14   2.8906E-05   3.0139E-05   0.95910
FLUX  496   627.00        4.781380E+14   2.9881E-05   3.0073E-05   0.99361
FLUX  497   629.00        4.766176E+14   2.9815E-05   2.9990E-05   0.99417
FLUX  498   631.00        4.751070E+14   2.9324E-05   2.9908E-05   0.98047
FLUX  499   633.00        4.736058E+14   2.9424E-05   2.9826E-05   0.98653
FLUX  500   635.00        4.721142E+14   2.9006E-05   2.9746E-05   0.97511
FLUX  501   637.00        4.706319E+14   2.9068E-05   2.9665E-05   0.97991
FLUX  502   639.00        4.691588E+14   2.9212E-05   2.9584E-05   0.98744
FLUX  503   641.00        4.676950E+14   2.8835E-05   2.9503E-05   0.97737
FLUX  504   643.00        4.662403E+14   2.8980E-05   2.9423E-05   0.98497
FLUX  505   645.00        4.647946E+14   2.8382E-05   2.9343E-05   0.96727
FLUX  506   647.00        4.633578E+14   2.8773E-05   2.9263E-05   0.98324
FLUX  507   649.00        4.619299E+14   2.8221E-05   2.9184E-05   0.96700
FLUX  508   651.00        4.605108E+14   2.8271E-05   2.9107E-05   0.97127
FLUX  509   653.00        4.591003E+14   2.7601E-05   2.9029E-05   0.95081
FLUX  510   655.00        4.576985E+14   2.3927E-05   2.8961E-05   0.82619
FLUX  511   657.00        4.563052E+14   1.9016E-05   2.8883E-05   0.65839
FLUX  512   659.00        4.549203E+14   2.6407E-05   2.8805E-05   0.91675
FLUX  513   661.00        4.535439E+14   2.7851E-05   2.8727E-05   0.96950
FLUX  514   663.00        4.521757E+14   2.8173E-05   2.8650E-05   0.98332
FLUX  515   665.00        4.508158E+14   2.8193E-05   2.8574E-05   0.98669
FLUX  516   667.00        4.494640E+14   2.8047E-05   2.8497E-05   0.98421
FLUX  517   669.00        4.481203E+14   2.8150E-05   2.8421E-05   0.99047
FLUX  518   671.00        4.467846E+14   2.8096E-05   2.8345E-05   0.99124
FLUX  519   673.00        4.454569E+14   2.7991E-05   2.8269E-05   0.99016
FLUX  520   675.00        4.441370E+14   2.7738E-05   2.8193E-05   0.98385
FLUX  521   677.00        4.428250E+14   2.7991E-05   2.8118E-05   0.99548
FLUX  522   679.00        4.415206E+14   2.7864E-05   2.8043E-05   0.99360
FLUX  523   681.00        4.402239E+14   2.7807E-05   2.7969E-05   0.99423
FLUX  524   683.00        4.389348E+14   2.7625E-05   2.7894E-05   0.99034
FLUX  525   685.00        4.376533E+14   2.7565E-05   2.7820E-05   0.99082
FLUX  526   687.00        4.363792E+14   2.7607E-05   2.7747E-05   0.99497
FLUX  527   689.00        4.351125E+14   2.7549E-05   2.7673E-05   0.99550
FLUX  528   691.00        4.338531E+14   2.7448E-05   2.7600E-05   0.99448
FLUX  529   693.00        4.326010E+14   2.7332E-05   2.7527E-05   0.99292
FLUX  530   695.00        4.313561E+14   2.7301E-05   2.7455E-05   0.99441
FLUX  531   697.00        4.301184E+14   2.7185E-05   2.7382E-05   0.99281
FLUX  532   699.00        4.288877E+14   2.7192E-05   2.7311E-05   0.99565
FLUX  533   701.00        4.276641E+14   2.6730E-05   2.7239E-05   0.98131
FLUX  534   703.00        4.264474E+14   2.6922E-05   2.7168E-05   0.99095
FLUX  535   705.00        4.252376E+14   2.6903E-05   2.7096E-05   0.99288
FLUX  536   707.00        4.240347E+14   2.6890E-05   2.7026E-05   0.99497
FLUX  537   709.00        4.228385E+14   2.6827E-05   2.6955E-05   0.99524
FLUX  538   711.00        4.216491E+14   2.6041E-05   2.6884E-05   0.96861
FLUX  539   713.00        4.204663E+14   2.6415E-05   2.6814E-05   0.98509
FLUX  540   715.00        4.192902E+14   2.6426E-05   2.6744E-05   0.98810
FLUX  541   717.00        4.181206E+14   2.6360E-05   2.6675E-05   0.98820
FLUX  542   719.00        4.169576E+14   2.6234E-05   2.6605E-05   0.98604
FLUX  543   721.00        4.158010E+14   2.6266E-05   2.6536E-05   0.98981
FLUX  544   723.00        4.146508E+14   2.6153E-05   2.6467E-05   0.98813
FLUX  545   725.00        4.135069E+14   2.5968E-05   2.6404E-05   0.98347
FLUX  546   727.00        4.123693E+14   2.6156E-05   2.6336E-05   0.99319
FLUX  547   729.00        4.112380E+14   2.5874E-05   2.6267E-05   0.98504
FLUX  548   731.00        4.101129E+14   2.5889E-05   2.6212E-05   0.98769
FLUX  549   733.00        4.089939E+14   2.5868E-05   2.6144E-05   0.98945
FLUX  550   735.00        4.078810E+14   2.5898E-05   2.6076E-05   0.99315
FLUX  551   737.00        4.067741E+14   2.5880E-05   2.6009E-05   0.99503
FLUX  552   739.00        4.056732E+14   2.5636E-05   2.5942E-05   0.98822
FLUX  553   741.00        4.045783E+14   2.5419E-05   2.5875E-05   0.98237
FLUX  554   743.00        4.034892E+14   2.5198E-05   2.5809E-05   0.97634
FLUX  555   745.00        4.024060E+14   2.5299E-05   2.5742E-05   0.98279
FLUX  556   747.00        4.013286E+14   2.5061E-05   2.5676E-05   0.97605
FLUX  557   749.00        4.002570E+14   2.5188E-05   2.5610E-05   0.98350
FLUX  558   751.00        3.991911E+14   2.5237E-05   2.5545E-05   0.98795
FLUX  559   753.00        3.981308E+14   2.5243E-05   2.5479E-05   0.99071
FLUX  560   755.00        3.970762E+14   2.5321E-05   2.5414E-05   0.99633
FLUX  561   757.00        3.960271E+14   2.5168E-05   2.5349E-05   0.99284
FLUX  562   759.00        3.949835E+14   2.5164E-05   2.5284E-05   0.99522
FLUX  563   761.00        3.939455E+14   2.5089E-05   2.5220E-05   0.99479
FLUX  564   763.00        3.929128E+14   2.5041E-05   2.5156E-05   0.99544
FLUX  565   765.00        3.918856E+14   2.4882E-05   2.5092E-05   0.99163
FLUX  566   767.00        3.908638E+14   2.4644E-05   2.5028E-05   0.98465
FLUX  567   769.00        3.898472E+14   2.4685E-05   2.4964E-05   0.98881
FLUX  568   771.00        3.888359E+14   2.4645E-05   2.4901E-05   0.98971
FLUX  569   773.00        3.878299E+14   2.4697E-05   2.4838E-05   0.99432
FLUX  570   775.00        3.868290E+14   2.4569E-05   2.4775E-05   0.99169
FLUX  571   777.00        3.858333E+14   2.3952E-05   2.4712E-05   0.96923
FLUX  572   779.00        3.848427E+14   2.4584E-05   2.4649E-05   0.99736
FLUX  573   781.00        3.838572E+14   2.4470E-05   2.4587E-05   0.99525
FLUX  574   783.00        3.828768E+14   2.4238E-05   2.4525E-05   0.98830
FLUX  575   785.00        3.819013E+14   2.4051E-05   2.4463E-05   0.98314
FLUX  576   787.00        3.809307E+14   2.4084E-05   2.4402E-05   0.98698
FLUX  577   789.00        3.799651E+14   2.3930E-05   2.4340E-05   0.98313
FLUX  578   791.00        3.790044E+14   2.3842E-05   2.4279E-05   0.98199
FLUX  579   793.00        3.780485E+14   2.3801E-05   2.4218E-05   0.98276
FLUX  580   795.00        3.770975E+14   2.3635E-05   2.4157E-05   0.97839
FLUX  581   797.00        3.761512E+14   2.4009E-05   2.4097E-05   0.99635
FLUX  582   799.00        3.752096E+14   2.3553E-05   2.4037E-05   0.97986
FLUX  583   801.00        3.742728E+14   2.3798E-05   2.3977E-05   0.99253
FLUX  584   803.00        3.733406E+14   2.3644E-05   2.3917E-05   0.98857
FLUX  585   805.00        3.724130E+14   2.3682E-05   2.3857E-05   0.99267
FLUX  586   807.00        3.714901E+14   2.3587E-05   2.3798E-05   0.99116
FLUX  587   809.00        3.705717E+14   2.3520E-05   2.3738E-05   0.99082
FLUX  588   811.00        3.696578E+14   2.3575E-05   2.3679E-05   0.99562
FLUX  589   813.00        3.687485E+14   2.3569E-05   2.3620E-05   0.99785
FLUX  590   815.00        3.678436E+14   2.3503E-05   2.3561E-05   0.99754
FLUX  591   817.00        3.669431E+14   2.3452E-05   2.3503E-05   0.99783
FLUX  592   819.00        3.660470E+14   2.2902E-05   2.3444E-05   0.97685
FLUX  593   821.00        3.651553E+14   2.2875E-05   2.8478E-05   0.80324
FLUX  594   823.00        3.642679E+14   2.2827E-05   2.8397E-05   0.80385
FLUX  595   825.00        3.633848E+14   2.2907E-05   2.8315E-05   0.80902
FLUX  596   827.00        3.625060E+14   2.3244E-05   2.8234E-05   0.82327
FLUX  597   829.00        3.616315E+14   2.3135E-05   2.8153E-05   0.82174
FLUX  598   831.00        3.607611E+14   2.3030E-05   2.8073E-05   0.82039
FLUX  599   833.00        3.598950E+14   2.2732E-05   2.7993E-05   0.81207
FLUX  600   835.00        3.590329E+14   2.2956E-05   2.7913E-05   0.82241
FLUX  601   837.00        3.581750E+14   2.2947E-05   2.7833E-05   0.82443
FLUX  602   839.00        3.573212E+14   2.2767E-05   2.7754E-05   0.82030
FLUX  603   841.00        3.564715E+14   2.2735E-05   2.7676E-05   0.82147
FLUX  604   843.00        3.556257E+14   2.2602E-05   2.7597E-05   0.81898
FLUX  605   845.00        3.547840E+14   2.2149E-05   2.7520E-05   0.80484
FLUX  606   847.00        3.539463E+14   2.2044E-05   2.7442E-05   0.80328
FLUX  607   849.00        3.531125E+14   2.2580E-05   2.7365E-05   0.82515
FLUX  608   851.00        3.522826E+14   2.1033E-05   2.7288E-05   0.77078
FLUX  609   853.00        3.514566E+14   2.2754E-05   2.7211E-05   0.83622
FLUX  610   855.00        3.506345E+14   1.9290E-05   2.7137E-05   0.71084
FLUX  611   857.00        3.498162E+14   2.3259E-05   2.7061E-05   0.85952
FLUX  612   859.00        3.490017E+14   2.1528E-05   2.6985E-05   0.79777
FLUX  613   861.00        3.481911E+14   2.0984E-05   2.6910E-05   0.77981
FLUX  614   863.00        3.473841E+14   2.3634E-05   2.6835E-05   0.88073
FLUX  615   865.00        3.465809E+14   2.2742E-05   2.6760E-05   0.84986
FLUX  616   867.00        3.457814E+14   1.8095E-05   2.6685E-05   0.67807
FLUX  617   869.00        3.449856E+14   2.2849E-05   2.6611E-05   0.85861
FLUX  618   871.00        3.441935E+14   2.4289E-05   2.6538E-05   0.91527
FLUX  619   873.00        3.434049E+14   2.3353E-05   2.6464E-05   0.88242
FLUX  620   875.00        3.426200E+14   1.8353E-05   2.6391E-05   0.69543
FLUX  621   877.00        3.418387E+14   2.2540E-05   2.6318E-05   0.85645
FLUX  622   879.00        3.410609E+14   2.4608E-05   2.6246E-05   0.93760
FLUX  623   881.00        3.402866E+14   2.4830E-05   2.6174E-05   0.94867
FLUX  624   883.00        3.395159E+14   2.3819E-05   2.6102E-05   0.91255
FLUX  625   885.00        3.387486E+14   2.1436E-05   2.6030E-05   0.82351
FLUX  626   887.00        3.379848E+14   1.8121E-05   2.5959E-05   0.69808
FLUX  627   889.00        3.372244E+14   2.3281E-05   2.5888E-05   0.89930
FLUX  628   891.00        3.364675E+14   2.4511E-05   2.5817E-05   0.94942
FLUX  629   893.00        3.357139E+14   2.4672E-05   2.5747E-05   0.95826
FLUX  630   895.00        3.349637E+14   2.4989E-05   2.5677E-05   0.97319
FLUX  631   897.00        3.342168E+14   2.4482E-05   2.5607E-05   0.95605
FLUX  632   899.00        3.334733E+14   2.3356E-05   2.5538E-05   0.91456
FLUX  633   901.00        3.327331E+14   1.8398E-05   2.5469E-05   0.72239
FLUX  634   903.00        3.319961E+14   2.0463E-05   2.5400E-05   0.80564
FLUX  635   905.00        3.312624E+14   2.3680E-05   2.5331E-05   0.93483
FLUX  636   907.00        3.305320E+14   2.3737E-05   2.5263E-05   0.93961
FLUX  637   909.00        3.298047E+14   2.3588E-05   2.5194E-05   0.93622
FLUX  638   911.00        3.290807E+14   2.4304E-05   2.5127E-05   0.96725
FLUX  639   913.00        3.283598E+14   2.4498E-05   2.5059E-05   0.97761
FLUX  640   915.00        3.276421E+14   2.4615E-05   2.4992E-05   0.98493
FLUX  641   917.00        3.269275E+14   2.4255E-05   2.4925E-05   0.97312
FLUX  642   919.00        3.262160E+14   2.3542E-05   2.4858E-05   0.94707
FLUX  643   921.00        3.255076E+14   2.1775E-05   2.4792E-05   0.87831
FLUX  644   923.00        3.248023E+14   1.6863E-05   2.4725E-05   0.68200
FLUX  645   925.00        3.241000E+14   2.0983E-05   2.4659E-05   0.85093
FLUX  646   927.00        3.234008E+14   2.2602E-05   2.4594E-05   0.91904
FLUX  647   929.00        3.227045E+14   2.3918E-05   2.4528E-05   0.97510
FLUX  648   931.00        3.220113E+14   2.4120E-05   2.4463E-05   0.98600
FLUX  649   933.00        3.213210E+14   2.4025E-05   2.4398E-05   0.98469
FLUX  650   935.00        3.206337E+14   2.4115E-05   2.4333E-05   0.99103
FLUX  651   937.00        3.199493E+14   2.4128E-05   2.4269E-05   0.99418
FLUX  652   939.00        3.192678E+14   2.3771E-05   2.4205E-05   0.98206
FLUX  653   941.00        3.185893E+14   2.2847E-05   2.4141E-05   0.94638
FLUX  654   943.00        3.179136E+14   2.3542E-05   2.4077E-05   0.97776
FLUX  655   945.00        3.172407E+14   2.3525E-05   2.4014E-05   0.97965
FLUX  656   947.00        3.165707E+14   2.3558E-05   2.3951E-05   0.98360
FLUX  657   949.00        3.159036E+14   2.3363E-05   2.3888E-05   0.97803
FLUX  658   951.00        3.152392E+14   2.2683E-05   2.3825E-05   0.95208
FLUX  659   953.00        3.145776E+14   2.0730E-05   2.3763E-05   0.87237
FLUX  660   955.00        3.139188E+14   1.6514E-05   2.3701E-05   0.69679
FLUX  661   957.00        3.132628E+14   2.1039E-05   2.3639E-05   0.89003
FLUX  662   959.00        3.126095E+14   2.2585E-05   2.3577E-05   0.95793
FLUX  663   961.00        3.119589E+14   2.2748E-05   2.3516E-05   0.96737
FLUX  664   963.00        3.113110E+14   2.2440E-05   2.3454E-05   0.95675
FLUX  665   965.00        3.106658E+14   2.2949E-05   2.3393E-05   0.98101
FLUX  666   967.00        3.100233E+14   2.2609E-05   2.3333E-05   0.96897
FLUX  667   969.00        3.093834E+14   2.2558E-05   2.3272E-05   0.96933
FLUX  668   971.00        3.087461E+14   2.3101E-05   2.3212E-05   0.99523
FLUX  669   973.00        3.081115E+14   2.2972E-05   2.3152E-05   0.99223
FLUX  670   975.00        3.074795E+14   2.2685E-05   2.3092E-05   0.98236
FLUX  671   977.00        3.068501E+14   2.2933E-05   2.3032E-05   0.99571
FLUX  672   979.00        3.062232E+14   2.2847E-05   2.2973E-05   0.99452
FLUX  673   981.00        3.055989E+14   2.2775E-05   2.2914E-05   0.99394
FLUX  674   983.00        3.049771E+14   2.2611E-05   2.2855E-05   0.98934
FLUX  675   985.00        3.043579E+14   2.2401E-05   2.2796E-05   0.98266
FLUX  676   987.00        3.037411E+14   2.2355E-05   2.2738E-05   0.98315
FLUX  677   989.00        3.031269E+14   2.2132E-05   2.2680E-05   0.97588
FLUX  678   991.00        3.025151E+14   2.2147E-05   2.2622E-05   0.97901
FLUX  679   993.00        3.019058E+14   2.2266E-05   2.2564E-05   0.98680
FLUX  680   995.00        3.012990E+14   2.2134E-05   2.2506E-05   0.98346
FLUX  681   997.00        3.006946E+14   2.2127E-05   2.2449E-05   0.98565
FLUX  682   999.00        3.000926E+14   2.1914E-05   2.2392E-05   0.97866
FLUX  683  1002.50        2.990449E+14   1.9883E-05   2.2292E-05   0.89194
FLUX  684  1007.50        2.975608E+14   1.8963E-05   2.2151E-05   0.85608
FLUX  685  1012.50        2.960914E+14   2.1264E-05   2.2012E-05   0.96604
FLUX  686  1017.50        2.946364E+14   2.1531E-05   2.1873E-05   0.98436
FLUX  687  1022.50        2.931956E+14   2.1602E-05   2.1736E-05   0.99381
FLUX  688  1027.50        2.917689E+14   2.1523E-05   2.1600E-05   0.99643
FLUX  689  1032.50        2.903559E+14   2.1265E-05   2.1466E-05   0.99064
FLUX  690  1037.50        2.889566E+14   2.1170E-05   2.1332E-05   0.99240
FLUX  691  1042.50        2.875707E+14   2.1038E-05   2.1200E-05   0.99236
FLUX  692  1047.50        2.861981E+14   2.0550E-05   2.1069E-05   0.97536
FLUX  693  1052.50        2.848385E+14   2.0545E-05   2.0939E-05   0.98115
FLUX  694  1057.50        2.834917E+14   2.0523E-05   2.0811E-05   0.98618
FLUX  695  1062.50        2.821576E+14   2.0468E-05   2.0683E-05   0.98958
FLUX  696  1067.50        2.808361E+14   1.9860E-05   2.0557E-05   0.96608
FLUX  697  1072.50        2.795268E+14   2.0026E-05   2.0432E-05   0.98016
FLUX  698  1077.50        2.782297E+14   1.9918E-05   2.0307E-05   0.98081
FLUX  699  1082.50        2.769446E+14   1.9764E-05   2.0184E-05   0.97917
FLUX  700  1087.50        2.756713E+14   1.9415E-05   2.0062E-05   0.96776
FLUX  701  1092.50        2.744096E+14   1.6462E-05   1.9941E-05   0.82553
FLUX  702  1097.50        2.731595E+14   1.8160E-05   1.9821E-05   0.91618
FLUX  703  1102.50        2.719206E+14   1.9382E-05   1.9703E-05   0.98371
FLUX  704  1107.50        2.706930E+14   1.9452E-05   1.9585E-05   0.99325
FLUX  705  1112.50        2.694764E+14   1.9291E-05   1.9468E-05   0.99089
FLUX  706  1117.50        2.682707E+14   1.9210E-05   1.9352E-05   0.99264
FLUX  707  1122.50        2.670757E+14   1.9150E-05   1.9237E-05   0.99546
FLUX  708  1127.50        2.658914E+14   1.8533E-05   1.9123E-05   0.96912
FLUX  709  1132.50        2.647174E+14   1.8496E-05   1.9011E-05   0.97291
FLUX  710  1137.50        2.635538E+14   1.8651E-05   1.8899E-05   0.98692
FLUX  711  1142.50        2.624004E+14   1.8381E-05   1.8788E-05   0.97835
FLUX  712  1147.50        2.612571E+14   1.8594E-05   1.8677E-05   0.99555
FLUX  713  1152.50        2.601236E+14   1.8513E-05   1.8568E-05   0.99705
FLUX  714  1157.50        2.590000E+14   1.8348E-05   1.8460E-05   0.99393
FLUX  715  1162.50        2.578860E+14   1.7943E-05   1.8352E-05   0.97768
FLUX  716  1167.50        2.567816E+14   1.7728E-05   1.8246E-05   0.97160
FLUX  717  1172.50        2.556866E+14   1.8069E-05   1.8140E-05   0.99605
FLUX  718  1177.50        2.546008E+14   1.7530E-05   1.8036E-05   0.97197
FLUX  719  1182.50        2.535243E+14   1.7617E-05   1.7932E-05   0.98244
FLUX  720  1187.50        2.524568E+14   1.7384E-05   1.7829E-05   0.97501
FLUX  721  1192.50        2.513983E+14   1.7712E-05   1.7727E-05   0.99917
FLUX  722  1197.50        2.503486E+14   1.7345E-05   1.7625E-05   0.98409
FLUX  723  1202.50        2.493077E+14   1.7378E-05   1.7525E-05   0.99162
FLUX  724  1207.50        2.482754E+14   1.7208E-05   1.7425E-05   0.98757
FLUX  725  1212.50        2.472515E+14   1.7135E-05   1.7326E-05   0.98899
FLUX  726  1217.50        2.462361E+14   1.7120E-05   1.7228E-05   0.99375
FLUX  727  1222.50        2.452290E+14   1.6966E-05   1.7130E-05   0.99043
FLUX  728  1227.50        2.442301E+14   1.6859E-05   1.7034E-05   0.98973
FLUX  729  1232.50        2.432394E+14   1.6779E-05   1.6938E-05   0.99061
FLUX  730  1237.50        2.422566E+14   1.6723E-05   1.6842E-05   0.99291
FLUX  731  1242.50        2.412817E+14   1.6700E-05   1.6748E-05   0.99715
FLUX  732  1247.50        2.403146E+14   1.6514E-05   1.6654E-05   0.99156
FLUX  733  1252.50        2.393553E+14   1.6416E-05   1.6561E-05   0.99122
FLUX  734  1257.50        2.384036E+14   1.6188E-05   1.6469E-05   0.98296
FLUX  735  1262.50        2.374594E+14   1.6212E-05   1.6378E-05   0.98987
FLUX  736  1267.50        2.365227E+14   1.6161E-05   1.6287E-05   0.99228
FLUX  737  1272.50        2.355933E+14   1.6031E-05   1.6197E-05   0.98974
FLUX  738  1277.50        2.346712E+14   1.5431E-05   1.6107E-05   0.95799
FLUX  739  1282.50        2.337563E+14   1.3188E-05   1.6019E-05   0.82327
FLUX  740  1287.50        2.328485E+14   1.5385E-05   1.5931E-05   0.96575
FLUX  741  1292.50        2.319478E+14   1.5647E-05   1.5843E-05   0.98764
FLUX  742  1297.50        2.310539E+14   1.5646E-05   1.5757E-05   0.99301
FLUX  743  1302.50        2.301670E+14   1.5605E-05   1.5671E-05   0.99583
FLUX  744  1307.50        2.292868E+14   1.5560E-05   1.5585E-05   0.99841
FLUX  745  1312.50        2.284133E+14   1.5432E-05   1.5501E-05   0.99555
FLUX  746  1317.50        2.275465E+14   1.5260E-05   1.5416E-05   0.98988
FLUX  747  1322.50        2.266862E+14   1.5295E-05   1.5333E-05   0.99753
FLUX  748  1327.50        2.258324E+14   1.5200E-05   1.5250E-05   0.99671
FLUX  749  1332.50        2.249850E+14   1.5139E-05   1.5168E-05   0.99809
FLUX  750  1337.50        2.241439E+14   1.5050E-05   1.5086E-05   0.99756
FLUX  751  1342.50        2.233091E+14   1.4958E-05   1.5005E-05   0.99683
FLUX  752  1347.50        2.224805E+14   1.4880E-05   1.4925E-05   0.99696
FLUX  753  1352.50        2.216580E+14   1.4742E-05   1.4845E-05   0.99304
FLUX  754  1357.50        2.208416E+14   1.4638E-05   1.4766E-05   0.99134
FLUX  755  1362.50        2.200312E+14   1.4630E-05   1.4687E-05   0.99606
FLUX  756  1367.50        2.192267E+14   1.4509E-05   1.4609E-05   0.99315
FLUX  757  1372.50        2.184281E+14   1.4288E-05   1.4532E-05   0.98323
FLUX  758  1377.50        2.176352E+14   1.4342E-05   1.4455E-05   0.99217
FLUX  759  1382.50        2.168481E+14   1.4289E-05   1.4379E-05   0.99376
FLUX  760  1387.50        2.160667E+14   1.4287E-05   1.4303E-05   0.99894
FLUX  761  1392.50        2.152908E+14   1.4102E-05   1.4227E-05   0.99115
FLUX  762  1397.50        2.145206E+14   1.4077E-05   1.4153E-05   0.99462
FLUX  763  1402.50        2.137558E+14   1.4020E-05   1.4079E-05   0.99584
FLUX  764  1407.50        2.129964E+14   1.3979E-05   1.4005E-05   0.99813
FLUX  765  1412.50        2.122425E+14   1.3854E-05   1.3932E-05   0.99443
FLUX  766  1417.50        2.114938E+14   1.3809E-05   1.3859E-05   0.99641
FLUX  767  1422.50        2.107504E+14   1.3710E-05   1.3787E-05   0.99443
FLUX  768  1427.50        2.100123E+14   1.3618E-05   1.3716E-05   0.99290
FLUX  769  1432.50        2.092792E+14   1.3586E-05   1.3644E-05   0.99570
FLUX  770  1437.50        2.085513E+14   1.3556E-05   1.3574E-05   0.99872
FLUX  771  1442.50        2.078284E+14   1.3128E-05   1.3504E-05   0.97220
FLUX  772  1447.50        2.071105E+14   1.3372E-05   1.3434E-05   0.99540
FLUX  773  1452.50        2.063976E+14   1.3118E-05   1.3365E-05   0.98150
FLUX  774  1457.00        2.057601E+14   1.3235E-05   1.3303E-05   0.99489
FLUX  775  1462.00        2.050564E+14   1.3123E-05   1.4070E-05   0.93272
FLUX  776  1467.50        2.042879E+14   1.3112E-05   1.3990E-05   0.93724
FLUX  777  1472.50        2.035942E+14   1.2991E-05   1.3917E-05   0.93346
FLUX  778  1477.50        2.029052E+14   1.2863E-05   1.3845E-05   0.92907
FLUX  779  1482.50        2.022209E+14   1.2862E-05   1.3773E-05   0.93385
FLUX  780  1487.50        2.015412E+14   1.2732E-05   1.3702E-05   0.92920
FLUX  781  1492.50        2.008660E+14   1.2844E-05   1.3631E-05   0.94229
FLUX  782  1497.50        2.001953E+14   1.2708E-05   1.3561E-05   0.93714
FLUX  783  1502.50        1.995291E+14   1.2612E-05   1.3491E-05   0.93488
FLUX  784  1507.50        1.988673E+14   1.2507E-05   1.3422E-05   0.93189
FLUX  785  1512.50        1.982099E+14   1.2551E-05   1.3353E-05   0.93993
FLUX  786  1517.50        1.975568E+14   1.2496E-05   1.3284E-05   0.94066
FLUX  787  1522.50        1.969080E+14   1.2420E-05   1.3216E-05   0.93980
FLUX  788  1527.50        1.962635E+14   1.2341E-05   1.3148E-05   0.93863
FLUX  789  1532.50        1.956232E+14   1.2257E-05   1.3081E-05   0.93702
FLUX  790  1537.50        1.949870E+14   1.2244E-05   1.3014E-05   0.94081
FLUX  791  1542.50        1.943549E+14   1.1987E-05   1.2948E-05   0.92580
FLUX  792  1547.50        1.937270E+14   1.2089E-05   1.2882E-05   0.93846
FLUX  793  1552.50        1.931031E+14   1.2056E-05   1.2816E-05   0.94070
FLUX  794  1557.50        1.924831E+14   1.1708E-05   1.2751E-05   0.91823
FLUX  795  1562.50        1.918672E+14   1.2106E-05   1.2686E-05   0.95424
FLUX  796  1567.50        1.912552E+14   1.1732E-05   1.2622E-05   0.92952
FLUX  797  1572.50        1.906471E+14   1.1417E-05   1.2558E-05   0.90912
FLUX  798  1577.50        1.900428E+14   1.1863E-05   1.2494E-05   0.94948
FLUX  799  1582.50        1.894423E+14   1.1868E-05   1.2431E-05   0.95471
FLUX  800  1587.50        1.888457E+14   1.0775E-05   1.2368E-05   0.87119
FLUX  801  1592.50        1.882527E+14   1.1586E-05   1.2306E-05   0.94147
FLUX  802  1597.50        1.876635E+14   1.1849E-05   1.2244E-05   0.96776
FLUX  803  1605.00        1.867866E+14   1.1535E-05   1.2151E-05   0.94934
FLUX  804  1615.00        1.856300E+14   1.0936E-05   1.2029E-05   0.90916
FLUX  805  1625.00        1.844877E+14   1.1705E-05   1.1908E-05   0.98294
FLUX  806  1635.00        1.833593E+14   1.1191E-05   1.1787E-05   0.94936
FLUX  807  1645.00        1.822447E+14   1.0536E-05   1.1668E-05   0.90298
FLUX  808  1655.00        1.811435E+14   1.1395E-05   1.1549E-05   0.98660
FLUX  809  1665.00        1.800556E+14   1.1315E-05   1.1432E-05   0.98974
FLUX  810  1675.00        1.789806E+14   1.0749E-05   1.1318E-05   0.94978
FLUX  811  1685.00        1.779184E+14   1.0105E-05   1.1204E-05   0.90188
FLUX  812  1695.00        1.768687E+14   1.0979E-05   1.1093E-05   0.98977
FLUX  813  1705.00        1.758314E+14   1.0847E-05   1.0983E-05   0.98761
FLUX  814  1715.00        1.748061E+14   1.0803E-05   1.0874E-05   0.99344
FLUX  815  1725.00        1.737928E+14   1.0529E-05   1.0768E-05   0.97779
FLUX  816  1735.00        1.727911E+14   9.3676E-06   1.0662E-05   0.87856
FLUX  817  1745.00        1.718009E+14   1.0164E-05   1.0559E-05   0.96261
FLUX  818  1755.00        1.708219E+14   1.0300E-05   1.0457E-05   0.98505
FLUX  819  1765.00        1.698541E+14   1.0219E-05   1.0356E-05   0.98675
FLUX  820  1775.00        1.688972E+14   1.0162E-05   1.0257E-05   0.99073
FLUX  821  1785.00        1.679510E+14   1.0048E-05   1.0159E-05   0.98911
FLUX  822  1795.00        1.670153E+14   1.0016E-05   1.0062E-05   0.99540
FLUX  823  1805.00        1.660900E+14   9.7812E-06   9.9675E-06   0.98131
FLUX  824  1815.00        1.651749E+14   8.8258E-06   9.8738E-06   0.89386
FLUX  825  1825.00        1.642699E+14   9.3852E-06   9.7815E-06   0.95949
FLUX  826  1835.00        1.633747E+14   9.5992E-06   9.6904E-06   0.99059
FLUX  827  1845.00        1.624892E+14   9.5321E-06   9.6006E-06   0.99287
FLUX  828  1855.00        1.616132E+14   9.3911E-06   9.5121E-06   0.98728
FLUX  829  1865.00        1.607466E+14   9.2590E-06   9.4248E-06   0.98242
FLUX  830  1875.00        1.598893E+14   8.2766E-06   9.3386E-06   0.88628
FLUX  831  1885.00        1.590411E+14   9.0368E-06   9.2536E-06   0.97657
FLUX  832  1895.00        1.582018E+14   9.0095E-06   9.1698E-06   0.98252
FLUX  833  1905.00        1.573714E+14   9.0627E-06   9.0871E-06   0.99732
FLUX  834  1915.00        1.565496E+14   8.9709E-06   9.0056E-06   0.99615
FLUX  835  1925.00        1.557364E+14   8.8659E-06   8.9251E-06   0.99337
FLUX  836  1935.00        1.549315E+14   8.6832E-06   8.8457E-06   0.98163
FLUX  837  1945.00        1.541350E+14   7.7760E-06   8.7673E-06   0.88693
FLUX  838  1955.00        1.533465E+14   8.5413E-06   8.6900E-06   0.98289
FLUX  839  1965.00        1.525662E+14   8.5668E-06   8.6137E-06   0.99456
FLUX  840  1975.00        1.517937E+14   8.4814E-06   8.5384E-06   0.99333
FLUX  841  1985.00        1.510290E+14   8.4380E-06   8.4640E-06   0.99693
FLUX  842  1995.00        1.502719E+14   8.3661E-06   8.3907E-06   0.99707
FLUX  843  2005.00        1.495224E+14   8.3031E-06   8.3183E-06   0.99818
FLUX  844  2015.00        1.487804E+14   8.2393E-06   8.2468E-06   0.99909
FLUX  845  2025.00        1.480457E+14   8.1536E-06   8.1762E-06   0.99724
FLUX  846  2035.00        1.473182E+14   8.0700E-06   8.1066E-06   0.99548
FLUX  847  2045.00        1.465978E+14   8.0331E-06   8.0378E-06   0.99942
FLUX  848  2055.00        1.458844E+14   7.9590E-06   7.9699E-06   0.99864
FLUX  849  2065.00        1.451780E+14   7.8687E-06   7.9028E-06   0.99568
FLUX  850  2075.00        1.444783E+14   7.8087E-06   7.8366E-06   0.99643
FLUX  851  2085.00        1.437854E+14   7.7516E-06   7.7713E-06   0.99747
FLUX  852  2095.00        1.430990E+14   7.6825E-06   7.7067E-06   0.99686
FLUX  853  2105.00        1.424192E+14   7.6190E-06   7.6429E-06   0.99687
FLUX  854  2115.00        1.417459E+14   7.5283E-06   7.5800E-06   0.99317
FLUX  855  2125.00        1.410788E+14   7.4754E-06   7.5178E-06   0.99436
FLUX  856  2135.00        1.404180E+14   7.4081E-06   7.4564E-06   0.99352
FLUX  857  2145.00        1.397634E+14   7.3659E-06   7.3958E-06   0.99596
FLUX  858  2155.00        1.391148E+14   7.2402E-06   7.3359E-06   0.98696
FLUX  859  2165.00        1.384723E+14   6.5097E-06   7.2767E-06   0.89460
FLUX  860  2175.00        1.378356E+14   7.0551E-06   7.2182E-06   0.97741
FLUX  861  2185.00        1.372048E+14   7.1159E-06   7.1604E-06   0.99378
FLUX  862  2195.00        1.365797E+14   7.0986E-06   7.1033E-06   0.99933
FLUX  863  2205.00        1.359603E+14   7.0119E-06   7.0469E-06   0.99502
FLUX  864  2215.00        1.353465E+14   6.9549E-06   6.9912E-06   0.99481
FLUX  865  2225.00        1.347382E+14   6.9316E-06   6.9361E-06   0.99935
FLUX  866  2235.00        1.341353E+14   6.8750E-06   6.8817E-06   0.99903
FLUX  867  2245.00        1.335379E+14   6.8232E-06   6.8279E-06   0.99931
FLUX  868  2255.00        1.329457E+14   6.7350E-06   6.7747E-06   0.99413
FLUX  869  2265.00        1.323587E+14   6.7062E-06   6.7222E-06   0.99762
FLUX  870  2275.00        1.317769E+14   6.6595E-06   6.6703E-06   0.99838
FLUX  871  2285.00        1.312002E+14   6.6064E-06   6.7653E-06   0.97652
FLUX  872  2295.00        1.306285E+14   6.5459E-06   6.7128E-06   0.97513
FLUX  873  2305.00        1.300618E+14   6.5155E-06   6.6609E-06   0.97817
FLUX  874  2315.00        1.295000E+14   6.4611E-06   6.6096E-06   0.97752
FLUX  875  2325.00        1.289430E+14   6.4225E-06   6.5590E-06   0.97920
FLUX  876  2335.00        1.283908E+14   6.3706E-06   6.5089E-06   0.97876
FLUX  877  2345.00        1.278433E+14   6.3268E-06   6.4594E-06   0.97947
FLUX  878  2355.00        1.273004E+14   6.2813E-06   6.4104E-06   0.97985
FLUX  879  2365.00        1.267622E+14   6.2374E-06   6.3620E-06   0.98040
FLUX  880  2375.00        1.262284E+14   6.1813E-06   6.3142E-06   0.97896
FLUX  881  2385.00        1.256992E+14   6.1374E-06   6.2669E-06   0.97934
FLUX  882  2395.00        1.251743E+14   6.0953E-06   6.2201E-06   0.97993
FLUX  883  2405.00        1.246538E+14   6.0428E-06   6.1739E-06   0.97877
FLUX  884  2415.00        1.241377E+14   5.9970E-06   6.1281E-06   0.97861
FLUX  885  2425.00        1.236258E+14   5.9622E-06   6.0829E-06   0.98016
FLUX  886  2435.00        1.231181E+14   5.9071E-06   6.0382E-06   0.97828
FLUX  887  2445.00        1.226145E+14   5.8660E-06   5.9939E-06   0.97865
FLUX  888  2455.00        1.221151E+14   5.8213E-06   5.9502E-06   0.97834
FLUX  889  2465.00        1.216197E+14   5.7761E-06   5.9069E-06   0.97786
FLUX  890  2475.00        1.211283E+14   5.7314E-06   5.8641E-06   0.97738
FLUX  891  2485.00        1.206408E+14   5.6995E-06   5.8217E-06   0.97901
FLUX  892  2495.00        1.201573E+14   5.5914E-06   5.7798E-06   0.96740
FLUX  893  2505.00        1.196776E+14   5.6412E-06   5.7384E-06   0.98307
FLUX  894  2515.00        1.192018E+14   5.5982E-06   5.6974E-06   0.98260
FLUX  895  2525.00        1.187297E+14   5.4501E-06   5.6568E-06   0.96345
FLUX  896  2535.00        1.182613E+14   5.5148E-06   5.6167E-06   0.98187
FLUX  897  2545.00        1.177967E+14   5.4993E-06   5.5770E-06   0.98608
FLUX  898  2555.00        1.173356E+14   5.4223E-06   5.5377E-06   0.97916
FLUX  899  2565.00        1.168782E+14   5.2185E-06   5.4988E-06   0.94902
FLUX  900  2575.00        1.164243E+14   5.3618E-06   5.4603E-06   0.98195
FLUX  901  2585.00        1.159739E+14   5.3415E-06   5.4223E-06   0.98510
FLUX  902  2595.00        1.155270E+14   5.3248E-06   5.3846E-06   0.98890
FLUX  903  2605.00        1.150835E+14   5.2050E-06   5.3473E-06   0.97339
FLUX  904  2615.00        1.146434E+14   4.9512E-06   5.3105E-06   0.93235
FLUX  905  2625.00        1.142067E+14   4.7025E-06   5.2740E-06   0.89164
FLUX  906  2635.00        1.137732E+14   5.0871E-06   5.2378E-06   0.97122
FLUX  907  2645.00        1.133431E+14   5.1444E-06   5.2021E-06   0.98891
FLUX  908  2655.00        1.129162E+14   5.1142E-06   5.1667E-06   0.98984
FLUX  909  2665.00        1.124925E+14   5.0210E-06   5.1316E-06   0.97843
FLUX  910  2675.00        1.120720E+14   4.6868E-06   5.0970E-06   0.91953
FLUX  911  2685.00        1.116546E+14   4.9666E-06   5.0626E-06   0.98103
FLUX  912  2695.00        1.112403E+14   5.0018E-06   5.0286E-06   0.99465
FLUX  913  2705.00        1.108290E+14   4.9728E-06   4.9950E-06   0.99556
FLUX  914  2715.00        1.104208E+14   4.9539E-06   4.9617E-06   0.99843
FLUX  915  2725.00        1.100156E+14   4.9194E-06   4.9287E-06   0.99811
FLUX  916  2735.00        1.096133E+14   4.8753E-06   4.8961E-06   0.99576
FLUX  917  2745.00        1.092140E+14   4.8140E-06   4.8638E-06   0.98976
FLUX  918  2755.00        1.088176E+14   4.4575E-06   4.8318E-06   0.92254
FLUX  919  2765.00        1.084241E+14   4.6104E-06   4.8001E-06   0.96048
FLUX  920  2775.00        1.080333E+14   4.7359E-06   4.7687E-06   0.99312
FLUX  921  2785.00        1.076454E+14   4.7274E-06   4.7377E-06   0.99784
FLUX  922  2795.00        1.072603E+14   4.7056E-06   4.7069E-06   0.99972
FLUX  923  2805.00        1.068779E+14   4.6738E-06   4.6764E-06   0.99943
FLUX  924  2815.00        1.064982E+14   4.6427E-06   4.6463E-06   0.99923
FLUX  925  2825.00        1.061212E+14   4.6120E-06   4.6164E-06   0.99906
FLUX  926  2835.00        1.057469E+14   4.5856E-06   4.5868E-06   0.99974
FLUX  927  2845.00        1.053752E+14   4.5429E-06   4.5575E-06   0.99679
FLUX  928  2855.00        1.050061E+14   4.5038E-06   4.5285E-06   0.99454
FLUX  929  2865.00        1.046396E+14   4.3720E-06   4.4998E-06   0.97162
FLUX  930  2875.00        1.042757E+14   4.0755E-06   4.4713E-06   0.91149
FLUX  931  2885.00        1.039142E+14   4.3817E-06   4.4431E-06   0.98620
FLUX  932  2895.00        1.035553E+14   4.3917E-06   4.4151E-06   0.99469
FLUX  933  2905.00        1.031988E+14   4.3844E-06   4.3875E-06   0.99930
FLUX  934  2915.00        1.028448E+14   4.3446E-06   4.3600E-06   0.99645
FLUX  935  2925.00        1.024932E+14   4.3248E-06   4.3329E-06   0.99813
FLUX  936  2935.00        1.021440E+14   4.3033E-06   4.3060E-06   0.99937
FLUX  937  2945.00        1.017971E+14   4.2757E-06   4.2793E-06   0.99915
FLUX  938  2955.00        1.014526E+14   4.2513E-06   4.2529E-06   0.99964
FLUX  939  2965.00        1.011105E+14   4.2253E-06   4.2267E-06   0.99966
FLUX  940  2975.00        1.007706E+14   4.1981E-06   4.2008E-06   0.99936
FLUX  941  2985.00        1.004330E+14   4.1737E-06   4.1751E-06   0.99968
FLUX  942  2995.00        1.000977E+14   4.1440E-06   4.1496E-06   0.99866
FLUX  943  3005.00        9.976456E+13   4.1162E-06   4.1244E-06   0.99801
FLUX  944  3015.00        9.943367E+13   4.0838E-06   4.0994E-06   0.99620
FLUX  945  3025.00        9.910496E+13   4.0359E-06   4.0746E-06   0.99049
FLUX  946  3035.00        9.877842E+13   3.7561E-06   4.0501E-06   0.92742
FLUX  947  3045.00        9.845402E+13   3.8348E-06   4.0257E-06   0.95257
FLUX  948  3055.00        9.813175E+13   3.9694E-06   4.0016E-06   0.99194
FLUX  949  3065.00        9.781158E+13   3.9668E-06   3.9777E-06   0.99726
FLUX  950  3075.00        9.749350E+13   3.9479E-06   3.9541E-06   0.99846
FLUX  951  3085.00        9.717747E+13   3.9139E-06   3.9306E-06   0.99575
FLUX  952  3095.00        9.686349E+13   3.8986E-06   3.9073E-06   0.99777
FLUX  953  3105.00        9.655153E+13   3.8748E-06   3.8843E-06   0.99757
FLUX  954  3115.00        9.624157E+13   3.8399E-06   3.8614E-06   0.99444
FLUX  955  3125.00        9.593360E+13   3.8277E-06   3.8387E-06   0.99712
FLUX  956  3135.00        9.562759E+13   3.8043E-06   3.8163E-06   0.99685
FLUX  957  3145.00        9.532353E+13   3.7832E-06   3.7940E-06   0.99715
FLUX  958  3155.00        9.502139E+13   3.7664E-06   3.7720E-06   0.99851
FLUX  959  3165.00        9.472117E+13   3.7482E-06   3.7501E-06   0.99949
FLUX  960  3175.00        9.442283E+13   3.7191E-06   3.7284E-06   0.99750
FLUX  961  3185.00        9.412637E+13   3.7053E-06   3.7069E-06   0.99955
FLUX  962  3195.00        9.383177E+13   3.6826E-06   3.6856E-06   0.99919
FLUX  963  3210.00        9.339330E+13   3.6500E-06   3.6540E-06   0.99890
FLUX  964  3230.00        9.281502E+13   3.6113E-06   3.6125E-06   0.99967
FLUX  965  3250.00        9.224385E+13   3.5693E-06   3.5716E-06   0.99935
FLUX  966  3270.00        9.167966E+13   3.5199E-06   3.5315E-06   0.99671
FLUX  967  3290.00        9.112234E+13   3.2880E-06   3.5233E-06   0.93323
FLUX  968  3310.00        9.057175E+13   3.3790E-06   3.4839E-06   0.96989
FLUX  969  3330.00        9.002778E+13   3.3908E-06   3.4452E-06   0.98420
FLUX  970  3350.00        8.949030E+13   3.3615E-06   3.4072E-06   0.98658
FLUX  971  3370.00        8.895920E+13   3.3170E-06   3.3698E-06   0.98435
FLUX  972  3390.00        8.843437E+13   3.2831E-06   3.3330E-06   0.98503
FLUX  973  3410.00        8.791569E+13   3.2487E-06   3.2968E-06   0.98542
FLUX  974  3430.00        8.740306E+13   3.2200E-06   3.2612E-06   0.98736
FLUX  975  3450.00        8.689638E+13   3.1927E-06   3.2261E-06   0.98965
FLUX  976  3470.00        8.639553E+13   3.1565E-06   3.1916E-06   0.98900
FLUX  977  3490.00        8.590043E+13   3.1255E-06   3.1577E-06   0.98978
FLUX  978  3510.00        8.541097E+13   3.0927E-06   3.1243E-06   0.98988
FLUX  979  3530.00        8.492705E+13   3.0600E-06   3.0915E-06   0.98984
FLUX  980  3550.00        8.444859E+13   3.0283E-06   3.0591E-06   0.98994
FLUX  981  3570.00        8.397549E+13   2.9940E-06   3.0273E-06   0.98902
FLUX  982  3590.00        8.350766E+13   2.9656E-06   2.9959E-06   0.98989
FLUX  983  3610.00        8.304501E+13   2.9314E-06   2.9651E-06   0.98865
FLUX  984  3630.00        8.258747E+13   2.9077E-06   2.9347E-06   0.99081
FLUX  985  3650.00        8.213493E+13   2.8699E-06   2.9047E-06   0.98801
FLUX  986  3670.00        8.168733E+13   2.8475E-06   2.8752E-06   0.99035
FLUX  987  3690.00        8.124458E+13   2.7986E-06   2.8462E-06   0.98327
FLUX  988  3710.00        8.080660E+13   2.7822E-06   2.8176E-06   0.98741
FLUX  989  3730.00        8.037332E+13   2.6842E-06   2.7895E-06   0.96226
FLUX  990  3750.00        7.994467E+13   2.6159E-06   2.7617E-06   0.94721
FLUX  991  3770.00        7.952056E+13   2.7028E-06   2.7344E-06   0.98845
FLUX  992  3790.00        7.910092E+13   2.6843E-06   2.7075E-06   0.99144
FLUX  993  3810.00        7.868570E+13   2.6367E-06   2.6809E-06   0.98350
FLUX  994  3830.00        7.827480E+13   2.6190E-06   2.6548E-06   0.98652
FLUX  995  3850.00        7.786818E+13   2.6132E-06   2.6290E-06   0.99399
FLUX  996  3870.00        7.746576E+13   2.5837E-06   2.6036E-06   0.99236
FLUX  997  3890.00        7.706748E+13   2.5506E-06   2.5786E-06   0.98913
FLUX  998  3910.00        7.667327E+13   2.4862E-06   2.5540E-06   0.97346
FLUX  999  3930.00        7.628308E+13   2.5140E-06   2.5296E-06   0.99382
FLUX 1000  3950.00        7.589684E+13   2.4929E-06   2.5057E-06   0.99489
FLUX 1001  3970.00        7.551448E+13   2.4724E-06   2.4820E-06   0.99610
FLUX 1002  3990.00        7.513596E+13   2.4390E-06   2.4588E-06   0.99198
FLUX 1003  4010.00        7.476122E+13   2.3838E-06   2.4358E-06   0.97864
FLUX 1004  4030.00        7.439020E+13   2.3476E-06   2.4131E-06   0.97284
FLUX 1005  4050.00        7.402284E+13   2.2651E-06   2.3908E-06   0.94741
FLUX 1006  4070.00        7.365909E+13   2.3491E-06   2.3688E-06   0.99167
FLUX 1007  4090.00        7.329890E+13   2.3359E-06   2.3471E-06   0.99525
FLUX 1008  4110.00        7.294221E+13   2.3235E-06   2.3256E-06   0.99909
FLUX 1009  4130.00        7.258898E+13   2.3018E-06   2.3045E-06   0.99881
FLUX 1010  4150.00        7.223916E+13   2.2670E-06   2.2837E-06   0.99270
FLUX 1011  4170.00        7.189269E+13   2.1621E-06   2.2631E-06   0.95539
FLUX 1012  4190.00        7.154952E+13   2.2235E-06   2.2428E-06   0.99139
FLUX 1013  4210.00        7.120962E+13   2.2142E-06   2.2228E-06   0.99614
FLUX 1014  4230.00        7.087293E+13   2.2025E-06   2.2030E-06   0.99974
FLUX 1015  4250.00        7.053941E+13   2.1823E-06   2.1835E-06   0.99942
FLUX 1016  4270.00        7.020902E+13   2.1640E-06   2.1643E-06   0.99983
FLUX 1017  4290.00        6.988170E+13   2.1450E-06   2.1453E-06   0.99986
FLUX 1018  4310.00        6.955742E+13   2.1258E-06   2.1266E-06   0.99964
FLUX 1019  4330.00        6.923614E+13   2.1061E-06   2.1081E-06   0.99906
FLUX 1020  4350.00        6.891782E+13   2.0826E-06   2.0899E-06   0.99654
FLUX 1021  4370.00        6.860240E+13   1.9817E-06   2.0718E-06   0.95648
FLUX 1022  4390.00        6.828986E+13   2.0208E-06   2.0541E-06   0.98382
FLUX 1023  4410.00        6.798016E+13   2.0305E-06   2.0365E-06   0.99705
FLUX 1024  4430.00        6.767325E+13   2.0171E-06   2.0192E-06   0.99896
FLUX 1025  4450.00        6.736910E+13   1.9997E-06   2.0021E-06   0.99880
FLUX 1026  4470.00        6.706767E+13   1.9870E-06   1.9934E-06   0.99678
FLUX 1027  4490.00        6.676893E+13   1.9667E-06   1.9766E-06   0.99497
FLUX 1028  4510.00        6.647284E+13   1.9514E-06   1.9600E-06   0.99558
FLUX 1029  4530.00        6.617936E+13   1.9344E-06   1.9437E-06   0.99522
FLUX 1030  4550.00        6.588846E+13   1.9189E-06   1.9275E-06   0.99552
FLUX 1031  4570.00        6.560011E+13   1.9011E-06   1.9115E-06   0.99454
FLUX 1032  4590.00        6.531427E+13   1.8850E-06   1.8958E-06   0.99429
FLUX 1033  4610.00        6.503091E+13   1.8700E-06   1.8802E-06   0.99458
FLUX 1034  4630.00        6.475000E+13   1.8476E-06   1.8648E-06   0.99078
FLUX 1035  4650.00        6.447151E+13   1.7404E-06   1.8496E-06   0.94096
FLUX 1036  4670.00        6.419540E+13   1.7269E-06   1.8346E-06   0.94129
FLUX 1037  4690.00        6.392164E+13   1.7938E-06   1.8198E-06   0.98573
FLUX 1038  4710.00        6.365021E+13   1.7942E-06   1.8051E-06   0.99391
FLUX 1039  4730.00        6.338108E+13   1.7827E-06   1.7907E-06   0.99553
FLUX 1040  4750.00        6.311421E+13   1.7669E-06   1.7764E-06   0.99469
FLUX 1041  4770.00        6.284958E+13   1.7537E-06   1.7622E-06   0.99515
FLUX 1042  4790.00        6.258716E+13   1.7417E-06   1.7483E-06   0.99621
FLUX 1043  4810.00        6.232692E+13   1.7279E-06   1.7345E-06   0.99618
FLUX 1044  4830.00        6.206884E+13   1.7142E-06   1.7209E-06   0.99616
FLUX 1045  4850.00        6.181289E+13   1.7011E-06   1.7074E-06   0.99633
FLUX 1046  4870.00        6.155903E+13   1.6879E-06   1.6941E-06   0.99638
FLUX 1047  4890.00        6.130726E+13   1.6748E-06   1.6809E-06   0.99634
FLUX 1048  4910.00        6.105754E+13   1.6608E-06   1.6679E-06   0.99575
FLUX 1049  4930.00        6.080984E+13   1.6487E-06   1.6550E-06   0.99617
FLUX 1050  4950.00        6.056414E+13   1.6363E-06   1.6423E-06   0.99632
FLUX 1051  4970.00        6.032042E+13   1.6232E-06   1.6298E-06   0.99599
FLUX 1052  4990.00        6.007866E+13   1.6113E-06   1.6173E-06   0.99626
FLUX 1053  5010.00        5.983882E+13   1.5990E-06   1.6051E-06   0.99623
FLUX 1054  5030.00        5.960089E+13   1.5857E-06   1.5929E-06   0.99547
FLUX 1055  5050.00        5.936485E+13   1.5754E-06   1.5809E-06   0.99649
FLUX 1056  5070.00        5.913067E+13   1.5633E-06   1.5690E-06   0.99635
FLUX 1057  5090.00        5.889833E+13   1.5477E-06   1.5573E-06   0.99383
FLUX 1058  5110.00        5.866781E+13   1.5275E-06   1.5457E-06   0.98819
FLUX 1059  5130.00        5.843908E+13   1.4483E-06   1.5342E-06   0.94398
FLUX 1060  5150.00        5.821214E+13   1.5088E-06   1.5229E-06   0.99077
FLUX 1061  5170.00        5.798694E+13   1.5015E-06   1.5116E-06   0.99330
FLUX 1062  5190.00        5.776349E+13   1.4953E-06   1.5005E-06   0.99652
FLUX 1063  5210.00        5.754175E+13   1.4851E-06   1.4896E-06   0.99703
FLUX 1064  5230.00        5.732170E+13   1.4745E-06   1.4787E-06   0.99715
FLUX 1065  5250.00        5.710333E+13   1.4613E-06   1.4680E-06   0.99548
FLUX 1066  5270.00        5.688662E+13   1.4479E-06   1.4573E-06   0.99354
FLUX 1067  5290.00        5.667155E+13   1.4429E-06   1.4468E-06   0.99730
FLUX 1068  5310.00        5.645810E+13   1.4345E-06   1.4364E-06   0.99863
FLUX 1069  5330.00        5.624625E+13   1.4248E-06   1.4261E-06   0.99906
FLUX 1070  5350.00        5.603598E+13   1.4123E-06   1.4160E-06   0.99738
FLUX 1071  5370.00        5.582728E+13   1.3950E-06   1.4059E-06   0.99226
FLUX 1072  5390.00        5.562013E+13   1.3861E-06   1.3959E-06   0.99293
FLUX 1073  5410.00        5.541451E+13   1.3830E-06   1.3861E-06   0.99777
FLUX 1074  5430.00        5.521041E+13   1.3750E-06   1.3763E-06   0.99905
FLUX 1075  5450.00        5.500780E+13   1.3659E-06   1.3667E-06   0.99942
FLUX 1076  5470.00        5.480667E+13   1.3555E-06   1.3571E-06   0.99876
FLUX 1077  5490.00        5.460701E+13   1.3455E-06   1.3477E-06   0.99838
FLUX 1078  5510.00        5.440880E+13   1.3305E-06   1.3383E-06   0.99413
FLUX 1079  5530.00        5.421203E+13   1.3115E-06   1.3291E-06   0.98676
FLUX 1080  5550.00        5.401667E+13   1.3156E-06   1.3199E-06   0.99670
FLUX 1081  5570.00        5.382271E+13   1.3094E-06   1.3109E-06   0.99889
FLUX 1082  5590.00        5.363014E+13   1.2989E-06   1.3019E-06   0.99772
FLUX 1083  5610.00        5.343895E+13   1.2921E-06   1.2930E-06   0.99929
FLUX 1084  5630.00        5.324911E+13   1.2836E-06   1.2842E-06   0.99950
FLUX 1085  5650.00        5.306062E+13   1.2752E-06   1.2755E-06   0.99971
FLUX 1086  5670.00        5.287346E+13   1.2660E-06   1.2669E-06   0.99927
FLUX 1087  5690.00        5.268761E+13   1.2528E-06   1.2584E-06   0.99555
FLUX 1088  5710.00        5.250306E+13   1.2243E-06   1.2499E-06   0.97949
FLUX 1089  5730.00        5.231981E+13   1.2346E-06   1.2416E-06   0.99437
FLUX 1090  5750.00        5.213783E+13   1.2324E-06   1.2333E-06   0.99930
FLUX 1091  5770.00        5.195711E+13   1.2248E-06   1.2251E-06   0.99975
FLUX 1092  5790.00        5.177763E+13   1.2161E-06   1.2170E-06   0.99923
FLUX 1093  5810.00        5.159940E+13   1.2088E-06   1.2090E-06   0.99981
FLUX 1094  5830.00        5.142238E+13   1.2001E-06   1.2010E-06   0.99920
FLUX 1095  5850.00        5.124658E+13   1.1915E-06   1.1957E-06   0.99649
FLUX 1096  5870.00        5.107198E+13   1.1823E-06   1.1879E-06   0.99531
FLUX 1097  5890.00        5.089856E+13   1.1648E-06   1.1802E-06   0.98703
FLUX 1098  5910.00        5.072631E+13   1.1058E-06   1.1725E-06   0.94312
FLUX 1099  5930.00        5.055523E+13   1.1516E-06   1.1649E-06   0.98861
FLUX 1100  5950.00        5.038529E+13   1.1224E-06   1.1574E-06   0.96975
FLUX 1101  5970.00        5.021650E+13   1.1323E-06   1.1499E-06   0.98468
FLUX 1102  5990.00        5.004883E+13   1.1371E-06   1.1425E-06   0.99520
FLUX 1103  6010.00        4.988228E+13   1.1313E-06   1.1352E-06   0.99649
FLUX 1104  6030.00        4.971683E+13   1.1249E-06   1.1280E-06   0.99724
FLUX 1105  6050.00        4.955248E+13   1.1179E-06   1.1208E-06   0.99739
FLUX 1106  6070.00        4.938921E+13   1.1107E-06   1.1137E-06   0.99724
FLUX 1107  6090.00        4.922701E+13   1.1035E-06   1.1067E-06   0.99712
FLUX 1108  6110.00        4.906588E+13   1.0957E-06   1.0997E-06   0.99632
FLUX 1109  6130.00        4.890579E+13   1.0903E-06   1.0928E-06   0.99763
FLUX 1110  6150.00        4.874675E+13   1.0834E-06   1.0860E-06   0.99763
FLUX 1111  6170.00        4.858874E+13   1.0767E-06   1.0792E-06   0.99770
FLUX 1112  6190.00        4.843174E+13   1.0697E-06   1.0725E-06   0.99741
FLUX 1113  6210.00        4.827576E+13   1.0634E-06   1.0659E-06   0.99766
FLUX 1114  6230.00        4.812079E+13   1.0555E-06   1.0593E-06   0.99643
FLUX 1115  6250.00        4.796680E+13   1.0490E-06   1.0528E-06   0.99641
FLUX 1116  6270.00        4.781380E+13   1.0371E-06   1.0463E-06   0.99125
FLUX 1117  6290.00        4.766176E+13   9.9685E-07   1.0399E-06   0.95862
FLUX 1118  6310.00        4.751070E+13   1.0211E-06   1.0335E-06   0.98801
FLUX 1119  6330.00        4.736058E+13   1.0229E-06   1.0272E-06   0.99580
FLUX 1120  6350.00        4.721142E+13   1.0180E-06   1.0210E-06   0.99701
FLUX 1121  6370.00        4.706319E+13   1.0131E-06   1.0148E-06   0.99832
FLUX 1122  6390.00        4.691588E+13   1.0077E-06   1.0087E-06   0.99902
FLUX 1123  6420.00        4.669665E+13   9.9912E-07   9.9963E-07   0.99949
FLUX 1124  6460.00        4.640751E+13   9.8683E-07   9.8772E-07   0.99910
FLUX 1125  6500.00        4.612192E+13   9.7495E-07   9.7601E-07   0.99892
FLUX 1126  6540.00        4.583983E+13   9.6407E-07   9.6451E-07   0.99954
FLUX 1127  6580.00        4.556117E+13   9.5228E-07   9.5321E-07   0.99902
FLUX 1128  6620.00        4.528588E+13   9.4110E-07   9.4211E-07   0.99892
FLUX 1129  6660.00        4.501389E+13   9.3036E-07   9.3120E-07   0.99909
FLUX 1130  6700.00        4.474515E+13   9.1897E-07   9.2048E-07   0.99836
FLUX 1131  6740.00        4.447960E+13   9.0412E-07   9.0995E-07   0.99360
FLUX 1132  6780.00        4.421718E+13   8.7331E-07   8.9959E-07   0.97078
FLUX 1133  6820.00        4.395784E+13   8.8619E-07   8.8941E-07   0.99638
FLUX 1134  6860.00        4.370153E+13   8.7820E-07   8.7940E-07   0.99864
FLUX 1135  6900.00        4.344819E+13   8.6832E-07   8.6955E-07   0.99858
FLUX 1136  6940.00        4.319777E+13   8.5719E-07   8.5987E-07   0.99688
FLUX 1137  6980.00        4.295021E+13   8.4911E-07   8.5035E-07   0.99854
FLUX 1138  7020.00        4.270548E+13   8.4006E-07   8.4098E-07   0.99890
FLUX 1139  7060.00        4.246353E+13   8.3056E-07   8.3177E-07   0.99854
FLUX 1140  7100.00        4.222430E+13   8.2037E-07   8.2271E-07   0.99716
FLUX 1141  7140.00        4.198775E+13   8.1302E-07   8.1379E-07   0.99904
FLUX 1142  7180.00        4.175383E+13   8.0430E-07   8.0502E-07   0.99910
FLUX 1143  7220.00        4.152251E+13   7.9470E-07   7.9639E-07   0.99787
FLUX 1144  7260.00        4.129373E+13   7.8451E-07   7.8790E-07   0.99570
FLUX 1145  7300.00        4.106747E+13   7.7828E-07   7.7954E-07   0.99838
FLUX 1146  7340.00        4.084366E+13   7.7066E-07   7.7131E-07   0.99915
FLUX 1147  7380.00        4.062229E+13   7.6208E-07   7.6322E-07   0.99851
FLUX 1148  7420.00        4.040330E+13   7.5147E-07   7.5527E-07   0.99497
FLUX 1149  7460.00        4.018666E+13   7.2075E-07   7.4744E-07   0.96429
FLUX 1150  7500.00        3.997233E+13   7.0300E-07   7.3974E-07   0.95033
FLUX 1151  7540.00        3.976028E+13   7.2582E-07   7.3215E-07   0.99135
FLUX 1152  7580.00        3.955046E+13   7.2233E-07   7.2468E-07   0.99676
FLUX 1153  7620.00        3.934285E+13   7.1638E-07   7.1732E-07   0.99869
FLUX 1154  7660.00        3.913740E+13   7.0958E-07   7.1007E-07   0.99930
FLUX 1155  7700.00        3.893409E+13   7.0239E-07   7.0294E-07   0.99922
FLUX 1156  7740.00        3.873288E+13   6.9416E-07   6.9591E-07   0.99749
FLUX 1157  7780.00        3.853374E+13   6.8264E-07   6.8898E-07   0.99080
FLUX 1158  7820.00        3.833664E+13   6.8064E-07   6.8215E-07   0.99778
FLUX 1159  7860.00        3.814154E+13   6.7528E-07   6.7543E-07   0.99977
FLUX 1160  7900.00        3.794842E+13   6.6874E-07   6.6881E-07   0.99990
FLUX 1161  7940.00        3.775724E+13   6.6212E-07   6.6228E-07   0.99977
FLUX 1162  7980.00        3.756798E+13   6.5562E-07   6.5584E-07   0.99966
FLUX 1163  8020.00        3.738061E+13   6.4913E-07   6.4950E-07   0.99943
FLUX 1164  8060.00        3.719510E+13   6.4289E-07   6.4325E-07   0.99943
FLUX 1165  8100.00        3.701142E+13   6.3648E-07   6.3709E-07   0.99904
FLUX 1166  8140.00        3.682955E+13   6.2383E-07   6.3101E-07   0.98862
FLUX 1167  8180.00        3.664945E+13   6.2126E-07   6.2503E-07   0.99398
FLUX 1168  8220.00        3.647111E+13   6.1884E-07   6.1912E-07   0.99954
FLUX 1169  8260.00        3.629449E+13   6.1317E-07   6.1330E-07   0.99979
FLUX 1170  8300.00        3.611958E+13   6.0738E-07   6.0756E-07   0.99971
FLUX 1171  8340.00        3.594634E+13   6.0126E-07   6.0190E-07   0.99893
FLUX 1172  8380.00        3.577476E+13   5.9550E-07   5.9632E-07   0.99862
FLUX 1173  8420.00        3.560481E+13   5.9032E-07   5.9082E-07   0.99917
FLUX 1174  8460.00        3.543647E+13   5.8521E-07   5.8539E-07   0.99969
FLUX 1175  8500.00        3.526971E+13   5.7997E-07   5.8003E-07   0.99990
FLUX 1176  8540.00        3.510451E+13   5.7454E-07   5.7475E-07   0.99965
FLUX 1177  8580.00        3.494085E+13   5.6934E-07   5.6954E-07   0.99965
FLUX 1178  8620.00        3.477871E+13   5.6291E-07   5.6440E-07   0.99737
FLUX 1179  8660.00        3.461807E+13   5.4828E-07   5.5932E-07   0.98026
FLUX 1180  8700.00        3.445891E+13   5.5170E-07   5.5432E-07   0.99528
FLUX 1181  8740.00        3.430120E+13   5.3849E-07   5.4938E-07   0.98017
FLUX 1182  8780.00        3.414493E+13   5.3384E-07   5.4451E-07   0.98041
FLUX 1183  8820.00        3.399008E+13   5.3902E-07   5.3970E-07   0.99873
FLUX 1184  8860.00        3.383663E+13   5.3458E-07   5.3496E-07   0.99929
FLUX 1185  8900.00        3.368455E+13   5.3005E-07   5.3027E-07   0.99958
FLUX 1186  8940.00        3.353384E+13   5.2556E-07   5.2565E-07   0.99983
FLUX 1187  8980.00        3.338447E+13   5.2077E-07   5.2109E-07   0.99938
FLUX 1188  9020.00        3.323642E+13   5.1633E-07   5.1659E-07   0.99950
FLUX 1189  9060.00        3.308968E+13   5.1207E-07   5.1214E-07   0.99986
FLUX 1190  9100.00        3.294423E+13   5.0751E-07   5.0775E-07   0.99952
FLUX 1191  9140.00        3.280005E+13   5.0323E-07   5.0342E-07   0.99962
FLUX 1192  9180.00        3.265714E+13   4.9903E-07   4.9914E-07   0.99977
FLUX 1193  9220.00        3.251546E+13   4.9479E-07   4.9492E-07   0.99974
FLUX 1194  9260.00        3.237500E+13   4.8954E-07   4.9075E-07   0.99753
FLUX 1195  9300.00        3.223575E+13   4.8631E-07   4.8663E-07   0.99934
FLUX 1196  9340.00        3.209770E+13   4.8131E-07   4.8257E-07   0.99740
FLUX 1197  9380.00        3.196082E+13   4.6705E-07   4.7855E-07   0.97596
FLUX 1198  9420.00        3.182511E+13   4.7069E-07   4.7458E-07   0.99179
FLUX 1199  9460.00        3.169054E+13   4.7009E-07   4.7067E-07   0.99877
FLUX 1200  9500.00        3.155711E+13   4.6578E-07   4.6680E-07   0.99782
FLUX 1201  9540.00        3.142479E+13   4.6185E-07   4.6297E-07   0.99758
FLUX 1202  9580.00        3.129358E+13   4.5915E-07   4.5920E-07   0.99990
FLUX 1203  9620.00        3.116346E+13   4.5530E-07   4.5547E-07   0.99963
FLUX 1204  9660.00        3.103442E+13   4.5174E-07   4.5178E-07   0.99992
FLUX 1205  9700.00        3.090644E+13   4.4810E-07   4.4814E-07   0.99991
FLUX 1206  9740.00        3.077952E+13   4.4435E-07   4.4454E-07   0.99956
FLUX 1207  9780.00        3.065363E+13   4.4086E-07   4.4099E-07   0.99971
FLUX 1208  9820.00        3.052877E+13   4.3665E-07   4.3748E-07   0.99811
FLUX 1209  9860.00        3.040492E+13   4.3250E-07   4.3400E-07   0.99652
FLUX 1210  9900.00        3.028207E+13   4.3053E-07   4.3057E-07   0.99990
FLUX 1211  9940.00        3.016021E+13   4.2709E-07   4.2718E-07   0.99977
FLUX 1212  9980.00        3.003933E+13   4.2367E-07   4.2383E-07   0.99961
FLUX 1213 10020.00        2.991941E+13   4.2036E-07   4.2052E-07   0.99962
FLUX 1214 20000.00        1.498963E+13   1.0691E-07   1.0692E-07   0.99992
FLUX 1215 40000.00        7.494813E+12   2.6516E-08   2.6516E-08   0.99999
FLUX 1216 60000.00        4.996542E+12   1.1662E-08   1.1662E-08   0.99999
FLUX 1217 80000.00        3.747406E+12   6.5011E-09   6.5011E-09   1.00000
FLUX 1218100000.00        2.997925E+12   4.1288E-09   4.1288E-09   1.00000
FLUX 1219120000.00        2.498271E+12   2.8485E-09   2.8485E-09   1.00000
FLUX 1220140000.00        2.141375E+12   2.0809E-09   2.0809E-09   1.00000
FLUX 1221160000.00        1.873703E+12   1.5852E-09   1.5852E-09   1.00000
FLUX
