TEFF   5500.  GRAVITY 2.50000 LTE 
TITLE  [+0.5] VTURB=2  L/H=1.25 NOVER NEW ODF                                   
FLUX    1     9.09        3.298047E+16   2.5000E-39   2.5000E-39   1.00000
FLUX    2     9.35        3.206337E+16   2.5000E-39   2.5000E-39   1.00000
FLUX    3     9.61        3.119589E+16   2.5000E-39   2.5000E-39   1.00000
FLUX    4     9.77        3.068500E+16   2.5000E-39   2.5000E-39   1.00000
FLUX    5     9.96        3.009965E+16   2.5000E-39   2.5000E-39   1.00000
FLUX    6    10.20        2.939142E+16   2.5000E-39   2.5000E-39   1.00000
FLUX    7    10.38        2.888174E+16   2.5000E-39   2.5000E-39   1.00000
FLUX    8    10.56        2.838944E+16   2.5000E-39   2.5000E-39   1.00000
FLUX    9    10.77        2.783589E+16   2.5000E-39   2.5000E-39   1.00000
FLUX   10    11.04        2.715512E+16   2.5000E-39   2.5000E-39   1.00000
FLUX   11    11.40        2.629759E+16   2.5000E-39   2.5000E-39   1.00000
FLUX   12    11.78        2.544928E+16   2.5000E-39   2.5000E-39   1.00000
FLUX   13    12.13        2.471496E+16   2.5000E-39   2.5000E-39   1.00000
FLUX   14    12.48        2.402184E+16   2.5000E-39   2.5000E-39   1.00000
FLUX   15    12.71        2.358714E+16   4.1910-155   4.1911-155   0.99998
FLUX   16    12.84        2.334833E+16   1.4811-153   1.4811-153   0.99998
FLUX   17    13.05        2.297260E+16   4.0357-151   4.0358-151   0.99998
FLUX   18    13.24        2.264294E+16   5.5214-149   5.5215-149   0.99998
FLUX   19    13.39        2.238928E+16   2.4288-147   2.4288-147   0.99998
FLUX   20    13.66        2.194674E+16   1.7852-144   1.7852-144   0.99998
FLUX   21    13.98        2.144439E+16   3.1941-141   3.1941-141   0.99998
FLUX   22    14.33        2.092062E+16   7.8272-138   7.8273-138   0.99998
FLUX   23    14.72        2.036634E+16   3.0117-134   3.0117-134   0.99998
FLUX   24    15.10        1.985381E+16   6.2007-131   6.2009-131   0.99998
FLUX   25    15.52        1.931653E+16   1.8382-127   1.8382-127   0.99998
FLUX   26    15.88        1.887862E+16   1.2368-124   1.2368-124   0.99998
FLUX   27    16.20        1.850571E+16   3.1587-122   3.1588-122   0.99998
FLUX   28    16.60        1.805979E+16   2.3809-119   2.3810-119   0.99998
FLUX   29    17.03        1.760379E+16   2.0773-116   2.0773-116   0.99998
FLUX   30    17.34        1.728907E+16   2.2180-114   2.2180-114   0.99998
FLUX   31    17.68        1.695659E+16   3.0765-112   3.0766-112   0.99998
FLUX   32    18.02        1.663665E+16   3.5356-110   3.5357-110   0.99998
FLUX   33    18.17        1.649931E+16   2.7079-109   2.7080-109   0.99998
FLUX   34    18.61        1.610921E+16   8.7770-107   8.7771-107   0.99998
FLUX   35    19.10        1.569594E+16   3.9940-104   3.9941-104   0.99998
FLUX   36    19.39        1.546119E+16   1.2872-102   1.2872-102   0.99998
FLUX   37    19.84        1.511051E+16   2.3006-100   2.3006-100   0.99998
FLUX   38    20.18        1.485592E+16   9.9271E-99   9.9273E-99   0.99998
FLUX   39    20.50        1.462402E+16   3.0623E-97   3.0623E-97   0.99998
FLUX   40    21.05        1.424192E+16   8.6434E-95   8.6435E-95   0.99998
FLUX   41    21.62        1.386644E+16   2.2045E-92   2.2045E-92   0.99998
FLUX   42    21.98        1.363933E+16   6.2826E-91   6.2827E-91   0.99998
FLUX   43    22.30        1.344361E+16   1.1233E-89   1.1234E-89   0.99998
FLUX   44    22.68        1.321836E+16   3.1021E-88   3.1022E-88   0.99998
FLUX   45    23.00        1.303446E+16   4.6589E-87   4.6590E-87   0.99998
FLUX   46    23.40        1.281165E+16   1.2363E-85   1.2363E-85   0.99998
FLUX   47    24.00        1.249135E+16   1.3731E-83   1.3731E-83   0.99998
FLUX   48    24.65        1.216197E+16   1.7376E-81   1.7376E-81   0.99998
FLUX   49    25.24        1.187767E+16   1.1300E-79   1.1300E-79   0.99998
FLUX   50    25.68        1.167416E+16   2.2395E-78   2.2395E-78   0.99998
FLUX   51    26.00        1.153048E+16   1.8427E-77   1.8427E-77   0.99998
FLUX   52    26.40        1.135578E+16   2.3872E-76   2.3872E-76   0.99998
FLUX   53    26.85        1.116546E+16   3.8765E-75   3.8765E-75   0.99998
FLUX   54    27.35        1.096133E+16   7.6879E-74   7.6881E-74   0.99998
FLUX   55    27.85        1.076454E+16   1.3690E-72   1.3690E-72   0.99998
FLUX   56    28.40        1.055607E+16   2.8834E-71   2.8834E-71   0.99998
FLUX   57    29.00        1.033767E+16   7.0013E-70   7.0014E-70   0.99998
FLUX   58    29.60        1.012812E+16   1.4878E-68   1.4878E-68   0.99998
FLUX   59    30.10        9.959883E+15   1.7297E-67   1.7303E-67   0.99967
FLUX   60    30.80        9.733523E+15   4.6817E-66   4.6817E-66   0.99998
FLUX   61    31.80        9.427437E+15   4.0240E-64   4.0241E-64   0.99998
FLUX   62    32.80        9.140015E+15   2.6209E-62   2.6210E-62   0.99998
FLUX   63    33.80        8.869601E+15   1.3247E-60   1.3247E-60   0.99998
FLUX   64    34.80        8.614727E+15   5.3186E-59   5.3186E-59   0.99998
FLUX   65    35.70        8.397549E+15   1.2302E-57   1.2302E-57   0.99998
FLUX   66    36.60        8.191052E+15   2.4328E-56   2.4329E-56   0.99998
FLUX   67    37.50        7.994467E+15   4.1495E-55   4.1496E-55   0.99997
FLUX   68    38.50        7.786818E+15   8.2703E-54   8.2704E-54   0.99998
FLUX   69    39.50        7.589683E+15   1.4098E-52   1.4098E-52   0.99998
FLUX   70    40.50        7.402284E+15   2.0814E-51   2.0815E-51   0.99998
FLUX   71    41.40        7.241364E+15   2.0948E-50   2.0949E-50   0.99998
FLUX   72    42.20        7.104087E+15   1.4974E-49   1.4974E-49   0.99998
FLUX   73    43.00        6.971919E+15   9.9273E-49   9.9275E-49   0.99998
FLUX   74    44.10        6.798016E+15   1.1919E-47   1.1920E-47   0.99998
FLUX   75    45.10        6.647284E+15   1.0238E-46   1.0238E-46   0.99998
FLUX   76    46.00        6.517228E+15   6.5312E-46   6.5313E-46   0.99998
FLUX   77    47.00        6.378564E+15   4.6992E-45   4.6993E-45   0.99998
FLUX   78    48.00        6.245677E+15   3.1041E-44   3.1041E-44   0.99998
FLUX   79    49.00        6.118214E+15   1.8943E-43   1.8944E-43   0.99998
FLUX   80    50.00        5.995850E+15   1.0717E-42   1.0717E-42   0.99998
FLUX   81    50.60        5.924753E+15   3.9011E-42   4.4370E-42   0.87922
FLUX   82    51.20        5.855322E+15   1.1653E-41   1.1789E-41   0.98853
FLUX   83    52.00        5.765240E+15   4.1446E-41   4.1827E-41   0.99089
FLUX   84    53.00        5.656462E+15   1.9259E-40   1.9259E-40   0.99997
FLUX   85    54.00        5.551713E+15   8.3130E-40   8.3617E-40   0.99418
FLUX   86    55.00        5.450773E+15   3.4357E-39   3.4358E-39   0.99998
FLUX   87    56.00        5.353437E+15   1.3393E-38   1.3394E-38   0.99998
FLUX   88    57.00        5.259517E+15   4.9671E-38   4.9672E-38   0.99998
FLUX   89    58.00        5.168836E+15   1.7383E-37   1.7591E-37   0.98822
FLUX   90    59.00        5.081229E+15   5.9436E-37   5.9496E-37   0.99898
FLUX   91    60.00        4.996542E+15   1.9261E-36   1.9285E-36   0.99874
FLUX   92    61.00        4.914631E+15   6.0034E-36   6.0038E-36   0.99993
FLUX   93    62.00        4.835363E+15   1.7981E-35   1.7986E-35   0.99974
FLUX   94    63.00        4.758611E+15   5.1942E-35   5.1948E-35   0.99987
FLUX   95    64.00        4.684258E+15   1.4497E-34   1.4498E-34   0.99989
FLUX   96    65.00        4.612192E+15   3.9143E-34   3.9147E-34   0.99992
FLUX   97    65.80        4.556117E+15   8.4685E-34   8.4695E-34   0.99987
FLUX   98    66.50        4.508158E+15   1.6342E-33   1.6374E-33   0.99803
FLUX   99    67.50        4.441370E+15   4.0902E-33   4.0956E-33   0.99867
FLUX  100    68.50        4.376533E+15   9.9578E-33   9.9590E-33   0.99988
FLUX  101    69.50        4.313561E+15   2.3570E-32   2.3572E-32   0.99990
FLUX  102    70.50        4.252376E+15   5.4074E-32   5.4371E-32   0.99453
FLUX  103    71.60        4.187046E+15   1.3249E-31   1.3251E-31   0.99984
FLUX  104    72.60        4.129373E+15   2.9054E-31   2.9054E-31   0.99997
FLUX  105    73.50        4.078809E+15   5.7764E-31   5.7782E-31   0.99970
FLUX  106    74.50        4.024060E+15   1.2138E-30   1.2152E-30   0.99883
FLUX  107    75.50        3.970762E+15   2.4989E-30   2.5029E-30   0.99841
FLUX  108    76.50        3.918856E+15   5.0511E-30   5.0529E-30   0.99965
FLUX  109    77.50        3.868290E+15   9.9923E-30   1.0006E-29   0.99863
FLUX  110    78.50        3.819013E+15   1.9451E-29   1.9451E-29   0.99998
FLUX  111    79.50        3.770975E+15   3.6743E-29   3.7145E-29   0.98915
FLUX  112    80.50        3.724130E+15   6.9321E-29   6.9732E-29   0.99411
FLUX  113    81.50        3.678436E+15   1.2864E-28   1.2877E-28   0.99902
FLUX  114    82.50        3.633848E+15   2.3390E-28   2.3407E-28   0.99929
FLUX  115    83.50        3.590329E+15   4.1895E-28   4.1911E-28   0.99963
FLUX  116    84.50        3.547840E+15   7.3932E-28   7.3945E-28   0.99982
FLUX  117    85.50        3.506345E+15   1.2869E-27   1.2869E-27   0.99997
FLUX  118    86.50        3.465809E+15   2.2076E-27   2.2080E-27   0.99980
FLUX  119    87.50        3.426200E+15   3.7262E-27   3.7387E-27   0.99667
FLUX  120    88.50        3.387486E+15   6.2480E-27   6.2508E-27   0.99955
FLUX  121    89.50        3.349637E+15   1.0322E-26   1.0323E-26   0.99990
FLUX  122    90.50        3.312624E+15   1.6833E-26   1.6847E-26   0.99921
FLUX  123    91.50        3.276421E+15   1.9832E-23   5.5329E-23   0.35844
FLUX  124    92.50        3.241000E+15   7.2824E-23   8.7647E-23   0.83087
FLUX  125    93.50        3.206337E+15   1.0988E-22   1.3742E-22   0.79958
FLUX  126    94.50        3.172407E+15   1.7621E-22   2.1340E-22   0.82576
FLUX  127    95.50        3.139188E+15   2.8875E-22   3.2854E-22   0.87888
FLUX  128    96.50        3.106658E+15   4.6161E-22   5.0014E-22   0.92297
FLUX  129    97.50        3.074795E+15   6.8887E-22   7.5380E-22   0.91387
FLUX  130    98.50        3.043579E+15   1.0073E-21   1.1371E-21   0.88585
FLUX  131    99.50        3.012990E+15   1.4777E-21   1.6924E-21   0.87312
FLUX  132   100.50        2.983010E+15   2.3536E-21   2.5017E-21   0.94081
FLUX  133   101.50        2.953621E+15   3.4796E-21   3.6651E-21   0.94939
FLUX  134   102.50        2.924805E+15   4.9893E-21   5.3688E-21   0.92931
FLUX  135   103.50        2.896546E+15   7.5088E-21   7.7720E-21   0.96613
FLUX  136   104.50        2.868828E+15   1.0850E-20   1.1200E-20   0.96875
FLUX  137   105.50        2.841635E+15   1.5468E-20   1.6030E-20   0.96494
FLUX  138   106.50        2.814953E+15   2.1731E-20   2.2802E-20   0.95302
FLUX  139   107.50        2.788767E+15   3.1390E-20   3.2258E-20   0.97308
FLUX  140   108.50        2.763064E+15   4.4160E-20   4.5404E-20   0.97261
FLUX  141   109.50        2.737831E+15   5.9845E-20   6.3518E-20   0.94217
FLUX  142   110.50        2.713054E+15   9.6147E-20   1.3557E-19   0.70918
FLUX  143   111.50        2.688722E+15   1.5034E-19   1.8072E-19   0.83185
FLUX  144   112.50        2.664822E+15   2.0893E-19   2.4015E-19   0.86999
FLUX  145   113.50        2.641344E+15   2.9340E-19   3.1856E-19   0.92102
FLUX  146   114.50        2.618275E+15   3.9653E-19   4.2107E-19   0.94173
FLUX  147   115.50        2.595606E+15   5.1764E-19   5.5468E-19   0.93322
FLUX  148   116.50        2.573326E+15   7.1273E-19   7.2836E-19   0.97854
FLUX  149   117.50        2.551426E+15   9.3949E-19   9.5290E-19   0.98593
FLUX  150   118.50        2.529894E+15   1.2145E-18   1.2553E-18   0.96749
FLUX  151   119.50        2.508724E+15   1.4334E-18   1.6387E-18   0.87475
FLUX  152   120.50        2.487905E+15   1.9240E-18   2.1339E-18   0.90165
FLUX  153   121.50        2.467428E+15   1.7747E-18   2.7710E-18   0.64047
FLUX  154   122.50        2.447286E+15   3.2765E-18   3.5886E-18   0.91302
FLUX  155   123.50        2.427470E+15   4.4032E-18   4.6372E-18   0.94953
FLUX  156   124.50        2.407972E+15   5.7149E-18   5.9350E-18   0.96292
FLUX  157   125.50        2.388785E+15   7.3029E-18   7.6661E-18   0.95262
FLUX  158   126.50        2.369901E+15   9.0470E-18   9.8514E-18   0.91835
FLUX  159   127.50        2.351314E+15   1.1651E-17   1.2609E-17   0.92397
FLUX  160   128.50        2.333016E+15   1.5110E-17   1.6101E-17   0.93846
FLUX  161   129.50        2.315000E+15   1.9406E-17   2.0501E-17   0.94659
FLUX  162   130.50        2.297261E+15   2.3644E-17   2.6026E-17   0.90849
FLUX  163   131.50        2.279791E+15   3.1146E-17   3.2928E-17   0.94586
FLUX  164   132.50        2.262585E+15   3.9023E-17   4.1523E-17   0.93979
FLUX  165   133.50        2.245637E+15   4.9168E-17   5.2188E-17   0.94214
FLUX  166   134.50        2.228940E+15   6.2902E-17   6.5416E-17   0.96156
FLUX  167   135.50        2.212491E+15   7.9013E-17   8.1882E-17   0.96495
FLUX  168   136.50        2.196282E+15   9.8505E-17   1.0233E-16   0.96260
FLUX  169   137.50        2.180309E+15   1.2074E-16   1.2746E-16   0.94732
FLUX  170   138.50        2.164567E+15   1.4535E-16   1.5823E-16   0.91860
FLUX  171   139.50        2.149050E+15   1.7993E-16   1.9581E-16   0.91888
FLUX  172   140.50        2.133754E+15   2.3007E-16   2.4156E-16   0.95245
FLUX  173   141.50        2.118675E+15   2.7487E-16   2.9708E-16   0.92523
FLUX  174   142.50        2.103807E+15   3.2029E-16   3.6429E-16   0.87922
FLUX  175   143.50        2.089146E+15   4.1331E-16   4.4541E-16   0.92794
FLUX  176   144.20        2.079005E+15   4.9358E-16   5.1190E-16   0.96420
FLUX  177   144.70        2.071821E+15   4.9874E-16   5.6498E-16   0.88277
FLUX  178   145.50        2.060430E+15   5.8382E-16   6.6062E-16   0.88375
FLUX  179   146.50        2.046365E+15   7.4888E-16   8.0124E-16   0.93465
FLUX  180   147.50        2.032492E+15   8.5765E-16   9.6917E-16   0.88493
FLUX  181   148.50        2.018805E+15   1.0352E-15   1.1692E-15   0.88540
FLUX  182   149.50        2.005301E+15   1.3185E-15   1.4068E-15   0.93728
FLUX  183   150.50        1.991977E+15   1.6407E-15   1.6883E-15   0.97179
FLUX  184   151.20        1.982755E+15   1.5176E-15   1.9154E-15   0.79229
FLUX  185   151.70        1.976220E+15   1.8747E-15   2.2033E-15   0.85086
FLUX  186   152.50        1.965852E+15   2.4220E-15   6.8606E-15   0.35303
FLUX  187   153.50        1.953046E+15   1.1475E-14   9.3721E-14   0.12244
FLUX  188   154.50        1.940405E+15   1.3852E-14   1.0920E-13   0.12684
FLUX  189   155.50        1.927926E+15   2.5593E-14   1.2714E-13   0.20130
FLUX  190   156.50        1.915607E+15   2.4841E-14   1.4808E-13   0.16776
FLUX  191   157.50        1.903444E+15   6.1912E-14   2.6462E-13   0.23396
FLUX  192   158.50        1.891435E+15   8.1488E-14   3.0430E-13   0.26779
FLUX  193   159.50        1.879577E+15   9.9884E-14   3.4877E-13   0.28639
FLUX  194   160.50        1.867866E+15   1.1094E-13   3.9844E-13   0.27844
FLUX  195   161.50        1.856300E+15   1.2211E-13   4.5373E-13   0.26912
FLUX  196   162.50        1.844877E+15   1.5165E-13   5.7213E-13   0.26506
FLUX  197   163.50        1.833593E+15   1.8377E-13   6.5255E-13   0.28162
FLUX  198   164.50        1.822447E+15   2.9752E-13   7.4244E-13   0.40074
FLUX  199   165.50        1.811435E+15   1.7707E-13   8.4274E-13   0.21011
FLUX  200   166.50        1.800556E+15   3.7811E-13   9.5449E-13   0.39614
FLUX  201   167.20        1.793017E+15   2.3354E-13   1.0401E-12   0.22453
FLUX  202   167.70        1.787671E+15   4.3698E-13   3.2060E-12   0.13630
FLUX  203   168.50        1.779184E+15   1.0038E-12   2.4265E-11   0.04137
FLUX  204   169.50        1.768687E+15   2.5180E-12   2.6894E-11   0.09363
FLUX  205   170.50        1.758314E+15   3.4776E-12   2.9889E-11   0.11635
FLUX  206   171.50        1.748061E+15   3.6224E-12   7.2782E-11   0.04977
FLUX  207   172.50        1.737928E+15   4.8843E-12   7.9213E-11   0.06166
FLUX  208   173.50        1.727911E+15   6.3871E-12   8.5517E-11   0.07469
FLUX  209   174.50        1.718009E+15   9.4170E-12   9.2518E-11   0.10178
FLUX  210   175.50        1.708219E+15   1.4106E-11   9.9606E-11   0.14162
FLUX  211   176.50        1.698541E+15   1.3892E-11   1.0710E-10   0.12971
FLUX  212   177.50        1.688972E+15   1.4465E-11   1.1502E-10   0.12577
FLUX  213   178.50        1.679510E+15   1.9501E-11   1.2338E-10   0.15805
FLUX  214   179.50        1.670153E+15   2.4250E-11   1.3222E-10   0.18340
FLUX  215   180.50        1.660900E+15   2.6580E-11   1.4166E-10   0.18763
FLUX  216   181.50        1.651749E+15   2.6323E-11   1.5155E-10   0.17369
FLUX  217   182.50        1.642699E+15   3.6167E-11   1.6205E-10   0.22318
FLUX  218   183.50        1.633747E+15   3.9417E-11   1.7315E-10   0.22765
FLUX  219   184.50        1.624892E+15   2.7176E-11   1.8490E-10   0.14697
FLUX  220   185.50        1.616132E+15   4.2792E-11   1.9759E-10   0.21657
FLUX  221   186.50        1.607466E+15   5.4027E-11   2.1082E-10   0.25626
FLUX  222   187.50        1.598893E+15   6.1326E-11   2.4544E-10   0.24986
FLUX  223   188.50        1.590411E+15   6.9672E-11   2.6014E-10   0.26783
FLUX  224   189.50        1.582018E+15   9.3437E-11   2.7551E-10   0.33914
FLUX  225   190.50        1.573714E+15   9.1939E-11   2.9157E-10   0.31532
FLUX  226   191.50        1.565496E+15   1.0032E-10   3.0839E-10   0.32532
FLUX  227   192.50        1.557364E+15   1.0976E-10   3.2599E-10   0.33669
FLUX  228   193.50        1.549315E+15   7.3255E-11   3.4440E-10   0.21270
FLUX  229   194.50        1.541350E+15   1.5459E-10   3.6372E-10   0.42504
FLUX  230   195.50        1.533465E+15   1.6051E-10   3.8398E-10   0.41803
FLUX  231   196.70        1.524110E+15   2.2431E-10   4.0957E-10   0.54767
FLUX  232   197.60        1.517168E+15   2.2425E-10   4.6879E-10   0.47837
FLUX  233   198.40        1.511051E+15   2.4482E-10   4.8913E-10   0.50053
FLUX  234   199.50        1.502719E+15   2.6590E-10   5.4294E-10   0.48974
FLUX  235   200.50        1.495224E+15   2.8120E-10   5.7223E-10   0.49140
FLUX  236   201.50        1.487804E+15   3.0520E-10   6.0304E-10   0.50611
FLUX  237   202.50        1.480457E+15   2.5851E-10   6.3520E-10   0.40698
FLUX  238   203.50        1.473182E+15   3.5975E-10   6.6880E-10   0.53790
FLUX  239   204.50        1.465978E+15   4.2516E-10   7.0398E-10   0.60394
FLUX  240   205.50        1.458844E+15   4.3972E-10   7.4057E-10   0.59375
FLUX  241   206.50        1.451780E+15   4.4453E-10   7.7863E-10   0.57091
FLUX  242   207.40        1.445480E+15   4.9030E-10   8.1417E-10   0.60221
FLUX  243   207.80        1.442697E+15   6.1548E-10   6.4196E-09   0.09588
FLUX  244   208.50        1.437854E+15   6.8221E-10   6.6247E-09   0.10298
FLUX  245   209.50        1.430990E+15   9.3537E-10   6.9088E-09   0.13539
FLUX  246   210.50        1.424192E+15   1.2944E-09   7.1701E-09   0.18053
FLUX  247   211.50        1.417459E+15   1.4092E-09   7.4057E-09   0.19029
FLUX  248   212.50        1.410788E+15   1.1368E-09   7.6440E-09   0.14872
FLUX  249   213.50        1.404180E+15   1.2768E-09   7.8899E-09   0.16183
FLUX  250   214.50        1.397634E+15   1.7556E-09   8.1301E-09   0.21594
FLUX  251   215.50        1.391148E+15   1.8024E-09   8.3796E-09   0.21509
FLUX  252   216.50        1.384723E+15   1.8045E-09   8.6463E-09   0.20870
FLUX  253   217.50        1.378356E+15   1.9096E-09   8.9323E-09   0.21379
FLUX  254   218.50        1.372048E+15   2.3661E-09   9.2493E-09   0.25582
FLUX  255   219.50        1.365797E+15   2.6061E-09   9.5915E-09   0.27171
FLUX  256   220.50        1.359603E+15   2.5621E-09   9.9614E-09   0.25720
FLUX  257   221.50        1.353465E+15   1.9552E-09   1.0362E-08   0.18868
FLUX  258   222.50        1.347382E+15   2.5803E-09   1.1214E-08   0.23010
FLUX  259   223.50        1.341353E+15   3.6815E-09   1.1678E-08   0.31526
FLUX  260   224.50        1.335379E+15   3.5600E-09   1.2172E-08   0.29247
FLUX  261   225.50        1.329457E+15   2.8910E-09   1.6484E-08   0.17538
FLUX  262   226.50        1.323587E+15   2.6222E-09   1.6905E-08   0.15512
FLUX  263   227.50        1.317769E+15   3.5326E-09   1.7339E-08   0.20374
FLUX  264   228.50        1.312002E+15   4.3948E-09   1.7784E-08   0.24713
FLUX  265   229.50        1.306285E+15   3.7971E-09   1.8242E-08   0.20815
FLUX  266   230.50        1.300618E+15   4.5435E-09   1.8711E-08   0.24282
FLUX  267   231.50        1.295000E+15   3.9898E-09   1.9196E-08   0.20784
FLUX  268   232.50        1.289430E+15   3.9665E-09   1.9700E-08   0.20135
FLUX  269   233.50        1.283908E+15   3.2903E-09   2.1217E-08   0.15508
FLUX  270   234.50        1.278433E+15   2.3010E-09   2.1705E-08   0.10601
FLUX  271   235.50        1.273004E+15   4.4025E-09   2.2211E-08   0.19821
FLUX  272   236.50        1.267622E+15   2.7660E-09   2.2737E-08   0.12165
FLUX  273   237.50        1.262284E+15   3.7571E-09   2.3284E-08   0.16136
FLUX  274   238.50        1.256992E+15   2.1315E-09   2.3864E-08   0.08932
FLUX  275   239.50        1.251743E+15   2.9734E-09   2.4457E-08   0.12158
FLUX  276   240.50        1.246538E+15   3.0968E-09   2.5071E-08   0.12352
FLUX  277   241.50        1.241377E+15   3.7931E-09   2.5709E-08   0.14754
FLUX  278   242.50        1.236258E+15   6.8089E-09   2.6372E-08   0.25819
FLUX  279   243.50        1.231181E+15   7.6189E-09   2.7058E-08   0.28157
FLUX  280   244.50        1.226145E+15   9.3124E-09   2.9173E-08   0.31921
FLUX  281   245.50        1.221151E+15   9.8607E-09   2.9832E-08   0.33054
FLUX  282   246.50        1.216197E+15   8.4666E-09   3.0510E-08   0.27750
FLUX  283   247.50        1.211283E+15   7.5426E-09   3.1207E-08   0.24169
FLUX  284   248.50        1.206408E+15   3.5000E-09   3.1925E-08   0.10963
FLUX  285   249.50        1.201573E+15   5.8002E-09   3.2663E-08   0.17758
FLUX  286   250.50        1.196776E+15   9.1440E-09   3.4507E-08   0.26499
FLUX  287   251.30        1.192967E+15   5.3916E-09   3.5077E-08   0.15371
FLUX  288   251.80        1.190598E+15   3.4386E-09   6.0091E-07   0.00572
FLUX  289   252.50        1.187297E+15   3.6645E-09   6.0790E-07   0.00603
FLUX  290   253.50        1.182613E+15   6.7421E-09   6.1796E-07   0.01091
FLUX  291   254.50        1.177967E+15   9.2127E-09   6.2808E-07   0.01467
FLUX  292   255.50        1.173356E+15   2.5530E-08   6.3843E-07   0.03999
FLUX  293   256.50        1.168782E+15   1.4383E-08   6.4901E-07   0.02216
FLUX  294   257.50        1.164243E+15   1.9568E-08   6.5985E-07   0.02966
FLUX  295   258.50        1.159739E+15   1.4417E-08   6.7096E-07   0.02149
FLUX  296   259.50        1.155270E+15   1.2408E-08   6.8234E-07   0.01818
FLUX  297   260.50        1.150835E+15   1.0085E-08   6.9400E-07   0.01453
FLUX  298   261.50        1.146434E+15   9.5203E-09   7.0589E-07   0.01349
FLUX  299   262.50        1.142067E+15   1.3484E-08   7.1809E-07   0.01878
FLUX  300   263.50        1.137732E+15   3.3166E-08   7.5790E-07   0.04376
FLUX  301   264.50        1.133431E+15   6.2072E-08   7.6965E-07   0.08065
FLUX  302   265.50        1.129162E+15   1.0307E-07   7.8171E-07   0.13186
FLUX  303   266.50        1.124925E+15   5.1216E-08   7.9403E-07   0.06450
FLUX  304   267.50        1.120720E+15   5.9190E-08   8.0662E-07   0.07338
FLUX  305   268.50        1.116546E+15   7.6048E-08   8.1943E-07   0.09281
FLUX  306   269.50        1.112403E+15   5.4635E-08   8.3245E-07   0.06563
FLUX  307   270.50        1.108290E+15   7.6367E-08   8.7780E-07   0.08700
FLUX  308   271.50        1.104208E+15   4.2649E-08   8.8973E-07   0.04793
FLUX  309   272.50        1.100156E+15   2.8681E-08   9.0182E-07   0.03180
FLUX  310   273.50        1.096133E+15   3.8068E-08   9.1409E-07   0.04165
FLUX  311   274.50        1.092140E+15   1.9314E-08   9.2648E-07   0.02085
FLUX  312   275.50        1.088176E+15   2.8052E-08   9.3904E-07   0.02987
FLUX  313   276.50        1.084240E+15   3.9661E-08   9.5165E-07   0.04168
FLUX  314   277.50        1.080333E+15   4.2785E-08   9.6439E-07   0.04437
FLUX  315   278.50        1.076454E+15   2.5667E-08   9.7732E-07   0.02626
FLUX  316   279.50        1.072603E+15   7.7891E-09   9.9048E-07   0.00786
FLUX  317   280.50        1.068779E+15   1.0510E-08   1.0039E-06   0.01047
FLUX  318   281.50        1.064982E+15   3.9166E-08   1.0174E-06   0.03849
FLUX  319   282.50        1.061212E+15   6.4380E-08   1.0313E-06   0.06243
FLUX  320   283.50        1.057469E+15   7.0957E-08   1.0454E-06   0.06788
FLUX  321   284.50        1.053752E+15   4.8100E-08   1.0597E-06   0.04539
FLUX  322   285.50        1.050061E+15   2.1146E-08   1.0743E-06   0.01968
FLUX  323   286.50        1.046396E+15   7.3059E-08   1.0889E-06   0.06709
FLUX  324   287.50        1.042757E+15   1.2279E-07   1.1038E-06   0.11124
FLUX  325   288.50        1.039142E+15   1.1356E-07   1.1189E-06   0.10150
FLUX  326   289.50        1.035553E+15   1.4356E-07   1.1340E-06   0.12660
FLUX  327   291.00        1.030215E+15   2.1104E-07   1.1784E-06   0.17908
FLUX  328   293.00        1.023183E+15   1.9554E-07   1.2073E-06   0.16196
FLUX  329   295.00        1.016246E+15   1.8357E-07   1.2409E-06   0.14793
FLUX  330   297.00        1.009402E+15   2.1723E-07   1.2702E-06   0.17102
FLUX  331   299.00        1.002650E+15   2.2078E-07   1.3001E-06   0.16982
FLUX  332   301.00        9.959884E+14   2.2256E-07   1.3308E-06   0.16725
FLUX  333   303.00        9.894142E+14   2.5842E-07   1.3619E-06   0.18975
FLUX  334   305.00        9.829262E+14   2.6849E-07   1.3932E-06   0.19271
FLUX  335   307.00        9.765228E+14   2.8204E-07   1.4248E-06   0.19795
FLUX  336   309.00        9.702023E+14   3.1942E-07   1.4755E-06   0.21648
FLUX  337   311.00        9.639630E+14   3.5643E-07   1.5052E-06   0.23679
FLUX  338   313.00        9.578035E+14   3.2932E-07   1.5404E-06   0.21379
FLUX  339   315.00        9.517222E+14   3.4641E-07   1.5694E-06   0.22073
FLUX  340   317.00        9.457177E+14   3.8047E-07   1.5982E-06   0.23806
FLUX  341   319.00        9.397884E+14   3.3248E-07   1.6273E-06   0.20431
FLUX  342   321.00        9.339330E+14   3.8752E-07   1.6567E-06   0.23391
FLUX  343   323.00        9.281501E+14   2.8299E-07   1.6913E-06   0.16732
FLUX  344   325.00        9.224385E+14   4.4263E-07   1.7198E-06   0.25738
FLUX  345   327.00        9.167966E+14   5.5060E-07   1.7482E-06   0.31496
FLUX  346   329.00        9.112234E+14   5.3021E-07   1.7795E-06   0.29795
FLUX  347   331.00        9.057175E+14   5.1796E-07   1.8077E-06   0.28654
FLUX  348   333.00        9.002778E+14   5.2803E-07   1.8356E-06   0.28766
FLUX  349   335.00        8.949030E+14   5.0381E-07   1.8633E-06   0.27038
FLUX  350   337.00        8.895920E+14   4.2420E-07   1.8917E-06   0.22424
FLUX  351   339.00        8.843436E+14   4.7546E-07   1.9218E-06   0.24740
FLUX  352   341.00        8.791569E+14   5.2844E-07   1.9496E-06   0.27105
FLUX  353   343.00        8.740306E+14   5.5502E-07   1.9772E-06   0.28071
FLUX  354   345.00        8.689638E+14   6.3084E-07   2.0064E-06   0.31442
FLUX  355   347.00        8.639553E+14   6.3919E-07   2.0350E-06   0.31409
FLUX  356   349.00        8.590043E+14   6.9035E-07   2.0637E-06   0.33452
FLUX  357   351.00        8.541097E+14   7.2852E-07   2.0923E-06   0.34819
FLUX  358   353.00        8.492705E+14   6.5901E-07   2.1208E-06   0.31073
FLUX  359   355.00        8.444859E+14   7.4415E-07   2.1503E-06   0.34607
FLUX  360   357.00        8.397549E+14   5.0062E-07   2.1812E-06   0.22951
FLUX  361   359.00        8.350766E+14   5.7391E-07   2.2123E-06   0.25942
FLUX  362   361.00        8.304501E+14   7.2674E-07   2.2434E-06   0.32395
FLUX  363   363.00        8.258746E+14   7.9979E-07   2.2745E-06   0.35163
FLUX  364   364.00        8.236058E+14   7.9665E-07   2.2907E-06   0.34778
FLUX  365   365.00        8.213493E+14   9.1464E-07   3.8725E-06   0.23619
FLUX  366   367.00        8.168733E+14   9.5031E-07   3.9104E-06   0.24302
FLUX  367   369.00        8.124458E+14   9.4217E-07   3.9482E-06   0.23863
FLUX  368   371.00        8.080660E+14   1.0838E-06   3.9880E-06   0.27177
FLUX  369   373.00        8.037332E+14   8.6315E-07   4.0251E-06   0.21444
FLUX  370   375.00        7.994467E+14   9.5015E-07   4.0621E-06   0.23390
FLUX  371   377.00        7.952056E+14   1.0696E-06   4.1905E-06   0.25524
FLUX  372   379.00        7.910092E+14   1.0792E-06   4.2315E-06   0.25505
FLUX  373   381.00        7.868569E+14   1.0231E-06   4.2721E-06   0.23948
FLUX  374   383.00        7.827480E+14   6.3775E-07   4.3122E-06   0.14789
FLUX  375   385.00        7.786818E+14   6.5918E-07   4.3617E-06   0.15113
FLUX  376   387.00        7.746576E+14   7.2329E-07   4.4013E-06   0.16433
FLUX  377   389.00        7.706748E+14   1.1779E-06   4.4435E-06   0.26507
FLUX  378   391.00        7.667327E+14   1.3122E-06   4.4859E-06   0.29250
FLUX  379   393.00        7.628308E+14   4.9925E-07   4.5278E-06   0.11026
FLUX  380   395.00        7.589683E+14   9.4783E-07   4.5691E-06   0.20745
FLUX  381   397.00        7.551448E+14   6.0620E-07   4.6100E-06   0.13150
FLUX  382   399.00        7.513596E+14   1.6909E-06   4.6504E-06   0.36359
FLUX  383   401.00        7.476122E+14   1.9919E-06   4.7003E-06   0.42379
FLUX  384   403.00        7.439020E+14   2.0509E-06   4.7434E-06   0.43237
FLUX  385   405.00        7.402284E+14   1.9584E-06   4.7856E-06   0.40923
FLUX  386   407.00        7.365909E+14   1.9131E-06   4.8269E-06   0.39634
FLUX  387   409.00        7.329890E+14   2.3018E-06   4.8675E-06   0.47289
FLUX  388   411.00        7.294221E+14   2.3172E-06   4.9073E-06   0.47220
FLUX  389   413.00        7.258898E+14   2.1366E-06   4.9464E-06   0.43195
FLUX  390   415.00        7.223916E+14   2.1355E-06   4.9867E-06   0.42823
FLUX  391   417.00        7.189269E+14   2.1046E-06   5.0277E-06   0.41860
FLUX  392   419.00        7.154952E+14   2.1509E-06   5.0662E-06   0.42457
FLUX  393   421.00        7.120962E+14   2.3644E-06   5.1037E-06   0.46328
FLUX  394   423.00        7.087293E+14   2.4433E-06   5.1407E-06   0.47528
FLUX  395   425.00        7.053941E+14   2.5531E-06   5.1770E-06   0.49316
FLUX  396   427.00        7.020902E+14   2.4011E-06   5.2125E-06   0.46064
FLUX  397   429.00        6.988170E+14   2.2105E-06   5.2477E-06   0.42123
FLUX  398   431.00        6.955742E+14   1.8170E-06   5.2823E-06   0.34398
FLUX  399   433.00        6.923614E+14   2.7312E-06   5.3164E-06   0.51374
FLUX  400   435.00        6.891782E+14   2.6365E-06   5.3510E-06   0.49270
FLUX  401   437.00        6.860240E+14   2.9870E-06   5.3837E-06   0.55483
FLUX  402   439.00        6.828986E+14   2.7357E-06   5.4159E-06   0.50512
FLUX  403   441.00        6.798016E+14   2.9846E-06   5.4476E-06   0.54787
FLUX  404   443.00        6.767325E+14   3.0744E-06   5.4790E-06   0.56112
FLUX  405   445.00        6.736910E+14   3.1814E-06   5.5101E-06   0.57737
FLUX  406   447.00        6.706767E+14   3.4391E-06   5.5408E-06   0.62068
FLUX  407   449.00        6.676893E+14   3.4984E-06   5.5712E-06   0.62795
FLUX  408   451.00        6.647284E+14   4.0313E-06   5.6012E-06   0.71972
FLUX  409   453.00        6.617936E+14   3.5901E-06   5.6309E-06   0.63756
FLUX  410   455.00        6.588846E+14   3.6743E-06   5.6603E-06   0.64913
FLUX  411   457.00        6.560011E+14   4.0388E-06   5.6893E-06   0.70990
FLUX  412   459.00        6.531427E+14   3.8325E-06   5.7179E-06   0.67026
FLUX  413   461.00        6.503091E+14   4.0125E-06   5.7463E-06   0.69828
FLUX  414   463.00        6.475000E+14   3.8558E-06   5.7744E-06   0.66774
FLUX  415   465.00        6.447150E+14   4.0044E-06   5.8023E-06   0.69014
FLUX  416   467.00        6.419540E+14   4.1160E-06   5.8299E-06   0.70600
FLUX  417   469.00        6.392164E+14   4.0290E-06   5.8573E-06   0.68786
FLUX  418   471.00        6.365021E+14   3.9211E-06   5.8845E-06   0.66634
FLUX  419   473.00        6.338108E+14   4.2334E-06   5.9114E-06   0.71613
FLUX  420   475.00        6.311421E+14   4.5154E-06   5.9381E-06   0.76042
FLUX  421   477.00        6.284958E+14   4.6046E-06   5.9650E-06   0.77193
FLUX  422   479.00        6.258716E+14   4.6252E-06   5.9911E-06   0.77201
FLUX  423   481.00        6.232692E+14   4.5093E-06   6.0170E-06   0.74943
FLUX  424   483.00        6.206884E+14   4.7536E-06   6.0426E-06   0.78667
FLUX  425   485.00        6.181289E+14   4.3786E-06   6.1174E-06   0.71575
FLUX  426   487.00        6.155903E+14   3.9680E-06   6.1428E-06   0.64596
FLUX  427   489.00        6.130726E+14   4.6602E-06   6.1679E-06   0.75555
FLUX  428   491.00        6.105753E+14   4.6508E-06   6.1928E-06   0.75100
FLUX  429   493.00        6.080984E+14   4.6063E-06   6.2175E-06   0.74087
FLUX  430   495.00        6.056414E+14   4.9956E-06   6.2420E-06   0.80032
FLUX  431   497.00        6.032042E+14   4.8864E-06   6.2663E-06   0.77979
FLUX  432   499.00        6.007866E+14   4.5036E-06   6.2904E-06   0.71594
FLUX  433   501.00        5.983882E+14   4.2978E-06   6.3143E-06   0.68065
FLUX  434   503.00        5.960089E+14   4.6214E-06   6.3380E-06   0.72915
FLUX  435   505.00        5.936485E+14   4.7572E-06   6.3616E-06   0.74781
FLUX  436   507.00        5.913067E+14   5.0120E-06   6.3849E-06   0.78498
FLUX  437   509.00        5.889833E+14   4.7223E-06   6.4080E-06   0.73693
FLUX  438   511.00        5.866781E+14   4.8853E-06   6.4310E-06   0.75966
FLUX  439   513.00        5.843908E+14   4.6583E-06   6.4537E-06   0.72180
FLUX  440   515.00        5.821214E+14   4.6027E-06   6.4762E-06   0.71070
FLUX  441   517.00        5.798694E+14   4.4815E-06   6.4986E-06   0.68961
FLUX  442   519.00        5.776349E+14   4.6177E-06   6.5207E-06   0.70816
FLUX  443   521.00        5.754175E+14   4.9515E-06   6.5427E-06   0.75680
FLUX  444   523.00        5.732170E+14   5.0091E-06   6.5645E-06   0.76306
FLUX  445   525.00        5.710333E+14   5.1460E-06   6.5860E-06   0.78134
FLUX  446   527.00        5.688662E+14   4.5860E-06   6.6074E-06   0.69407
FLUX  447   529.00        5.667155E+14   5.2485E-06   6.6286E-06   0.79180
FLUX  448   531.00        5.645810E+14   5.4998E-06   6.6496E-06   0.82709
FLUX  449   533.00        5.624625E+14   4.9311E-06   6.6704E-06   0.73925
FLUX  450   535.00        5.603598E+14   5.4571E-06   6.6911E-06   0.81558
FLUX  451   537.00        5.582728E+14   5.6172E-06   6.7155E-06   0.83644
FLUX  452   539.00        5.562013E+14   5.4653E-06   6.7553E-06   0.80904
FLUX  453   541.00        5.541451E+14   5.3279E-06   6.7754E-06   0.78635
FLUX  454   543.00        5.521040E+14   5.5151E-06   6.7954E-06   0.81159
FLUX  455   545.00        5.500780E+14   5.9042E-06   6.8152E-06   0.86633
FLUX  456   547.00        5.480667E+14   5.6324E-06   6.8348E-06   0.82407
FLUX  457   549.00        5.460701E+14   5.5315E-06   6.8542E-06   0.80701
FLUX  458   551.00        5.440880E+14   5.5625E-06   6.8735E-06   0.80926
FLUX  459   553.00        5.421202E+14   5.7545E-06   6.8927E-06   0.83486
FLUX  460   555.00        5.401667E+14   5.8857E-06   6.9117E-06   0.85155
FLUX  461   557.00        5.382271E+14   5.8444E-06   6.9305E-06   0.84329
FLUX  462   559.00        5.363014E+14   5.6954E-06   6.9492E-06   0.81959
FLUX  463   561.00        5.343895E+14   6.0636E-06   6.9676E-06   0.87025
FLUX  464   563.00        5.324911E+14   5.9621E-06   7.0087E-06   0.85067
FLUX  465   565.00        5.306062E+14   6.0084E-06   7.0269E-06   0.85505
FLUX  466   567.00        5.287346E+14   5.8555E-06   7.0450E-06   0.83115
FLUX  467   569.00        5.268761E+14   6.1072E-06   7.0629E-06   0.86469
FLUX  468   571.00        5.250306E+14   5.9781E-06   7.0806E-06   0.84430
FLUX  469   573.00        5.231981E+14   6.6245E-06   7.0981E-06   0.93327
FLUX  470   575.00        5.213783E+14   6.2885E-06   7.1155E-06   0.88378
FLUX  471   577.00        5.195711E+14   6.4673E-06   7.1326E-06   0.90672
FLUX  472   579.00        5.177763E+14   6.1622E-06   7.1496E-06   0.86190
FLUX  473   581.00        5.159940E+14   6.4889E-06   7.1664E-06   0.90547
FLUX  474   583.00        5.142238E+14   6.7215E-06   7.1830E-06   0.93576
FLUX  475   585.00        5.124658E+14   6.5720E-06   7.1994E-06   0.91285
FLUX  476   587.00        5.107198E+14   6.6435E-06   7.2157E-06   0.92071
FLUX  477   589.00        5.089856E+14   6.2056E-06   7.2318E-06   0.85809
FLUX  478   591.00        5.072631E+14   6.6213E-06   7.2478E-06   0.91356
FLUX  479   593.00        5.055523E+14   6.6455E-06   7.2635E-06   0.91491
FLUX  480   595.00        5.038529E+14   6.7050E-06   7.2874E-06   0.92007
FLUX  481   597.00        5.021650E+14   6.8403E-06   7.3029E-06   0.93667
FLUX  482   599.00        5.004883E+14   6.7201E-06   7.3181E-06   0.91828
FLUX  483   601.00        4.988228E+14   6.6175E-06   7.3333E-06   0.90239
FLUX  484   603.00        4.971683E+14   6.8010E-06   7.3483E-06   0.92553
FLUX  485   605.00        4.955248E+14   6.9444E-06   7.3644E-06   0.94297
FLUX  486   607.00        4.938921E+14   7.0159E-06   7.3791E-06   0.95078
FLUX  487   609.00        4.922701E+14   6.6672E-06   7.3936E-06   0.90175
FLUX  488   611.00        4.906588E+14   6.6631E-06   7.4080E-06   0.89944
FLUX  489   613.00        4.890579E+14   6.4152E-06   7.4223E-06   0.86432
FLUX  490   615.00        4.874675E+14   6.5624E-06   7.4364E-06   0.88248
FLUX  491   617.00        4.858874E+14   6.4136E-06   7.4503E-06   0.86085
FLUX  492   619.00        4.843174E+14   6.8883E-06   7.4641E-06   0.92287
FLUX  493   621.00        4.827576E+14   6.9660E-06   7.4779E-06   0.93155
FLUX  494   623.00        4.812079E+14   6.7027E-06   7.4913E-06   0.89472
FLUX  495   625.00        4.796680E+14   6.4316E-06   7.5046E-06   0.85702
FLUX  496   627.00        4.781380E+14   6.9368E-06   7.5576E-06   0.91786
FLUX  497   629.00        4.766176E+14   7.0458E-06   7.5707E-06   0.93067
FLUX  498   631.00        4.751070E+14   6.7524E-06   7.5837E-06   0.89039
FLUX  499   633.00        4.736058E+14   6.8707E-06   7.5965E-06   0.90445
FLUX  500   635.00        4.721142E+14   6.8396E-06   7.6125E-06   0.89848
FLUX  501   637.00        4.706319E+14   6.8133E-06   7.6250E-06   0.89354
FLUX  502   639.00        4.691588E+14   7.0838E-06   7.6374E-06   0.92752
FLUX  503   641.00        4.676950E+14   6.9420E-06   7.6497E-06   0.90749
FLUX  504   643.00        4.662403E+14   7.0797E-06   7.6617E-06   0.92403
FLUX  505   645.00        4.647946E+14   7.0166E-06   7.6737E-06   0.91437
FLUX  506   647.00        4.633578E+14   7.0778E-06   7.6855E-06   0.92093
FLUX  507   649.00        4.619299E+14   6.9644E-06   7.6971E-06   0.90481
FLUX  508   651.00        4.605107E+14   7.1898E-06   7.7140E-06   0.93204
FLUX  509   653.00        4.591003E+14   7.1980E-06   7.7253E-06   0.93173
FLUX  510   655.00        4.576985E+14   7.0931E-06   7.7640E-06   0.91359
FLUX  511   657.00        4.563052E+14   6.4941E-06   7.7751E-06   0.83524
FLUX  512   659.00        4.549203E+14   7.2119E-06   7.7860E-06   0.92626
FLUX  513   661.00        4.535439E+14   7.3158E-06   7.7968E-06   0.93831
FLUX  514   663.00        4.521757E+14   7.2794E-06   7.8075E-06   0.93236
FLUX  515   665.00        4.508158E+14   7.3156E-06   7.8181E-06   0.93573
FLUX  516   667.00        4.494640E+14   7.2192E-06   7.8285E-06   0.92217
FLUX  517   669.00        4.481203E+14   7.4491E-06   7.8388E-06   0.95029
FLUX  518   671.00        4.467846E+14   7.2412E-06   7.8489E-06   0.92257
FLUX  519   673.00        4.454569E+14   7.4626E-06   7.8589E-06   0.94957
FLUX  520   675.00        4.441370E+14   7.3251E-06   7.8688E-06   0.93091
FLUX  521   677.00        4.428250E+14   7.4186E-06   7.8785E-06   0.94162
FLUX  522   679.00        4.415206E+14   7.3516E-06   7.8882E-06   0.93197
FLUX  523   681.00        4.402239E+14   7.3866E-06   7.8977E-06   0.93529
FLUX  524   683.00        4.389348E+14   7.4972E-06   7.9070E-06   0.94817
FLUX  525   685.00        4.376533E+14   7.2936E-06   7.9163E-06   0.92133
FLUX  526   687.00        4.363792E+14   7.4726E-06   7.9254E-06   0.94287
FLUX  527   689.00        4.351125E+14   7.5415E-06   7.9344E-06   0.95049
FLUX  528   691.00        4.338531E+14   7.4848E-06   7.9433E-06   0.94228
FLUX  529   693.00        4.326010E+14   7.4657E-06   7.9520E-06   0.93884
FLUX  530   695.00        4.313561E+14   7.4566E-06   7.9606E-06   0.93668
FLUX  531   697.00        4.301184E+14   7.4928E-06   7.9691E-06   0.94023
FLUX  532   699.00        4.288877E+14   7.5027E-06   7.9780E-06   0.94043
FLUX  533   701.00        4.276640E+14   7.1716E-06   7.9862E-06   0.89800
FLUX  534   703.00        4.264474E+14   7.4211E-06   7.9944E-06   0.92829
FLUX  535   705.00        4.252376E+14   7.5479E-06   8.0024E-06   0.94321
FLUX  536   707.00        4.240346E+14   7.4642E-06   8.0103E-06   0.93183
FLUX  537   709.00        4.228385E+14   7.4590E-06   8.0180E-06   0.93028
FLUX  538   711.00        4.216491E+14   7.4628E-06   8.0257E-06   0.92987
FLUX  539   713.00        4.204663E+14   7.3758E-06   8.0332E-06   0.91817
FLUX  540   715.00        4.192902E+14   7.4016E-06   8.0406E-06   0.92053
FLUX  541   717.00        4.181206E+14   7.3930E-06   8.0479E-06   0.91863
FLUX  542   719.00        4.169576E+14   7.1369E-06   8.0550E-06   0.88601
FLUX  543   721.00        4.158010E+14   7.4566E-06   8.0621E-06   0.92490
FLUX  544   723.00        4.146508E+14   7.4430E-06   8.0690E-06   0.92242
FLUX  545   725.00        4.135069E+14   7.5444E-06   8.0922E-06   0.93229
FLUX  546   727.00        4.123693E+14   7.5564E-06   8.0990E-06   0.93301
FLUX  547   729.00        4.112380E+14   7.2707E-06   8.1056E-06   0.89700
FLUX  548   731.00        4.101129E+14   7.4972E-06   8.1480E-06   0.92013
FLUX  549   733.00        4.089939E+14   7.5457E-06   8.1545E-06   0.92534
FLUX  550   735.00        4.078809E+14   7.5649E-06   8.1609E-06   0.92697
FLUX  551   737.00        4.067741E+14   7.6532E-06   8.1672E-06   0.93707
FLUX  552   739.00        4.056732E+14   7.4401E-06   8.1733E-06   0.91028
FLUX  553   741.00        4.045783E+14   7.4105E-06   8.1794E-06   0.90600
FLUX  554   743.00        4.034892E+14   7.4701E-06   8.1854E-06   0.91262
FLUX  555   745.00        4.024060E+14   7.5548E-06   8.1912E-06   0.92230
FLUX  556   747.00        4.013286E+14   7.6687E-06   8.1970E-06   0.93555
FLUX  557   749.00        4.002570E+14   7.6037E-06   8.2026E-06   0.92698
FLUX  558   751.00        3.991911E+14   7.6955E-06   8.2082E-06   0.93754
FLUX  559   753.00        3.981308E+14   7.7530E-06   8.2137E-06   0.94391
FLUX  560   755.00        3.970762E+14   7.8306E-06   8.2190E-06   0.95274
FLUX  561   757.00        3.960271E+14   7.7525E-06   8.2243E-06   0.94264
FLUX  562   759.00        3.949835E+14   7.7722E-06   8.2295E-06   0.94443
FLUX  563   761.00        3.939455E+14   7.7566E-06   8.2345E-06   0.94197
FLUX  564   763.00        3.929128E+14   7.8743E-06   8.2395E-06   0.95568
FLUX  565   765.00        3.918856E+14   7.8644E-06   8.2443E-06   0.95391
FLUX  566   767.00        3.908638E+14   7.6249E-06   8.2491E-06   0.92433
FLUX  567   769.00        3.898472E+14   7.8652E-06   8.2538E-06   0.95292
FLUX  568   771.00        3.888359E+14   7.7787E-06   8.2584E-06   0.94191
FLUX  569   773.00        3.878299E+14   7.7798E-06   8.2629E-06   0.94154
FLUX  570   775.00        3.868290E+14   7.7445E-06   8.2673E-06   0.93677
FLUX  571   777.00        3.858333E+14   7.8896E-06   8.2716E-06   0.95382
FLUX  572   779.00        3.848427E+14   7.9957E-06   8.2758E-06   0.96615
FLUX  573   781.00        3.838572E+14   7.9329E-06   8.2799E-06   0.95808
FLUX  574   783.00        3.828768E+14   7.8830E-06   8.2840E-06   0.95160
FLUX  575   785.00        3.819013E+14   7.8410E-06   8.2880E-06   0.94607
FLUX  576   787.00        3.809307E+14   7.9540E-06   8.2918E-06   0.95926
FLUX  577   789.00        3.799651E+14   7.8460E-06   8.2956E-06   0.94581
FLUX  578   791.00        3.790044E+14   7.6728E-06   8.2993E-06   0.92452
FLUX  579   793.00        3.780485E+14   7.6055E-06   8.3029E-06   0.91601
FLUX  580   795.00        3.770975E+14   7.6069E-06   8.3064E-06   0.91579
FLUX  581   797.00        3.761512E+14   7.8503E-06   8.3122E-06   0.94443
FLUX  582   799.00        3.752096E+14   7.8805E-06   8.3156E-06   0.94768
FLUX  583   801.00        3.742728E+14   7.8174E-06   8.3188E-06   0.93973
FLUX  584   803.00        3.733406E+14   7.8122E-06   8.3220E-06   0.93875
FLUX  585   805.00        3.724130E+14   7.7850E-06   8.3251E-06   0.93513
FLUX  586   807.00        3.714901E+14   7.8228E-06   8.3281E-06   0.93933
FLUX  587   809.00        3.705717E+14   7.6546E-06   8.3310E-06   0.91882
FLUX  588   811.00        3.696578E+14   7.7760E-06   8.3338E-06   0.93307
FLUX  589   813.00        3.687485E+14   7.8711E-06   8.3366E-06   0.94417
FLUX  590   815.00        3.678436E+14   7.8176E-06   8.3392E-06   0.93745
FLUX  591   817.00        3.669431E+14   7.8697E-06   8.3418E-06   0.94340
FLUX  592   819.00        3.660470E+14   7.6614E-06   8.3443E-06   0.91816
FLUX  593   821.00        3.651553E+14   7.6491E-06   8.4711E-06   0.90295
FLUX  594   823.00        3.642679E+14   7.7350E-06   8.4736E-06   0.91284
FLUX  595   825.00        3.633848E+14   7.8161E-06   8.4759E-06   0.92215
FLUX  596   827.00        3.625060E+14   7.9592E-06   8.4782E-06   0.93879
FLUX  597   829.00        3.616315E+14   7.9312E-06   8.4804E-06   0.93523
FLUX  598   831.00        3.607611E+14   7.6626E-06   8.4826E-06   0.90334
FLUX  599   833.00        3.598950E+14   7.7417E-06   8.4846E-06   0.91244
FLUX  600   835.00        3.590329E+14   7.7753E-06   8.4867E-06   0.91617
FLUX  601   837.00        3.581750E+14   7.8755E-06   8.4886E-06   0.92777
FLUX  602   839.00        3.573212E+14   7.7284E-06   8.4905E-06   0.91025
FLUX  603   841.00        3.564715E+14   7.9113E-06   8.4923E-06   0.93159
FLUX  604   843.00        3.556257E+14   7.7300E-06   8.4940E-06   0.91005
FLUX  605   845.00        3.547840E+14   7.8281E-06   8.4957E-06   0.92142
FLUX  606   847.00        3.539463E+14   7.8035E-06   8.4973E-06   0.91835
FLUX  607   849.00        3.531125E+14   7.6769E-06   8.4989E-06   0.90329
FLUX  608   851.00        3.522826E+14   7.1919E-06   8.5004E-06   0.84607
FLUX  609   853.00        3.514566E+14   7.4821E-06   8.5018E-06   0.88006
FLUX  610   855.00        3.506345E+14   5.9561E-06   8.5063E-06   0.70020
FLUX  611   857.00        3.498162E+14   7.9752E-06   8.5076E-06   0.93742
FLUX  612   859.00        3.490017E+14   7.7984E-06   8.5089E-06   0.91649
FLUX  613   861.00        3.481911E+14   7.8214E-06   8.5101E-06   0.91906
FLUX  614   863.00        3.473841E+14   8.0402E-06   8.5113E-06   0.94465
FLUX  615   865.00        3.465809E+14   7.8049E-06   8.5124E-06   0.91688
FLUX  616   867.00        3.457814E+14   6.2072E-06   8.5134E-06   0.72910
FLUX  617   869.00        3.449856E+14   7.7265E-06   8.5144E-06   0.90746
FLUX  618   871.00        3.441935E+14   7.9885E-06   8.5154E-06   0.93813
FLUX  619   873.00        3.434049E+14   8.0302E-06   8.5162E-06   0.94292
FLUX  620   875.00        3.426200E+14   7.7314E-06   8.5170E-06   0.90776
FLUX  621   877.00        3.418387E+14   8.1257E-06   8.5178E-06   0.95397
FLUX  622   879.00        3.410609E+14   8.0525E-06   8.5185E-06   0.94529
FLUX  623   881.00        3.402866E+14   7.8966E-06   8.5192E-06   0.92692
FLUX  624   883.00        3.395159E+14   8.0593E-06   8.5198E-06   0.94595
FLUX  625   885.00        3.387486E+14   8.0629E-06   8.5204E-06   0.94630
FLUX  626   887.00        3.379848E+14   7.7248E-06   8.5209E-06   0.90658
FLUX  627   889.00        3.372244E+14   8.1037E-06   8.5213E-06   0.95100
FLUX  628   891.00        3.364674E+14   8.2452E-06   8.5217E-06   0.96756
FLUX  629   893.00        3.357139E+14   8.0060E-06   8.5220E-06   0.93945
FLUX  630   895.00        3.349637E+14   8.0868E-06   8.5223E-06   0.94889
FLUX  631   897.00        3.342168E+14   8.0922E-06   8.5226E-06   0.94950
FLUX  632   899.00        3.334733E+14   8.1267E-06   8.5227E-06   0.95353
FLUX  633   901.00        3.327331E+14   7.6503E-06   8.5229E-06   0.89762
FLUX  634   903.00        3.319961E+14   8.0201E-06   8.5229E-06   0.94101
FLUX  635   905.00        3.312624E+14   8.3029E-06   8.5229E-06   0.97419
FLUX  636   907.00        3.305320E+14   8.1014E-06   8.5229E-06   0.95055
FLUX  637   909.00        3.298047E+14   7.8313E-06   8.5228E-06   0.91887
FLUX  638   911.00        3.290807E+14   7.9121E-06   8.5226E-06   0.92837
FLUX  639   913.00        3.283598E+14   8.2390E-06   8.5224E-06   0.96674
FLUX  640   915.00        3.276421E+14   7.9625E-06   8.5222E-06   0.93433
FLUX  641   917.00        3.269275E+14   7.8582E-06   8.5219E-06   0.92212
FLUX  642   919.00        3.262160E+14   7.9504E-06   8.5216E-06   0.93297
FLUX  643   921.00        3.255076E+14   7.6687E-06   8.5212E-06   0.89995
FLUX  644   923.00        3.248023E+14   7.5243E-06   8.5208E-06   0.88304
FLUX  645   925.00        3.241000E+14   7.6754E-06   8.5204E-06   0.90083
FLUX  646   927.00        3.234008E+14   7.8779E-06   8.5200E-06   0.92464
FLUX  647   929.00        3.227045E+14   7.8938E-06   8.5195E-06   0.92656
FLUX  648   931.00        3.220113E+14   8.0290E-06   8.5190E-06   0.94249
FLUX  649   933.00        3.213210E+14   8.0160E-06   8.5184E-06   0.94101
FLUX  650   935.00        3.206337E+14   8.0122E-06   8.5178E-06   0.94064
FLUX  651   937.00        3.199493E+14   8.0053E-06   8.5172E-06   0.93990
FLUX  652   939.00        3.192678E+14   7.9196E-06   8.5165E-06   0.92991
FLUX  653   941.00        3.185893E+14   7.5973E-06   8.5158E-06   0.89214
FLUX  654   943.00        3.179136E+14   7.8536E-06   8.5151E-06   0.92231
FLUX  655   945.00        3.172407E+14   7.7286E-06   8.5143E-06   0.90772
FLUX  656   947.00        3.165707E+14   7.9677E-06   8.5135E-06   0.93589
FLUX  657   949.00        3.159036E+14   8.0123E-06   8.5126E-06   0.94122
FLUX  658   951.00        3.152392E+14   8.0138E-06   8.5117E-06   0.94150
FLUX  659   953.00        3.145776E+14   7.9429E-06   8.5108E-06   0.93327
FLUX  660   955.00        3.139188E+14   7.6862E-06   8.5098E-06   0.90322
FLUX  661   957.00        3.132628E+14   7.9262E-06   8.5088E-06   0.93153
FLUX  662   959.00        3.126095E+14   8.0784E-06   8.5077E-06   0.94954
FLUX  663   961.00        3.119589E+14   7.9808E-06   8.5066E-06   0.93818
FLUX  664   963.00        3.113110E+14   7.9059E-06   8.5055E-06   0.92950
FLUX  665   965.00        3.106658E+14   7.9145E-06   8.5043E-06   0.93064
FLUX  666   967.00        3.100233E+14   7.8430E-06   8.5031E-06   0.92237
FLUX  667   969.00        3.093834E+14   7.9837E-06   8.5019E-06   0.93905
FLUX  668   971.00        3.087461E+14   8.0252E-06   8.5006E-06   0.94407
FLUX  669   973.00        3.081115E+14   8.0609E-06   8.4993E-06   0.94842
FLUX  670   975.00        3.074795E+14   7.9343E-06   8.4980E-06   0.93367
FLUX  671   977.00        3.068500E+14   8.0226E-06   8.4966E-06   0.94421
FLUX  672   979.00        3.062232E+14   7.9287E-06   8.4952E-06   0.93332
FLUX  673   981.00        3.055989E+14   8.1259E-06   8.4938E-06   0.95669
FLUX  674   983.00        3.049771E+14   8.0860E-06   8.4923E-06   0.95215
FLUX  675   985.00        3.043579E+14   8.1145E-06   8.4908E-06   0.95568
FLUX  676   987.00        3.037411E+14   8.0907E-06   8.4893E-06   0.95304
FLUX  677   989.00        3.031269E+14   8.1149E-06   8.4878E-06   0.95607
FLUX  678   991.00        3.025151E+14   8.0434E-06   8.4862E-06   0.94783
FLUX  679   993.00        3.019058E+14   8.1990E-06   8.4846E-06   0.96635
FLUX  680   995.00        3.012990E+14   8.1696E-06   8.4830E-06   0.96306
FLUX  681   997.00        3.006946E+14   8.1968E-06   8.4813E-06   0.96646
FLUX  682   999.00        3.000926E+14   8.1996E-06   8.4796E-06   0.96697
FLUX  683  1002.50        2.990449E+14   8.1449E-06   8.4767E-06   0.96086
FLUX  684  1007.50        2.975608E+14   8.0536E-06   8.4723E-06   0.95058
FLUX  685  1012.50        2.960914E+14   8.1729E-06   8.4679E-06   0.96516
FLUX  686  1017.50        2.946364E+14   8.0870E-06   8.4633E-06   0.95553
FLUX  687  1022.50        2.931956E+14   8.1656E-06   8.4587E-06   0.96535
FLUX  688  1027.50        2.917689E+14   8.2513E-06   8.4540E-06   0.97603
FLUX  689  1032.50        2.903559E+14   8.1345E-06   8.4492E-06   0.96275
FLUX  690  1037.50        2.889566E+14   8.1501E-06   8.4443E-06   0.96516
FLUX  691  1042.50        2.875707E+14   8.2023E-06   8.4393E-06   0.97192
FLUX  692  1047.50        2.861981E+14   8.0893E-06   8.4341E-06   0.95911
FLUX  693  1052.50        2.848385E+14   8.1698E-06   8.4287E-06   0.96927
FLUX  694  1057.50        2.834917E+14   8.1679E-06   8.4232E-06   0.96969
FLUX  695  1062.50        2.821576E+14   8.1690E-06   8.4182E-06   0.97039
FLUX  696  1067.50        2.808361E+14   7.9924E-06   8.4125E-06   0.95005
FLUX  697  1072.50        2.795268E+14   8.0690E-06   8.4067E-06   0.95983
FLUX  698  1077.50        2.782297E+14   8.0578E-06   8.4009E-06   0.95916
FLUX  699  1082.50        2.769446E+14   7.9548E-06   8.3952E-06   0.94754
FLUX  700  1087.50        2.756713E+14   7.9531E-06   8.3894E-06   0.94799
FLUX  701  1092.50        2.744096E+14   7.8309E-06   8.3835E-06   0.93408
FLUX  702  1097.50        2.731595E+14   7.6110E-06   8.3776E-06   0.90849
FLUX  703  1102.50        2.719206E+14   7.7015E-06   8.3716E-06   0.91996
FLUX  704  1107.50        2.706930E+14   7.7824E-06   8.3654E-06   0.93031
FLUX  705  1112.50        2.694764E+14   7.7819E-06   8.3592E-06   0.93093
FLUX  706  1117.50        2.682707E+14   7.8495E-06   8.3530E-06   0.93972
FLUX  707  1122.50        2.670757E+14   7.8824E-06   8.3467E-06   0.94436
FLUX  708  1127.50        2.658913E+14   7.7398E-06   8.3405E-06   0.92797
FLUX  709  1132.50        2.647174E+14   7.8410E-06   8.3343E-06   0.94080
FLUX  710  1137.50        2.635538E+14   7.7976E-06   8.3281E-06   0.93629
FLUX  711  1142.50        2.624004E+14   7.7761E-06   8.3218E-06   0.93443
FLUX  712  1147.50        2.612571E+14   7.9920E-06   8.3154E-06   0.96111
FLUX  713  1152.50        2.601236E+14   7.9860E-06   8.3090E-06   0.96113
FLUX  714  1157.50        2.590000E+14   7.9106E-06   8.3025E-06   0.95279
FLUX  715  1162.50        2.578860E+14   7.8304E-06   8.2961E-06   0.94387
FLUX  716  1167.50        2.567816E+14   7.8481E-06   8.2896E-06   0.94675
FLUX  717  1172.50        2.556866E+14   8.0418E-06   8.2831E-06   0.97087
FLUX  718  1177.50        2.546008E+14   7.8751E-06   8.2766E-06   0.95149
FLUX  719  1182.50        2.535243E+14   7.8980E-06   8.2702E-06   0.95499
FLUX  720  1187.50        2.524568E+14   7.8303E-06   8.2661E-06   0.94728
FLUX  721  1192.50        2.513983E+14   8.0787E-06   8.2596E-06   0.97810
FLUX  722  1197.50        2.503486E+14   7.7905E-06   8.2532E-06   0.94394
FLUX  723  1202.50        2.493077E+14   7.9586E-06   8.2467E-06   0.96506
FLUX  724  1207.50        2.482754E+14   7.8812E-06   8.2402E-06   0.95643
FLUX  725  1212.50        2.472515E+14   7.9128E-06   8.2337E-06   0.96103
FLUX  726  1217.50        2.462361E+14   8.0203E-06   8.2272E-06   0.97486
FLUX  727  1222.50        2.452290E+14   8.0092E-06   8.2207E-06   0.97428
FLUX  728  1227.50        2.442301E+14   7.9987E-06   8.2142E-06   0.97376
FLUX  729  1232.50        2.432393E+14   7.9742E-06   8.2077E-06   0.97154
FLUX  730  1237.50        2.422566E+14   7.9856E-06   8.2014E-06   0.97369
FLUX  731  1242.50        2.412817E+14   7.9591E-06   8.1950E-06   0.97121
FLUX  732  1247.50        2.403146E+14   8.0110E-06   8.1887E-06   0.97830
FLUX  733  1252.50        2.393553E+14   7.9324E-06   8.1824E-06   0.96945
FLUX  734  1257.50        2.384036E+14   7.9367E-06   8.1761E-06   0.97072
FLUX  735  1262.50        2.374594E+14   7.9736E-06   8.1699E-06   0.97598
FLUX  736  1267.50        2.365227E+14   7.9088E-06   8.1637E-06   0.96877
FLUX  737  1272.50        2.355933E+14   7.9750E-06   8.1576E-06   0.97762
FLUX  738  1277.50        2.346712E+14   8.0103E-06   8.1515E-06   0.98268
FLUX  739  1282.50        2.337563E+14   7.5275E-06   8.1456E-06   0.92412
FLUX  740  1287.50        2.328485E+14   7.9014E-06   8.1396E-06   0.97073
FLUX  741  1292.50        2.319478E+14   7.8559E-06   8.1337E-06   0.96584
FLUX  742  1297.50        2.310539E+14   7.9616E-06   8.1278E-06   0.97955
FLUX  743  1302.50        2.301670E+14   7.8562E-06   8.1219E-06   0.96729
FLUX  744  1307.50        2.292868E+14   7.9528E-06   8.1160E-06   0.97988
FLUX  745  1312.50        2.284133E+14   7.8540E-06   8.1101E-06   0.96842
FLUX  746  1317.50        2.275465E+14   7.8435E-06   8.1043E-06   0.96783
FLUX  747  1322.50        2.266862E+14   7.9082E-06   8.0984E-06   0.97652
FLUX  748  1327.50        2.258324E+14   7.7921E-06   8.0926E-06   0.96287
FLUX  749  1332.50        2.249850E+14   7.8854E-06   8.0868E-06   0.97510
FLUX  750  1337.50        2.241439E+14   7.8505E-06   8.0810E-06   0.97147
FLUX  751  1342.50        2.233091E+14   7.9019E-06   8.0752E-06   0.97854
FLUX  752  1347.50        2.224805E+14   7.8881E-06   8.0694E-06   0.97752
FLUX  753  1352.50        2.216580E+14   7.8841E-06   8.0638E-06   0.97772
FLUX  754  1357.50        2.208416E+14   7.7576E-06   8.0581E-06   0.96271
FLUX  755  1362.50        2.200312E+14   7.7918E-06   8.0525E-06   0.96763
FLUX  756  1367.50        2.192267E+14   7.7902E-06   8.0467E-06   0.96812
FLUX  757  1372.50        2.184280E+14   7.7706E-06   8.0410E-06   0.96638
FLUX  758  1377.50        2.176352E+14   7.7921E-06   8.0353E-06   0.96974
FLUX  759  1382.50        2.168481E+14   7.8168E-06   8.0294E-06   0.97352
FLUX  760  1387.50        2.160667E+14   7.8352E-06   8.0236E-06   0.97652
FLUX  761  1392.50        2.152908E+14   7.8120E-06   8.0178E-06   0.97434
FLUX  762  1397.50        2.145206E+14   7.8142E-06   8.0134E-06   0.97514
FLUX  763  1402.50        2.137558E+14   7.7298E-06   8.0079E-06   0.96528
FLUX  764  1407.50        2.129964E+14   7.7276E-06   8.0020E-06   0.96571
FLUX  765  1412.50        2.122425E+14   7.5617E-06   7.9961E-06   0.94567
FLUX  766  1417.50        2.114938E+14   7.6498E-06   7.9901E-06   0.95741
FLUX  767  1422.50        2.107504E+14   7.5370E-06   7.9849E-06   0.94391
FLUX  768  1427.50        2.100123E+14   7.4525E-06   7.9788E-06   0.93403
FLUX  769  1432.50        2.092792E+14   7.5907E-06   7.9726E-06   0.95210
FLUX  770  1437.50        2.085513E+14   7.6788E-06   7.9662E-06   0.96393
FLUX  771  1442.50        2.078284E+14   7.3403E-06   7.9598E-06   0.92217
FLUX  772  1447.50        2.071105E+14   7.6204E-06   7.9532E-06   0.95816
FLUX  773  1452.50        2.063976E+14   7.4437E-06   7.9465E-06   0.93672
FLUX  774  1457.00        2.057601E+14   7.5421E-06   7.9405E-06   0.94983
FLUX  775  1462.00        2.050564E+14   7.4771E-06   8.0581E-06   0.92790
FLUX  776  1467.50        2.042879E+14   7.5088E-06   8.0558E-06   0.93210
FLUX  777  1472.50        2.035942E+14   7.3819E-06   8.0505E-06   0.91695
FLUX  778  1477.50        2.029052E+14   7.4043E-06   8.0449E-06   0.92037
FLUX  779  1482.50        2.022209E+14   7.4254E-06   8.0391E-06   0.92366
FLUX  780  1487.50        2.015412E+14   7.3806E-06   8.0330E-06   0.91879
FLUX  781  1492.50        2.008660E+14   7.5766E-06   8.0268E-06   0.94392
FLUX  782  1497.50        2.001953E+14   7.4765E-06   8.0203E-06   0.93220
FLUX  783  1502.50        1.995291E+14   7.4107E-06   8.0135E-06   0.92478
FLUX  784  1507.50        1.988673E+14   7.3360E-06   8.0065E-06   0.91626
FLUX  785  1512.50        1.982099E+14   7.4211E-06   7.9992E-06   0.92773
FLUX  786  1517.50        1.975568E+14   7.4939E-06   7.9916E-06   0.93772
FLUX  787  1522.50        1.969080E+14   7.3885E-06   7.9836E-06   0.92546
FLUX  788  1527.50        1.962635E+14   7.4809E-06   7.9752E-06   0.93802
FLUX  789  1532.50        1.956232E+14   7.4234E-06   7.9664E-06   0.93184
FLUX  790  1537.50        1.949870E+14   7.4707E-06   7.9572E-06   0.93887
FLUX  791  1542.50        1.943549E+14   7.3874E-06   7.9475E-06   0.92953
FLUX  792  1547.50        1.937270E+14   7.4202E-06   7.9374E-06   0.93484
FLUX  793  1552.50        1.931031E+14   7.3390E-06   7.9268E-06   0.92585
FLUX  794  1557.50        1.924831E+14   7.2300E-06   7.9157E-06   0.91337
FLUX  795  1562.50        1.918672E+14   7.5017E-06   7.9039E-06   0.94911
FLUX  796  1567.50        1.912552E+14   7.2349E-06   7.8915E-06   0.91680
FLUX  797  1572.50        1.906471E+14   7.2962E-06   7.8784E-06   0.92610
FLUX  798  1577.50        1.900428E+14   7.1603E-06   7.8648E-06   0.91043
FLUX  799  1582.50        1.894423E+14   7.2789E-06   7.8503E-06   0.92721
FLUX  800  1587.50        1.888457E+14   6.8145E-06   7.8351E-06   0.86975
FLUX  801  1592.50        1.882527E+14   7.1562E-06   7.8190E-06   0.91524
FLUX  802  1597.50        1.876635E+14   7.3368E-06   7.8021E-06   0.94036
FLUX  803  1605.00        1.867866E+14   7.2526E-06   7.7749E-06   0.93281
FLUX  804  1615.00        1.856300E+14   7.0839E-06   7.7348E-06   0.91585
FLUX  805  1625.00        1.844877E+14   7.2987E-06   7.6893E-06   0.94920
FLUX  806  1635.00        1.833593E+14   7.1900E-06   7.6358E-06   0.94162
FLUX  807  1645.00        1.822447E+14   6.9616E-06   7.5716E-06   0.91944
FLUX  808  1655.00        1.811435E+14   7.1642E-06   7.5005E-06   0.95516
FLUX  809  1665.00        1.800556E+14   7.1448E-06   7.4304E-06   0.96157
FLUX  810  1675.00        1.789806E+14   7.0098E-06   7.3621E-06   0.95215
FLUX  811  1685.00        1.779184E+14   6.7611E-06   7.2938E-06   0.92696
FLUX  812  1695.00        1.768687E+14   7.0435E-06   7.2265E-06   0.97469
FLUX  813  1705.00        1.758314E+14   6.8458E-06   7.1599E-06   0.95612
FLUX  814  1715.00        1.748061E+14   6.8982E-06   7.0943E-06   0.97235
FLUX  815  1725.00        1.737928E+14   6.7022E-06   7.0296E-06   0.95343
FLUX  816  1735.00        1.727911E+14   6.4042E-06   6.9657E-06   0.91939
FLUX  817  1745.00        1.718009E+14   6.6020E-06   6.9026E-06   0.95645
FLUX  818  1755.00        1.708219E+14   6.5897E-06   6.8404E-06   0.96334
FLUX  819  1765.00        1.698541E+14   6.5513E-06   6.7790E-06   0.96640
FLUX  820  1775.00        1.688972E+14   6.4579E-06   6.7184E-06   0.96123
FLUX  821  1785.00        1.679510E+14   6.4527E-06   6.6586E-06   0.96908
FLUX  822  1795.00        1.670153E+14   6.4209E-06   6.5995E-06   0.97294
FLUX  823  1805.00        1.660900E+14   6.3099E-06   6.5411E-06   0.96465
FLUX  824  1815.00        1.651749E+14   6.0943E-06   6.4835E-06   0.93998
FLUX  825  1825.00        1.642699E+14   6.1715E-06   6.4266E-06   0.96031
FLUX  826  1835.00        1.633747E+14   6.1663E-06   6.3703E-06   0.96797
FLUX  827  1845.00        1.624892E+14   6.0710E-06   6.3148E-06   0.96138
FLUX  828  1855.00        1.616132E+14   6.0592E-06   6.2600E-06   0.96793
FLUX  829  1865.00        1.607466E+14   5.9292E-06   6.2058E-06   0.95542
FLUX  830  1875.00        1.598893E+14   5.6921E-06   6.1524E-06   0.92519
FLUX  831  1885.00        1.590411E+14   5.8817E-06   6.0996E-06   0.96427
FLUX  832  1895.00        1.582018E+14   5.6645E-06   6.0474E-06   0.93668
FLUX  833  1905.00        1.573714E+14   5.8539E-06   5.9959E-06   0.97631
FLUX  834  1915.00        1.565496E+14   5.7684E-06   5.9451E-06   0.97029
FLUX  835  1925.00        1.557364E+14   5.7436E-06   5.8949E-06   0.97433
FLUX  836  1935.00        1.549315E+14   5.6194E-06   5.8453E-06   0.96135
FLUX  837  1945.00        1.541350E+14   5.4038E-06   5.7963E-06   0.93227
FLUX  838  1955.00        1.533465E+14   5.6022E-06   5.7480E-06   0.97463
FLUX  839  1965.00        1.525662E+14   5.5297E-06   5.7002E-06   0.97009
FLUX  840  1975.00        1.517937E+14   5.4594E-06   5.6530E-06   0.96575
FLUX  841  1985.00        1.510290E+14   5.4550E-06   5.6063E-06   0.97301
FLUX  842  1995.00        1.502719E+14   5.4108E-06   5.5603E-06   0.97313
FLUX  843  2005.00        1.495224E+14   5.4096E-06   5.5147E-06   0.98093
FLUX  844  2015.00        1.487804E+14   5.4017E-06   5.4697E-06   0.98757
FLUX  845  2025.00        1.480457E+14   5.2819E-06   5.4252E-06   0.97358
FLUX  846  2035.00        1.473182E+14   5.2059E-06   5.3813E-06   0.96740
FLUX  847  2045.00        1.465978E+14   5.2700E-06   5.3379E-06   0.98729
FLUX  848  2055.00        1.458844E+14   5.1863E-06   5.2950E-06   0.97948
FLUX  849  2065.00        1.451780E+14   5.1309E-06   5.2526E-06   0.97685
FLUX  850  2075.00        1.444783E+14   5.0983E-06   5.2107E-06   0.97844
FLUX  851  2085.00        1.437854E+14   5.0506E-06   5.1692E-06   0.97705
FLUX  852  2095.00        1.430990E+14   4.9928E-06   5.1283E-06   0.97357
FLUX  853  2105.00        1.424192E+14   5.0135E-06   5.0879E-06   0.98539
FLUX  854  2115.00        1.417459E+14   4.9467E-06   5.0479E-06   0.97995
FLUX  855  2125.00        1.410788E+14   4.9022E-06   5.0084E-06   0.97880
FLUX  856  2135.00        1.404180E+14   4.8966E-06   4.9693E-06   0.98536
FLUX  857  2145.00        1.397634E+14   4.8641E-06   4.9306E-06   0.98650
FLUX  858  2155.00        1.391148E+14   4.8235E-06   4.8924E-06   0.98590
FLUX  859  2165.00        1.384723E+14   4.6078E-06   4.8547E-06   0.94914
FLUX  860  2175.00        1.378356E+14   4.6958E-06   4.8173E-06   0.97478
FLUX  861  2185.00        1.372048E+14   4.6947E-06   4.7804E-06   0.98208
FLUX  862  2195.00        1.365797E+14   4.6926E-06   4.7439E-06   0.98918
FLUX  863  2205.00        1.359603E+14   4.6046E-06   4.7078E-06   0.97808
FLUX  864  2215.00        1.353465E+14   4.6123E-06   4.6721E-06   0.98720
FLUX  865  2225.00        1.347382E+14   4.5702E-06   4.6367E-06   0.98564
FLUX  866  2235.00        1.341353E+14   4.5327E-06   4.6018E-06   0.98498
FLUX  867  2245.00        1.335379E+14   4.5031E-06   4.5673E-06   0.98596
FLUX  868  2255.00        1.329457E+14   4.4468E-06   4.5331E-06   0.98095
FLUX  869  2265.00        1.323587E+14   4.4077E-06   4.4993E-06   0.97965
FLUX  870  2275.00        1.317769E+14   4.4217E-06   4.4659E-06   0.99010
FLUX  871  2285.00        1.312002E+14   4.3472E-06   4.4537E-06   0.97610
FLUX  872  2295.00        1.306285E+14   4.1244E-06   4.4207E-06   0.93297
FLUX  873  2305.00        1.300618E+14   4.2296E-06   4.3882E-06   0.96387
FLUX  874  2315.00        1.295000E+14   4.2098E-06   4.3559E-06   0.96644
FLUX  875  2325.00        1.289430E+14   3.9611E-06   4.3241E-06   0.91605
FLUX  876  2335.00        1.283908E+14   4.0768E-06   4.2926E-06   0.94974
FLUX  877  2345.00        1.278433E+14   4.1119E-06   4.2614E-06   0.96493
FLUX  878  2355.00        1.273004E+14   3.8310E-06   4.2305E-06   0.90555
FLUX  879  2365.00        1.267622E+14   3.9881E-06   4.2000E-06   0.94953
FLUX  880  2375.00        1.262284E+14   3.9719E-06   4.1698E-06   0.95253
FLUX  881  2385.00        1.256992E+14   3.7360E-06   4.1400E-06   0.90241
FLUX  882  2395.00        1.251743E+14   3.8696E-06   4.1104E-06   0.94141
FLUX  883  2405.00        1.246538E+14   3.8796E-06   4.0812E-06   0.95060
FLUX  884  2415.00        1.241377E+14   3.6859E-06   4.0523E-06   0.90959
FLUX  885  2425.00        1.236258E+14   3.7617E-06   4.0236E-06   0.93489
FLUX  886  2435.00        1.231181E+14   3.7744E-06   3.9953E-06   0.94472
FLUX  887  2445.00        1.226145E+14   3.6625E-06   3.9673E-06   0.92318
FLUX  888  2455.00        1.221151E+14   3.6307E-06   3.9395E-06   0.92160
FLUX  889  2465.00        1.216197E+14   3.7236E-06   3.9121E-06   0.95182
FLUX  890  2475.00        1.211283E+14   3.6359E-06   3.8849E-06   0.93590
FLUX  891  2485.00        1.206408E+14   3.5586E-06   3.8580E-06   0.92240
FLUX  892  2495.00        1.201573E+14   3.5989E-06   3.8314E-06   0.93932
FLUX  893  2505.00        1.196776E+14   3.6264E-06   3.8050E-06   0.95304
FLUX  894  2515.00        1.192018E+14   3.5121E-06   3.7790E-06   0.92939
FLUX  895  2525.00        1.187297E+14   3.5551E-06   3.7531E-06   0.94724
FLUX  896  2535.00        1.182613E+14   3.5620E-06   3.7276E-06   0.95557
FLUX  897  2545.00        1.177967E+14   3.4983E-06   3.7023E-06   0.94491
FLUX  898  2555.00        1.173356E+14   3.4826E-06   3.6772E-06   0.94707
FLUX  899  2565.00        1.168782E+14   3.4476E-06   3.6524E-06   0.94392
FLUX  900  2575.00        1.164243E+14   3.4952E-06   3.6278E-06   0.96344
FLUX  901  2585.00        1.159739E+14   3.3726E-06   3.6035E-06   0.93591
FLUX  902  2595.00        1.155270E+14   3.4248E-06   3.5794E-06   0.95680
FLUX  903  2605.00        1.150835E+14   3.4244E-06   3.5556E-06   0.96311
FLUX  904  2615.00        1.146434E+14   3.3569E-06   3.5320E-06   0.95043
FLUX  905  2625.00        1.142067E+14   3.2822E-06   3.5086E-06   0.93547
FLUX  906  2635.00        1.137732E+14   3.3501E-06   3.4855E-06   0.96118
FLUX  907  2645.00        1.133431E+14   3.3282E-06   3.4625E-06   0.96121
FLUX  908  2655.00        1.129162E+14   3.3062E-06   3.4398E-06   0.96115
FLUX  909  2665.00        1.124925E+14   3.2617E-06   3.4174E-06   0.95445
FLUX  910  2675.00        1.120720E+14   3.2592E-06   3.3951E-06   0.95996
FLUX  911  2685.00        1.116546E+14   3.2901E-06   3.3730E-06   0.97541
FLUX  912  2695.00        1.112403E+14   3.2562E-06   3.3512E-06   0.97165
FLUX  913  2705.00        1.108290E+14   3.2519E-06   3.3296E-06   0.97666
FLUX  914  2715.00        1.104208E+14   3.2314E-06   3.3082E-06   0.97679
FLUX  915  2725.00        1.100156E+14   3.2176E-06   3.2870E-06   0.97891
FLUX  916  2735.00        1.096133E+14   3.1922E-06   3.2659E-06   0.97741
FLUX  917  2745.00        1.092140E+14   3.1929E-06   3.2451E-06   0.98390
FLUX  918  2755.00        1.088176E+14   3.1151E-06   3.2245E-06   0.96609
FLUX  919  2765.00        1.084240E+14   3.1272E-06   3.2041E-06   0.97602
FLUX  920  2775.00        1.080333E+14   3.1142E-06   3.1838E-06   0.97813
FLUX  921  2785.00        1.076454E+14   3.1042E-06   3.1638E-06   0.98118
FLUX  922  2795.00        1.072603E+14   3.1044E-06   3.1439E-06   0.98742
FLUX  923  2805.00        1.068779E+14   3.0821E-06   3.1242E-06   0.98652
FLUX  924  2815.00        1.064982E+14   3.0632E-06   3.1047E-06   0.98663
FLUX  925  2825.00        1.061212E+14   3.0441E-06   3.0854E-06   0.98660
FLUX  926  2835.00        1.057469E+14   3.0416E-06   3.0663E-06   0.99196
FLUX  927  2845.00        1.053752E+14   3.0032E-06   3.0473E-06   0.98552
FLUX  928  2855.00        1.050061E+14   2.9941E-06   3.0285E-06   0.98864
FLUX  929  2865.00        1.046396E+14   2.9708E-06   3.0099E-06   0.98700
FLUX  930  2875.00        1.042757E+14   2.8980E-06   2.9915E-06   0.96876
FLUX  931  2885.00        1.039142E+14   2.9368E-06   2.9732E-06   0.98777
FLUX  932  2895.00        1.035553E+14   2.9280E-06   2.9551E-06   0.99086
FLUX  933  2905.00        1.031988E+14   2.9119E-06   2.9371E-06   0.99141
FLUX  934  2915.00        1.028448E+14   2.8938E-06   2.9193E-06   0.99124
FLUX  935  2925.00        1.024932E+14   2.8599E-06   2.9017E-06   0.98560
FLUX  936  2935.00        1.021440E+14   2.8610E-06   2.8842E-06   0.99193
FLUX  937  2945.00        1.017971E+14   2.8356E-06   2.8669E-06   0.98909
FLUX  938  2955.00        1.014526E+14   2.8260E-06   2.8498E-06   0.99165
FLUX  939  2965.00        1.011105E+14   2.8141E-06   2.8328E-06   0.99343
FLUX  940  2975.00        1.007706E+14   2.7971E-06   2.8159E-06   0.99333
FLUX  941  2985.00        1.004330E+14   2.7812E-06   2.7992E-06   0.99357
FLUX  942  2995.00        1.000977E+14   2.7530E-06   2.7826E-06   0.98937
FLUX  943  3005.00        9.976456E+13   2.7399E-06   2.7662E-06   0.99050
FLUX  944  3015.00        9.943366E+13   2.7327E-06   2.7500E-06   0.99372
FLUX  945  3025.00        9.910496E+13   2.7137E-06   2.7338E-06   0.99262
FLUX  946  3035.00        9.877842E+13   2.6478E-06   2.7178E-06   0.97425
FLUX  947  3045.00        9.845402E+13   2.6702E-06   2.7020E-06   0.98824
FLUX  948  3055.00        9.813175E+13   2.6653E-06   2.6862E-06   0.99221
FLUX  949  3065.00        9.781158E+13   2.6470E-06   2.6706E-06   0.99117
FLUX  950  3075.00        9.749349E+13   2.6422E-06   2.6551E-06   0.99515
FLUX  951  3085.00        9.717747E+13   2.6071E-06   2.6397E-06   0.98763
FLUX  952  3095.00        9.686349E+13   2.6000E-06   2.6245E-06   0.99065
FLUX  953  3105.00        9.655153E+13   2.5965E-06   2.6094E-06   0.99504
FLUX  954  3115.00        9.624157E+13   2.5571E-06   2.5944E-06   0.98561
FLUX  955  3125.00        9.593360E+13   2.5607E-06   2.5796E-06   0.99268
FLUX  956  3135.00        9.562759E+13   2.5468E-06   2.5649E-06   0.99295
FLUX  957  3145.00        9.532353E+13   2.5376E-06   2.5503E-06   0.99503
FLUX  958  3155.00        9.502139E+13   2.5170E-06   2.5358E-06   0.99260
FLUX  959  3165.00        9.472117E+13   2.4992E-06   2.5215E-06   0.99117
FLUX  960  3175.00        9.442283E+13   2.4922E-06   2.5072E-06   0.99400
FLUX  961  3185.00        9.412637E+13   2.4776E-06   2.4931E-06   0.99379
FLUX  962  3195.00        9.383177E+13   2.4704E-06   2.4791E-06   0.99650
FLUX  963  3210.00        9.339330E+13   2.4443E-06   2.4583E-06   0.99429
FLUX  964  3230.00        9.281501E+13   2.4173E-06   2.4311E-06   0.99435
FLUX  965  3250.00        9.224385E+13   2.3872E-06   2.4042E-06   0.99295
FLUX  966  3270.00        9.167966E+13   2.3599E-06   2.3778E-06   0.99246
FLUX  967  3290.00        9.112234E+13   2.3050E-06   2.3540E-06   0.97919
FLUX  968  3310.00        9.057175E+13   2.3018E-06   2.3284E-06   0.98857
FLUX  969  3330.00        9.002778E+13   2.2756E-06   2.3032E-06   0.98803
FLUX  970  3350.00        8.949030E+13   2.2597E-06   2.2784E-06   0.99178
FLUX  971  3370.00        8.895920E+13   2.2295E-06   2.2540E-06   0.98914
FLUX  972  3390.00        8.843436E+13   2.2025E-06   2.2300E-06   0.98770
FLUX  973  3410.00        8.791569E+13   2.1759E-06   2.2063E-06   0.98622
FLUX  974  3430.00        8.740306E+13   2.1640E-06   2.1831E-06   0.99129
FLUX  975  3450.00        8.689638E+13   2.1477E-06   2.1602E-06   0.99425
FLUX  976  3470.00        8.639553E+13   2.1212E-06   2.1376E-06   0.99233
FLUX  977  3490.00        8.590043E+13   2.1017E-06   2.1154E-06   0.99354
FLUX  978  3510.00        8.541097E+13   2.0819E-06   2.0936E-06   0.99443
FLUX  979  3530.00        8.492705E+13   2.0542E-06   2.0720E-06   0.99139
FLUX  980  3550.00        8.444859E+13   2.0389E-06   2.0509E-06   0.99419
FLUX  981  3570.00        8.397549E+13   2.0145E-06   2.0300E-06   0.99237
FLUX  982  3590.00        8.350766E+13   1.9912E-06   2.0094E-06   0.99091
FLUX  983  3610.00        8.304501E+13   1.9802E-06   1.9892E-06   0.99550
FLUX  984  3630.00        8.258746E+13   1.9611E-06   1.9693E-06   0.99585
FLUX  985  3650.00        8.213493E+13   1.9263E-06   1.9496E-06   0.98806
FLUX  986  3670.00        8.168733E+13   1.9109E-06   1.9303E-06   0.98994
FLUX  987  3690.00        8.124458E+13   1.8741E-06   1.9112E-06   0.98057
FLUX  988  3710.00        8.080660E+13   1.8518E-06   1.8924E-06   0.97852
FLUX  989  3730.00        8.037332E+13   1.8411E-06   1.8739E-06   0.98249
FLUX  990  3750.00        7.994467E+13   1.7920E-06   1.8556E-06   0.96571
FLUX  991  3770.00        7.952056E+13   1.8112E-06   1.8376E-06   0.98564
FLUX  992  3790.00        7.910092E+13   1.7929E-06   1.8199E-06   0.98517
FLUX  993  3810.00        7.868569E+13   1.7778E-06   1.8024E-06   0.98636
FLUX  994  3830.00        7.827480E+13   1.7711E-06   1.7852E-06   0.99210
FLUX  995  3850.00        7.786818E+13   1.7582E-06   1.7682E-06   0.99435
FLUX  996  3870.00        7.746576E+13   1.7348E-06   1.7515E-06   0.99050
FLUX  997  3890.00        7.706748E+13   1.7154E-06   1.7350E-06   0.98873
FLUX  998  3910.00        7.667327E+13   1.7050E-06   1.7187E-06   0.99203
FLUX  999  3930.00        7.628308E+13   1.6931E-06   1.7026E-06   0.99443
FLUX 1000  3950.00        7.589683E+13   1.6645E-06   1.6868E-06   0.98677
FLUX 1001  3970.00        7.551448E+13   1.6564E-06   1.6712E-06   0.99113
FLUX 1002  3990.00        7.513596E+13   1.6234E-06   1.6558E-06   0.98044
FLUX 1003  4010.00        7.476122E+13   1.6172E-06   1.6406E-06   0.98575
FLUX 1004  4030.00        7.439020E+13   1.6108E-06   1.6256E-06   0.99087
FLUX 1005  4050.00        7.402284E+13   1.5848E-06   1.6109E-06   0.98382
FLUX 1006  4070.00        7.365909E+13   1.5812E-06   1.5963E-06   0.99056
FLUX 1007  4090.00        7.329890E+13   1.5682E-06   1.5819E-06   0.99135
FLUX 1008  4110.00        7.294221E+13   1.5595E-06   1.5677E-06   0.99477
FLUX 1009  4130.00        7.258898E+13   1.5483E-06   1.5537E-06   0.99652
FLUX 1010  4150.00        7.223916E+13   1.5274E-06   1.5399E-06   0.99186
FLUX 1011  4170.00        7.189269E+13   1.5120E-06   1.5263E-06   0.99065
FLUX 1012  4190.00        7.154952E+13   1.5036E-06   1.5128E-06   0.99389
FLUX 1013  4210.00        7.120962E+13   1.4833E-06   1.4996E-06   0.98912
FLUX 1014  4230.00        7.087293E+13   1.4842E-06   1.4865E-06   0.99846
FLUX 1015  4250.00        7.053941E+13   1.4636E-06   1.4735E-06   0.99323
FLUX 1016  4270.00        7.020902E+13   1.4552E-06   1.4608E-06   0.99619
FLUX 1017  4290.00        6.988170E+13   1.3954E-06   1.4482E-06   0.96355
FLUX 1018  4310.00        6.955742E+13   1.3577E-06   1.4358E-06   0.94560
FLUX 1019  4330.00        6.923614E+13   1.3740E-06   1.4235E-06   0.96524
FLUX 1020  4350.00        6.891782E+13   1.3153E-06   1.4114E-06   0.93191
FLUX 1021  4370.00        6.860240E+13   1.2978E-06   1.3994E-06   0.92741
FLUX 1022  4390.00        6.828986E+13   1.3079E-06   1.3876E-06   0.94256
FLUX 1023  4410.00        6.798016E+13   1.2333E-06   1.3759E-06   0.89639
FLUX 1024  4430.00        6.767325E+13   1.2521E-06   1.3644E-06   0.91772
FLUX 1025  4450.00        6.736910E+13   1.2450E-06   1.3530E-06   0.92015
FLUX 1026  4470.00        6.706767E+13   1.1866E-06   1.3420E-06   0.88419
FLUX 1027  4490.00        6.676893E+13   1.2109E-06   1.3309E-06   0.90983
FLUX 1028  4510.00        6.647284E+13   1.1986E-06   1.3199E-06   0.90804
FLUX 1029  4530.00        6.617936E+13   1.1489E-06   1.3091E-06   0.87761
FLUX 1030  4550.00        6.588846E+13   1.1680E-06   1.2984E-06   0.89955
FLUX 1031  4570.00        6.560011E+13   1.1652E-06   1.2878E-06   0.90481
FLUX 1032  4590.00        6.531427E+13   1.1157E-06   1.2774E-06   0.87341
FLUX 1033  4610.00        6.503091E+13   1.1370E-06   1.2671E-06   0.89732
FLUX 1034  4630.00        6.475000E+13   1.1232E-06   1.2568E-06   0.89363
FLUX 1035  4650.00        6.447150E+13   1.1071E-06   1.2468E-06   0.88796
FLUX 1036  4670.00        6.419540E+13   1.1076E-06   1.2368E-06   0.89554
FLUX 1037  4690.00        6.392164E+13   1.1071E-06   1.2270E-06   0.90232
FLUX 1038  4710.00        6.365021E+13   1.0891E-06   1.2173E-06   0.89475
FLUX 1039  4730.00        6.338108E+13   1.0998E-06   1.2076E-06   0.91067
FLUX 1040  4750.00        6.311421E+13   1.0873E-06   1.1982E-06   0.90752
FLUX 1041  4770.00        6.284958E+13   1.0762E-06   1.1888E-06   0.90531
FLUX 1042  4790.00        6.258716E+13   1.0688E-06   1.1795E-06   0.90613
FLUX 1043  4810.00        6.232692E+13   1.0558E-06   1.1703E-06   0.90216
FLUX 1044  4830.00        6.206884E+13   1.0687E-06   1.1613E-06   0.92031
FLUX 1045  4850.00        6.181289E+13   1.0521E-06   1.1523E-06   0.91301
FLUX 1046  4870.00        6.155903E+13   1.0431E-06   1.1435E-06   0.91223
FLUX 1047  4890.00        6.130726E+13   1.0422E-06   1.1347E-06   0.91851
FLUX 1048  4910.00        6.105753E+13   1.0285E-06   1.1261E-06   0.91335
FLUX 1049  4930.00        6.080984E+13   1.0253E-06   1.1175E-06   0.91745
FLUX 1050  4950.00        6.056414E+13   1.0175E-06   1.1090E-06   0.91741
FLUX 1051  4970.00        6.032042E+13   1.0144E-06   1.1007E-06   0.92159
FLUX 1052  4990.00        6.007866E+13   1.0048E-06   1.0924E-06   0.91983
FLUX 1053  5010.00        5.983882E+13   9.9284E-07   1.0842E-06   0.91570
FLUX 1054  5030.00        5.960089E+13   9.9816E-07   1.0762E-06   0.92752
FLUX 1055  5050.00        5.936485E+13   9.8329E-07   1.0682E-06   0.92054
FLUX 1056  5070.00        5.913067E+13   9.7902E-07   1.0603E-06   0.92338
FLUX 1057  5090.00        5.889833E+13   9.7488E-07   1.0524E-06   0.92630
FLUX 1058  5110.00        5.866781E+13   9.6431E-07   1.0447E-06   0.92305
FLUX 1059  5130.00        5.843908E+13   9.5806E-07   1.0371E-06   0.92382
FLUX 1060  5150.00        5.821214E+13   9.5519E-07   1.0295E-06   0.92782
FLUX 1061  5170.00        5.798694E+13   9.5815E-07   1.0220E-06   0.93751
FLUX 1062  5190.00        5.776349E+13   9.4488E-07   1.0146E-06   0.93127
FLUX 1063  5210.00        5.754175E+13   9.3463E-07   1.0073E-06   0.92787
FLUX 1064  5230.00        5.732170E+13   9.3028E-07   1.0000E-06   0.93024
FLUX 1065  5250.00        5.710333E+13   9.3103E-07   9.9288E-07   0.93771
FLUX 1066  5270.00        5.688662E+13   9.3128E-07   9.8579E-07   0.94471
FLUX 1067  5290.00        5.667155E+13   9.1263E-07   9.7877E-07   0.93243
FLUX 1068  5310.00        5.645810E+13   9.0980E-07   9.7183E-07   0.93617
FLUX 1069  5330.00        5.624625E+13   9.0664E-07   9.6496E-07   0.93956
FLUX 1070  5350.00        5.603598E+13   9.0119E-07   9.5817E-07   0.94054
FLUX 1071  5370.00        5.582728E+13   8.9525E-07   9.5144E-07   0.94094
FLUX 1072  5390.00        5.562013E+13   8.9284E-07   9.4479E-07   0.94502
FLUX 1073  5410.00        5.541451E+13   8.8731E-07   9.3820E-07   0.94576
FLUX 1074  5430.00        5.521040E+13   8.7556E-07   9.3169E-07   0.93975
FLUX 1075  5450.00        5.500780E+13   8.7741E-07   9.2524E-07   0.94830
FLUX 1076  5470.00        5.480667E+13   8.6886E-07   9.1885E-07   0.94559
FLUX 1077  5490.00        5.460701E+13   8.6398E-07   9.1254E-07   0.94679
FLUX 1078  5510.00        5.440880E+13   8.5961E-07   9.0628E-07   0.94850
FLUX 1079  5530.00        5.421202E+13   8.6259E-07   9.0010E-07   0.95834
FLUX 1080  5550.00        5.401667E+13   8.4633E-07   8.9397E-07   0.94671
FLUX 1081  5570.00        5.382271E+13   8.5264E-07   8.8791E-07   0.96028
FLUX 1082  5590.00        5.363014E+13   8.3922E-07   8.8190E-07   0.95160
FLUX 1083  5610.00        5.343895E+13   8.3828E-07   8.7596E-07   0.95698
FLUX 1084  5630.00        5.324911E+13   8.2899E-07   8.7008E-07   0.95277
FLUX 1085  5650.00        5.306062E+13   8.3159E-07   8.6426E-07   0.96220
FLUX 1086  5670.00        5.287346E+13   8.2605E-07   8.5849E-07   0.96221
FLUX 1087  5690.00        5.268761E+13   8.1415E-07   8.5278E-07   0.95469
FLUX 1088  5710.00        5.250306E+13   8.1643E-07   8.4713E-07   0.96376
FLUX 1089  5730.00        5.231981E+13   8.1241E-07   8.4154E-07   0.96539
FLUX 1090  5750.00        5.213783E+13   8.0723E-07   8.3600E-07   0.96559
FLUX 1091  5770.00        5.195711E+13   8.0069E-07   8.3051E-07   0.96409
FLUX 1092  5790.00        5.177763E+13   7.9968E-07   8.2508E-07   0.96922
FLUX 1093  5810.00        5.159940E+13   7.9147E-07   8.1970E-07   0.96556
FLUX 1094  5830.00        5.142238E+13   7.8828E-07   8.1437E-07   0.96796
FLUX 1095  5850.00        5.124658E+13   7.8563E-07   8.0914E-07   0.97095
FLUX 1096  5870.00        5.107198E+13   7.7718E-07   8.0392E-07   0.96674
FLUX 1097  5890.00        5.089856E+13   7.7249E-07   7.9874E-07   0.96714
FLUX 1098  5910.00        5.072631E+13   7.6912E-07   7.9362E-07   0.96914
FLUX 1099  5930.00        5.055523E+13   7.6679E-07   7.8854E-07   0.97241
FLUX 1100  5950.00        5.038529E+13   7.5715E-07   7.8351E-07   0.96636
FLUX 1101  5970.00        5.021650E+13   7.5946E-07   7.7853E-07   0.97551
FLUX 1102  5990.00        5.004883E+13   7.5478E-07   7.7360E-07   0.97567
FLUX 1103  6010.00        4.988228E+13   7.5060E-07   7.6871E-07   0.97643
FLUX 1104  6030.00        4.971683E+13   7.4666E-07   7.6387E-07   0.97747
FLUX 1105  6050.00        4.955248E+13   7.4078E-07   7.5908E-07   0.97589
FLUX 1106  6070.00        4.938921E+13   7.3603E-07   7.5433E-07   0.97575
FLUX 1107  6090.00        4.922701E+13   7.3183E-07   7.4962E-07   0.97627
FLUX 1108  6110.00        4.906588E+13   7.2565E-07   7.4496E-07   0.97407
FLUX 1109  6130.00        4.890579E+13   7.2462E-07   7.4034E-07   0.97876
FLUX 1110  6150.00        4.874675E+13   7.2125E-07   7.3576E-07   0.98027
FLUX 1111  6170.00        4.858874E+13   7.1807E-07   7.3123E-07   0.98200
FLUX 1112  6190.00        4.843174E+13   7.1479E-07   7.2674E-07   0.98356
FLUX 1113  6210.00        4.827576E+13   7.1121E-07   7.2229E-07   0.98467
FLUX 1114  6230.00        4.812079E+13   7.0442E-07   7.1787E-07   0.98126
FLUX 1115  6250.00        4.796680E+13   7.0047E-07   7.1350E-07   0.98173
FLUX 1116  6270.00        4.781380E+13   6.9734E-07   7.0917E-07   0.98331
FLUX 1117  6290.00        4.766176E+13   6.9261E-07   7.0488E-07   0.98260
FLUX 1118  6310.00        4.751070E+13   6.8732E-07   7.0063E-07   0.98101
FLUX 1119  6330.00        4.736058E+13   6.8803E-07   6.9641E-07   0.98797
FLUX 1120  6350.00        4.721142E+13   6.8220E-07   6.9223E-07   0.98550
FLUX 1121  6370.00        4.706319E+13   6.8118E-07   6.8809E-07   0.98995
FLUX 1122  6390.00        4.691588E+13   6.7458E-07   6.8399E-07   0.98624
FLUX 1123  6420.00        4.669665E+13   6.7055E-07   6.7790E-07   0.98915
FLUX 1124  6460.00        4.640751E+13   6.6209E-07   6.6991E-07   0.98833
FLUX 1125  6500.00        4.612192E+13   6.5463E-07   6.6206E-07   0.98878
FLUX 1126  6540.00        4.583983E+13   6.4816E-07   6.5434E-07   0.99055
FLUX 1127  6580.00        4.556117E+13   6.4230E-07   6.4676E-07   0.99310
FLUX 1128  6620.00        4.528588E+13   6.3409E-07   6.3931E-07   0.99183
FLUX 1129  6660.00        4.501389E+13   6.2838E-07   6.3199E-07   0.99429
FLUX 1130  6700.00        4.474515E+13   6.2120E-07   6.2479E-07   0.99425
FLUX 1131  6740.00        4.447960E+13   6.1341E-07   6.1772E-07   0.99303
FLUX 1132  6780.00        4.421718E+13   6.0703E-07   6.1076E-07   0.99389
FLUX 1133  6820.00        4.395784E+13   6.0090E-07   6.0392E-07   0.99500
FLUX 1134  6860.00        4.370153E+13   5.9482E-07   5.9719E-07   0.99602
FLUX 1135  6900.00        4.344819E+13   5.8803E-07   5.9058E-07   0.99568
FLUX 1136  6940.00        4.319777E+13   5.8145E-07   5.8408E-07   0.99551
FLUX 1137  6980.00        4.295021E+13   5.7603E-07   5.7768E-07   0.99715
FLUX 1138  7020.00        4.270548E+13   5.6901E-07   5.7138E-07   0.99585
FLUX 1139  7060.00        4.246353E+13   5.6354E-07   5.6519E-07   0.99708
FLUX 1140  7100.00        4.222430E+13   5.5774E-07   5.5910E-07   0.99758
FLUX 1141  7140.00        4.198774E+13   5.5199E-07   5.5310E-07   0.99799
FLUX 1142  7180.00        4.175383E+13   5.4590E-07   5.4720E-07   0.99763
FLUX 1143  7220.00        4.152251E+13   5.4000E-07   5.4139E-07   0.99743
FLUX 1144  7260.00        4.129373E+13   5.3429E-07   5.3568E-07   0.99741
FLUX 1145  7300.00        4.106747E+13   5.2939E-07   5.3005E-07   0.99875
FLUX 1146  7340.00        4.084366E+13   5.2321E-07   5.2452E-07   0.99751
FLUX 1147  7380.00        4.062229E+13   5.1849E-07   5.1906E-07   0.99890
FLUX 1148  7420.00        4.040330E+13   5.1199E-07   5.1370E-07   0.99668
FLUX 1149  7460.00        4.018666E+13   5.0522E-07   5.0841E-07   0.99372
FLUX 1150  7500.00        3.997233E+13   5.0070E-07   5.0321E-07   0.99502
FLUX 1151  7540.00        3.976028E+13   4.9691E-07   4.9808E-07   0.99766
FLUX 1152  7580.00        3.955046E+13   4.9246E-07   4.9303E-07   0.99884
FLUX 1153  7620.00        3.934285E+13   4.8749E-07   4.8806E-07   0.99883
FLUX 1154  7660.00        3.913740E+13   4.8275E-07   4.8317E-07   0.99915
FLUX 1155  7700.00        3.893409E+13   4.7729E-07   4.7834E-07   0.99781
FLUX 1156  7740.00        3.873288E+13   4.7316E-07   4.7359E-07   0.99909
FLUX 1157  7780.00        3.853374E+13   4.6857E-07   4.6891E-07   0.99929
FLUX 1158  7820.00        3.833664E+13   4.6396E-07   4.6429E-07   0.99928
FLUX 1159  7860.00        3.814154E+13   4.5956E-07   4.5975E-07   0.99960
FLUX 1160  7900.00        3.794842E+13   4.5496E-07   4.5527E-07   0.99932
FLUX 1161  7940.00        3.775724E+13   4.5047E-07   4.5085E-07   0.99916
FLUX 1162  7980.00        3.756798E+13   4.4622E-07   4.4650E-07   0.99936
FLUX 1163  8020.00        3.738061E+13   4.4133E-07   4.4222E-07   0.99800
FLUX 1164  8060.00        3.719510E+13   4.3713E-07   4.3799E-07   0.99804
FLUX 1165  8100.00        3.701142E+13   4.3357E-07   4.3382E-07   0.99943
FLUX 1166  8140.00        3.682955E+13   4.2858E-07   4.2971E-07   0.99737
FLUX 1167  8180.00        3.664945E+13   4.2501E-07   4.2566E-07   0.99847
FLUX 1168  8220.00        3.647111E+13   4.2144E-07   4.2167E-07   0.99946
FLUX 1169  8260.00        3.629449E+13   4.1727E-07   4.1773E-07   0.99888
FLUX 1170  8300.00        3.611958E+13   4.1351E-07   4.1385E-07   0.99917
FLUX 1171  8340.00        3.594634E+13   4.0908E-07   4.1002E-07   0.99770
FLUX 1172  8380.00        3.577476E+13   4.0556E-07   4.0625E-07   0.99831
FLUX 1173  8420.00        3.560481E+13   4.0221E-07   4.0252E-07   0.99922
FLUX 1174  8460.00        3.543647E+13   3.9857E-07   3.9885E-07   0.99929
FLUX 1175  8500.00        3.526971E+13   3.9494E-07   3.9522E-07   0.99927
FLUX 1176  8540.00        3.510451E+13   3.9129E-07   3.9165E-07   0.99909
FLUX 1177  8580.00        3.494085E+13   3.8786E-07   3.8812E-07   0.99933
FLUX 1178  8620.00        3.477871E+13   3.8419E-07   3.8464E-07   0.99881
FLUX 1179  8660.00        3.461807E+13   3.8092E-07   3.8121E-07   0.99926
FLUX 1180  8700.00        3.445891E+13   3.7768E-07   3.7782E-07   0.99963
FLUX 1181  8740.00        3.430120E+13   3.7402E-07   3.7448E-07   0.99878
FLUX 1182  8780.00        3.414493E+13   3.7072E-07   3.7118E-07   0.99877
FLUX 1183  8820.00        3.399008E+13   3.6722E-07   3.6792E-07   0.99810
FLUX 1184  8860.00        3.383662E+13   3.6416E-07   3.6471E-07   0.99849
FLUX 1185  8900.00        3.368455E+13   3.6091E-07   3.6154E-07   0.99827
FLUX 1186  8940.00        3.353384E+13   3.5800E-07   3.5841E-07   0.99886
FLUX 1187  8980.00        3.338447E+13   3.5443E-07   3.5532E-07   0.99750
FLUX 1188  9020.00        3.323642E+13   3.5166E-07   3.5226E-07   0.99827
FLUX 1189  9060.00        3.308968E+13   3.4917E-07   3.4925E-07   0.99977
FLUX 1190  9100.00        3.294423E+13   3.4544E-07   3.4628E-07   0.99758
FLUX 1191  9140.00        3.280005E+13   3.4267E-07   3.4334E-07   0.99805
FLUX 1192  9180.00        3.265713E+13   3.4013E-07   3.4044E-07   0.99907
FLUX 1193  9220.00        3.251546E+13   3.3748E-07   3.3758E-07   0.99970
FLUX 1194  9260.00        3.237500E+13   3.3451E-07   3.3475E-07   0.99928
FLUX 1195  9300.00        3.223575E+13   3.3191E-07   3.3196E-07   0.99983
FLUX 1196  9340.00        3.209770E+13   3.2888E-07   3.2921E-07   0.99901
FLUX 1197  9380.00        3.196082E+13   3.2612E-07   3.2648E-07   0.99889
FLUX 1198  9420.00        3.182511E+13   3.2367E-07   3.2380E-07   0.99960
FLUX 1199  9460.00        3.169054E+13   3.2085E-07   3.2114E-07   0.99910
FLUX 1200  9500.00        3.155710E+13   3.1827E-07   3.1852E-07   0.99924
FLUX 1201  9540.00        3.142479E+13   3.1561E-07   3.1592E-07   0.99901
FLUX 1202  9580.00        3.129358E+13   3.1314E-07   3.1336E-07   0.99929
FLUX 1203  9620.00        3.116346E+13   3.1051E-07   3.1084E-07   0.99894
FLUX 1204  9660.00        3.103442E+13   3.0809E-07   3.0834E-07   0.99919
FLUX 1205  9700.00        3.090644E+13   3.0577E-07   3.0587E-07   0.99969
FLUX 1206  9740.00        3.077952E+13   3.0265E-07   3.0343E-07   0.99744
FLUX 1207  9780.00        3.065363E+13   3.0045E-07   3.0102E-07   0.99812
FLUX 1208  9820.00        3.052877E+13   2.9842E-07   2.9864E-07   0.99927
FLUX 1209  9860.00        3.040492E+13   2.9613E-07   2.9628E-07   0.99947
FLUX 1210  9900.00        3.028207E+13   2.9385E-07   2.9395E-07   0.99965
FLUX 1211  9940.00        3.016021E+13   2.9122E-07   2.9166E-07   0.99851
FLUX 1212  9980.00        3.003933E+13   2.8916E-07   2.8938E-07   0.99923
FLUX 1213 10020.00        2.991941E+13   2.8692E-07   2.8714E-07   0.99923
FLUX 1214 20000.00        1.498962E+13   7.3517E-08   7.3529E-08   0.99983
FLUX 1215 40000.00        7.494812E+12   1.8334E-08   1.8335E-08   0.99996
FLUX 1216 60000.00        4.996542E+12   8.0806E-09   8.0808E-09   0.99998
FLUX 1217 80000.00        3.747406E+12   4.5090E-09   4.5091E-09   0.99999
FLUX 1218100000.00        2.997925E+12   2.8654E-09   2.8654E-09   0.99999
FLUX 1219120000.00        2.498271E+12   1.9775E-09   1.9775E-09   1.00000
FLUX 1220140000.00        2.141375E+12   1.4449E-09   1.4449E-09   1.00000
FLUX 1221160000.00        1.873703E+12   1.1008E-09   1.1008E-09   1.00000
FLUX
