TEFF   6750.  GRAVITY 2.50000 LTE 
TITLE  [0.0] VTURB=2  L/H=1.25 NOVER NEW ODF                                    
FLUX    1     9.09        3.298047E+16   1.0000E-50   0.0000E+00   1.00000
FLUX    2     9.35        3.206337E+16   1.0000E-50   0.0000E+00   1.00000
FLUX    3     9.61        3.119589E+16   1.0000E-50   0.0000E+00   1.00000
FLUX    4     9.77        3.068501E+16   1.0000E-50   0.0000E+00   1.00000
FLUX    5     9.96        3.009965E+16   1.0000E-50   0.0000E+00   1.00000
FLUX    6    10.20        2.939142E+16   1.0000E-50   0.0000E+00   1.00000
FLUX    7    10.38        2.888174E+16   1.0000E-50   0.0000E+00   1.00000
FLUX    8    10.56        2.838944E+16   1.0000E-50   0.0000E+00   1.00000
FLUX    9    10.77        2.783589E+16   1.0000E-50   0.0000E+00   1.00000
FLUX   10    11.04        2.715512E+16   1.0000E-50   0.0000E+00   1.00000
FLUX   11    11.40        2.629759E+16   1.0000E-50   0.0000E+00   1.00000
FLUX   12    11.78        2.544928E+16   1.0000E-50   0.0000E+00   1.00000
FLUX   13    12.13        2.471496E+16   1.0000E-50   0.0000E+00   1.00000
FLUX   14    12.48        2.402183E+16   1.0000E-50   0.0000E+00   1.00000
FLUX   15    12.71        2.358714E+16   1.0000E-50   0.0000E+00   1.00000
FLUX   16    12.84        2.334833E+16   1.0000E-50   0.0000E+00   1.00000
FLUX   17    13.05        2.297261E+16   1.0000E-50   0.0000E+00   1.00000
FLUX   18    13.24        2.264294E+16   1.0000E-50   0.0000E+00   1.00000
FLUX   19    13.39        2.238928E+16   1.0000E-50   0.0000E+00   1.00000
FLUX   20    13.66        2.194674E+16   1.0000E-50   0.0000E+00   1.00000
FLUX   21    13.98        2.144438E+16   1.0000E-50   0.0000E+00   1.00000
FLUX   22    14.33        2.092062E+16   9.0527-104   9.0528-104   0.99998
FLUX   23    14.72        2.036634E+16   4.2640-101   4.2641-101   0.99998
FLUX   24    15.10        1.985381E+16   1.2586E-98   1.2586E-98   0.99998
FLUX   25    15.52        1.931653E+16   4.8684E-96   4.8685E-96   0.99998
FLUX   26    15.88        1.887862E+16   6.2279E-94   6.2280E-94   0.99998
FLUX   27    16.20        1.850571E+16   3.8683E-92   3.8683E-92   0.99998
FLUX   28    16.60        1.805979E+16   5.3755E-90   5.3756E-90   0.99998
FLUX   29    17.03        1.760379E+16   8.3201E-88   8.3203E-88   0.99998
FLUX   30    17.34        1.728907E+16   2.6927E-86   2.6927E-86   0.99998
FLUX   31    17.68        1.695659E+16   1.0582E-84   1.0582E-84   0.99998
FLUX   32    18.02        1.663665E+16   3.6129E-83   3.6130E-83   0.99998
FLUX   33    18.17        1.649931E+16   1.6434E-82   1.6434E-82   0.99998
FLUX   34    18.61        1.610922E+16   1.2124E-80   1.2124E-80   0.99998
FLUX   35    19.10        1.569594E+16   1.1498E-78   1.1498E-78   0.99998
FLUX   36    19.39        1.546119E+16   1.5203E-77   1.5204E-77   0.99998
FLUX   37    19.84        1.511051E+16   7.1789E-76   7.1790E-76   0.99998
FLUX   38    20.18        1.485592E+16   1.1785E-74   1.1786E-74   0.99998
FLUX   39    20.50        1.462402E+16   1.5075E-73   1.5075E-73   0.99998
FLUX   40    21.05        1.424192E+16   9.9739E-72   9.9741E-72   0.99998
FLUX   41    21.62        1.386644E+16   6.1133E-70   6.1134E-70   0.99998
FLUX   42    21.98        1.363933E+16   7.3545E-69   7.3547E-69   0.99998
FLUX   43    22.30        1.344361E+16   6.2532E-68   6.2533E-68   0.99998
FLUX   44    22.68        1.321836E+16   7.3401E-67   7.3403E-67   0.99998
FLUX   45    23.00        1.303446E+16   5.4821E-66   5.4822E-66   0.99998
FLUX   46    23.40        1.281165E+16   6.2403E-65   6.2404E-65   0.99998
FLUX   47    24.00        1.249135E+16   2.0526E-63   2.0527E-63   0.99998
FLUX   48    24.65        1.216197E+16   7.4309E-62   7.4310E-62   0.99998
FLUX   49    25.24        1.187767E+16   1.6405E-60   1.6406E-60   0.99998
FLUX   50    25.68        1.167416E+16   1.5003E-59   1.5003E-59   0.99998
FLUX   51    26.00        1.153048E+16   7.1506E-59   7.1507E-59   0.99998
FLUX   52    26.40        1.135578E+16   4.7686E-58   4.7687E-58   0.99998
FLUX   53    26.85        1.116546E+16   3.7564E-57   3.7564E-57   0.99998
FLUX   54    27.35        1.096133E+16   3.4289E-56   3.4290E-56   0.99998
FLUX   55    27.85        1.076454E+16   2.8896E-55   2.8897E-55   0.99998
FLUX   56    28.40        1.055607E+16   2.7550E-54   2.7551E-54   0.99998
FLUX   57    29.00        1.033767E+16   2.9158E-53   2.9158E-53   0.99998
FLUX   58    29.60        1.012813E+16   2.7929E-52   2.7929E-52   0.99998
FLUX   59    30.10        9.959884E+15   1.7128E-51   1.7131E-51   0.99985
FLUX   60    30.80        9.733523E+15   1.9597E-50   1.9597E-50   0.99998
FLUX   61    31.80        9.427437E+15   5.2582E-49   5.2583E-49   0.99998
FLUX   62    32.80        9.140015E+15   1.1476E-47   1.1476E-47   0.99998
FLUX   63    33.80        8.869601E+15   2.0733E-46   2.0733E-46   0.99998
FLUX   64    34.80        8.614727E+15   3.1564E-45   3.1564E-45   0.99998
FLUX   65    35.70        8.397549E+15   3.1950E-44   3.1950E-44   0.99998
FLUX   66    36.60        8.191052E+15   2.8795E-43   2.8796E-43   0.99998
FLUX   67    37.50        7.994467E+15   2.3242E-42   2.3243E-42   0.99998
FLUX   68    38.50        7.786818E+15   2.1016E-41   2.1017E-41   0.99998
FLUX   69    39.50        7.589684E+15   1.6917E-40   1.6917E-40   0.99998
FLUX   70    40.50        7.402284E+15   1.2238E-39   1.2238E-39   0.99998
FLUX   71    41.40        7.241365E+15   6.6745E-39   6.6746E-39   0.99998
FLUX   72    42.20        7.104088E+15   2.8290E-38   2.8290E-38   0.99998
FLUX   73    43.00        6.971919E+15   1.1339E-37   1.1339E-37   0.99998
FLUX   74    44.10        6.798016E+15   7.0213E-37   7.0215E-37   0.99997
FLUX   75    45.10        6.647284E+15   3.3969E-36   3.3970E-36   0.99998
FLUX   76    46.00        6.517228E+15   1.3206E-35   1.3207E-35   0.99998
FLUX   77    47.00        6.378564E+15   5.6032E-35   5.6036E-35   0.99992
FLUX   78    48.00        6.245677E+15   2.2314E-34   2.2314E-34   0.99998
FLUX   79    49.00        6.118214E+15   8.3801E-34   8.3803E-34   0.99998
FLUX   80    50.00        5.995850E+15   2.9746E-33   2.9746E-33   0.99998
FLUX   81    50.60        5.924753E+15   8.2285E-33   9.4065E-33   0.87477
FLUX   82    51.20        5.855322E+15   1.8944E-32   1.9187E-32   0.98731
FLUX   83    52.00        5.765240E+15   4.7813E-32   4.8300E-32   0.98993
FLUX   84    53.00        5.656462E+15   1.4692E-31   1.4693E-31   0.99990
FLUX   85    54.00        5.551713E+15   4.2519E-31   4.2799E-31   0.99347
FLUX   86    55.00        5.450773E+15   1.1968E-30   1.1971E-30   0.99980
FLUX   87    56.00        5.353438E+15   3.2200E-30   3.2203E-30   0.99992
FLUX   88    57.00        5.259518E+15   8.3496E-30   8.3498E-30   0.99998
FLUX   89    58.00        5.168836E+15   2.0671E-29   2.0914E-29   0.98839
FLUX   90    59.00        5.081229E+15   5.0633E-29   5.0661E-29   0.99945
FLUX   91    60.00        4.996542E+15   1.1883E-28   1.1892E-28   0.99926
FLUX   92    61.00        4.914631E+15   2.7095E-28   2.7095E-28   0.99998
FLUX   93    62.00        4.835363E+15   6.0001E-28   6.0009E-28   0.99986
FLUX   94    63.00        4.758611E+15   1.2935E-27   1.2937E-27   0.99991
FLUX   95    64.00        4.684258E+15   2.7189E-27   2.7196E-27   0.99976
FLUX   96    65.00        4.612192E+15   5.5791E-27   5.5795E-27   0.99992
FLUX   97    65.80        4.556117E+15   9.7477E-27   9.7486E-27   0.99991
FLUX   98    66.50        4.508158E+15   1.5680E-26   1.5699E-26   0.99882
FLUX   99    67.50        4.441370E+15   3.0416E-26   3.0441E-26   0.99917
FLUX  100    68.50        4.376533E+15   5.7799E-26   5.7813E-26   0.99975
FLUX  101    69.50        4.313561E+15   1.0763E-25   1.0764E-25   0.99993
FLUX  102    70.50        4.252376E+15   1.9592E-25   1.9663E-25   0.99641
FLUX  103    71.60        4.187046E+15   3.7354E-25   3.7358E-25   0.99988
FLUX  104    72.60        4.129373E+15   6.5743E-25   6.5744E-25   0.99998
FLUX  105    73.50        4.078810E+15   1.0781E-24   1.0783E-24   0.99984
FLUX  106    74.50        4.024060E+15   1.8390E-24   1.8405E-24   0.99920
FLUX  107    75.50        3.970762E+15   3.0908E-24   3.0937E-24   0.99905
FLUX  108    76.50        3.918856E+15   5.1208E-24   5.1244E-24   0.99930
FLUX  109    77.50        3.868290E+15   8.3613E-24   8.3684E-24   0.99916
FLUX  110    78.50        3.819013E+15   1.3481E-23   1.3481E-23   0.99998
FLUX  111    79.50        3.770975E+15   2.1246E-23   2.1436E-23   0.99113
FLUX  112    80.50        3.724130E+15   3.3531E-23   3.3660E-23   0.99619
FLUX  113    81.50        3.678436E+15   5.2187E-23   5.2217E-23   0.99942
FLUX  114    82.50        3.633848E+15   8.0053E-23   8.0080E-23   0.99967
FLUX  115    83.50        3.590329E+15   1.2144E-22   1.2146E-22   0.99978
FLUX  116    84.50        3.547840E+15   1.8222E-22   1.8225E-22   0.99987
FLUX  117    85.50        3.506345E+15   2.7064E-22   2.7067E-22   0.99988
FLUX  118    86.50        3.465809E+15   3.9787E-22   3.9790E-22   0.99991
FLUX  119    87.50        3.426200E+15   5.7772E-22   5.7929E-22   0.99728
FLUX  120    88.50        3.387486E+15   8.3548E-22   8.3562E-22   0.99983
FLUX  121    89.50        3.349637E+15   1.1945E-21   1.1946E-21   0.99992
FLUX  122    90.50        3.312624E+15   1.6894E-21   1.6929E-21   0.99794
FLUX  123    91.50        3.276421E+15   2.8983E-18   7.2651E-18   0.39893
FLUX  124    92.50        3.241000E+15   9.9458E-18   1.0540E-17   0.94361
FLUX  125    93.50        3.206337E+15   1.4275E-17   1.5151E-17   0.94222
FLUX  126    94.50        3.172407E+15   2.0350E-17   2.1597E-17   0.94225
FLUX  127    95.50        3.139188E+15   2.9913E-17   3.0548E-17   0.97923
FLUX  128    96.50        3.106658E+15   4.2037E-17   4.2864E-17   0.98070
FLUX  129    97.50        3.074795E+15   5.8515E-17   5.9685E-17   0.98041
FLUX  130    98.50        3.043579E+15   8.0954E-17   8.2658E-17   0.97938
FLUX  131    99.50        3.012990E+15   1.1101E-16   1.1357E-16   0.97741
FLUX  132   100.50        2.983010E+15   1.5471E-16   1.5500E-16   0.99813
FLUX  133   101.50        2.953621E+15   2.0982E-16   2.1009E-16   0.99872
FLUX  134   102.50        2.924805E+15   2.7804E-16   2.8344E-16   0.98096
FLUX  135   103.50        2.896546E+15   3.7921E-16   3.7972E-16   0.99867
FLUX  136   104.50        2.868828E+15   5.0547E-16   5.0597E-16   0.99900
FLUX  137   105.50        2.841635E+15   6.6998E-16   6.7046E-16   0.99928
FLUX  138   106.50        2.814953E+15   8.8172E-16   8.8372E-16   0.99774
FLUX  139   107.50        2.788767E+15   1.1571E-15   1.1588E-15   0.99857
FLUX  140   108.50        2.763065E+15   1.5100E-15   1.5116E-15   0.99893
FLUX  141   109.50        2.737831E+15   1.9564E-15   1.9617E-15   0.99726
FLUX  142   110.50        2.713054E+15   4.7830E-15   1.9007E-14   0.25164
FLUX  143   111.50        2.688722E+15   1.6706E-14   2.6857E-14   0.62205
FLUX  144   112.50        2.664822E+15   2.5925E-14   3.6823E-14   0.70404
FLUX  145   113.50        2.641344E+15   3.8388E-14   4.8963E-14   0.78402
FLUX  146   114.50        2.618275E+15   5.1569E-14   6.3198E-14   0.81600
FLUX  147   115.50        2.595606E+15   5.9346E-14   7.9241E-14   0.74893
FLUX  148   116.50        2.573326E+15   8.5273E-14   9.6302E-14   0.88548
FLUX  149   117.50        2.551426E+15   1.0392E-13   1.1251E-13   0.92365
FLUX  150   118.50        2.529895E+15   1.1539E-13   1.6418E-13   0.70284
FLUX  151   119.50        2.508724E+15   6.2250E-14   2.0037E-13   0.31068
FLUX  152   120.50        2.487905E+15   6.0053E-14   2.4278E-13   0.24735
FLUX  153   121.50        2.467428E+15   2.9028E-14   2.9242E-13   0.09927
FLUX  154   122.50        2.447286E+15   7.9299E-14   3.5774E-13   0.22167
FLUX  155   123.50        2.427470E+15   1.9238E-13   4.2670E-13   0.45086
FLUX  156   124.50        2.407972E+15   4.6197E-13   8.0565E-13   0.57342
FLUX  157   125.50        2.388785E+15   1.1221E-12   1.4403E-12   0.77912
FLUX  158   126.50        2.369901E+15   1.1732E-12   2.2176E-12   0.52905
FLUX  159   127.50        2.351314E+15   1.9958E-12   2.9914E-12   0.66718
FLUX  160   128.50        2.333016E+15   3.0142E-12   3.9338E-12   0.76623
FLUX  161   129.50        2.315000E+15   3.9627E-12   4.9018E-12   0.80841
FLUX  162   130.50        2.297261E+15   3.3832E-12   6.0133E-12   0.56261
FLUX  163   131.50        2.279791E+15   5.6037E-12   7.2100E-12   0.77721
FLUX  164   132.50        2.262585E+15   6.9069E-12   8.5478E-12   0.80803
FLUX  165   133.50        2.245637E+15   8.1665E-12   1.0015E-11   0.81543
FLUX  166   134.50        2.228941E+15   1.0236E-11   1.1641E-11   0.87932
FLUX  167   135.50        2.212491E+15   1.1116E-11   1.3473E-11   0.82508
FLUX  168   136.50        2.196282E+15   1.2897E-11   1.5581E-11   0.82775
FLUX  169   137.50        2.180309E+15   1.4371E-11   1.7926E-11   0.80170
FLUX  170   138.50        2.164567E+15   1.6201E-11   2.0539E-11   0.78880
FLUX  171   139.50        2.149050E+15   1.9216E-11   2.3438E-11   0.81988
FLUX  172   140.50        2.133754E+15   2.2397E-11   2.6662E-11   0.84001
FLUX  173   141.50        2.118675E+15   2.4116E-11   3.0227E-11   0.79782
FLUX  174   142.50        2.103807E+15   2.7377E-11   3.4209E-11   0.80030
FLUX  175   143.50        2.089146E+15   2.9368E-11   3.8574E-11   0.76134
FLUX  176   144.20        2.079005E+15   3.5428E-11   4.1905E-11   0.84545
FLUX  177   144.70        2.071821E+15   3.6670E-11   4.5855E-11   0.79969
FLUX  178   145.50        2.060430E+15   4.2019E-11   5.0273E-11   0.83581
FLUX  179   146.50        2.046365E+15   4.5001E-11   5.6299E-11   0.79933
FLUX  180   147.50        2.032492E+15   5.0242E-11   6.2910E-11   0.79862
FLUX  181   148.50        2.018805E+15   5.7471E-11   7.0153E-11   0.81923
FLUX  182   149.50        2.005301E+15   6.8833E-11   7.8087E-11   0.88149
FLUX  183   150.50        1.991977E+15   7.8927E-11   8.6744E-11   0.90988
FLUX  184   151.20        1.982755E+15   7.8426E-11   9.3277E-11   0.84079
FLUX  185   151.70        1.976220E+15   8.8471E-11   1.2018E-10   0.73617
FLUX  186   152.50        1.965852E+15   1.0398E-10   2.5697E-10   0.40462
FLUX  187   153.50        1.953046E+15   2.1503E-10   6.0225E-10   0.35705
FLUX  188   154.50        1.940405E+15   3.1776E-10   6.7095E-10   0.47360
FLUX  189   155.50        1.927926E+15   3.5427E-10   7.4520E-10   0.47541
FLUX  190   156.50        1.915607E+15   3.3292E-10   8.2630E-10   0.40291
FLUX  191   157.50        1.903444E+15   5.0904E-10   9.7145E-10   0.52400
FLUX  192   158.50        1.891435E+15   5.9154E-10   1.0723E-09   0.55166
FLUX  193   159.50        1.879577E+15   7.4158E-10   1.1812E-09   0.62780
FLUX  194   160.50        1.867866E+15   7.3546E-10   1.2979E-09   0.56667
FLUX  195   161.50        1.856300E+15   7.5751E-10   1.4225E-09   0.53251
FLUX  196   162.50        1.844877E+15   7.6774E-10   1.5887E-09   0.48326
FLUX  197   163.50        1.833593E+15   9.6610E-10   1.7364E-09   0.55638
FLUX  198   164.50        1.822447E+15   1.1926E-09   1.8942E-09   0.62963
FLUX  199   165.50        1.811435E+15   7.2533E-10   2.0629E-09   0.35161
FLUX  200   166.50        1.800556E+15   1.2909E-09   2.2424E-09   0.57567
FLUX  201   167.20        1.793017E+15   7.7809E-10   2.3749E-09   0.32763
FLUX  202   167.70        1.787671E+15   1.5472E-09   7.7812E-09   0.19884
FLUX  203   168.50        1.779184E+15   2.6407E-09   1.0946E-07   0.02413
FLUX  204   169.50        1.768687E+15   4.5882E-09   1.1461E-07   0.04003
FLUX  205   170.50        1.758314E+15   7.9318E-09   1.2006E-07   0.06606
FLUX  206   171.50        1.748061E+15   2.0281E-08   1.6792E-07   0.12078
FLUX  207   172.50        1.737928E+15   2.7290E-08   1.7506E-07   0.15588
FLUX  208   173.50        1.727911E+15   3.8648E-08   1.8071E-07   0.21386
FLUX  209   174.50        1.718009E+15   3.0945E-08   1.8746E-07   0.16508
FLUX  210   175.50        1.708219E+15   4.9726E-08   1.9293E-07   0.25774
FLUX  211   176.50        1.698541E+15   3.3876E-08   1.9813E-07   0.17098
FLUX  212   177.50        1.688972E+15   5.0766E-08   2.0327E-07   0.24975
FLUX  213   178.50        1.679510E+15   4.4449E-08   2.0834E-07   0.21335
FLUX  214   179.50        1.670153E+15   8.1638E-08   2.1314E-07   0.38302
FLUX  215   180.50        1.660900E+15   4.9017E-08   2.1812E-07   0.22473
FLUX  216   181.50        1.651749E+15   6.2955E-08   2.2276E-07   0.28261
FLUX  217   182.50        1.642699E+15   5.3694E-08   2.2743E-07   0.23609
FLUX  218   183.50        1.633747E+15   5.6733E-08   2.3181E-07   0.24474
FLUX  219   184.50        1.624892E+15   5.1273E-08   2.3608E-07   0.21718
FLUX  220   185.50        1.616132E+15   7.1310E-08   2.4075E-07   0.29620
FLUX  221   186.50        1.607466E+15   9.4509E-08   2.4480E-07   0.38607
FLUX  222   187.50        1.598893E+15   8.3995E-08   2.6024E-07   0.32276
FLUX  223   188.50        1.590411E+15   9.2975E-08   2.6364E-07   0.35266
FLUX  224   189.50        1.582018E+15   1.1200E-07   2.6687E-07   0.41969
FLUX  225   190.50        1.573714E+15   1.0161E-07   2.6982E-07   0.37657
FLUX  226   191.50        1.565496E+15   1.0373E-07   2.7252E-07   0.38064
FLUX  227   192.50        1.557364E+15   8.1567E-08   2.7504E-07   0.29656
FLUX  228   193.50        1.549315E+15   3.5230E-08   2.7743E-07   0.12699
FLUX  229   194.50        1.541350E+15   1.2267E-07   2.7969E-07   0.43857
FLUX  230   195.50        1.533465E+15   1.3474E-07   2.8184E-07   0.47809
FLUX  231   196.70        1.524110E+15   1.6262E-07   2.8433E-07   0.57196
FLUX  232   197.60        1.517169E+15   1.5090E-07   3.1311E-07   0.48195
FLUX  233   198.40        1.511051E+15   1.4598E-07   3.1532E-07   0.46296
FLUX  234   199.50        1.502719E+15   1.5610E-07   3.3306E-07   0.46868
FLUX  235   200.50        1.495224E+15   1.4959E-07   3.3620E-07   0.44493
FLUX  236   201.50        1.487804E+15   1.3894E-07   3.3946E-07   0.40930
FLUX  237   202.50        1.480457E+15   1.2556E-07   3.4265E-07   0.36644
FLUX  238   203.50        1.473182E+15   1.7271E-07   3.4569E-07   0.49962
FLUX  239   204.50        1.465978E+15   1.9788E-07   3.4879E-07   0.56734
FLUX  240   205.50        1.458844E+15   1.6908E-07   3.5176E-07   0.48068
FLUX  241   206.50        1.451780E+15   1.5749E-07   3.5460E-07   0.44414
FLUX  242   207.40        1.445480E+15   2.0626E-07   3.5703E-07   0.57772
FLUX  243   207.80        1.442697E+15   3.0842E-07   7.3439E-07   0.41997
FLUX  244   208.50        1.437854E+15   2.9500E-07   7.4367E-07   0.39669
FLUX  245   209.50        1.430990E+15   2.9834E-07   7.5688E-07   0.39418
FLUX  246   210.50        1.424192E+15   3.0818E-07   7.6998E-07   0.40024
FLUX  247   211.50        1.417459E+15   3.4391E-07   7.8296E-07   0.43924
FLUX  248   212.50        1.410788E+15   3.2131E-07   7.9587E-07   0.40372
FLUX  249   213.50        1.404180E+15   2.5779E-07   8.0882E-07   0.31873
FLUX  250   214.50        1.397634E+15   3.4346E-07   8.2171E-07   0.41798
FLUX  251   215.50        1.391148E+15   3.7027E-07   8.3471E-07   0.44359
FLUX  252   216.50        1.384723E+15   3.1377E-07   8.4786E-07   0.37008
FLUX  253   217.50        1.378356E+15   3.3635E-07   8.6109E-07   0.39061
FLUX  254   218.50        1.372048E+15   3.7645E-07   8.7446E-07   0.43049
FLUX  255   219.50        1.365797E+15   4.2426E-07   8.8801E-07   0.47777
FLUX  256   220.50        1.359603E+15   3.9516E-07   9.0180E-07   0.43819
FLUX  257   221.50        1.353465E+15   2.9156E-07   9.1592E-07   0.31832
FLUX  258   222.50        1.347382E+15   2.9731E-07   9.3369E-07   0.31842
FLUX  259   223.50        1.341353E+15   4.2856E-07   9.4810E-07   0.45202
FLUX  260   224.50        1.335379E+15   3.9391E-07   9.6274E-07   0.40916
FLUX  261   225.50        1.329457E+15   2.8270E-07   1.0004E-06   0.28260
FLUX  262   226.50        1.323587E+15   2.8584E-07   1.0144E-06   0.28178
FLUX  263   227.50        1.317769E+15   3.7760E-07   1.0285E-06   0.36712
FLUX  264   228.50        1.312002E+15   4.1794E-07   1.0426E-06   0.40085
FLUX  265   229.50        1.306285E+15   3.7293E-07   1.0568E-06   0.35290
FLUX  266   230.50        1.300618E+15   4.2645E-07   1.0710E-06   0.39819
FLUX  267   231.50        1.295000E+15   3.7408E-07   1.0853E-06   0.34470
FLUX  268   232.50        1.289430E+15   3.5267E-07   1.0997E-06   0.32071
FLUX  269   233.50        1.283908E+15   1.9144E-07   1.1193E-06   0.17104
FLUX  270   234.50        1.278433E+15   1.2150E-07   1.1335E-06   0.10719
FLUX  271   235.50        1.273004E+15   2.7917E-07   1.1478E-06   0.24321
FLUX  272   236.50        1.267622E+15   1.2599E-07   1.1622E-06   0.10840
FLUX  273   237.50        1.262284E+15   1.9542E-07   1.1767E-06   0.16608
FLUX  274   238.50        1.256992E+15   8.8203E-08   1.1914E-06   0.07403
FLUX  275   239.50        1.251743E+15   1.2867E-07   1.2061E-06   0.10669
FLUX  276   240.50        1.246538E+15   1.2377E-07   1.2208E-06   0.10139
FLUX  277   241.50        1.241377E+15   2.0133E-07   1.2356E-06   0.16295
FLUX  278   242.50        1.236258E+15   4.0930E-07   1.2505E-06   0.32732
FLUX  279   243.50        1.231181E+15   4.1225E-07   1.2656E-06   0.32573
FLUX  280   244.50        1.226145E+15   4.7942E-07   1.2886E-06   0.37204
FLUX  281   245.50        1.221151E+15   4.9913E-07   1.3036E-06   0.38288
FLUX  282   246.50        1.216197E+15   4.5153E-07   1.3187E-06   0.34241
FLUX  283   247.50        1.211283E+15   4.0963E-07   1.3337E-06   0.30713
FLUX  284   248.50        1.206408E+15   3.7735E-07   1.3489E-06   0.27975
FLUX  285   249.50        1.201573E+15   3.8201E-07   1.3641E-06   0.28004
FLUX  286   250.50        1.196776E+15   5.7815E-07   1.3855E-06   0.41728
FLUX  287   251.30        1.192967E+15   3.6689E-07   1.3976E-06   0.26252
FLUX  288   251.80        1.190598E+15   3.7748E-07   1.7140E-06   0.22023
FLUX  289   252.50        1.187297E+15   2.7652E-07   1.7278E-06   0.16004
FLUX  290   253.50        1.182613E+15   2.8801E-07   1.7477E-06   0.16479
FLUX  291   254.50        1.177967E+15   3.4088E-07   1.7676E-06   0.19285
FLUX  292   255.50        1.173356E+15   5.0345E-07   1.7877E-06   0.28163
FLUX  293   256.50        1.168782E+15   3.7732E-07   1.8078E-06   0.20872
FLUX  294   257.50        1.164243E+15   4.6882E-07   1.8281E-06   0.25645
FLUX  295   258.50        1.159739E+15   3.9524E-07   1.8485E-06   0.21382
FLUX  296   259.50        1.155270E+15   3.3729E-07   1.8690E-06   0.18047
FLUX  297   260.50        1.150835E+15   2.6949E-07   1.8896E-06   0.14262
FLUX  298   261.50        1.146434E+15   2.4950E-07   1.9101E-06   0.13062
FLUX  299   262.50        1.142067E+15   3.6785E-07   1.9308E-06   0.19051
FLUX  300   263.50        1.137732E+15   6.0432E-07   1.9542E-06   0.30924
FLUX  301   264.50        1.133431E+15   9.6260E-07   1.9750E-06   0.48740
FLUX  302   265.50        1.129162E+15   1.0937E-06   1.9959E-06   0.54796
FLUX  303   266.50        1.124925E+15   7.6502E-07   2.0168E-06   0.37932
FLUX  304   267.50        1.120720E+15   8.9938E-07   2.0379E-06   0.44133
FLUX  305   268.50        1.116546E+15   9.1884E-07   2.0590E-06   0.44625
FLUX  306   269.50        1.112403E+15   8.0174E-07   2.0802E-06   0.38542
FLUX  307   270.50        1.108290E+15   9.3621E-07   2.1044E-06   0.44488
FLUX  308   271.50        1.104208E+15   7.3091E-07   2.1256E-06   0.34386
FLUX  309   272.50        1.100156E+15   7.2762E-07   2.1469E-06   0.33892
FLUX  310   273.50        1.096133E+15   7.9718E-07   2.1683E-06   0.36766
FLUX  311   274.50        1.092140E+15   3.6152E-07   2.1897E-06   0.16510
FLUX  312   275.50        1.088176E+15   4.9309E-07   2.2113E-06   0.22298
FLUX  313   276.50        1.084241E+15   6.4599E-07   2.2329E-06   0.28930
FLUX  314   277.50        1.080333E+15   8.0884E-07   2.2545E-06   0.35876
FLUX  315   278.50        1.076454E+15   5.0358E-07   2.2762E-06   0.22124
FLUX  316   279.50        1.072603E+15   1.5597E-07   2.2979E-06   0.06788
FLUX  317   280.50        1.068779E+15   2.0702E-07   2.3197E-06   0.08925
FLUX  318   281.50        1.064982E+15   7.3799E-07   2.3415E-06   0.31518
FLUX  319   282.50        1.061212E+15   1.1390E-06   2.3635E-06   0.48190
FLUX  320   283.50        1.057469E+15   1.1152E-06   2.3856E-06   0.46745
FLUX  321   284.50        1.053752E+15   1.0952E-06   2.4078E-06   0.45485
FLUX  322   285.50        1.050061E+15   8.4037E-07   2.4300E-06   0.34583
FLUX  323   286.50        1.046396E+15   1.2150E-06   2.4522E-06   0.49546
FLUX  324   287.50        1.042757E+15   1.2454E-06   2.4746E-06   0.50327
FLUX  325   288.50        1.039142E+15   1.2501E-06   2.4970E-06   0.50064
FLUX  326   289.50        1.035553E+15   1.2121E-06   2.5195E-06   0.48107
FLUX  327   291.00        1.030215E+15   1.5767E-06   2.5552E-06   0.61708
FLUX  328   293.00        1.023183E+15   1.4613E-06   2.6003E-06   0.56198
FLUX  329   295.00        1.016246E+15   1.4435E-06   2.6460E-06   0.54554
FLUX  330   297.00        1.009402E+15   1.6632E-06   2.6914E-06   0.61797
FLUX  331   299.00        1.002651E+15   1.6809E-06   2.7371E-06   0.61414
FLUX  332   301.00        9.959884E+14   1.8347E-06   2.7830E-06   0.65927
FLUX  333   303.00        9.894142E+14   1.8323E-06   2.8291E-06   0.64766
FLUX  334   305.00        9.829262E+14   1.8892E-06   2.8754E-06   0.65701
FLUX  335   307.00        9.765228E+14   1.9244E-06   2.9219E-06   0.65863
FLUX  336   309.00        9.702023E+14   2.0890E-06   2.9700E-06   0.70335
FLUX  337   311.00        9.639630E+14   2.0350E-06   3.0166E-06   0.67459
FLUX  338   313.00        9.578035E+14   2.0298E-06   3.0638E-06   0.66251
FLUX  339   315.00        9.517222E+14   2.1529E-06   3.1106E-06   0.69211
FLUX  340   317.00        9.457177E+14   2.1753E-06   3.1575E-06   0.68891
FLUX  341   319.00        9.397884E+14   1.9890E-06   3.2046E-06   0.62066
FLUX  342   321.00        9.339330E+14   2.1977E-06   3.2518E-06   0.67585
FLUX  343   323.00        9.281502E+14   1.9609E-06   3.2995E-06   0.59430
FLUX  344   325.00        9.224385E+14   2.2775E-06   3.3468E-06   0.68048
FLUX  345   327.00        9.167966E+14   2.4751E-06   3.3942E-06   0.72923
FLUX  346   329.00        9.112234E+14   2.4790E-06   3.4418E-06   0.72027
FLUX  347   331.00        9.057175E+14   2.6101E-06   3.4892E-06   0.74804
FLUX  348   333.00        9.002778E+14   2.5786E-06   3.5367E-06   0.72909
FLUX  349   335.00        8.949030E+14   2.5754E-06   3.5842E-06   0.71853
FLUX  350   337.00        8.895920E+14   2.4939E-06   3.6318E-06   0.68668
FLUX  351   339.00        8.843437E+14   2.6477E-06   3.6794E-06   0.71960
FLUX  352   341.00        8.791569E+14   2.7240E-06   3.7269E-06   0.73091
FLUX  353   343.00        8.740306E+14   2.8075E-06   3.7744E-06   0.74381
FLUX  354   345.00        8.689638E+14   2.8799E-06   3.8221E-06   0.75348
FLUX  355   347.00        8.639553E+14   2.8558E-06   3.8696E-06   0.73801
FLUX  356   349.00        8.590043E+14   2.8991E-06   3.9171E-06   0.74010
FLUX  357   351.00        8.541097E+14   3.0576E-06   3.9646E-06   0.77121
FLUX  358   353.00        8.492705E+14   3.0295E-06   4.0121E-06   0.75510
FLUX  359   355.00        8.444859E+14   3.3396E-06   4.0595E-06   0.82266
FLUX  360   357.00        8.397549E+14   3.0431E-06   4.1070E-06   0.74096
FLUX  361   359.00        8.350766E+14   3.0825E-06   4.1544E-06   0.74199
FLUX  362   361.00        8.304501E+14   3.1730E-06   4.2018E-06   0.75516
FLUX  363   363.00        8.258747E+14   3.2667E-06   4.2489E-06   0.76883
FLUX  364   364.00        8.236058E+14   3.2325E-06   4.2727E-06   0.75655
FLUX  365   365.00        8.213493E+14   3.5261E-06   1.3379E-05   0.26355
FLUX  366   367.00        8.168733E+14   3.4826E-06   1.3431E-05   0.25929
FLUX  367   369.00        8.124458E+14   3.5281E-06   1.3482E-05   0.26169
FLUX  368   371.00        8.080660E+14   4.2394E-06   1.3533E-05   0.31327
FLUX  369   373.00        8.037332E+14   4.6634E-06   1.3582E-05   0.34336
FLUX  370   375.00        7.994467E+14   5.8369E-06   1.3629E-05   0.42826
FLUX  371   377.00        7.952056E+14   6.3921E-06   1.3707E-05   0.46636
FLUX  372   379.00        7.910092E+14   7.4565E-06   1.3753E-05   0.54218
FLUX  373   381.00        7.868570E+14   8.5265E-06   1.3798E-05   0.61796
FLUX  374   383.00        7.827480E+14   6.9674E-06   1.3841E-05   0.50339
FLUX  375   385.00        7.786818E+14   9.0024E-06   1.3887E-05   0.64828
FLUX  376   387.00        7.746576E+14   9.8496E-06   1.3928E-05   0.70720
FLUX  377   389.00        7.706748E+14   7.2754E-06   1.3968E-05   0.52086
FLUX  378   391.00        7.667327E+14   9.4566E-06   1.4008E-05   0.67508
FLUX  379   393.00        7.628308E+14   5.5107E-06   1.4048E-05   0.39228
FLUX  380   395.00        7.589684E+14   8.6898E-06   1.4087E-05   0.61687
FLUX  381   397.00        7.551448E+14   5.3366E-06   1.4125E-05   0.37780
FLUX  382   399.00        7.513596E+14   1.0195E-05   1.4163E-05   0.71984
FLUX  383   401.00        7.476122E+14   1.1026E-05   1.4202E-05   0.77634
FLUX  384   403.00        7.439020E+14   1.1035E-05   1.4239E-05   0.77504
FLUX  385   405.00        7.402284E+14   1.0991E-05   1.4274E-05   0.76998
FLUX  386   407.00        7.365909E+14   1.0928E-05   1.4309E-05   0.76370
FLUX  387   409.00        7.329890E+14   1.0664E-05   1.4344E-05   0.74347
FLUX  388   411.00        7.294221E+14   9.1270E-06   1.4377E-05   0.63483
FLUX  389   413.00        7.258898E+14   1.1406E-05   1.4410E-05   0.79151
FLUX  390   415.00        7.223916E+14   1.2048E-05   1.4442E-05   0.83419
FLUX  391   417.00        7.189269E+14   1.1847E-05   1.4474E-05   0.81845
FLUX  392   419.00        7.154952E+14   1.1985E-05   1.4505E-05   0.82627
FLUX  393   421.00        7.120962E+14   1.2017E-05   1.4535E-05   0.82672
FLUX  394   423.00        7.087293E+14   1.1802E-05   1.4565E-05   0.81031
FLUX  395   425.00        7.053941E+14   1.2191E-05   1.4593E-05   0.83543
FLUX  396   427.00        7.020902E+14   1.1908E-05   1.4620E-05   0.81449
FLUX  397   429.00        6.988170E+14   1.1889E-05   1.4647E-05   0.81173
FLUX  398   431.00        6.955742E+14   1.1160E-05   1.4673E-05   0.76055
FLUX  399   433.00        6.923614E+14   1.0960E-05   1.4699E-05   0.74562
FLUX  400   435.00        6.891782E+14   9.8203E-06   1.4724E-05   0.66696
FLUX  401   437.00        6.860240E+14   1.2707E-05   1.4748E-05   0.86161
FLUX  402   439.00        6.828986E+14   1.2501E-05   1.4772E-05   0.84629
FLUX  403   441.00        6.798016E+14   1.2425E-05   1.4795E-05   0.83981
FLUX  404   443.00        6.767325E+14   1.2412E-05   1.4818E-05   0.83763
FLUX  405   445.00        6.736910E+14   1.2633E-05   1.4839E-05   0.85131
FLUX  406   447.00        6.706767E+14   1.2888E-05   1.4860E-05   0.86729
FLUX  407   449.00        6.676893E+14   1.2945E-05   1.4880E-05   0.86997
FLUX  408   451.00        6.647284E+14   1.3752E-05   1.4900E-05   0.92298
FLUX  409   453.00        6.617936E+14   1.2910E-05   1.4919E-05   0.86536
FLUX  410   455.00        6.588846E+14   1.3034E-05   1.4938E-05   0.87258
FLUX  411   457.00        6.560011E+14   1.3809E-05   1.4956E-05   0.92327
FLUX  412   459.00        6.531427E+14   1.3188E-05   1.4974E-05   0.88070
FLUX  413   461.00        6.503091E+14   1.3737E-05   1.4992E-05   0.91629
FLUX  414   463.00        6.475000E+14   1.3477E-05   1.5009E-05   0.89793
FLUX  415   465.00        6.447151E+14   1.3759E-05   1.5026E-05   0.91568
FLUX  416   467.00        6.419540E+14   1.3993E-05   1.5043E-05   0.93020
FLUX  417   469.00        6.392164E+14   1.3625E-05   1.5059E-05   0.90478
FLUX  418   471.00        6.365021E+14   1.3248E-05   1.5075E-05   0.87884
FLUX  419   473.00        6.338108E+14   1.3992E-05   1.5090E-05   0.92729
FLUX  420   475.00        6.311421E+14   1.4206E-05   1.5104E-05   0.94051
FLUX  421   477.00        6.284958E+14   1.4069E-05   1.5118E-05   0.93061
FLUX  422   479.00        6.258716E+14   1.4151E-05   1.5132E-05   0.93515
FLUX  423   481.00        6.232692E+14   1.4089E-05   1.5146E-05   0.93023
FLUX  424   483.00        6.206884E+14   1.4069E-05   1.5159E-05   0.92813
FLUX  425   485.00        6.181289E+14   1.2385E-05   1.5171E-05   0.81632
FLUX  426   487.00        6.155903E+14   1.0407E-05   1.5183E-05   0.68542
FLUX  427   489.00        6.130726E+14   1.3701E-05   1.5195E-05   0.90168
FLUX  428   491.00        6.105754E+14   1.3952E-05   1.5207E-05   0.91750
FLUX  429   493.00        6.080984E+14   1.3766E-05   1.5218E-05   0.90463
FLUX  430   495.00        6.056414E+14   1.4293E-05   1.5228E-05   0.93861
FLUX  431   497.00        6.032042E+14   1.4506E-05   1.5238E-05   0.95194
FLUX  432   499.00        6.007866E+14   1.3748E-05   1.5247E-05   0.90165
FLUX  433   501.00        5.983882E+14   1.3283E-05   1.5256E-05   0.87063
FLUX  434   503.00        5.960089E+14   1.4015E-05   1.5265E-05   0.91810
FLUX  435   505.00        5.936485E+14   1.3980E-05   1.5273E-05   0.91534
FLUX  436   507.00        5.913067E+14   1.4463E-05   1.5282E-05   0.94642
FLUX  437   509.00        5.889833E+14   1.4235E-05   1.5289E-05   0.93106
FLUX  438   511.00        5.866781E+14   1.4395E-05   1.5297E-05   0.94101
FLUX  439   513.00        5.843908E+14   1.4066E-05   1.5304E-05   0.91910
FLUX  440   515.00        5.821214E+14   1.3883E-05   1.5311E-05   0.90671
FLUX  441   517.00        5.798694E+14   1.3822E-05   1.5318E-05   0.90237
FLUX  442   519.00        5.776349E+14   1.3752E-05   1.5324E-05   0.89742
FLUX  443   521.00        5.754175E+14   1.3935E-05   1.5329E-05   0.90904
FLUX  444   523.00        5.732170E+14   1.4096E-05   1.5335E-05   0.91920
FLUX  445   525.00        5.710333E+14   1.4383E-05   1.5340E-05   0.93760
FLUX  446   527.00        5.688662E+14   1.3353E-05   1.5345E-05   0.87017
FLUX  447   529.00        5.667155E+14   1.4335E-05   1.5349E-05   0.93390
FLUX  448   531.00        5.645810E+14   1.4366E-05   1.5353E-05   0.93567
FLUX  449   533.00        5.624625E+14   1.3819E-05   1.5357E-05   0.89982
FLUX  450   535.00        5.603598E+14   1.4485E-05   1.5361E-05   0.94299
FLUX  451   537.00        5.582728E+14   1.4535E-05   1.5364E-05   0.94600
FLUX  452   539.00        5.562013E+14   1.4420E-05   1.5368E-05   0.93834
FLUX  453   541.00        5.541451E+14   1.4189E-05   1.5370E-05   0.92312
FLUX  454   543.00        5.521041E+14   1.4430E-05   1.5373E-05   0.93866
FLUX  455   545.00        5.500780E+14   1.4769E-05   1.5376E-05   0.96055
FLUX  456   547.00        5.480667E+14   1.4610E-05   1.5378E-05   0.95009
FLUX  457   549.00        5.460701E+14   1.4610E-05   1.5380E-05   0.94999
FLUX  458   551.00        5.440880E+14   1.4608E-05   1.5381E-05   0.94971
FLUX  459   553.00        5.421203E+14   1.4707E-05   1.5383E-05   0.95603
FLUX  460   555.00        5.401667E+14   1.4850E-05   1.5384E-05   0.96528
FLUX  461   557.00        5.382271E+14   1.4692E-05   1.5385E-05   0.95495
FLUX  462   559.00        5.363014E+14   1.4607E-05   1.5385E-05   0.94941
FLUX  463   561.00        5.343895E+14   1.4803E-05   1.5385E-05   0.96215
FLUX  464   563.00        5.324911E+14   1.4916E-05   1.5392E-05   0.96903
FLUX  465   565.00        5.306062E+14   1.4820E-05   1.5392E-05   0.96282
FLUX  466   567.00        5.287346E+14   1.4623E-05   1.5392E-05   0.95006
FLUX  467   569.00        5.268761E+14   1.4852E-05   1.5391E-05   0.96498
FLUX  468   571.00        5.250306E+14   1.4783E-05   1.5390E-05   0.96059
FLUX  469   573.00        5.231981E+14   1.5250E-05   1.5389E-05   0.99100
FLUX  470   575.00        5.213783E+14   1.5016E-05   1.5387E-05   0.97592
FLUX  471   577.00        5.195711E+14   1.5119E-05   1.5385E-05   0.98270
FLUX  472   579.00        5.177763E+14   1.4979E-05   1.5383E-05   0.97373
FLUX  473   581.00        5.159940E+14   1.5103E-05   1.5381E-05   0.98192
FLUX  474   583.00        5.142238E+14   1.5201E-05   1.5379E-05   0.98843
FLUX  475   585.00        5.124658E+14   1.5074E-05   1.5376E-05   0.98036
FLUX  476   587.00        5.107198E+14   1.5133E-05   1.5374E-05   0.98436
FLUX  477   589.00        5.089856E+14   1.4796E-05   1.5371E-05   0.96258
FLUX  478   591.00        5.072631E+14   1.5117E-05   1.5368E-05   0.98369
FLUX  479   593.00        5.055523E+14   1.5103E-05   1.5364E-05   0.98296
FLUX  480   595.00        5.038529E+14   1.5138E-05   1.5361E-05   0.98547
FLUX  481   597.00        5.021650E+14   1.5174E-05   1.5357E-05   0.98805
FLUX  482   599.00        5.004883E+14   1.5073E-05   1.5353E-05   0.98171
FLUX  483   601.00        4.988228E+14   1.4939E-05   1.5349E-05   0.97325
FLUX  484   603.00        4.971683E+14   1.5042E-05   1.5345E-05   0.98026
FLUX  485   605.00        4.955248E+14   1.5125E-05   1.5341E-05   0.98594
FLUX  486   607.00        4.938921E+14   1.5217E-05   1.5336E-05   0.99225
FLUX  487   609.00        4.922701E+14   1.5059E-05   1.5332E-05   0.98222
FLUX  488   611.00        4.906588E+14   1.4951E-05   1.5327E-05   0.97547
FLUX  489   613.00        4.890579E+14   1.4725E-05   1.5322E-05   0.96106
FLUX  490   615.00        4.874675E+14   1.4665E-05   1.5317E-05   0.95749
FLUX  491   617.00        4.858874E+14   1.4630E-05   1.5311E-05   0.95550
FLUX  492   619.00        4.843174E+14   1.5063E-05   1.5305E-05   0.98418
FLUX  493   621.00        4.827576E+14   1.5110E-05   1.5299E-05   0.98764
FLUX  494   623.00        4.812079E+14   1.4902E-05   1.5293E-05   0.97438
FLUX  495   625.00        4.796680E+14   1.4467E-05   1.5287E-05   0.94638
FLUX  496   627.00        4.781380E+14   1.5085E-05   1.5281E-05   0.98721
FLUX  497   629.00        4.766176E+14   1.5105E-05   1.5274E-05   0.98890
FLUX  498   631.00        4.751070E+14   1.4807E-05   1.5268E-05   0.96985
FLUX  499   633.00        4.736058E+14   1.4926E-05   1.5261E-05   0.97803
FLUX  500   635.00        4.721142E+14   1.4900E-05   1.5254E-05   0.97681
FLUX  501   637.00        4.706319E+14   1.4894E-05   1.5247E-05   0.97685
FLUX  502   639.00        4.691588E+14   1.4990E-05   1.5239E-05   0.98360
FLUX  503   641.00        4.676950E+14   1.4786E-05   1.5232E-05   0.97069
FLUX  504   643.00        4.662403E+14   1.4919E-05   1.5225E-05   0.97991
FLUX  505   645.00        4.647946E+14   1.4763E-05   1.5217E-05   0.97017
FLUX  506   647.00        4.633578E+14   1.4904E-05   1.5209E-05   0.97993
FLUX  507   649.00        4.619299E+14   1.4654E-05   1.5201E-05   0.96403
FLUX  508   651.00        4.605108E+14   1.4860E-05   1.5193E-05   0.97808
FLUX  509   653.00        4.591003E+14   1.4820E-05   1.5185E-05   0.97599
FLUX  510   655.00        4.576985E+14   1.3845E-05   1.5185E-05   0.91179
FLUX  511   657.00        4.563052E+14   1.1526E-05   1.5176E-05   0.75947
FLUX  512   659.00        4.549203E+14   1.4534E-05   1.5167E-05   0.95826
FLUX  513   661.00        4.535439E+14   1.4864E-05   1.5159E-05   0.98060
FLUX  514   663.00        4.521757E+14   1.4965E-05   1.5150E-05   0.98782
FLUX  515   665.00        4.508158E+14   1.4959E-05   1.5140E-05   0.98801
FLUX  516   667.00        4.494640E+14   1.4876E-05   1.5131E-05   0.98313
FLUX  517   669.00        4.481203E+14   1.5001E-05   1.5122E-05   0.99200
FLUX  518   671.00        4.467846E+14   1.4923E-05   1.5112E-05   0.98748
FLUX  519   673.00        4.454569E+14   1.4977E-05   1.5103E-05   0.99169
FLUX  520   675.00        4.441370E+14   1.4810E-05   1.5093E-05   0.98126
FLUX  521   677.00        4.428250E+14   1.4967E-05   1.5083E-05   0.99228
FLUX  522   679.00        4.415206E+14   1.4918E-05   1.5073E-05   0.98967
FLUX  523   681.00        4.402239E+14   1.4917E-05   1.5063E-05   0.99028
FLUX  524   683.00        4.389348E+14   1.4886E-05   1.5053E-05   0.98891
FLUX  525   685.00        4.376533E+14   1.4821E-05   1.5042E-05   0.98525
FLUX  526   687.00        4.363792E+14   1.4910E-05   1.5032E-05   0.99192
FLUX  527   689.00        4.351125E+14   1.4920E-05   1.5021E-05   0.99327
FLUX  528   691.00        4.338531E+14   1.4890E-05   1.5011E-05   0.99195
FLUX  529   693.00        4.326010E+14   1.4869E-05   1.5000E-05   0.99128
FLUX  530   695.00        4.313561E+14   1.4867E-05   1.4989E-05   0.99187
FLUX  531   697.00        4.301184E+14   1.4857E-05   1.4978E-05   0.99189
FLUX  532   699.00        4.288877E+14   1.4869E-05   1.4967E-05   0.99345
FLUX  533   701.00        4.276641E+14   1.4623E-05   1.4956E-05   0.97778
FLUX  534   703.00        4.264474E+14   1.4767E-05   1.4945E-05   0.98813
FLUX  535   705.00        4.252376E+14   1.4815E-05   1.4933E-05   0.99205
FLUX  536   707.00        4.240347E+14   1.4796E-05   1.4922E-05   0.99158
FLUX  537   709.00        4.228385E+14   1.4787E-05   1.4910E-05   0.99174
FLUX  538   711.00        4.216491E+14   1.4515E-05   1.4898E-05   0.97425
FLUX  539   713.00        4.204663E+14   1.4640E-05   1.4887E-05   0.98343
FLUX  540   715.00        4.192902E+14   1.4659E-05   1.4875E-05   0.98551
FLUX  541   717.00        4.181206E+14   1.4623E-05   1.4863E-05   0.98391
FLUX  542   719.00        4.169576E+14   1.4506E-05   1.4851E-05   0.97683
FLUX  543   721.00        4.158010E+14   1.4594E-05   1.4838E-05   0.98356
FLUX  544   723.00        4.146508E+14   1.4566E-05   1.4826E-05   0.98249
FLUX  545   725.00        4.135069E+14   1.4589E-05   1.4818E-05   0.98451
FLUX  546   727.00        4.123693E+14   1.4660E-05   1.4806E-05   0.99015
FLUX  547   729.00        4.112380E+14   1.4472E-05   1.4793E-05   0.97830
FLUX  548   731.00        4.101129E+14   1.4531E-05   1.4791E-05   0.98241
FLUX  549   733.00        4.089939E+14   1.4558E-05   1.4778E-05   0.98510
FLUX  550   735.00        4.078810E+14   1.4596E-05   1.4765E-05   0.98853
FLUX  551   737.00        4.067741E+14   1.4641E-05   1.4752E-05   0.99243
FLUX  552   739.00        4.056732E+14   1.4464E-05   1.4739E-05   0.98131
FLUX  553   741.00        4.045783E+14   1.4336E-05   1.4726E-05   0.97347
FLUX  554   743.00        4.034892E+14   1.4361E-05   1.4713E-05   0.97604
FLUX  555   745.00        4.024060E+14   1.4409E-05   1.4700E-05   0.98022
FLUX  556   747.00        4.013286E+14   1.4391E-05   1.4686E-05   0.97992
FLUX  557   749.00        4.002570E+14   1.4402E-05   1.4673E-05   0.98153
FLUX  558   751.00        3.991911E+14   1.4453E-05   1.4659E-05   0.98591
FLUX  559   753.00        3.981308E+14   1.4466E-05   1.4646E-05   0.98774
FLUX  560   755.00        3.970762E+14   1.4548E-05   1.4632E-05   0.99425
FLUX  561   757.00        3.960271E+14   1.4456E-05   1.4618E-05   0.98892
FLUX  562   759.00        3.949835E+14   1.4479E-05   1.4605E-05   0.99139
FLUX  563   761.00        3.939455E+14   1.4453E-05   1.4591E-05   0.99057
FLUX  564   763.00        3.929128E+14   1.4475E-05   1.4577E-05   0.99305
FLUX  565   765.00        3.918856E+14   1.4412E-05   1.4563E-05   0.98962
FLUX  566   767.00        3.908638E+14   1.4248E-05   1.4549E-05   0.97933
FLUX  567   769.00        3.898472E+14   1.4357E-05   1.4535E-05   0.98782
FLUX  568   771.00        3.888359E+14   1.4301E-05   1.4520E-05   0.98490
FLUX  569   773.00        3.878299E+14   1.4352E-05   1.4506E-05   0.98938
FLUX  570   775.00        3.868290E+14   1.4288E-05   1.4492E-05   0.98591
FLUX  571   777.00        3.858333E+14   1.4125E-05   1.4477E-05   0.97563
FLUX  572   779.00        3.848427E+14   1.4395E-05   1.4463E-05   0.99532
FLUX  573   781.00        3.838572E+14   1.4353E-05   1.4449E-05   0.99341
FLUX  574   783.00        3.828768E+14   1.4240E-05   1.4434E-05   0.98656
FLUX  575   785.00        3.819013E+14   1.4183E-05   1.4419E-05   0.98358
FLUX  576   787.00        3.809307E+14   1.4264E-05   1.4405E-05   0.99023
FLUX  577   789.00        3.799651E+14   1.4217E-05   1.4390E-05   0.98796
FLUX  578   791.00        3.790044E+14   1.4161E-05   1.4375E-05   0.98510
FLUX  579   793.00        3.780485E+14   1.4063E-05   1.4361E-05   0.97931
FLUX  580   795.00        3.770975E+14   1.4093E-05   1.4346E-05   0.98236
FLUX  581   797.00        3.761512E+14   1.4265E-05   1.4331E-05   0.99542
FLUX  582   799.00        3.752096E+14   1.4173E-05   1.4316E-05   0.98999
FLUX  583   801.00        3.742728E+14   1.4168E-05   1.4301E-05   0.99071
FLUX  584   803.00        3.733406E+14   1.4117E-05   1.4286E-05   0.98820
FLUX  585   805.00        3.724130E+14   1.4128E-05   1.4270E-05   0.98998
FLUX  586   807.00        3.714901E+14   1.4141E-05   1.4255E-05   0.99199
FLUX  587   809.00        3.705717E+14   1.4067E-05   1.4240E-05   0.98785
FLUX  588   811.00        3.696578E+14   1.4168E-05   1.4225E-05   0.99600
FLUX  589   813.00        3.687485E+14   1.4180E-05   1.4209E-05   0.99794
FLUX  590   815.00        3.678436E+14   1.4143E-05   1.4194E-05   0.99644
FLUX  591   817.00        3.669431E+14   1.4130E-05   1.4178E-05   0.99658
FLUX  592   819.00        3.660470E+14   1.3835E-05   1.4163E-05   0.97681
FLUX  593   821.00        3.651553E+14   1.3889E-05   1.5491E-05   0.89660
FLUX  594   823.00        3.642679E+14   1.3885E-05   1.5473E-05   0.89737
FLUX  595   825.00        3.633848E+14   1.3898E-05   1.5455E-05   0.89926
FLUX  596   827.00        3.625060E+14   1.4076E-05   1.5437E-05   0.91188
FLUX  597   829.00        3.616315E+14   1.4037E-05   1.5419E-05   0.91040
FLUX  598   831.00        3.607611E+14   1.3934E-05   1.5401E-05   0.90475
FLUX  599   833.00        3.598950E+14   1.3777E-05   1.5382E-05   0.89561
FLUX  600   835.00        3.590329E+14   1.3940E-05   1.5364E-05   0.90727
FLUX  601   837.00        3.581750E+14   1.3918E-05   1.5346E-05   0.90690
FLUX  602   839.00        3.573212E+14   1.3807E-05   1.5328E-05   0.90076
FLUX  603   841.00        3.564715E+14   1.3848E-05   1.5310E-05   0.90452
FLUX  604   843.00        3.556257E+14   1.3815E-05   1.5292E-05   0.90342
FLUX  605   845.00        3.547840E+14   1.3648E-05   1.5274E-05   0.89358
FLUX  606   847.00        3.539463E+14   1.3506E-05   1.5256E-05   0.88532
FLUX  607   849.00        3.531125E+14   1.3846E-05   1.5237E-05   0.90866
FLUX  608   851.00        3.522826E+14   1.2805E-05   1.5219E-05   0.84138
FLUX  609   853.00        3.514566E+14   1.3907E-05   1.5201E-05   0.91489
FLUX  610   855.00        3.506345E+14   1.1501E-05   1.5183E-05   0.75752
FLUX  611   857.00        3.498162E+14   1.4305E-05   1.5165E-05   0.94328
FLUX  612   859.00        3.490017E+14   1.3657E-05   1.5146E-05   0.90166
FLUX  613   861.00        3.481911E+14   1.3340E-05   1.5128E-05   0.88179
FLUX  614   863.00        3.473841E+14   1.4431E-05   1.5110E-05   0.95509
FLUX  615   865.00        3.465809E+14   1.4143E-05   1.5092E-05   0.93712
FLUX  616   867.00        3.457814E+14   1.1489E-05   1.5074E-05   0.76217
FLUX  617   869.00        3.449856E+14   1.4042E-05   1.5055E-05   0.93267
FLUX  618   871.00        3.441935E+14   1.4583E-05   1.5037E-05   0.96981
FLUX  619   873.00        3.434049E+14   1.4393E-05   1.5019E-05   0.95830
FLUX  620   875.00        3.426200E+14   1.2532E-05   1.5000E-05   0.83544
FLUX  621   877.00        3.418387E+14   1.4236E-05   1.4982E-05   0.95020
FLUX  622   879.00        3.410609E+14   1.4623E-05   1.4964E-05   0.97718
FLUX  623   881.00        3.402866E+14   1.4580E-05   1.4946E-05   0.97552
FLUX  624   883.00        3.395159E+14   1.4374E-05   1.4928E-05   0.96291
FLUX  625   885.00        3.387486E+14   1.3850E-05   1.4909E-05   0.92897
FLUX  626   887.00        3.379848E+14   1.2460E-05   1.4891E-05   0.83672
FLUX  627   889.00        3.372244E+14   1.4338E-05   1.4873E-05   0.96403
FLUX  628   891.00        3.364675E+14   1.4563E-05   1.4854E-05   0.98037
FLUX  629   893.00        3.357139E+14   1.4475E-05   1.4836E-05   0.97567
FLUX  630   895.00        3.349637E+14   1.4598E-05   1.4818E-05   0.98515
FLUX  631   897.00        3.342168E+14   1.4520E-05   1.4800E-05   0.98112
FLUX  632   899.00        3.334733E+14   1.4360E-05   1.4781E-05   0.97152
FLUX  633   901.00        3.327331E+14   1.2539E-05   1.4763E-05   0.84938
FLUX  634   903.00        3.319961E+14   1.3579E-05   1.4745E-05   0.92097
FLUX  635   905.00        3.312624E+14   1.4463E-05   1.4726E-05   0.98209
FLUX  636   907.00        3.305320E+14   1.4201E-05   1.4708E-05   0.96550
FLUX  637   909.00        3.298047E+14   1.3965E-05   1.4690E-05   0.95069
FLUX  638   911.00        3.290807E+14   1.4297E-05   1.4671E-05   0.97450
FLUX  639   913.00        3.283598E+14   1.4499E-05   1.4653E-05   0.98947
FLUX  640   915.00        3.276421E+14   1.4532E-05   1.4634E-05   0.99300
FLUX  641   917.00        3.269275E+14   1.4449E-05   1.4616E-05   0.98855
FLUX  642   919.00        3.262160E+14   1.4369E-05   1.4597E-05   0.98433
FLUX  643   921.00        3.255076E+14   1.3882E-05   1.4579E-05   0.95218
FLUX  644   923.00        3.248023E+14   1.2011E-05   1.4561E-05   0.82491
FLUX  645   925.00        3.241000E+14   1.3589E-05   1.4542E-05   0.93447
FLUX  646   927.00        3.234008E+14   1.4007E-05   1.4524E-05   0.96445
FLUX  647   929.00        3.227045E+14   1.4362E-05   1.4505E-05   0.99009
FLUX  648   931.00        3.220113E+14   1.4404E-05   1.4487E-05   0.99424
FLUX  649   933.00        3.213210E+14   1.4356E-05   1.4469E-05   0.99224
FLUX  650   935.00        3.206337E+14   1.4366E-05   1.4450E-05   0.99412
FLUX  651   937.00        3.199493E+14   1.4370E-05   1.4432E-05   0.99573
FLUX  652   939.00        3.192678E+14   1.4286E-05   1.4414E-05   0.99110
FLUX  653   941.00        3.185893E+14   1.3774E-05   1.4395E-05   0.95685
FLUX  654   943.00        3.179136E+14   1.4131E-05   1.4377E-05   0.98290
FLUX  655   945.00        3.172407E+14   1.4113E-05   1.4359E-05   0.98285
FLUX  656   947.00        3.165707E+14   1.4244E-05   1.4341E-05   0.99324
FLUX  657   949.00        3.159036E+14   1.4239E-05   1.4322E-05   0.99419
FLUX  658   951.00        3.152392E+14   1.4092E-05   1.4304E-05   0.98519
FLUX  659   953.00        3.145776E+14   1.3658E-05   1.4286E-05   0.95606
FLUX  660   955.00        3.139188E+14   1.1928E-05   1.4267E-05   0.83606
FLUX  661   957.00        3.132628E+14   1.3701E-05   1.4249E-05   0.96155
FLUX  662   959.00        3.126095E+14   1.4052E-05   1.4231E-05   0.98742
FLUX  663   961.00        3.119589E+14   1.3954E-05   1.4213E-05   0.98179
FLUX  664   963.00        3.113110E+14   1.3822E-05   1.4194E-05   0.97377
FLUX  665   965.00        3.106658E+14   1.3966E-05   1.4176E-05   0.98521
FLUX  666   967.00        3.100233E+14   1.3807E-05   1.4158E-05   0.97520
FLUX  667   969.00        3.093834E+14   1.3831E-05   1.4139E-05   0.97821
FLUX  668   971.00        3.087461E+14   1.4053E-05   1.4121E-05   0.99517
FLUX  669   973.00        3.081115E+14   1.4022E-05   1.4103E-05   0.99424
FLUX  670   975.00        3.074795E+14   1.3827E-05   1.4085E-05   0.98167
FLUX  671   977.00        3.068501E+14   1.3983E-05   1.4067E-05   0.99407
FLUX  672   979.00        3.062232E+14   1.3945E-05   1.4048E-05   0.99265
FLUX  673   981.00        3.055989E+14   1.3962E-05   1.4030E-05   0.99512
FLUX  674   983.00        3.049771E+14   1.3927E-05   1.4012E-05   0.99392
FLUX  675   985.00        3.043579E+14   1.3825E-05   1.3994E-05   0.98796
FLUX  676   987.00        3.037411E+14   1.3806E-05   1.3975E-05   0.98788
FLUX  677   989.00        3.031269E+14   1.3738E-05   1.3957E-05   0.98426
FLUX  678   991.00        3.025151E+14   1.3726E-05   1.3939E-05   0.98474
FLUX  679   993.00        3.019058E+14   1.3810E-05   1.3921E-05   0.99200
FLUX  680   995.00        3.012990E+14   1.3782E-05   1.3903E-05   0.99127
FLUX  681   997.00        3.006946E+14   1.3788E-05   1.3885E-05   0.99306
FLUX  682   999.00        3.000926E+14   1.3753E-05   1.3867E-05   0.99183
FLUX  683  1002.50        2.990449E+14   1.3233E-05   1.3835E-05   0.95645
FLUX  684  1007.50        2.975608E+14   1.2834E-05   1.3790E-05   0.93066
FLUX  685  1012.50        2.960914E+14   1.3519E-05   1.3745E-05   0.98355
FLUX  686  1017.50        2.946364E+14   1.3540E-05   1.3700E-05   0.98829
FLUX  687  1022.50        2.931956E+14   1.3561E-05   1.3655E-05   0.99310
FLUX  688  1027.50        2.917689E+14   1.3572E-05   1.3611E-05   0.99716
FLUX  689  1032.50        2.903559E+14   1.3419E-05   1.3566E-05   0.98917
FLUX  690  1037.50        2.889566E+14   1.3419E-05   1.3522E-05   0.99239
FLUX  691  1042.50        2.875707E+14   1.3397E-05   1.3478E-05   0.99401
FLUX  692  1047.50        2.861981E+14   1.3151E-05   1.3434E-05   0.97895
FLUX  693  1052.50        2.848385E+14   1.3219E-05   1.3389E-05   0.98725
FLUX  694  1057.50        2.834917E+14   1.3201E-05   1.3345E-05   0.98918
FLUX  695  1062.50        2.821576E+14   1.3158E-05   1.3301E-05   0.98920
FLUX  696  1067.50        2.808361E+14   1.2878E-05   1.3257E-05   0.97141
FLUX  697  1072.50        2.795268E+14   1.2981E-05   1.3213E-05   0.98238
FLUX  698  1077.50        2.782297E+14   1.2955E-05   1.3170E-05   0.98367
FLUX  699  1082.50        2.769446E+14   1.2863E-05   1.3126E-05   0.97996
FLUX  700  1087.50        2.756713E+14   1.2816E-05   1.3083E-05   0.97961
FLUX  701  1092.50        2.744096E+14   1.1807E-05   1.3040E-05   0.90542
FLUX  702  1097.50        2.731595E+14   1.2474E-05   1.2997E-05   0.95978
FLUX  703  1102.50        2.719206E+14   1.2834E-05   1.2954E-05   0.99076
FLUX  704  1107.50        2.706930E+14   1.2856E-05   1.2911E-05   0.99576
FLUX  705  1112.50        2.694764E+14   1.2749E-05   1.2868E-05   0.99075
FLUX  706  1117.50        2.682707E+14   1.2703E-05   1.2825E-05   0.99046
FLUX  707  1122.50        2.670757E+14   1.2717E-05   1.2783E-05   0.99486
FLUX  708  1127.50        2.658914E+14   1.2432E-05   1.2740E-05   0.97578
FLUX  709  1132.50        2.647174E+14   1.2416E-05   1.2698E-05   0.97782
FLUX  710  1137.50        2.635538E+14   1.2493E-05   1.2656E-05   0.98713
FLUX  711  1142.50        2.624004E+14   1.2331E-05   1.2614E-05   0.97756
FLUX  712  1147.50        2.612571E+14   1.2513E-05   1.2572E-05   0.99532
FLUX  713  1152.50        2.601236E+14   1.2483E-05   1.2530E-05   0.99629
FLUX  714  1157.50        2.590000E+14   1.2392E-05   1.2488E-05   0.99237
FLUX  715  1162.50        2.578860E+14   1.2172E-05   1.2446E-05   0.97798
FLUX  716  1167.50        2.567816E+14   1.2082E-05   1.2404E-05   0.97404
FLUX  717  1172.50        2.556866E+14   1.2312E-05   1.2363E-05   0.99588
FLUX  718  1177.50        2.546008E+14   1.2013E-05   1.2321E-05   0.97494
FLUX  719  1182.50        2.535243E+14   1.2071E-05   1.2280E-05   0.98295
FLUX  720  1187.50        2.524568E+14   1.1936E-05   1.2239E-05   0.97525
FLUX  721  1192.50        2.513983E+14   1.2183E-05   1.2198E-05   0.99877
FLUX  722  1197.50        2.503486E+14   1.1923E-05   1.2157E-05   0.98072
FLUX  723  1202.50        2.493077E+14   1.2012E-05   1.2116E-05   0.99136
FLUX  724  1207.50        2.482754E+14   1.1926E-05   1.2076E-05   0.98764
FLUX  725  1212.50        2.472515E+14   1.1907E-05   1.2035E-05   0.98934
FLUX  726  1217.50        2.462361E+14   1.1940E-05   1.1995E-05   0.99542
FLUX  727  1222.50        2.452290E+14   1.1874E-05   1.1954E-05   0.99331
FLUX  728  1227.50        2.442301E+14   1.1817E-05   1.1914E-05   0.99188
FLUX  729  1232.50        2.432394E+14   1.1787E-05   1.1874E-05   0.99267
FLUX  730  1237.50        2.422566E+14   1.1761E-05   1.1834E-05   0.99378
FLUX  731  1242.50        2.412817E+14   1.1748E-05   1.1794E-05   0.99611
FLUX  732  1247.50        2.403146E+14   1.1697E-05   1.1755E-05   0.99514
FLUX  733  1252.50        2.393553E+14   1.1612E-05   1.1715E-05   0.99117
FLUX  734  1257.50        2.384036E+14   1.1519E-05   1.1676E-05   0.98661
FLUX  735  1262.50        2.374594E+14   1.1534E-05   1.1636E-05   0.99125
FLUX  736  1267.50        2.365227E+14   1.1528E-05   1.1597E-05   0.99403
FLUX  737  1272.50        2.355933E+14   1.1506E-05   1.1558E-05   0.99548
FLUX  738  1277.50        2.346712E+14   1.1333E-05   1.1519E-05   0.98386
FLUX  739  1282.50        2.337563E+14   1.0217E-05   1.1480E-05   0.89000
FLUX  740  1287.50        2.328485E+14   1.1273E-05   1.1442E-05   0.98524
FLUX  741  1292.50        2.319478E+14   1.1307E-05   1.1403E-05   0.99159
FLUX  742  1297.50        2.310539E+14   1.1308E-05   1.1365E-05   0.99502
FLUX  743  1302.50        2.301670E+14   1.1268E-05   1.1326E-05   0.99491
FLUX  744  1307.50        2.292868E+14   1.1263E-05   1.1288E-05   0.99779
FLUX  745  1312.50        2.284133E+14   1.1172E-05   1.1250E-05   0.99312
FLUX  746  1317.50        2.275465E+14   1.1097E-05   1.1212E-05   0.98979
FLUX  747  1322.50        2.266862E+14   1.1138E-05   1.1174E-05   0.99679
FLUX  748  1327.50        2.258324E+14   1.1063E-05   1.1136E-05   0.99344
FLUX  749  1332.50        2.249850E+14   1.1055E-05   1.1098E-05   0.99610
FLUX  750  1337.50        2.241439E+14   1.1009E-05   1.1060E-05   0.99538
FLUX  751  1342.50        2.233091E+14   1.0986E-05   1.1022E-05   0.99666
FLUX  752  1347.50        2.224805E+14   1.0948E-05   1.0985E-05   0.99665
FLUX  753  1352.50        2.216580E+14   1.0879E-05   1.0948E-05   0.99374
FLUX  754  1357.50        2.208416E+14   1.0798E-05   1.0910E-05   0.98974
FLUX  755  1362.50        2.200312E+14   1.0822E-05   1.0873E-05   0.99532
FLUX  756  1367.50        2.192267E+14   1.0762E-05   1.0836E-05   0.99320
FLUX  757  1372.50        2.184281E+14   1.0610E-05   1.0799E-05   0.98250
FLUX  758  1377.50        2.176352E+14   1.0656E-05   1.0762E-05   0.99021
FLUX  759  1382.50        2.168481E+14   1.0638E-05   1.0725E-05   0.99189
FLUX  760  1387.50        2.160667E+14   1.0662E-05   1.0688E-05   0.99757
FLUX  761  1392.50        2.152908E+14   1.0557E-05   1.0651E-05   0.99120
FLUX  762  1397.50        2.145206E+14   1.0548E-05   1.0614E-05   0.99377
FLUX  763  1402.50        2.137558E+14   1.0499E-05   1.0578E-05   0.99252
FLUX  764  1407.50        2.129964E+14   1.0504E-05   1.0541E-05   0.99647
FLUX  765  1412.50        2.122425E+14   1.0418E-05   1.0505E-05   0.99176
FLUX  766  1417.50        2.114938E+14   1.0421E-05   1.0468E-05   0.99551
FLUX  767  1422.50        2.107504E+14   1.0329E-05   1.0432E-05   0.99012
FLUX  768  1427.50        2.100123E+14   1.0262E-05   1.0395E-05   0.98719
FLUX  769  1432.50        2.092792E+14   1.0297E-05   1.0359E-05   0.99406
FLUX  770  1437.50        2.085513E+14   1.0300E-05   1.0323E-05   0.99781
FLUX  771  1442.50        2.078284E+14   9.9711E-06   1.0286E-05   0.96935
FLUX  772  1447.50        2.071105E+14   1.0192E-05   1.0250E-05   0.99437
FLUX  773  1452.50        2.063976E+14   1.0006E-05   1.0214E-05   0.97967
FLUX  774  1457.00        2.057601E+14   1.0102E-05   1.0181E-05   0.99220
FLUX  775  1462.00        2.050564E+14   1.0032E-05   1.0599E-05   0.94651
FLUX  776  1467.50        2.042879E+14   1.0045E-05   1.0560E-05   0.95129
FLUX  777  1472.50        2.035942E+14   9.9426E-06   1.0524E-05   0.94478
FLUX  778  1477.50        2.029052E+14   9.8818E-06   1.0488E-05   0.94220
FLUX  779  1482.50        2.022209E+14   9.8866E-06   1.0452E-05   0.94589
FLUX  780  1487.50        2.015412E+14   9.7922E-06   1.0416E-05   0.94009
FLUX  781  1492.50        2.008660E+14   9.9079E-06   1.0380E-05   0.95449
FLUX  782  1497.50        2.001953E+14   9.8126E-06   1.0344E-05   0.94860
FLUX  783  1502.50        1.995291E+14   9.7295E-06   1.0308E-05   0.94385
FLUX  784  1507.50        1.988673E+14   9.6556E-06   1.0272E-05   0.93997
FLUX  785  1512.50        1.982099E+14   9.7155E-06   1.0236E-05   0.94914
FLUX  786  1517.50        1.975568E+14   9.6951E-06   1.0200E-05   0.95051
FLUX  787  1522.50        1.969080E+14   9.6431E-06   1.0164E-05   0.94879
FLUX  788  1527.50        1.962635E+14   9.5751E-06   1.0127E-05   0.94548
FLUX  789  1532.50        1.956232E+14   9.5202E-06   1.0091E-05   0.94346
FLUX  790  1537.50        1.949870E+14   9.5644E-06   1.0054E-05   0.95130
FLUX  791  1542.50        1.943549E+14   9.3148E-06   1.0017E-05   0.92987
FLUX  792  1547.50        1.937270E+14   9.4801E-06   9.9805E-06   0.94986
FLUX  793  1552.50        1.931031E+14   9.4826E-06   9.9436E-06   0.95364
FLUX  794  1557.50        1.924831E+14   9.1283E-06   9.9065E-06   0.92145
FLUX  795  1562.50        1.918672E+14   9.5477E-06   9.8693E-06   0.96742
FLUX  796  1567.50        1.912552E+14   9.2744E-06   9.8319E-06   0.94330
FLUX  797  1572.50        1.906471E+14   8.9696E-06   9.7943E-06   0.91580
FLUX  798  1577.50        1.900428E+14   9.3384E-06   9.7566E-06   0.95713
FLUX  799  1582.50        1.894423E+14   9.3819E-06   9.7187E-06   0.96534
FLUX  800  1587.50        1.888457E+14   8.5262E-06   9.6806E-06   0.88075
FLUX  801  1592.50        1.882527E+14   9.2336E-06   9.6422E-06   0.95762
FLUX  802  1597.50        1.876635E+14   9.3730E-06   9.6037E-06   0.97597
FLUX  803  1605.00        1.867866E+14   9.2071E-06   9.5454E-06   0.96457
FLUX  804  1615.00        1.856300E+14   8.7727E-06   9.4664E-06   0.92672
FLUX  805  1625.00        1.844877E+14   9.2632E-06   9.3858E-06   0.98694
FLUX  806  1635.00        1.833593E+14   8.9863E-06   9.3024E-06   0.96602
FLUX  807  1645.00        1.822447E+14   8.5232E-06   9.2151E-06   0.92491
FLUX  808  1655.00        1.811435E+14   9.0203E-06   9.1257E-06   0.98846
FLUX  809  1665.00        1.800556E+14   8.9625E-06   9.0375E-06   0.99170
FLUX  810  1675.00        1.789806E+14   8.6726E-06   8.9506E-06   0.96894
FLUX  811  1685.00        1.779184E+14   8.2212E-06   8.8649E-06   0.92739
FLUX  812  1695.00        1.768687E+14   8.7269E-06   8.7805E-06   0.99389
FLUX  813  1705.00        1.758314E+14   8.5871E-06   8.6972E-06   0.98734
FLUX  814  1715.00        1.748061E+14   8.5594E-06   8.6151E-06   0.99353
FLUX  815  1725.00        1.737928E+14   8.3805E-06   8.5342E-06   0.98200
FLUX  816  1735.00        1.727911E+14   7.7064E-06   8.4543E-06   0.91154
FLUX  817  1745.00        1.718009E+14   8.1604E-06   8.3756E-06   0.97431
FLUX  818  1755.00        1.708219E+14   8.1926E-06   8.2979E-06   0.98731
FLUX  819  1765.00        1.698541E+14   8.1107E-06   8.2213E-06   0.98655
FLUX  820  1775.00        1.688972E+14   8.0639E-06   8.1456E-06   0.98997
FLUX  821  1785.00        1.679510E+14   7.9859E-06   8.0710E-06   0.98945
FLUX  822  1795.00        1.670153E+14   7.9630E-06   7.9974E-06   0.99570
FLUX  823  1805.00        1.660900E+14   7.8213E-06   7.9248E-06   0.98693
FLUX  824  1815.00        1.651749E+14   7.2692E-06   7.8532E-06   0.92564
FLUX  825  1825.00        1.642699E+14   7.5932E-06   7.7825E-06   0.97567
FLUX  826  1835.00        1.633747E+14   7.6539E-06   7.7127E-06   0.99237
FLUX  827  1845.00        1.624892E+14   7.5783E-06   7.6439E-06   0.99143
FLUX  828  1855.00        1.616132E+14   7.4984E-06   7.5759E-06   0.98977
FLUX  829  1865.00        1.607466E+14   7.4118E-06   7.5089E-06   0.98707
FLUX  830  1875.00        1.598893E+14   6.8237E-06   7.4428E-06   0.91682
FLUX  831  1885.00        1.590411E+14   7.2588E-06   7.3775E-06   0.98391
FLUX  832  1895.00        1.582018E+14   7.1545E-06   7.3131E-06   0.97831
FLUX  833  1905.00        1.573714E+14   7.2203E-06   7.2495E-06   0.99597
FLUX  834  1915.00        1.565496E+14   7.1469E-06   7.1868E-06   0.99445
FLUX  835  1925.00        1.557364E+14   7.0828E-06   7.1248E-06   0.99410
FLUX  836  1935.00        1.549315E+14   6.9725E-06   7.0637E-06   0.98709
FLUX  837  1945.00        1.541350E+14   6.4539E-06   7.0033E-06   0.92154
FLUX  838  1955.00        1.533465E+14   6.8702E-06   6.9437E-06   0.98942
FLUX  839  1965.00        1.525662E+14   6.8448E-06   6.8848E-06   0.99419
FLUX  840  1975.00        1.517937E+14   6.7642E-06   6.8266E-06   0.99086
FLUX  841  1985.00        1.510290E+14   6.7334E-06   6.7692E-06   0.99471
FLUX  842  1995.00        1.502719E+14   6.6779E-06   6.7125E-06   0.99485
FLUX  843  2005.00        1.495224E+14   6.6364E-06   6.6565E-06   0.99699
FLUX  844  2015.00        1.487804E+14   6.5929E-06   6.6012E-06   0.99874
FLUX  845  2025.00        1.480457E+14   6.5162E-06   6.5466E-06   0.99536
FLUX  846  2035.00        1.473182E+14   6.4426E-06   6.4926E-06   0.99230
FLUX  847  2045.00        1.465978E+14   6.4319E-06   6.4393E-06   0.99885
FLUX  848  2055.00        1.458844E+14   6.3719E-06   6.3867E-06   0.99768
FLUX  849  2065.00        1.451780E+14   6.3000E-06   6.3347E-06   0.99452
FLUX  850  2075.00        1.444783E+14   6.2566E-06   6.2834E-06   0.99574
FLUX  851  2085.00        1.437854E+14   6.2110E-06   6.2326E-06   0.99654
FLUX  852  2095.00        1.430990E+14   6.1493E-06   6.1825E-06   0.99464
FLUX  853  2105.00        1.424192E+14   6.1102E-06   6.1329E-06   0.99630
FLUX  854  2115.00        1.417459E+14   6.0433E-06   6.0840E-06   0.99331
FLUX  855  2125.00        1.410788E+14   5.9982E-06   6.0356E-06   0.99380
FLUX  856  2135.00        1.404180E+14   5.9543E-06   5.9878E-06   0.99441
FLUX  857  2145.00        1.397634E+14   5.9276E-06   5.9406E-06   0.99782
FLUX  858  2155.00        1.391148E+14   5.8612E-06   5.8939E-06   0.99445
FLUX  859  2165.00        1.384723E+14   5.4366E-06   5.8477E-06   0.92969
FLUX  860  2175.00        1.378356E+14   5.7329E-06   5.8021E-06   0.98808
FLUX  861  2185.00        1.372048E+14   5.7293E-06   5.7570E-06   0.99520
FLUX  862  2195.00        1.365797E+14   5.7076E-06   5.7124E-06   0.99917
FLUX  863  2205.00        1.359603E+14   5.6326E-06   5.6683E-06   0.99370
FLUX  864  2215.00        1.353465E+14   5.5939E-06   5.6248E-06   0.99451
FLUX  865  2225.00        1.347382E+14   5.5730E-06   5.5817E-06   0.99844
FLUX  866  2235.00        1.341353E+14   5.5298E-06   5.5391E-06   0.99831
FLUX  867  2245.00        1.335379E+14   5.4887E-06   5.4971E-06   0.99848
FLUX  868  2255.00        1.329457E+14   5.4102E-06   5.4554E-06   0.99170
FLUX  869  2265.00        1.323587E+14   5.3905E-06   5.4143E-06   0.99560
FLUX  870  2275.00        1.317769E+14   5.3602E-06   5.3736E-06   0.99750
FLUX  871  2285.00        1.312002E+14   5.3151E-06   5.4135E-06   0.98181
FLUX  872  2295.00        1.306285E+14   5.2698E-06   5.3727E-06   0.98084
FLUX  873  2305.00        1.300618E+14   5.2504E-06   5.3323E-06   0.98463
FLUX  874  2315.00        1.295000E+14   5.2045E-06   5.2924E-06   0.98338
FLUX  875  2325.00        1.289430E+14   5.1756E-06   5.2529E-06   0.98528
FLUX  876  2335.00        1.283908E+14   5.1316E-06   5.2139E-06   0.98421
FLUX  877  2345.00        1.278433E+14   5.1009E-06   5.1753E-06   0.98562
FLUX  878  2355.00        1.273004E+14   5.0627E-06   5.1372E-06   0.98551
FLUX  879  2365.00        1.267622E+14   5.0296E-06   5.0994E-06   0.98630
FLUX  880  2375.00        1.262284E+14   4.9806E-06   5.0621E-06   0.98390
FLUX  881  2385.00        1.256992E+14   4.9455E-06   5.0252E-06   0.98414
FLUX  882  2395.00        1.251743E+14   4.9148E-06   4.9887E-06   0.98519
FLUX  883  2405.00        1.246538E+14   4.8736E-06   4.9525E-06   0.98406
FLUX  884  2415.00        1.241377E+14   4.8347E-06   4.9168E-06   0.98329
FLUX  885  2425.00        1.236258E+14   4.8125E-06   4.8815E-06   0.98587
FLUX  886  2435.00        1.231181E+14   4.7579E-06   4.8465E-06   0.98172
FLUX  887  2445.00        1.226145E+14   4.7292E-06   4.8119E-06   0.98280
FLUX  888  2455.00        1.221151E+14   4.6967E-06   4.7777E-06   0.98305
FLUX  889  2465.00        1.216197E+14   4.6656E-06   4.7439E-06   0.98351
FLUX  890  2475.00        1.211283E+14   4.6272E-06   4.7104E-06   0.98234
FLUX  891  2485.00        1.206408E+14   4.6059E-06   4.6772E-06   0.98474
FLUX  892  2495.00        1.201573E+14   4.5135E-06   4.6445E-06   0.97181
FLUX  893  2505.00        1.196776E+14   4.5644E-06   4.6120E-06   0.98968
FLUX  894  2515.00        1.192018E+14   4.5320E-06   4.5799E-06   0.98954
FLUX  895  2525.00        1.187297E+14   4.4080E-06   4.5481E-06   0.96918
FLUX  896  2535.00        1.182613E+14   4.4693E-06   4.5167E-06   0.98951
FLUX  897  2545.00        1.177967E+14   4.4455E-06   4.4855E-06   0.99107
FLUX  898  2555.00        1.173356E+14   4.3986E-06   4.4547E-06   0.98740
FLUX  899  2565.00        1.168782E+14   4.2353E-06   4.4242E-06   0.95730
FLUX  900  2575.00        1.164243E+14   4.3520E-06   4.3940E-06   0.99044
FLUX  901  2585.00        1.159739E+14   4.3134E-06   4.3642E-06   0.98838
FLUX  902  2595.00        1.155270E+14   4.3085E-06   4.3346E-06   0.99397
FLUX  903  2605.00        1.150835E+14   4.2512E-06   4.3053E-06   0.98743
FLUX  904  2615.00        1.146434E+14   4.0693E-06   4.2763E-06   0.95158
FLUX  905  2625.00        1.142067E+14   3.9544E-06   4.2476E-06   0.93097
FLUX  906  2635.00        1.137732E+14   4.1663E-06   4.2192E-06   0.98747
FLUX  907  2645.00        1.133431E+14   4.1619E-06   4.1911E-06   0.99303
FLUX  908  2655.00        1.129162E+14   4.1383E-06   4.1633E-06   0.99401
FLUX  909  2665.00        1.124925E+14   4.0804E-06   4.1357E-06   0.98663
FLUX  910  2675.00        1.120720E+14   3.8826E-06   4.1084E-06   0.94505
FLUX  911  2685.00        1.116546E+14   4.0504E-06   4.0814E-06   0.99240
FLUX  912  2695.00        1.112403E+14   4.0485E-06   4.0546E-06   0.99849
FLUX  913  2705.00        1.108290E+14   4.0177E-06   4.0281E-06   0.99742
FLUX  914  2715.00        1.104208E+14   3.9958E-06   4.0019E-06   0.99848
FLUX  915  2725.00        1.100156E+14   3.9699E-06   3.9759E-06   0.99848
FLUX  916  2735.00        1.096133E+14   3.9440E-06   3.9502E-06   0.99843
FLUX  917  2745.00        1.092140E+14   3.9138E-06   3.9247E-06   0.99723
FLUX  918  2755.00        1.088176E+14   3.7023E-06   3.8994E-06   0.94944
FLUX  919  2765.00        1.084241E+14   3.8059E-06   3.8744E-06   0.98230
FLUX  920  2775.00        1.080333E+14   3.8399E-06   3.8497E-06   0.99746
FLUX  921  2785.00        1.076454E+14   3.8197E-06   3.8251E-06   0.99857
FLUX  922  2795.00        1.072603E+14   3.7990E-06   3.8008E-06   0.99951
FLUX  923  2805.00        1.068779E+14   3.7738E-06   3.7768E-06   0.99922
FLUX  924  2815.00        1.064982E+14   3.7503E-06   3.7529E-06   0.99929
FLUX  925  2825.00        1.061212E+14   3.7260E-06   3.7293E-06   0.99910
FLUX  926  2835.00        1.057469E+14   3.7051E-06   3.7059E-06   0.99978
FLUX  927  2845.00        1.053752E+14   3.6736E-06   3.6828E-06   0.99750
FLUX  928  2855.00        1.050061E+14   3.6556E-06   3.6598E-06   0.99885
FLUX  929  2865.00        1.046396E+14   3.5996E-06   3.6371E-06   0.98970
FLUX  930  2875.00        1.042757E+14   3.4139E-06   3.6145E-06   0.94450
FLUX  931  2885.00        1.039142E+14   3.5748E-06   3.5922E-06   0.99514
FLUX  932  2895.00        1.035553E+14   3.5646E-06   3.5701E-06   0.99846
FLUX  933  2905.00        1.031988E+14   3.5462E-06   3.5482E-06   0.99942
FLUX  934  2915.00        1.028448E+14   3.5170E-06   3.5265E-06   0.99732
FLUX  935  2925.00        1.024932E+14   3.4965E-06   3.5050E-06   0.99758
FLUX  936  2935.00        1.021440E+14   3.4813E-06   3.4837E-06   0.99930
FLUX  937  2945.00        1.017971E+14   3.4578E-06   3.4626E-06   0.99861
FLUX  938  2955.00        1.014526E+14   3.4394E-06   3.4416E-06   0.99935
FLUX  939  2965.00        1.011105E+14   3.4194E-06   3.4209E-06   0.99955
FLUX  940  2975.00        1.007706E+14   3.3979E-06   3.4003E-06   0.99927
FLUX  941  2985.00        1.004330E+14   3.3786E-06   3.3800E-06   0.99960
FLUX  942  2995.00        1.000977E+14   3.3546E-06   3.3598E-06   0.99844
FLUX  943  3005.00        9.976456E+13   3.3344E-06   3.3398E-06   0.99840
FLUX  944  3015.00        9.943367E+13   3.3148E-06   3.3200E-06   0.99846
FLUX  945  3025.00        9.910496E+13   3.2919E-06   3.3003E-06   0.99745
FLUX  946  3035.00        9.877842E+13   3.1362E-06   3.2808E-06   0.95593
FLUX  947  3045.00        9.845402E+13   3.1932E-06   3.2615E-06   0.97904
FLUX  948  3055.00        9.813175E+13   3.2349E-06   3.2424E-06   0.99771
FLUX  949  3065.00        9.781158E+13   3.2167E-06   3.2234E-06   0.99794
FLUX  950  3075.00        9.749350E+13   3.2016E-06   3.2045E-06   0.99907
FLUX  951  3085.00        9.717747E+13   3.1745E-06   3.1859E-06   0.99643
FLUX  952  3095.00        9.686349E+13   3.1595E-06   3.1674E-06   0.99751
FLUX  953  3105.00        9.655153E+13   3.1417E-06   3.1490E-06   0.99767
FLUX  954  3115.00        9.624157E+13   3.1104E-06   3.1308E-06   0.99348
FLUX  955  3125.00        9.593360E+13   3.1042E-06   3.1128E-06   0.99723
FLUX  956  3135.00        9.562759E+13   3.0858E-06   3.0949E-06   0.99705
FLUX  957  3145.00        9.532353E+13   3.0693E-06   3.0772E-06   0.99742
FLUX  958  3155.00        9.502139E+13   3.0526E-06   3.0596E-06   0.99771
FLUX  959  3165.00        9.472117E+13   3.0395E-06   3.0422E-06   0.99911
FLUX  960  3175.00        9.442283E+13   3.0174E-06   3.0249E-06   0.99750
FLUX  961  3185.00        9.412637E+13   3.0055E-06   3.0078E-06   0.99923
FLUX  962  3195.00        9.383177E+13   2.9889E-06   2.9908E-06   0.99937
FLUX  963  3210.00        9.339330E+13   2.9615E-06   2.9656E-06   0.99862
FLUX  964  3230.00        9.281502E+13   2.9310E-06   2.9325E-06   0.99950
FLUX  965  3250.00        9.224385E+13   2.8973E-06   2.8999E-06   0.99907
FLUX  966  3270.00        9.167966E+13   2.8636E-06   2.8679E-06   0.99850
FLUX  967  3290.00        9.112234E+13   2.7411E-06   2.8501E-06   0.96176
FLUX  968  3310.00        9.057175E+13   2.7793E-06   2.8188E-06   0.98599
FLUX  969  3330.00        9.002778E+13   2.7602E-06   2.7881E-06   0.98999
FLUX  970  3350.00        8.949030E+13   2.7352E-06   2.7578E-06   0.99178
FLUX  971  3370.00        8.895920E+13   2.6998E-06   2.7281E-06   0.98963
FLUX  972  3390.00        8.843437E+13   2.6712E-06   2.6988E-06   0.98979
FLUX  973  3410.00        8.791569E+13   2.6431E-06   2.6700E-06   0.98991
FLUX  974  3430.00        8.740306E+13   2.6201E-06   2.6416E-06   0.99185
FLUX  975  3450.00        8.689638E+13   2.5983E-06   2.6137E-06   0.99411
FLUX  976  3470.00        8.639553E+13   2.5689E-06   2.5863E-06   0.99329
FLUX  977  3490.00        8.590043E+13   2.5439E-06   2.5593E-06   0.99402
FLUX  978  3510.00        8.541097E+13   2.5179E-06   2.5326E-06   0.99420
FLUX  979  3530.00        8.492705E+13   2.4907E-06   2.5064E-06   0.99371
FLUX  980  3550.00        8.444859E+13   2.4656E-06   2.4806E-06   0.99395
FLUX  981  3570.00        8.397549E+13   2.4376E-06   2.4553E-06   0.99283
FLUX  982  3590.00        8.350766E+13   2.4162E-06   2.4302E-06   0.99423
FLUX  983  3610.00        8.304501E+13   2.3889E-06   2.4056E-06   0.99306
FLUX  984  3630.00        8.258747E+13   2.3706E-06   2.3814E-06   0.99550
FLUX  985  3650.00        8.213493E+13   2.3370E-06   2.3575E-06   0.99131
FLUX  986  3670.00        8.168733E+13   2.3209E-06   2.3339E-06   0.99440
FLUX  987  3690.00        8.124458E+13   2.2806E-06   2.3107E-06   0.98693
FLUX  988  3710.00        8.080660E+13   2.2696E-06   2.2879E-06   0.99198
FLUX  989  3730.00        8.037332E+13   2.2248E-06   2.2654E-06   0.98209
FLUX  990  3750.00        7.994467E+13   2.1684E-06   2.2432E-06   0.96663
FLUX  991  3770.00        7.952056E+13   2.2071E-06   2.2214E-06   0.99357
FLUX  992  3790.00        7.910092E+13   2.1882E-06   2.1998E-06   0.99470
FLUX  993  3810.00        7.868570E+13   2.1539E-06   2.1786E-06   0.98865
FLUX  994  3830.00        7.827480E+13   2.1411E-06   2.1577E-06   0.99230
FLUX  995  3850.00        7.786818E+13   2.1328E-06   2.1371E-06   0.99798
FLUX  996  3870.00        7.746576E+13   2.1085E-06   2.1167E-06   0.99609
FLUX  997  3890.00        7.706748E+13   2.0864E-06   2.0967E-06   0.99509
FLUX  998  3910.00        7.667327E+13   2.0412E-06   2.0769E-06   0.98279
FLUX  999  3930.00        7.628308E+13   2.0531E-06   2.0575E-06   0.99790
FLUX 1000  3950.00        7.589684E+13   2.0326E-06   2.0383E-06   0.99721
FLUX 1001  3970.00        7.551448E+13   2.0158E-06   2.0193E-06   0.99827
FLUX 1002  3990.00        7.513596E+13   1.9894E-06   2.0006E-06   0.99438
FLUX 1003  4010.00        7.476122E+13   1.9603E-06   1.9822E-06   0.98892
FLUX 1004  4030.00        7.439020E+13   1.9330E-06   1.9641E-06   0.98421
FLUX 1005  4050.00        7.402284E+13   1.8933E-06   1.9461E-06   0.97286
FLUX 1006  4070.00        7.365909E+13   1.9224E-06   1.9285E-06   0.99686
FLUX 1007  4090.00        7.329890E+13   1.9049E-06   1.9110E-06   0.99679
FLUX 1008  4110.00        7.294221E+13   1.8924E-06   1.8938E-06   0.99923
FLUX 1009  4130.00        7.258898E+13   1.8756E-06   1.8769E-06   0.99935
FLUX 1010  4150.00        7.223916E+13   1.8552E-06   1.8601E-06   0.99737
FLUX 1011  4170.00        7.189269E+13   1.7998E-06   1.8436E-06   0.97622
FLUX 1012  4190.00        7.154952E+13   1.8221E-06   1.8273E-06   0.99714
FLUX 1013  4210.00        7.120962E+13   1.8043E-06   1.8112E-06   0.99617
FLUX 1014  4230.00        7.087293E+13   1.7950E-06   1.7953E-06   0.99980
FLUX 1015  4250.00        7.053941E+13   1.7778E-06   1.7797E-06   0.99895
FLUX 1016  4270.00        7.020902E+13   1.7637E-06   1.7642E-06   0.99970
FLUX 1017  4290.00        6.988170E+13   1.7484E-06   1.7489E-06   0.99969
FLUX 1018  4310.00        6.955742E+13   1.7328E-06   1.7339E-06   0.99937
FLUX 1019  4330.00        6.923614E+13   1.7166E-06   1.7190E-06   0.99859
FLUX 1020  4350.00        6.891782E+13   1.7017E-06   1.7043E-06   0.99848
FLUX 1021  4370.00        6.860240E+13   1.6496E-06   1.6898E-06   0.97618
FLUX 1022  4390.00        6.828986E+13   1.6677E-06   1.6755E-06   0.99533
FLUX 1023  4410.00        6.798016E+13   1.6564E-06   1.6614E-06   0.99698
FLUX 1024  4430.00        6.767325E+13   1.6444E-06   1.6474E-06   0.99818
FLUX 1025  4450.00        6.736910E+13   1.6307E-06   1.6337E-06   0.99820
FLUX 1026  4470.00        6.706767E+13   1.6191E-06   1.6230E-06   0.99759
FLUX 1027  4490.00        6.676893E+13   1.6054E-06   1.6095E-06   0.99746
FLUX 1028  4510.00        6.647284E+13   1.5930E-06   1.5962E-06   0.99800
FLUX 1029  4530.00        6.617936E+13   1.5794E-06   1.5830E-06   0.99768
FLUX 1030  4550.00        6.588846E+13   1.5666E-06   1.5700E-06   0.99778
FLUX 1031  4570.00        6.560011E+13   1.5530E-06   1.5572E-06   0.99730
FLUX 1032  4590.00        6.531427E+13   1.5400E-06   1.5445E-06   0.99703
FLUX 1033  4610.00        6.503091E+13   1.5289E-06   1.5320E-06   0.99796
FLUX 1034  4630.00        6.475000E+13   1.5144E-06   1.5196E-06   0.99653
FLUX 1035  4650.00        6.447151E+13   1.4637E-06   1.5074E-06   0.97103
FLUX 1036  4670.00        6.419540E+13   1.4536E-06   1.4953E-06   0.97208
FLUX 1037  4690.00        6.392164E+13   1.4770E-06   1.4834E-06   0.99568
FLUX 1038  4710.00        6.365021E+13   1.4686E-06   1.4716E-06   0.99797
FLUX 1039  4730.00        6.338108E+13   1.4582E-06   1.4600E-06   0.99880
FLUX 1040  4750.00        6.311421E+13   1.4457E-06   1.4485E-06   0.99808
FLUX 1041  4770.00        6.284958E+13   1.4344E-06   1.4371E-06   0.99814
FLUX 1042  4790.00        6.258716E+13   1.4239E-06   1.4258E-06   0.99868
FLUX 1043  4810.00        6.232692E+13   1.4125E-06   1.4147E-06   0.99843
FLUX 1044  4830.00        6.206884E+13   1.4021E-06   1.4037E-06   0.99881
FLUX 1045  4850.00        6.181289E+13   1.3907E-06   1.3929E-06   0.99846
FLUX 1046  4870.00        6.155903E+13   1.3804E-06   1.3822E-06   0.99870
FLUX 1047  4890.00        6.130726E+13   1.3695E-06   1.3715E-06   0.99850
FLUX 1048  4910.00        6.105754E+13   1.3587E-06   1.3611E-06   0.99824
FLUX 1049  4930.00        6.080984E+13   1.3481E-06   1.3507E-06   0.99811
FLUX 1050  4950.00        6.056414E+13   1.3383E-06   1.3405E-06   0.99843
FLUX 1051  4970.00        6.032042E+13   1.3272E-06   1.3303E-06   0.99766
FLUX 1052  4990.00        6.007866E+13   1.3189E-06   1.3203E-06   0.99895
FLUX 1053  5010.00        5.983882E+13   1.3086E-06   1.3104E-06   0.99860
FLUX 1054  5030.00        5.960089E+13   1.2970E-06   1.3006E-06   0.99726
FLUX 1055  5050.00        5.936485E+13   1.2896E-06   1.2909E-06   0.99895
FLUX 1056  5070.00        5.913067E+13   1.2803E-06   1.2813E-06   0.99915
FLUX 1057  5090.00        5.889833E+13   1.2673E-06   1.2719E-06   0.99644
FLUX 1058  5110.00        5.866781E+13   1.2588E-06   1.2625E-06   0.99703
FLUX 1059  5130.00        5.843908E+13   1.2215E-06   1.2532E-06   0.97463
FLUX 1060  5150.00        5.821214E+13   1.2419E-06   1.2441E-06   0.99822
FLUX 1061  5170.00        5.798694E+13   1.2299E-06   1.2350E-06   0.99584
FLUX 1062  5190.00        5.776349E+13   1.2251E-06   1.2261E-06   0.99923
FLUX 1063  5210.00        5.754175E+13   1.2157E-06   1.2172E-06   0.99881
FLUX 1064  5230.00        5.732170E+13   1.2071E-06   1.2084E-06   0.99889
FLUX 1065  5250.00        5.710333E+13   1.1979E-06   1.1998E-06   0.99847
FLUX 1066  5270.00        5.688662E+13   1.1861E-06   1.1912E-06   0.99570
FLUX 1067  5290.00        5.667155E+13   1.1819E-06   1.1827E-06   0.99931
FLUX 1068  5310.00        5.645810E+13   1.1735E-06   1.1743E-06   0.99933
FLUX 1069  5330.00        5.624625E+13   1.1652E-06   1.1660E-06   0.99936
FLUX 1070  5350.00        5.603598E+13   1.1569E-06   1.1577E-06   0.99929
FLUX 1071  5370.00        5.582728E+13   1.1441E-06   1.1496E-06   0.99517
FLUX 1072  5390.00        5.562013E+13   1.1372E-06   1.1415E-06   0.99621
FLUX 1073  5410.00        5.541451E+13   1.1330E-06   1.1336E-06   0.99948
FLUX 1074  5430.00        5.521041E+13   1.1243E-06   1.1257E-06   0.99874
FLUX 1075  5450.00        5.500780E+13   1.1171E-06   1.1179E-06   0.99925
FLUX 1076  5470.00        5.480667E+13   1.1082E-06   1.1102E-06   0.99821
FLUX 1077  5490.00        5.460701E+13   1.1016E-06   1.1025E-06   0.99920
FLUX 1078  5510.00        5.440880E+13   1.0933E-06   1.0950E-06   0.99851
FLUX 1079  5530.00        5.421203E+13   1.0780E-06   1.0875E-06   0.99129
FLUX 1080  5550.00        5.401667E+13   1.0793E-06   1.0801E-06   0.99929
FLUX 1081  5570.00        5.382271E+13   1.0720E-06   1.0727E-06   0.99932
FLUX 1082  5590.00        5.363014E+13   1.0629E-06   1.0655E-06   0.99758
FLUX 1083  5610.00        5.343895E+13   1.0577E-06   1.0583E-06   0.99941
FLUX 1084  5630.00        5.324911E+13   1.0504E-06   1.0512E-06   0.99925
FLUX 1085  5650.00        5.306062E+13   1.0439E-06   1.0441E-06   0.99974
FLUX 1086  5670.00        5.287346E+13   1.0367E-06   1.0371E-06   0.99960
FLUX 1087  5690.00        5.268761E+13   1.0294E-06   1.0302E-06   0.99917
FLUX 1088  5710.00        5.250306E+13   1.0110E-06   1.0234E-06   0.98789
FLUX 1089  5730.00        5.231981E+13   1.0158E-06   1.0166E-06   0.99918
FLUX 1090  5750.00        5.213783E+13   1.0097E-06   1.0099E-06   0.99975
FLUX 1091  5770.00        5.195711E+13   1.0029E-06   1.0033E-06   0.99959
FLUX 1092  5790.00        5.177763E+13   9.9598E-07   9.9673E-07   0.99924
FLUX 1093  5810.00        5.159940E+13   9.8988E-07   9.9023E-07   0.99964
FLUX 1094  5830.00        5.142238E+13   9.8356E-07   9.8379E-07   0.99977
FLUX 1095  5850.00        5.124658E+13   9.7788E-07   9.7816E-07   0.99971
FLUX 1096  5870.00        5.107198E+13   9.7118E-07   9.7184E-07   0.99932
FLUX 1097  5890.00        5.089856E+13   9.6273E-07   9.6557E-07   0.99706
FLUX 1098  5910.00        5.072631E+13   9.3657E-07   9.5937E-07   0.97623
FLUX 1099  5930.00        5.055523E+13   9.5175E-07   9.5322E-07   0.99845
FLUX 1100  5950.00        5.038529E+13   9.3056E-07   9.4714E-07   0.98249
FLUX 1101  5970.00        5.021650E+13   9.3730E-07   9.4111E-07   0.99595
FLUX 1102  5990.00        5.004883E+13   9.3449E-07   9.3514E-07   0.99931
FLUX 1103  6010.00        4.988228E+13   9.2832E-07   9.2923E-07   0.99903
FLUX 1104  6030.00        4.971683E+13   9.2311E-07   9.2337E-07   0.99972
FLUX 1105  6050.00        4.955248E+13   9.1734E-07   9.1757E-07   0.99976
FLUX 1106  6070.00        4.938921E+13   9.1118E-07   9.1182E-07   0.99930
FLUX 1107  6090.00        4.922701E+13   9.0536E-07   9.0612E-07   0.99916
FLUX 1108  6110.00        4.906588E+13   8.9878E-07   9.0048E-07   0.99811
FLUX 1109  6130.00        4.890579E+13   8.9448E-07   8.9489E-07   0.99954
FLUX 1110  6150.00        4.874675E+13   8.8909E-07   8.8936E-07   0.99970
FLUX 1111  6170.00        4.858874E+13   8.8357E-07   8.8387E-07   0.99966
FLUX 1112  6190.00        4.843174E+13   8.7785E-07   8.7843E-07   0.99934
FLUX 1113  6210.00        4.827576E+13   8.7284E-07   8.7305E-07   0.99976
FLUX 1114  6230.00        4.812079E+13   8.6623E-07   8.6771E-07   0.99829
FLUX 1115  6250.00        4.796680E+13   8.6195E-07   8.6242E-07   0.99946
FLUX 1116  6270.00        4.781380E+13   8.5605E-07   8.5718E-07   0.99867
FLUX 1117  6290.00        4.766176E+13   8.3572E-07   8.5199E-07   0.98091
FLUX 1118  6310.00        4.751070E+13   8.4449E-07   8.4684E-07   0.99722
FLUX 1119  6330.00        4.736058E+13   8.4135E-07   8.4174E-07   0.99954
FLUX 1120  6350.00        4.721142E+13   8.3630E-07   8.3669E-07   0.99953
FLUX 1121  6370.00        4.706319E+13   8.3139E-07   8.3168E-07   0.99965
FLUX 1122  6390.00        4.691588E+13   8.2630E-07   8.2672E-07   0.99949
FLUX 1123  6420.00        4.669665E+13   8.1917E-07   8.1936E-07   0.99977
FLUX 1124  6460.00        4.640751E+13   8.0923E-07   8.0969E-07   0.99943
FLUX 1125  6500.00        4.612192E+13   7.9947E-07   8.0020E-07   0.99909
FLUX 1126  6540.00        4.583983E+13   7.9068E-07   7.9087E-07   0.99976
FLUX 1127  6580.00        4.556117E+13   7.8142E-07   7.8170E-07   0.99964
FLUX 1128  6620.00        4.528588E+13   7.7226E-07   7.7269E-07   0.99944
FLUX 1129  6660.00        4.501389E+13   7.6363E-07   7.6384E-07   0.99972
FLUX 1130  6700.00        4.474515E+13   7.5486E-07   7.5513E-07   0.99964
FLUX 1131  6740.00        4.447960E+13   7.4576E-07   7.4658E-07   0.99891
FLUX 1132  6780.00        4.421718E+13   7.3025E-07   7.3817E-07   0.98927
FLUX 1133  6820.00        4.395784E+13   7.2945E-07   7.2990E-07   0.99938
FLUX 1134  6860.00        4.370153E+13   7.2147E-07   7.2177E-07   0.99958
FLUX 1135  6900.00        4.344819E+13   7.1322E-07   7.1377E-07   0.99924
FLUX 1136  6940.00        4.319777E+13   7.0497E-07   7.0590E-07   0.99868
FLUX 1137  6980.00        4.295021E+13   6.9779E-07   6.9817E-07   0.99946
FLUX 1138  7020.00        4.270548E+13   6.9002E-07   6.9056E-07   0.99922
FLUX 1139  7060.00        4.246353E+13   6.8265E-07   6.8307E-07   0.99938
FLUX 1140  7100.00        4.222430E+13   6.7492E-07   6.7571E-07   0.99883
FLUX 1141  7140.00        4.198775E+13   6.6821E-07   6.6846E-07   0.99962
FLUX 1142  7180.00        4.175383E+13   6.6099E-07   6.6133E-07   0.99948
FLUX 1143  7220.00        4.152251E+13   6.5351E-07   6.5432E-07   0.99876
FLUX 1144  7260.00        4.129373E+13   6.4599E-07   6.4741E-07   0.99781
FLUX 1145  7300.00        4.106747E+13   6.4045E-07   6.4061E-07   0.99975
FLUX 1146  7340.00        4.084366E+13   6.3358E-07   6.3392E-07   0.99947
FLUX 1147  7380.00        4.062229E+13   6.2719E-07   6.2733E-07   0.99977
FLUX 1148  7420.00        4.040330E+13   6.2040E-07   6.2085E-07   0.99928
FLUX 1149  7460.00        4.018666E+13   6.0645E-07   6.1447E-07   0.98695
FLUX 1150  7500.00        3.997233E+13   5.9510E-07   6.0818E-07   0.97850
FLUX 1151  7540.00        3.976028E+13   6.0140E-07   6.0199E-07   0.99901
FLUX 1152  7580.00        3.955046E+13   5.9566E-07   5.9590E-07   0.99960
FLUX 1153  7620.00        3.934285E+13   5.8976E-07   5.8990E-07   0.99976
FLUX 1154  7660.00        3.913740E+13   5.8385E-07   5.8399E-07   0.99976
FLUX 1155  7700.00        3.893409E+13   5.7796E-07   5.7816E-07   0.99965
FLUX 1156  7740.00        3.873288E+13   5.7235E-07   5.7242E-07   0.99987
FLUX 1157  7780.00        3.853374E+13   5.6466E-07   5.6677E-07   0.99628
FLUX 1158  7820.00        3.833664E+13   5.6115E-07   5.6120E-07   0.99992
FLUX 1159  7860.00        3.814154E+13   5.5567E-07   5.5571E-07   0.99993
FLUX 1160  7900.00        3.794842E+13   5.5026E-07   5.5030E-07   0.99993
FLUX 1161  7940.00        3.775724E+13   5.4492E-07   5.4497E-07   0.99990
FLUX 1162  7980.00        3.756798E+13   5.3964E-07   5.3972E-07   0.99986
FLUX 1163  8020.00        3.738061E+13   5.3436E-07   5.3454E-07   0.99965
FLUX 1164  8060.00        3.719510E+13   5.2926E-07   5.2944E-07   0.99965
FLUX 1165  8100.00        3.701142E+13   5.2436E-07   5.2441E-07   0.99991
FLUX 1166  8140.00        3.682955E+13   5.1680E-07   5.1945E-07   0.99491
FLUX 1167  8180.00        3.664945E+13   5.1399E-07   5.1456E-07   0.99891
FLUX 1168  8220.00        3.647111E+13   5.0969E-07   5.0973E-07   0.99991
FLUX 1169  8260.00        3.629449E+13   5.0491E-07   5.0498E-07   0.99987
FLUX 1170  8300.00        3.611958E+13   5.0021E-07   5.0029E-07   0.99983
FLUX 1171  8340.00        3.594634E+13   4.9532E-07   4.9567E-07   0.99929
FLUX 1172  8380.00        3.577476E+13   4.9074E-07   4.9111E-07   0.99925
FLUX 1173  8420.00        3.560481E+13   4.8641E-07   4.8661E-07   0.99958
FLUX 1174  8460.00        3.543647E+13   4.8210E-07   4.8218E-07   0.99984
FLUX 1175  8500.00        3.526971E+13   4.7776E-07   4.7780E-07   0.99992
FLUX 1176  8540.00        3.510451E+13   4.7338E-07   4.7348E-07   0.99979
FLUX 1177  8580.00        3.494085E+13   4.6914E-07   4.6922E-07   0.99983
FLUX 1178  8620.00        3.477871E+13   4.6488E-07   4.6502E-07   0.99969
FLUX 1179  8660.00        3.461807E+13   4.5742E-07   4.6087E-07   0.99251
FLUX 1180  8700.00        3.445891E+13   4.5674E-07   4.5678E-07   0.99991
FLUX 1181  8740.00        3.430120E+13   4.5027E-07   4.5275E-07   0.99453
FLUX 1182  8780.00        3.414493E+13   4.4635E-07   4.4876E-07   0.99462
FLUX 1183  8820.00        3.399008E+13   4.4466E-07   4.4483E-07   0.99961
FLUX 1184  8860.00        3.383663E+13   4.4078E-07   4.4095E-07   0.99961
FLUX 1185  8900.00        3.368455E+13   4.3697E-07   4.3712E-07   0.99965
FLUX 1186  8940.00        3.353384E+13   4.3326E-07   4.3334E-07   0.99983
FLUX 1187  8980.00        3.338447E+13   4.2939E-07   4.2961E-07   0.99949
FLUX 1188  9020.00        3.323642E+13   4.2578E-07   4.2592E-07   0.99967
FLUX 1189  9060.00        3.308968E+13   4.2225E-07   4.2229E-07   0.99991
FLUX 1190  9100.00        3.294423E+13   4.1851E-07   4.1869E-07   0.99955
FLUX 1191  9140.00        3.280005E+13   4.1500E-07   4.1515E-07   0.99964
FLUX 1192  9180.00        3.265714E+13   4.1160E-07   4.1165E-07   0.99988
FLUX 1193  9220.00        3.251546E+13   4.0817E-07   4.0819E-07   0.99993
FLUX 1194  9260.00        3.237500E+13   4.0461E-07   4.0478E-07   0.99957
FLUX 1195  9300.00        3.223575E+13   4.0140E-07   4.0141E-07   0.99997
FLUX 1196  9340.00        3.209770E+13   3.9803E-07   3.9808E-07   0.99988
FLUX 1197  9380.00        3.196082E+13   3.9153E-07   3.9479E-07   0.99174
FLUX 1198  9420.00        3.182511E+13   3.9125E-07   3.9155E-07   0.99925
FLUX 1199  9460.00        3.169054E+13   3.8829E-07   3.8834E-07   0.99988
FLUX 1200  9500.00        3.155711E+13   3.8500E-07   3.8517E-07   0.99955
FLUX 1201  9540.00        3.142479E+13   3.8167E-07   3.8204E-07   0.99903
FLUX 1202  9580.00        3.129358E+13   3.7892E-07   3.7895E-07   0.99993
FLUX 1203  9620.00        3.116346E+13   3.7580E-07   3.7589E-07   0.99975
FLUX 1204  9660.00        3.103442E+13   3.7287E-07   3.7288E-07   0.99997
FLUX 1205  9700.00        3.090644E+13   3.6988E-07   3.6989E-07   0.99997
FLUX 1206  9740.00        3.077952E+13   3.6677E-07   3.6695E-07   0.99952
FLUX 1207  9780.00        3.065363E+13   3.6396E-07   3.6404E-07   0.99978
FLUX 1208  9820.00        3.052877E+13   3.6104E-07   3.6116E-07   0.99967
FLUX 1209  9860.00        3.040492E+13   3.5786E-07   3.5832E-07   0.99874
FLUX 1210  9900.00        3.028207E+13   3.5550E-07   3.5551E-07   0.99998
FLUX 1211  9940.00        3.016021E+13   3.5267E-07   3.5273E-07   0.99982
FLUX 1212  9980.00        3.003933E+13   3.4990E-07   3.4999E-07   0.99977
FLUX 1213 10020.00        2.991941E+13   3.4719E-07   3.4727E-07   0.99977
FLUX 1214 20000.00        1.498963E+13   8.9146E-08   8.9149E-08   0.99997
FLUX 1215 40000.00        7.494813E+12   2.2291E-08   2.2291E-08   0.99999
FLUX 1216 60000.00        4.996542E+12   9.8409E-09   9.8409E-09   1.00000
FLUX 1217 80000.00        3.747406E+12   5.4981E-09   5.4981E-09   1.00000
FLUX 1218100000.00        2.997925E+12   3.4973E-09   3.4973E-09   1.00000
FLUX 1219120000.00        2.498271E+12   2.4155E-09   2.4155E-09   1.00000
FLUX 1220140000.00        2.141375E+12   1.7662E-09   1.7662E-09   1.00000
FLUX 1221160000.00        1.873703E+12   1.3465E-09   1.3465E-09   1.00000
FLUX
