TEFF   7000.  GRAVITY 3.50000 LTE 
TITLE  [0.0] VTURB=2  L/H=1.25 NOVER NEW ODF                                    
FLUX    1     9.09        3.298047E+16   1.0000E-50   0.0000E+00   1.00000
FLUX    2     9.35        3.206337E+16   1.0000E-50   0.0000E+00   1.00000
FLUX    3     9.61        3.119589E+16   1.0000E-50   0.0000E+00   1.00000
FLUX    4     9.77        3.068501E+16   1.0000E-50   0.0000E+00   1.00000
FLUX    5     9.96        3.009965E+16   1.0000E-50   0.0000E+00   1.00000
FLUX    6    10.20        2.939142E+16   1.0000E-50   0.0000E+00   1.00000
FLUX    7    10.38        2.888174E+16   1.0000E-50   0.0000E+00   1.00000
FLUX    8    10.56        2.838944E+16   1.0000E-50   0.0000E+00   1.00000
FLUX    9    10.77        2.783589E+16   1.0000E-50   0.0000E+00   1.00000
FLUX   10    11.04        2.715512E+16   1.0000E-50   0.0000E+00   1.00000
FLUX   11    11.40        2.629759E+16   1.0000E-50   0.0000E+00   1.00000
FLUX   12    11.78        2.544928E+16   1.0000E-50   0.0000E+00   1.00000
FLUX   13    12.13        2.471496E+16   1.0000E-50   0.0000E+00   1.00000
FLUX   14    12.48        2.402183E+16   1.0000E-50   0.0000E+00   1.00000
FLUX   15    12.71        2.358714E+16   1.0000E-50   0.0000E+00   1.00000
FLUX   16    12.84        2.334833E+16   1.0000E-50   0.0000E+00   1.00000
FLUX   17    13.05        2.297261E+16   1.0000E-50   0.0000E+00   1.00000
FLUX   18    13.24        2.264294E+16   1.0000E-50   0.0000E+00   1.00000
FLUX   19    13.39        2.238928E+16   1.0000E-50   0.0000E+00   1.00000
FLUX   20    13.66        2.194674E+16   1.0000E-50   0.0000E+00   1.00000
FLUX   21    13.98        2.144438E+16   1.0000E-50   0.0000E+00   1.00000
FLUX   22    14.33        2.092062E+16   1.0000E-50   0.0000E+00   1.00000
FLUX   23    14.72        2.036634E+16   1.0000E-50   0.0000E+00   1.00000
FLUX   24    15.10        1.985381E+16   1.0000E-50   0.0000E+00   1.00000
FLUX   25    15.52        1.931653E+16   1.0000E-50   0.0000E+00   1.00000
FLUX   26    15.88        1.887862E+16   1.0000E-50   0.0000E+00   1.00000
FLUX   27    16.20        1.850571E+16   1.3246E-86   1.3246E-86   0.99998
FLUX   28    16.60        1.805979E+16   1.3628E-84   1.3629E-84   0.99998
FLUX   29    17.03        1.760379E+16   1.5512E-82   1.5512E-82   0.99998
FLUX   30    17.34        1.728907E+16   4.0605E-81   4.0606E-81   0.99998
FLUX   31    17.68        1.695659E+16   1.2754E-79   1.2754E-79   0.99998
FLUX   32    18.02        1.663665E+16   3.5096E-78   3.5097E-78   0.99998
FLUX   33    18.17        1.649931E+16   1.4552E-77   1.4553E-77   0.99998
FLUX   34    18.61        1.610922E+16   8.2535E-76   8.2537E-76   0.99998
FLUX   35    19.10        1.569594E+16   5.9243E-74   5.9244E-74   0.99998
FLUX   36    19.39        1.546119E+16   6.6869E-73   6.6870E-73   0.99998
FLUX   37    19.84        1.511051E+16   2.4927E-71   2.4928E-71   0.99998
FLUX   38    20.18        1.485592E+16   3.4469E-70   3.4470E-70   0.99998
FLUX   39    20.50        1.462402E+16   3.7709E-69   3.7710E-69   0.99998
FLUX   40    21.05        1.424192E+16   1.9284E-67   1.9284E-67   0.99998
FLUX   41    21.62        1.386644E+16   9.1765E-66   9.1767E-66   0.99998
FLUX   42    21.98        1.363933E+16   9.4725E-65   9.4727E-65   0.99998
FLUX   43    22.30        1.344361E+16   7.0584E-64   7.0586E-64   0.99998
FLUX   44    22.68        1.321836E+16   7.1181E-63   7.1182E-63   0.99998
FLUX   45    23.00        1.303446E+16   4.6964E-62   4.6965E-62   0.99998
FLUX   46    23.40        1.281165E+16   4.6004E-61   4.6004E-61   0.99998
FLUX   47    24.00        1.249135E+16   1.2193E-59   1.2194E-59   0.99998
FLUX   48    24.65        1.216197E+16   3.5352E-58   3.5353E-58   0.99998
FLUX   49    25.24        1.187767E+16   6.4435E-57   6.4436E-57   0.99998
FLUX   50    25.68        1.167416E+16   5.1373E-56   5.1374E-56   0.99998
FLUX   51    26.00        1.153048E+16   2.2224E-55   2.2225E-55   0.99998
FLUX   52    26.40        1.135578E+16   1.3174E-54   1.3174E-54   0.99998
FLUX   53    26.85        1.116546E+16   9.1280E-54   9.1282E-54   0.99998
FLUX   54    27.35        1.096133E+16   7.2610E-53   7.2612E-53   0.99998
FLUX   55    27.85        1.076454E+16   5.3588E-52   5.3589E-52   0.99998
FLUX   56    28.40        1.055607E+16   4.4393E-51   4.4394E-51   0.99998
FLUX   57    29.00        1.033767E+16   4.0550E-50   4.0551E-50   0.99998
FLUX   58    29.60        1.012813E+16   3.3724E-49   3.3724E-49   0.99998
FLUX   59    30.10        9.959884E+15   1.8464E-48   1.8467E-48   0.99985
FLUX   60    30.80        9.733523E+15   1.8136E-47   1.8136E-47   0.99998
FLUX   61    31.80        9.427437E+15   3.9587E-46   3.9588E-46   0.99998
FLUX   62    32.80        9.140015E+15   7.1180E-45   7.1181E-45   0.99998
FLUX   63    33.80        8.869601E+15   1.0716E-43   1.0716E-43   0.99998
FLUX   64    34.80        8.614727E+15   1.3739E-42   1.3739E-42   0.99998
FLUX   65    35.70        8.397549E+15   1.2012E-41   1.2013E-41   0.99998
FLUX   66    36.60        8.191052E+15   9.4193E-41   9.4195E-41   0.99998
FLUX   67    37.50        7.994467E+15   6.6591E-40   6.6593E-40   0.99998
FLUX   68    38.50        7.786818E+15   5.2348E-39   5.2348E-39   0.99998
FLUX   69    39.50        7.589684E+15   3.6892E-38   3.6893E-38   0.99998
FLUX   70    40.50        7.402284E+15   2.3520E-37   2.3520E-37   0.99998
FLUX   71    41.40        7.241365E+15   1.1509E-36   1.1509E-36   0.99998
FLUX   72    42.20        7.104088E+15   4.4469E-36   4.4469E-36   0.99998
FLUX   73    43.00        6.971919E+15   1.6304E-35   1.6304E-35   0.99998
FLUX   74    44.10        6.798016E+15   8.9787E-35   8.9790E-35   0.99997
FLUX   75    45.10        6.647284E+15   3.9242E-34   3.9242E-34   0.99998
FLUX   76    46.00        6.517228E+15   1.3975E-33   1.3975E-33   0.99998
FLUX   77    47.00        6.378564E+15   5.4002E-33   5.4006E-33   0.99992
FLUX   78    48.00        6.245677E+15   1.9662E-32   1.9662E-32   0.99998
FLUX   79    49.00        6.118214E+15   6.7762E-32   6.7763E-32   0.99998
FLUX   80    50.00        5.995850E+15   2.2148E-31   2.2148E-31   0.99998
FLUX   81    50.60        5.924753E+15   5.8360E-31   6.6761E-31   0.87415
FLUX   82    51.20        5.855322E+15   1.2826E-30   1.2995E-30   0.98705
FLUX   83    52.00        5.765240E+15   3.0467E-30   3.0784E-30   0.98970
FLUX   84    53.00        5.656462E+15   8.7017E-30   8.7025E-30   0.99991
FLUX   85    54.00        5.551713E+15   2.3464E-29   2.3620E-29   0.99340
FLUX   86    55.00        5.450773E+15   6.1706E-29   6.1718E-29   0.99981
FLUX   87    56.00        5.353438E+15   1.5547E-28   1.5548E-28   0.99992
FLUX   88    57.00        5.259518E+15   3.7840E-28   3.7841E-28   0.99998
FLUX   89    58.00        5.168836E+15   8.8107E-28   8.9160E-28   0.98819
FLUX   90    59.00        5.081229E+15   2.0348E-27   2.0359E-27   0.99946
FLUX   91    60.00        4.996542E+15   4.5104E-27   4.5138E-27   0.99926
FLUX   92    61.00        4.914631E+15   9.7314E-27   9.7316E-27   0.99998
FLUX   93    62.00        4.835363E+15   2.0428E-26   2.0431E-26   0.99986
FLUX   94    63.00        4.758611E+15   4.1820E-26   4.1823E-26   0.99991
FLUX   95    64.00        4.684258E+15   8.3605E-26   8.3624E-26   0.99977
FLUX   96    65.00        4.612192E+15   1.6341E-25   1.6342E-25   0.99993
FLUX   97    65.80        4.556117E+15   2.7492E-25   2.7494E-25   0.99991
FLUX   98    66.50        4.508158E+15   4.2816E-25   4.2866E-25   0.99882
FLUX   99    67.50        4.441370E+15   7.9396E-25   7.9462E-25   0.99917
FLUX  100    68.50        4.376533E+15   1.4442E-24   1.4446E-24   0.99976
FLUX  101    69.50        4.313561E+15   2.5775E-24   2.5777E-24   0.99993
FLUX  102    70.50        4.252376E+15   4.5023E-24   4.5186E-24   0.99640
FLUX  103    71.60        4.187046E+15   8.2140E-24   8.2150E-24   0.99988
FLUX  104    72.60        4.129373E+15   1.3905E-23   1.3906E-23   0.99998
FLUX  105    73.50        4.078810E+15   2.2038E-23   2.2042E-23   0.99984
FLUX  106    74.50        4.024060E+15   3.6232E-23   3.6260E-23   0.99921
FLUX  107    75.50        3.970762E+15   5.8743E-23   5.8799E-23   0.99905
FLUX  108    76.50        3.918856E+15   9.3980E-23   9.4043E-23   0.99933
FLUX  109    77.50        3.868290E+15   1.4830E-22   1.4843E-22   0.99916
FLUX  110    78.50        3.819013E+15   2.3130E-22   2.3130E-22   0.99998
FLUX  111    79.50        3.770975E+15   3.5287E-22   3.5607E-22   0.99103
FLUX  112    80.50        3.724130E+15   5.3964E-22   5.4171E-22   0.99618
FLUX  113    81.50        3.678436E+15   8.1440E-22   8.1488E-22   0.99942
FLUX  114    82.50        3.633848E+15   1.2123E-21   1.2127E-21   0.99966
FLUX  115    83.50        3.590329E+15   1.7858E-21   1.7862E-21   0.99978
FLUX  116    84.50        3.547840E+15   2.6040E-21   2.6043E-21   0.99987
FLUX  117    85.50        3.506345E+15   3.7607E-21   3.7612E-21   0.99988
FLUX  118    86.50        3.465809E+15   5.3796E-21   5.3800E-21   0.99991
FLUX  119    87.50        3.426200E+15   7.6058E-21   7.6263E-21   0.99732
FLUX  120    88.50        3.387486E+15   1.0716E-20   1.0717E-20   0.99983
FLUX  121    89.50        3.349637E+15   1.4934E-20   1.4935E-20   0.99992
FLUX  122    90.50        3.312624E+15   2.0604E-20   2.0643E-20   0.99809
FLUX  123    91.50        3.276421E+15   2.7753E-17   7.0055E-17   0.39615
FLUX  124    92.50        3.241000E+15   9.3137E-17   9.9233E-17   0.93857
FLUX  125    93.50        3.206337E+15   1.3040E-16   1.3922E-16   0.93662
FLUX  126    94.50        3.172407E+15   1.8154E-16   1.9374E-16   0.93704
FLUX  127    95.50        3.139188E+15   2.6126E-16   2.6762E-16   0.97626
FLUX  128    96.50        3.106658E+15   3.5905E-16   3.6685E-16   0.97873
FLUX  129    97.50        3.074795E+15   4.8792E-16   4.9921E-16   0.97739
FLUX  130    98.50        3.043579E+15   6.6033E-16   6.7613E-16   0.97663
FLUX  131    99.50        3.012990E+15   8.8462E-16   9.0877E-16   0.97343
FLUX  132   100.50        2.983010E+15   1.2098E-15   1.2137E-15   0.99672
FLUX  133   101.50        2.953621E+15   1.6072E-15   1.6108E-15   0.99775
FLUX  134   102.50        2.924805E+15   2.0846E-15   2.1292E-15   0.97904
FLUX  135   103.50        2.896546E+15   2.7897E-15   2.7959E-15   0.99779
FLUX  136   104.50        2.868828E+15   3.6470E-15   3.6534E-15   0.99826
FLUX  137   105.50        2.841635E+15   4.7435E-15   4.7499E-15   0.99866
FLUX  138   106.50        2.814953E+15   6.1227E-15   6.1463E-15   0.99616
FLUX  139   107.50        2.788767E+15   7.8965E-15   7.9159E-15   0.99754
FLUX  140   108.50        2.763065E+15   1.0127E-14   1.0146E-14   0.99813
FLUX  141   109.50        2.737831E+15   1.2880E-14   1.2942E-14   0.99526
FLUX  142   110.50        2.713054E+15   3.0807E-14   1.1677E-13   0.26382
FLUX  143   111.50        2.688722E+15   9.9194E-14   1.6199E-13   0.61233
FLUX  144   112.50        2.664822E+15   1.5036E-13   2.1833E-13   0.68868
FLUX  145   113.50        2.641344E+15   2.2026E-13   2.8583E-13   0.77059
FLUX  146   114.50        2.618275E+15   2.9096E-13   3.6374E-13   0.79992
FLUX  147   115.50        2.595606E+15   3.3257E-13   4.5065E-13   0.73797
FLUX  148   116.50        2.573326E+15   4.6824E-13   5.4292E-13   0.86244
FLUX  149   117.50        2.551426E+15   5.7183E-13   6.3197E-13   0.90484
FLUX  150   118.50        2.529895E+15   6.2893E-13   8.7765E-13   0.71661
FLUX  151   119.50        2.508724E+15   3.7046E-13   1.0551E-12   0.35112
FLUX  152   120.50        2.487905E+15   3.6369E-13   1.2597E-12   0.28872
FLUX  153   121.50        2.467428E+15   1.5954E-13   1.4954E-12   0.10669
FLUX  154   122.50        2.447286E+15   4.6565E-13   1.8038E-12   0.25814
FLUX  155   123.50        2.427470E+15   1.0720E-12   2.1219E-12   0.50519
FLUX  156   124.50        2.407972E+15   2.4088E-12   4.3563E-12   0.55294
FLUX  157   125.50        2.388785E+15   5.3428E-12   7.1691E-12   0.74526
FLUX  158   126.50        2.369901E+15   5.4986E-12   1.0217E-11   0.53815
FLUX  159   127.50        2.351314E+15   8.5843E-12   1.3043E-11   0.65817
FLUX  160   128.50        2.333016E+15   1.2212E-11   1.6265E-11   0.75080
FLUX  161   129.50        2.315000E+15   1.5347E-11   1.9499E-11   0.78709
FLUX  162   130.50        2.297261E+15   1.3984E-11   2.3097E-11   0.60545
FLUX  163   131.50        2.279791E+15   2.0924E-11   2.6932E-11   0.77692
FLUX  164   132.50        2.262585E+15   2.5123E-11   3.1151E-11   0.80650
FLUX  165   133.50        2.245637E+15   2.9023E-11   3.5739E-11   0.81207
FLUX  166   134.50        2.228941E+15   3.5503E-11   4.0769E-11   0.87082
FLUX  167   135.50        2.212491E+15   3.8306E-11   4.6412E-11   0.82535
FLUX  168   136.50        2.196282E+15   4.4182E-11   5.2877E-11   0.83556
FLUX  169   137.50        2.180309E+15   4.8837E-11   6.0007E-11   0.81386
FLUX  170   138.50        2.164567E+15   5.4014E-11   6.7878E-11   0.79575
FLUX  171   139.50        2.149050E+15   6.3147E-11   7.6538E-11   0.82503
FLUX  172   140.50        2.133754E+15   7.2717E-11   8.6083E-11   0.84473
FLUX  173   141.50        2.118675E+15   7.8655E-11   9.6559E-11   0.81459
FLUX  174   142.50        2.103807E+15   8.8560E-11   1.0814E-10   0.81892
FLUX  175   143.50        2.089146E+15   9.4496E-11   1.2076E-10   0.78249
FLUX  176   144.20        2.079005E+15   1.1216E-10   1.3032E-10   0.86065
FLUX  177   144.70        2.071821E+15   1.1608E-10   1.4106E-10   0.82289
FLUX  178   145.50        2.060430E+15   1.3136E-10   1.5354E-10   0.85556
FLUX  179   146.50        2.046365E+15   1.3991E-10   1.7043E-10   0.82094
FLUX  180   147.50        2.032492E+15   1.5538E-10   1.8882E-10   0.82289
FLUX  181   148.50        2.018805E+15   1.7552E-10   2.0882E-10   0.84054
FLUX  182   149.50        2.005301E+15   2.0557E-10   2.3055E-10   0.89166
FLUX  183   150.50        1.991977E+15   2.3330E-10   2.5410E-10   0.91811
FLUX  184   151.20        1.982755E+15   2.3526E-10   2.7176E-10   0.86568
FLUX  185   151.70        1.976220E+15   2.6143E-10   3.4761E-10   0.75209
FLUX  186   152.50        1.965852E+15   3.0447E-10   7.2301E-10   0.42111
FLUX  187   153.50        1.953046E+15   5.8467E-10   1.7368E-09   0.33664
FLUX  188   154.50        1.940405E+15   8.3564E-10   1.9179E-09   0.43571
FLUX  189   155.50        1.927926E+15   9.4508E-10   2.1117E-09   0.44754
FLUX  190   156.50        1.915607E+15   8.9960E-10   2.3213E-09   0.38754
FLUX  191   157.50        1.903444E+15   1.2777E-09   2.7935E-09   0.45739
FLUX  192   158.50        1.891435E+15   1.4513E-09   3.0611E-09   0.47413
FLUX  193   159.50        1.879577E+15   1.7533E-09   3.3459E-09   0.52402
FLUX  194   160.50        1.867866E+15   1.7704E-09   3.6462E-09   0.48554
FLUX  195   161.50        1.856300E+15   1.8598E-09   3.9609E-09   0.46953
FLUX  196   162.50        1.844877E+15   1.9206E-09   4.4503E-09   0.43156
FLUX  197   163.50        1.833593E+15   2.4465E-09   4.8204E-09   0.50754
FLUX  198   164.50        1.822447E+15   3.0518E-09   5.2095E-09   0.58581
FLUX  199   165.50        1.811435E+15   2.0479E-09   5.6202E-09   0.36437
FLUX  200   166.50        1.800556E+15   3.5041E-09   6.0528E-09   0.57892
FLUX  201   167.20        1.793017E+15   2.2851E-09   6.3691E-09   0.35877
FLUX  202   167.70        1.787671E+15   4.2534E-09   4.1776E-08   0.10182
FLUX  203   168.50        1.779184E+15   7.7116E-09   3.2358E-07   0.02383
FLUX  204   169.50        1.768687E+15   1.1682E-08   3.3431E-07   0.03494
FLUX  205   170.50        1.758314E+15   2.6162E-08   3.4558E-07   0.07570
FLUX  206   171.50        1.748061E+15   6.6180E-08   4.3412E-07   0.15244
FLUX  207   172.50        1.737928E+15   8.3557E-08   4.4789E-07   0.18655
FLUX  208   173.50        1.727911E+15   1.1719E-07   4.5866E-07   0.25551
FLUX  209   174.50        1.718009E+15   1.0372E-07   4.7156E-07   0.21994
FLUX  210   175.50        1.708219E+15   1.5393E-07   4.8177E-07   0.31951
FLUX  211   176.50        1.698541E+15   9.4238E-08   4.9155E-07   0.19172
FLUX  212   177.50        1.688972E+15   1.4589E-07   5.0111E-07   0.29112
FLUX  213   178.50        1.679510E+15   1.4253E-07   5.1044E-07   0.27923
FLUX  214   179.50        1.670153E+15   2.3041E-07   5.1937E-07   0.44363
FLUX  215   180.50        1.660900E+15   1.5398E-07   5.2855E-07   0.29133
FLUX  216   181.50        1.651749E+15   1.8302E-07   5.3700E-07   0.34082
FLUX  217   182.50        1.642699E+15   1.6055E-07   5.4549E-07   0.29432
FLUX  218   183.50        1.633747E+15   1.6056E-07   5.5346E-07   0.29009
FLUX  219   184.50        1.624892E+15   1.3336E-07   5.6119E-07   0.23763
FLUX  220   185.50        1.616132E+15   1.8515E-07   5.6958E-07   0.32505
FLUX  221   186.50        1.607466E+15   2.4870E-07   5.7668E-07   0.43126
FLUX  222   187.50        1.598893E+15   2.2320E-07   6.0381E-07   0.36966
FLUX  223   188.50        1.590411E+15   2.4283E-07   6.0964E-07   0.39831
FLUX  224   189.50        1.582018E+15   2.8257E-07   6.1509E-07   0.45939
FLUX  225   190.50        1.573714E+15   2.5851E-07   6.2006E-07   0.41691
FLUX  226   191.50        1.565496E+15   2.7486E-07   6.2473E-07   0.43997
FLUX  227   192.50        1.557364E+15   2.2700E-07   6.2922E-07   0.36076
FLUX  228   193.50        1.549315E+15   1.0160E-07   6.3344E-07   0.16040
FLUX  229   194.50        1.541350E+15   3.0860E-07   6.3760E-07   0.48400
FLUX  230   195.50        1.533465E+15   3.3527E-07   6.4154E-07   0.52260
FLUX  231   196.70        1.524110E+15   3.9767E-07   6.4604E-07   0.61556
FLUX  232   197.60        1.517169E+15   3.7359E-07   6.9554E-07   0.53712
FLUX  233   198.40        1.511051E+15   3.5346E-07   6.9961E-07   0.50523
FLUX  234   199.50        1.502719E+15   3.7074E-07   7.2992E-07   0.50792
FLUX  235   200.50        1.495224E+15   3.4756E-07   7.3575E-07   0.47239
FLUX  236   201.50        1.487804E+15   3.3610E-07   7.4185E-07   0.45306
FLUX  237   202.50        1.480457E+15   3.0334E-07   7.4776E-07   0.40566
FLUX  238   203.50        1.473182E+15   4.0428E-07   7.5349E-07   0.53655
FLUX  239   204.50        1.465978E+15   4.5752E-07   7.5922E-07   0.60262
FLUX  240   205.50        1.458844E+15   4.1547E-07   7.6463E-07   0.54336
FLUX  241   206.50        1.451780E+15   3.9157E-07   7.6969E-07   0.50874
FLUX  242   207.40        1.445480E+15   4.8571E-07   7.7402E-07   0.62752
FLUX  243   207.80        1.442697E+15   6.6398E-07   1.3537E-06   0.49050
FLUX  244   208.50        1.437854E+15   6.2737E-07   1.3683E-06   0.45850
FLUX  245   209.50        1.430990E+15   5.9632E-07   1.3890E-06   0.42930
FLUX  246   210.50        1.424192E+15   6.0292E-07   1.4095E-06   0.42777
FLUX  247   211.50        1.417459E+15   6.8031E-07   1.4295E-06   0.47590
FLUX  248   212.50        1.410788E+15   6.6014E-07   1.4495E-06   0.45543
FLUX  249   213.50        1.404180E+15   5.3785E-07   1.4696E-06   0.36599
FLUX  250   214.50        1.397634E+15   6.9955E-07   1.4894E-06   0.46967
FLUX  251   215.50        1.391148E+15   7.2985E-07   1.5094E-06   0.48354
FLUX  252   216.50        1.384723E+15   6.5210E-07   1.5293E-06   0.42640
FLUX  253   217.50        1.378356E+15   6.7369E-07   1.5493E-06   0.43484
FLUX  254   218.50        1.372048E+15   7.5955E-07   1.5695E-06   0.48395
FLUX  255   219.50        1.365797E+15   8.3506E-07   1.5900E-06   0.52520
FLUX  256   220.50        1.359603E+15   7.8777E-07   1.6107E-06   0.48908
FLUX  257   221.50        1.353465E+15   6.2207E-07   1.6318E-06   0.38122
FLUX  258   222.50        1.347382E+15   6.3526E-07   1.6580E-06   0.38316
FLUX  259   223.50        1.341353E+15   8.4687E-07   1.6794E-06   0.50426
FLUX  260   224.50        1.335379E+15   7.8194E-07   1.7011E-06   0.45966
FLUX  261   225.50        1.329457E+15   6.1570E-07   1.7548E-06   0.35088
FLUX  262   226.50        1.323587E+15   6.3233E-07   1.7755E-06   0.35615
FLUX  263   227.50        1.317769E+15   7.5822E-07   1.7962E-06   0.42212
FLUX  264   228.50        1.312002E+15   8.4746E-07   1.8169E-06   0.46644
FLUX  265   229.50        1.306285E+15   7.3389E-07   1.8375E-06   0.39939
FLUX  266   230.50        1.300618E+15   8.3851E-07   1.8582E-06   0.45126
FLUX  267   231.50        1.295000E+15   7.6823E-07   1.8789E-06   0.40887
FLUX  268   232.50        1.289430E+15   7.4322E-07   1.8998E-06   0.39121
FLUX  269   233.50        1.283908E+15   4.9754E-07   1.9279E-06   0.25808
FLUX  270   234.50        1.278433E+15   3.3370E-07   1.9483E-06   0.17128
FLUX  271   235.50        1.273004E+15   6.6969E-07   1.9688E-06   0.34015
FLUX  272   236.50        1.267622E+15   3.5993E-07   1.9894E-06   0.18092
FLUX  273   237.50        1.262284E+15   5.1837E-07   2.0101E-06   0.25788
FLUX  274   238.50        1.256992E+15   2.6070E-07   2.0313E-06   0.12834
FLUX  275   239.50        1.251743E+15   3.6721E-07   2.0522E-06   0.17893
FLUX  276   240.50        1.246538E+15   3.6207E-07   2.0732E-06   0.17464
FLUX  277   241.50        1.241377E+15   4.6262E-07   2.0943E-06   0.22090
FLUX  278   242.50        1.236258E+15   7.9019E-07   2.1154E-06   0.37354
FLUX  279   243.50        1.231181E+15   7.8158E-07   2.1367E-06   0.36580
FLUX  280   244.50        1.226145E+15   9.0909E-07   2.1688E-06   0.41916
FLUX  281   245.50        1.221151E+15   9.3680E-07   2.1897E-06   0.42782
FLUX  282   246.50        1.216197E+15   8.8457E-07   2.2106E-06   0.40015
FLUX  283   247.50        1.211283E+15   7.9388E-07   2.2315E-06   0.35577
FLUX  284   248.50        1.206408E+15   7.3742E-07   2.2523E-06   0.32741
FLUX  285   249.50        1.201573E+15   7.2564E-07   2.2731E-06   0.31923
FLUX  286   250.50        1.196776E+15   1.0609E-06   2.3025E-06   0.46077
FLUX  287   251.30        1.192967E+15   7.0440E-07   2.3188E-06   0.30378
FLUX  288   251.80        1.190598E+15   6.9692E-07   2.7565E-06   0.25283
FLUX  289   252.50        1.187297E+15   5.5070E-07   2.7751E-06   0.19844
FLUX  290   253.50        1.182613E+15   5.1589E-07   2.8020E-06   0.18412
FLUX  291   254.50        1.177967E+15   5.8131E-07   2.8289E-06   0.20549
FLUX  292   255.50        1.173356E+15   8.5422E-07   2.8558E-06   0.29912
FLUX  293   256.50        1.168782E+15   7.3011E-07   2.8828E-06   0.25326
FLUX  294   257.50        1.164243E+15   9.1411E-07   2.9098E-06   0.31414
FLUX  295   258.50        1.159739E+15   8.5330E-07   2.9368E-06   0.29056
FLUX  296   259.50        1.155270E+15   7.8646E-07   2.9638E-06   0.26535
FLUX  297   260.50        1.150835E+15   6.7729E-07   2.9909E-06   0.22645
FLUX  298   261.50        1.146434E+15   6.1434E-07   3.0181E-06   0.20356
FLUX  299   262.50        1.142067E+15   8.7827E-07   3.0452E-06   0.28841
FLUX  300   263.50        1.137732E+15   1.1805E-06   3.0761E-06   0.38375
FLUX  301   264.50        1.133431E+15   1.6576E-06   3.1032E-06   0.53415
FLUX  302   265.50        1.129162E+15   1.8658E-06   3.1304E-06   0.59601
FLUX  303   266.50        1.124925E+15   1.3540E-06   3.1577E-06   0.42878
FLUX  304   267.50        1.120720E+15   1.5811E-06   3.1850E-06   0.49641
FLUX  305   268.50        1.116546E+15   1.6139E-06   3.2124E-06   0.50240
FLUX  306   269.50        1.112403E+15   1.3959E-06   3.2398E-06   0.43084
FLUX  307   270.50        1.108290E+15   1.6076E-06   3.2711E-06   0.49145
FLUX  308   271.50        1.104208E+15   1.3266E-06   3.2983E-06   0.40220
FLUX  309   272.50        1.100156E+15   1.3403E-06   3.3256E-06   0.40303
FLUX  310   273.50        1.096133E+15   1.5006E-06   3.3529E-06   0.44754
FLUX  311   274.50        1.092140E+15   8.1291E-07   3.3804E-06   0.24048
FLUX  312   275.50        1.088176E+15   1.0392E-06   3.4078E-06   0.30495
FLUX  313   276.50        1.084241E+15   1.2655E-06   3.4353E-06   0.36837
FLUX  314   277.50        1.080333E+15   1.5651E-06   3.4628E-06   0.45198
FLUX  315   278.50        1.076454E+15   1.0985E-06   3.4904E-06   0.31473
FLUX  316   279.50        1.072603E+15   3.4833E-07   3.5180E-06   0.09901
FLUX  317   280.50        1.068779E+15   4.7769E-07   3.5457E-06   0.13473
FLUX  318   281.50        1.064982E+15   1.5466E-06   3.5734E-06   0.43282
FLUX  319   282.50        1.061212E+15   2.0766E-06   3.6011E-06   0.57666
FLUX  320   283.50        1.057469E+15   1.9641E-06   3.6289E-06   0.54123
FLUX  321   284.50        1.053752E+15   1.8712E-06   3.6567E-06   0.51173
FLUX  322   285.50        1.050061E+15   1.4433E-06   3.6845E-06   0.39172
FLUX  323   286.50        1.046396E+15   2.0692E-06   3.7122E-06   0.55741
FLUX  324   287.50        1.042757E+15   2.0952E-06   3.7399E-06   0.56024
FLUX  325   288.50        1.039142E+15   2.0738E-06   3.7676E-06   0.55042
FLUX  326   289.50        1.035553E+15   2.0080E-06   3.7954E-06   0.52907
FLUX  327   291.00        1.030215E+15   2.5588E-06   3.8396E-06   0.66641
FLUX  328   293.00        1.023183E+15   2.3812E-06   3.8951E-06   0.61134
FLUX  329   295.00        1.016246E+15   2.3721E-06   3.9513E-06   0.60033
FLUX  330   297.00        1.009402E+15   2.6538E-06   4.0071E-06   0.66228
FLUX  331   299.00        1.002651E+15   2.6832E-06   4.0630E-06   0.66039
FLUX  332   301.00        9.959884E+14   2.8701E-06   4.1190E-06   0.69679
FLUX  333   303.00        9.894142E+14   2.8637E-06   4.1751E-06   0.68590
FLUX  334   305.00        9.829262E+14   2.9405E-06   4.2309E-06   0.69500
FLUX  335   307.00        9.765228E+14   3.0310E-06   4.2868E-06   0.70706
FLUX  336   309.00        9.702023E+14   3.2003E-06   4.3448E-06   0.73657
FLUX  337   311.00        9.639630E+14   3.1345E-06   4.4005E-06   0.71231
FLUX  338   313.00        9.578035E+14   3.1335E-06   4.4568E-06   0.70307
FLUX  339   315.00        9.517222E+14   3.2809E-06   4.5126E-06   0.72705
FLUX  340   317.00        9.457177E+14   3.3359E-06   4.5685E-06   0.73019
FLUX  341   319.00        9.397884E+14   3.0717E-06   4.6244E-06   0.66423
FLUX  342   321.00        9.339330E+14   3.3299E-06   4.6803E-06   0.71148
FLUX  343   323.00        9.281502E+14   3.0341E-06   4.7366E-06   0.64057
FLUX  344   325.00        9.224385E+14   3.4277E-06   4.7922E-06   0.71527
FLUX  345   327.00        9.167966E+14   3.6924E-06   4.8476E-06   0.76169
FLUX  346   329.00        9.112234E+14   3.7069E-06   4.9034E-06   0.75599
FLUX  347   331.00        9.057175E+14   3.8749E-06   4.9587E-06   0.78144
FLUX  348   333.00        9.002778E+14   3.8415E-06   5.0139E-06   0.76617
FLUX  349   335.00        8.949030E+14   3.8374E-06   5.0690E-06   0.75704
FLUX  350   337.00        8.895920E+14   3.7270E-06   5.1241E-06   0.72734
FLUX  351   339.00        8.843437E+14   3.9055E-06   5.1793E-06   0.75404
FLUX  352   341.00        8.791569E+14   3.9614E-06   5.2342E-06   0.75683
FLUX  353   343.00        8.740306E+14   4.0592E-06   5.2890E-06   0.76748
FLUX  354   345.00        8.689638E+14   4.1539E-06   5.3438E-06   0.77733
FLUX  355   347.00        8.639553E+14   4.1366E-06   5.3983E-06   0.76629
FLUX  356   349.00        8.590043E+14   4.2145E-06   5.4527E-06   0.77292
FLUX  357   351.00        8.541097E+14   4.3955E-06   5.5069E-06   0.79818
FLUX  358   353.00        8.492705E+14   4.3404E-06   5.5610E-06   0.78050
FLUX  359   355.00        8.444859E+14   4.7357E-06   5.6150E-06   0.84341
FLUX  360   357.00        8.397549E+14   4.3497E-06   5.6689E-06   0.76729
FLUX  361   359.00        8.350766E+14   4.3708E-06   5.7227E-06   0.76376
FLUX  362   361.00        8.304501E+14   4.4972E-06   5.7764E-06   0.77854
FLUX  363   363.00        8.258747E+14   4.5968E-06   5.8297E-06   0.78850
FLUX  364   364.00        8.236058E+14   4.5632E-06   5.8566E-06   0.77916
FLUX  365   365.00        8.213493E+14   4.9810E-06   1.4970E-05   0.33273
FLUX  366   367.00        8.168733E+14   4.9310E-06   1.5031E-05   0.32805
FLUX  367   369.00        8.124458E+14   4.8168E-06   1.5091E-05   0.31919
FLUX  368   371.00        8.080660E+14   5.3166E-06   1.5150E-05   0.35094
FLUX  369   373.00        8.037332E+14   5.5035E-06   1.5207E-05   0.36191
FLUX  370   375.00        7.994467E+14   6.6631E-06   1.5262E-05   0.43657
FLUX  371   377.00        7.952056E+14   7.2853E-06   1.5345E-05   0.47478
FLUX  372   379.00        7.910092E+14   8.4822E-06   1.5397E-05   0.55091
FLUX  373   381.00        7.868570E+14   9.6603E-06   1.5448E-05   0.62535
FLUX  374   383.00        7.827480E+14   7.8636E-06   1.5498E-05   0.50739
FLUX  375   385.00        7.786818E+14   1.0400E-05   1.5551E-05   0.66875
FLUX  376   387.00        7.746576E+14   1.1336E-05   1.5600E-05   0.72670
FLUX  377   389.00        7.706748E+14   8.2106E-06   1.5648E-05   0.52470
FLUX  378   391.00        7.667327E+14   1.1237E-05   1.5696E-05   0.71595
FLUX  379   393.00        7.628308E+14   7.7186E-06   1.5742E-05   0.49030
FLUX  380   395.00        7.589684E+14   1.0852E-05   1.5788E-05   0.68735
FLUX  381   397.00        7.551448E+14   6.8977E-06   1.5833E-05   0.43564
FLUX  382   399.00        7.513596E+14   1.1994E-05   1.5878E-05   0.75542
FLUX  383   401.00        7.476122E+14   1.2976E-05   1.5923E-05   0.81491
FLUX  384   403.00        7.439020E+14   1.3044E-05   1.5966E-05   0.81698
FLUX  385   405.00        7.402284E+14   1.2970E-05   1.6008E-05   0.81024
FLUX  386   407.00        7.365909E+14   1.2852E-05   1.6049E-05   0.80079
FLUX  387   409.00        7.329890E+14   1.2020E-05   1.6089E-05   0.74709
FLUX  388   411.00        7.294221E+14   1.0144E-05   1.6129E-05   0.62897
FLUX  389   413.00        7.258898E+14   1.3241E-05   1.6167E-05   0.81901
FLUX  390   415.00        7.223916E+14   1.3966E-05   1.6205E-05   0.86181
FLUX  391   417.00        7.189269E+14   1.3870E-05   1.6242E-05   0.85393
FLUX  392   419.00        7.154952E+14   1.3939E-05   1.6278E-05   0.85631
FLUX  393   421.00        7.120962E+14   1.4037E-05   1.6313E-05   0.86045
FLUX  394   423.00        7.087293E+14   1.3749E-05   1.6347E-05   0.84103
FLUX  395   425.00        7.053941E+14   1.4160E-05   1.6381E-05   0.86440
FLUX  396   427.00        7.020902E+14   1.3830E-05   1.6413E-05   0.84258
FLUX  397   429.00        6.988170E+14   1.3810E-05   1.6445E-05   0.83979
FLUX  398   431.00        6.955742E+14   1.2930E-05   1.6476E-05   0.78478
FLUX  399   433.00        6.923614E+14   1.2238E-05   1.6507E-05   0.74137
FLUX  400   435.00        6.891782E+14   1.0928E-05   1.6536E-05   0.66084
FLUX  401   437.00        6.860240E+14   1.4509E-05   1.6563E-05   0.87597
FLUX  402   439.00        6.828986E+14   1.4437E-05   1.6590E-05   0.87025
FLUX  403   441.00        6.798016E+14   1.4414E-05   1.6616E-05   0.86747
FLUX  404   443.00        6.767325E+14   1.4395E-05   1.6641E-05   0.86506
FLUX  405   445.00        6.736910E+14   1.4633E-05   1.6666E-05   0.87800
FLUX  406   447.00        6.706767E+14   1.4878E-05   1.6690E-05   0.89145
FLUX  407   449.00        6.676893E+14   1.4916E-05   1.6714E-05   0.89245
FLUX  408   451.00        6.647284E+14   1.5742E-05   1.6737E-05   0.94060
FLUX  409   453.00        6.617936E+14   1.4919E-05   1.6759E-05   0.89019
FLUX  410   455.00        6.588846E+14   1.5046E-05   1.6781E-05   0.89662
FLUX  411   457.00        6.560011E+14   1.5841E-05   1.6803E-05   0.94280
FLUX  412   459.00        6.531427E+14   1.5219E-05   1.6823E-05   0.90463
FLUX  413   461.00        6.503091E+14   1.5713E-05   1.6844E-05   0.93287
FLUX  414   463.00        6.475000E+14   1.5451E-05   1.6863E-05   0.91625
FLUX  415   465.00        6.447151E+14   1.5719E-05   1.6883E-05   0.93104
FLUX  416   467.00        6.419540E+14   1.5982E-05   1.6902E-05   0.94556
FLUX  417   469.00        6.392164E+14   1.5574E-05   1.6920E-05   0.92044
FLUX  418   471.00        6.365021E+14   1.5117E-05   1.6938E-05   0.89250
FLUX  419   473.00        6.338108E+14   1.5968E-05   1.6955E-05   0.94175
FLUX  420   475.00        6.311421E+14   1.6143E-05   1.6972E-05   0.95115
FLUX  421   477.00        6.284958E+14   1.6043E-05   1.6989E-05   0.94434
FLUX  422   479.00        6.258716E+14   1.6076E-05   1.7005E-05   0.94540
FLUX  423   481.00        6.232692E+14   1.5983E-05   1.7020E-05   0.93909
FLUX  424   483.00        6.206884E+14   1.5837E-05   1.7035E-05   0.92967
FLUX  425   485.00        6.181289E+14   1.3705E-05   1.7049E-05   0.80387
FLUX  426   487.00        6.155903E+14   1.1486E-05   1.7063E-05   0.67314
FLUX  427   489.00        6.130726E+14   1.5380E-05   1.7075E-05   0.90074
FLUX  428   491.00        6.105754E+14   1.5799E-05   1.7087E-05   0.92460
FLUX  429   493.00        6.080984E+14   1.5670E-05   1.7099E-05   0.91646
FLUX  430   495.00        6.056414E+14   1.6186E-05   1.7110E-05   0.94603
FLUX  431   497.00        6.032042E+14   1.6423E-05   1.7120E-05   0.95930
FLUX  432   499.00        6.007866E+14   1.5698E-05   1.7131E-05   0.91636
FLUX  433   501.00        5.983882E+14   1.5251E-05   1.7140E-05   0.88978
FLUX  434   503.00        5.960089E+14   1.6004E-05   1.7150E-05   0.93320
FLUX  435   505.00        5.936485E+14   1.5915E-05   1.7159E-05   0.92752
FLUX  436   507.00        5.913067E+14   1.6417E-05   1.7168E-05   0.95630
FLUX  437   509.00        5.889833E+14   1.6183E-05   1.7176E-05   0.94220
FLUX  438   511.00        5.866781E+14   1.6371E-05   1.7184E-05   0.95272
FLUX  439   513.00        5.843908E+14   1.6091E-05   1.7191E-05   0.93602
FLUX  440   515.00        5.821214E+14   1.5847E-05   1.7198E-05   0.92144
FLUX  441   517.00        5.798694E+14   1.5703E-05   1.7205E-05   0.91275
FLUX  442   519.00        5.776349E+14   1.5640E-05   1.7211E-05   0.90876
FLUX  443   521.00        5.754175E+14   1.5898E-05   1.7217E-05   0.92344
FLUX  444   523.00        5.732170E+14   1.6049E-05   1.7222E-05   0.93187
FLUX  445   525.00        5.710333E+14   1.6401E-05   1.7227E-05   0.95204
FLUX  446   527.00        5.688662E+14   1.5270E-05   1.7231E-05   0.88615
FLUX  447   529.00        5.667155E+14   1.6312E-05   1.7236E-05   0.94644
FLUX  448   531.00        5.645810E+14   1.6395E-05   1.7239E-05   0.95099
FLUX  449   533.00        5.624625E+14   1.5720E-05   1.7243E-05   0.91169
FLUX  450   535.00        5.603598E+14   1.6429E-05   1.7246E-05   0.95259
FLUX  451   537.00        5.582728E+14   1.6434E-05   1.7249E-05   0.95273
FLUX  452   539.00        5.562013E+14   1.6367E-05   1.7252E-05   0.94875
FLUX  453   541.00        5.541451E+14   1.6089E-05   1.7254E-05   0.93248
FLUX  454   543.00        5.521041E+14   1.6388E-05   1.7256E-05   0.94973
FLUX  455   545.00        5.500780E+14   1.6673E-05   1.7257E-05   0.96616
FLUX  456   547.00        5.480667E+14   1.6538E-05   1.7259E-05   0.95822
FLUX  457   549.00        5.460701E+14   1.6549E-05   1.7260E-05   0.95882
FLUX  458   551.00        5.440880E+14   1.6584E-05   1.7260E-05   0.96081
FLUX  459   553.00        5.421203E+14   1.6625E-05   1.7261E-05   0.96316
FLUX  460   555.00        5.401667E+14   1.6785E-05   1.7260E-05   0.97244
FLUX  461   557.00        5.382271E+14   1.6583E-05   1.7260E-05   0.96080
FLUX  462   559.00        5.363014E+14   1.6498E-05   1.7259E-05   0.95589
FLUX  463   561.00        5.343895E+14   1.6683E-05   1.7258E-05   0.96670
FLUX  464   563.00        5.324911E+14   1.6827E-05   1.7264E-05   0.97468
FLUX  465   565.00        5.306062E+14   1.6751E-05   1.7262E-05   0.97040
FLUX  466   567.00        5.287346E+14   1.6556E-05   1.7260E-05   0.95918
FLUX  467   569.00        5.268761E+14   1.6759E-05   1.7258E-05   0.97109
FLUX  468   571.00        5.250306E+14   1.6688E-05   1.7255E-05   0.96714
FLUX  469   573.00        5.231981E+14   1.7142E-05   1.7252E-05   0.99360
FLUX  470   575.00        5.213783E+14   1.6900E-05   1.7249E-05   0.97977
FLUX  471   577.00        5.195711E+14   1.7004E-05   1.7246E-05   0.98599
FLUX  472   579.00        5.177763E+14   1.6886E-05   1.7242E-05   0.97934
FLUX  473   581.00        5.159940E+14   1.7004E-05   1.7238E-05   0.98639
FLUX  474   583.00        5.142238E+14   1.7092E-05   1.7234E-05   0.99172
FLUX  475   585.00        5.124658E+14   1.6951E-05   1.7230E-05   0.98383
FLUX  476   587.00        5.107198E+14   1.6999E-05   1.7225E-05   0.98685
FLUX  477   589.00        5.089856E+14   1.6645E-05   1.7220E-05   0.96660
FLUX  478   591.00        5.072631E+14   1.6986E-05   1.7215E-05   0.98665
FLUX  479   593.00        5.055523E+14   1.6976E-05   1.7210E-05   0.98639
FLUX  480   595.00        5.038529E+14   1.7012E-05   1.7204E-05   0.98881
FLUX  481   597.00        5.021650E+14   1.7032E-05   1.7198E-05   0.99030
FLUX  482   599.00        5.004883E+14   1.6944E-05   1.7192E-05   0.98558
FLUX  483   601.00        4.988228E+14   1.6812E-05   1.7186E-05   0.97825
FLUX  484   603.00        4.971683E+14   1.6877E-05   1.7180E-05   0.98240
FLUX  485   605.00        4.955248E+14   1.6993E-05   1.7173E-05   0.98950
FLUX  486   607.00        4.938921E+14   1.7068E-05   1.7166E-05   0.99428
FLUX  487   609.00        4.922701E+14   1.6925E-05   1.7159E-05   0.98635
FLUX  488   611.00        4.906588E+14   1.6827E-05   1.7152E-05   0.98105
FLUX  489   613.00        4.890579E+14   1.6571E-05   1.7144E-05   0.96657
FLUX  490   615.00        4.874675E+14   1.6521E-05   1.7136E-05   0.96410
FLUX  491   617.00        4.858874E+14   1.6465E-05   1.7128E-05   0.96130
FLUX  492   619.00        4.843174E+14   1.6906E-05   1.7120E-05   0.98751
FLUX  493   621.00        4.827576E+14   1.6947E-05   1.7111E-05   0.99039
FLUX  494   623.00        4.812079E+14   1.6755E-05   1.7103E-05   0.97967
FLUX  495   625.00        4.796680E+14   1.6351E-05   1.7094E-05   0.95656
FLUX  496   627.00        4.781380E+14   1.6921E-05   1.7085E-05   0.99039
FLUX  497   629.00        4.766176E+14   1.6940E-05   1.7076E-05   0.99207
FLUX  498   631.00        4.751070E+14   1.6664E-05   1.7066E-05   0.97642
FLUX  499   633.00        4.736058E+14   1.6751E-05   1.7057E-05   0.98211
FLUX  500   635.00        4.721142E+14   1.6705E-05   1.7047E-05   0.97992
FLUX  501   637.00        4.706319E+14   1.6706E-05   1.7037E-05   0.98055
FLUX  502   639.00        4.691588E+14   1.6808E-05   1.7027E-05   0.98712
FLUX  503   641.00        4.676950E+14   1.6594E-05   1.7017E-05   0.97514
FLUX  504   643.00        4.662403E+14   1.6722E-05   1.7007E-05   0.98328
FLUX  505   645.00        4.647946E+14   1.6556E-05   1.6996E-05   0.97410
FLUX  506   647.00        4.633578E+14   1.6657E-05   1.6986E-05   0.98063
FLUX  507   649.00        4.619299E+14   1.6443E-05   1.6975E-05   0.96870
FLUX  508   651.00        4.605108E+14   1.6600E-05   1.6964E-05   0.97853
FLUX  509   653.00        4.591003E+14   1.6445E-05   1.6953E-05   0.97003
FLUX  510   655.00        4.576985E+14   1.5149E-05   1.6950E-05   0.89373
FLUX  511   657.00        4.563052E+14   1.2609E-05   1.6939E-05   0.74441
FLUX  512   659.00        4.549203E+14   1.6062E-05   1.6927E-05   0.94893
FLUX  513   661.00        4.535439E+14   1.6582E-05   1.6915E-05   0.98030
FLUX  514   663.00        4.521757E+14   1.6689E-05   1.6903E-05   0.98735
FLUX  515   665.00        4.508158E+14   1.6704E-05   1.6891E-05   0.98893
FLUX  516   667.00        4.494640E+14   1.6628E-05   1.6879E-05   0.98516
FLUX  517   669.00        4.481203E+14   1.6757E-05   1.6867E-05   0.99348
FLUX  518   671.00        4.467846E+14   1.6683E-05   1.6854E-05   0.98985
FLUX  519   673.00        4.454569E+14   1.6727E-05   1.6841E-05   0.99318
FLUX  520   675.00        4.441370E+14   1.6568E-05   1.6829E-05   0.98450
FLUX  521   677.00        4.428250E+14   1.6709E-05   1.6816E-05   0.99368
FLUX  522   679.00        4.415206E+14   1.6672E-05   1.6803E-05   0.99219
FLUX  523   681.00        4.402239E+14   1.6650E-05   1.6790E-05   0.99169
FLUX  524   683.00        4.389348E+14   1.6631E-05   1.6776E-05   0.99135
FLUX  525   685.00        4.376533E+14   1.6555E-05   1.6763E-05   0.98759
FLUX  526   687.00        4.363792E+14   1.6636E-05   1.6749E-05   0.99325
FLUX  527   689.00        4.351125E+14   1.6640E-05   1.6735E-05   0.99428
FLUX  528   691.00        4.338531E+14   1.6610E-05   1.6721E-05   0.99334
FLUX  529   693.00        4.326010E+14   1.6590E-05   1.6707E-05   0.99296
FLUX  530   695.00        4.313561E+14   1.6584E-05   1.6693E-05   0.99343
FLUX  531   697.00        4.301184E+14   1.6567E-05   1.6679E-05   0.99328
FLUX  532   699.00        4.288877E+14   1.6579E-05   1.6665E-05   0.99486
FLUX  533   701.00        4.276641E+14   1.6335E-05   1.6650E-05   0.98106
FLUX  534   703.00        4.264474E+14   1.6469E-05   1.6636E-05   0.98997
FLUX  535   705.00        4.252376E+14   1.6514E-05   1.6621E-05   0.99357
FLUX  536   707.00        4.240347E+14   1.6490E-05   1.6606E-05   0.99298
FLUX  537   709.00        4.228385E+14   1.6476E-05   1.6591E-05   0.99307
FLUX  538   711.00        4.216491E+14   1.6212E-05   1.6576E-05   0.97802
FLUX  539   713.00        4.204663E+14   1.6330E-05   1.6561E-05   0.98602
FLUX  540   715.00        4.192902E+14   1.6338E-05   1.6546E-05   0.98743
FLUX  541   717.00        4.181206E+14   1.6296E-05   1.6531E-05   0.98580
FLUX  542   719.00        4.169576E+14   1.6186E-05   1.6515E-05   0.98007
FLUX  543   721.00        4.158010E+14   1.6276E-05   1.6500E-05   0.98641
FLUX  544   723.00        4.146508E+14   1.6254E-05   1.6484E-05   0.98602
FLUX  545   725.00        4.135069E+14   1.6263E-05   1.6473E-05   0.98725
FLUX  546   727.00        4.123693E+14   1.6325E-05   1.6457E-05   0.99193
FLUX  547   729.00        4.112380E+14   1.6133E-05   1.6442E-05   0.98125
FLUX  548   731.00        4.101129E+14   1.6214E-05   1.6436E-05   0.98645
FLUX  549   733.00        4.089939E+14   1.6214E-05   1.6420E-05   0.98746
FLUX  550   735.00        4.078810E+14   1.6267E-05   1.6404E-05   0.99167
FLUX  551   737.00        4.067741E+14   1.6282E-05   1.6388E-05   0.99354
FLUX  552   739.00        4.056732E+14   1.6105E-05   1.6371E-05   0.98373
FLUX  553   741.00        4.045783E+14   1.5972E-05   1.6355E-05   0.97662
FLUX  554   743.00        4.034892E+14   1.6012E-05   1.6338E-05   0.98007
FLUX  555   745.00        4.024060E+14   1.6052E-05   1.6321E-05   0.98348
FLUX  556   747.00        4.013286E+14   1.6037E-05   1.6305E-05   0.98358
FLUX  557   749.00        4.002570E+14   1.6033E-05   1.6288E-05   0.98438
FLUX  558   751.00        3.991911E+14   1.6083E-05   1.6271E-05   0.98842
FLUX  559   753.00        3.981308E+14   1.6093E-05   1.6254E-05   0.99012
FLUX  560   755.00        3.970762E+14   1.6157E-05   1.6237E-05   0.99505
FLUX  561   757.00        3.960271E+14   1.6076E-05   1.6220E-05   0.99111
FLUX  562   759.00        3.949835E+14   1.6084E-05   1.6203E-05   0.99269
FLUX  563   761.00        3.939455E+14   1.6049E-05   1.6185E-05   0.99155
FLUX  564   763.00        3.929128E+14   1.6071E-05   1.6168E-05   0.99400
FLUX  565   765.00        3.918856E+14   1.6013E-05   1.6151E-05   0.99146
FLUX  566   767.00        3.908638E+14   1.5838E-05   1.6133E-05   0.98172
FLUX  567   769.00        3.898472E+14   1.5939E-05   1.6116E-05   0.98904
FLUX  568   771.00        3.888359E+14   1.5896E-05   1.6098E-05   0.98745
FLUX  569   773.00        3.878299E+14   1.5945E-05   1.6080E-05   0.99160
FLUX  570   775.00        3.868290E+14   1.5860E-05   1.6063E-05   0.98737
FLUX  571   777.00        3.858333E+14   1.5684E-05   1.6045E-05   0.97753
FLUX  572   779.00        3.848427E+14   1.5966E-05   1.6027E-05   0.99616
FLUX  573   781.00        3.838572E+14   1.5914E-05   1.6009E-05   0.99408
FLUX  574   783.00        3.828768E+14   1.5803E-05   1.5991E-05   0.98823
FLUX  575   785.00        3.819013E+14   1.5756E-05   1.5973E-05   0.98641
FLUX  576   787.00        3.809307E+14   1.5819E-05   1.5955E-05   0.99144
FLUX  577   789.00        3.799651E+14   1.5780E-05   1.5937E-05   0.99013
FLUX  578   791.00        3.790044E+14   1.5724E-05   1.5919E-05   0.98777
FLUX  579   793.00        3.780485E+14   1.5592E-05   1.5901E-05   0.98058
FLUX  580   795.00        3.770975E+14   1.5634E-05   1.5883E-05   0.98436
FLUX  581   797.00        3.761512E+14   1.5799E-05   1.5864E-05   0.99591
FLUX  582   799.00        3.752096E+14   1.5711E-05   1.5846E-05   0.99151
FLUX  583   801.00        3.742728E+14   1.5697E-05   1.5827E-05   0.99174
FLUX  584   803.00        3.733406E+14   1.5651E-05   1.5809E-05   0.99000
FLUX  585   805.00        3.724130E+14   1.5648E-05   1.5790E-05   0.99096
FLUX  586   807.00        3.714901E+14   1.5668E-05   1.5772E-05   0.99342
FLUX  587   809.00        3.705717E+14   1.5588E-05   1.5753E-05   0.98953
FLUX  588   811.00        3.696578E+14   1.5676E-05   1.5735E-05   0.99629
FLUX  589   813.00        3.687485E+14   1.5688E-05   1.5716E-05   0.99825
FLUX  590   815.00        3.678436E+14   1.5652E-05   1.5697E-05   0.99710
FLUX  591   817.00        3.669431E+14   1.5631E-05   1.5678E-05   0.99701
FLUX  592   819.00        3.660470E+14   1.5330E-05   1.5659E-05   0.97897
FLUX  593   821.00        3.651553E+14   1.5386E-05   1.6771E-05   0.91743
FLUX  594   823.00        3.642679E+14   1.5372E-05   1.6751E-05   0.91772
FLUX  595   825.00        3.633848E+14   1.5392E-05   1.6730E-05   0.92003
FLUX  596   827.00        3.625060E+14   1.5564E-05   1.6710E-05   0.93140
FLUX  597   829.00        3.616315E+14   1.5523E-05   1.6690E-05   0.93012
FLUX  598   831.00        3.607611E+14   1.5415E-05   1.6669E-05   0.92477
FLUX  599   833.00        3.598950E+14   1.5269E-05   1.6649E-05   0.91714
FLUX  600   835.00        3.590329E+14   1.5421E-05   1.6628E-05   0.92742
FLUX  601   837.00        3.581750E+14   1.5447E-05   1.6608E-05   0.93009
FLUX  602   839.00        3.573212E+14   1.5323E-05   1.6587E-05   0.92376
FLUX  603   841.00        3.564715E+14   1.5383E-05   1.6567E-05   0.92855
FLUX  604   843.00        3.556257E+14   1.5292E-05   1.6547E-05   0.92416
FLUX  605   845.00        3.547840E+14   1.5117E-05   1.6526E-05   0.91473
FLUX  606   847.00        3.539463E+14   1.5088E-05   1.6505E-05   0.91414
FLUX  607   849.00        3.531125E+14   1.5237E-05   1.6485E-05   0.92428
FLUX  608   851.00        3.522826E+14   1.4426E-05   1.6464E-05   0.87619
FLUX  609   853.00        3.514566E+14   1.5247E-05   1.6444E-05   0.92721
FLUX  610   855.00        3.506345E+14   1.3208E-05   1.6423E-05   0.80423
FLUX  611   857.00        3.498162E+14   1.5522E-05   1.6403E-05   0.94630
FLUX  612   859.00        3.490017E+14   1.4889E-05   1.6382E-05   0.90887
FLUX  613   861.00        3.481911E+14   1.4635E-05   1.6362E-05   0.89446
FLUX  614   863.00        3.473841E+14   1.5580E-05   1.6341E-05   0.95342
FLUX  615   865.00        3.465809E+14   1.5285E-05   1.6320E-05   0.93654
FLUX  616   867.00        3.457814E+14   1.2845E-05   1.6300E-05   0.78807
FLUX  617   869.00        3.449856E+14   1.5170E-05   1.6279E-05   0.93188
FLUX  618   871.00        3.441935E+14   1.5689E-05   1.6258E-05   0.96500
FLUX  619   873.00        3.434049E+14   1.5446E-05   1.6237E-05   0.95125
FLUX  620   875.00        3.426200E+14   1.3472E-05   1.6217E-05   0.83075
FLUX  621   877.00        3.418387E+14   1.5231E-05   1.6196E-05   0.94045
FLUX  622   879.00        3.410609E+14   1.5720E-05   1.6175E-05   0.97186
FLUX  623   881.00        3.402866E+14   1.5697E-05   1.6154E-05   0.97171
FLUX  624   883.00        3.395159E+14   1.5492E-05   1.6134E-05   0.96021
FLUX  625   885.00        3.387486E+14   1.4807E-05   1.6113E-05   0.91897
FLUX  626   887.00        3.379848E+14   1.3304E-05   1.6092E-05   0.82674
FLUX  627   889.00        3.372244E+14   1.5379E-05   1.6071E-05   0.95692
FLUX  628   891.00        3.364675E+14   1.5680E-05   1.6051E-05   0.97691
FLUX  629   893.00        3.357139E+14   1.5628E-05   1.6030E-05   0.97490
FLUX  630   895.00        3.349637E+14   1.5761E-05   1.6009E-05   0.98449
FLUX  631   897.00        3.342168E+14   1.5656E-05   1.5988E-05   0.97923
FLUX  632   899.00        3.334733E+14   1.5407E-05   1.5968E-05   0.96490
FLUX  633   901.00        3.327331E+14   1.3336E-05   1.5947E-05   0.83628
FLUX  634   903.00        3.319961E+14   1.4449E-05   1.5926E-05   0.90722
FLUX  635   905.00        3.312624E+14   1.5517E-05   1.5905E-05   0.97556
FLUX  636   907.00        3.305320E+14   1.5333E-05   1.5885E-05   0.96527
FLUX  637   909.00        3.298047E+14   1.5112E-05   1.5864E-05   0.95260
FLUX  638   911.00        3.290807E+14   1.5460E-05   1.5843E-05   0.97584
FLUX  639   913.00        3.283598E+14   1.5656E-05   1.5822E-05   0.98949
FLUX  640   915.00        3.276421E+14   1.5678E-05   1.5802E-05   0.99217
FLUX  641   917.00        3.269275E+14   1.5586E-05   1.5781E-05   0.98762
FLUX  642   919.00        3.262160E+14   1.5459E-05   1.5760E-05   0.98086
FLUX  643   921.00        3.255076E+14   1.4836E-05   1.5739E-05   0.94260
FLUX  644   923.00        3.248023E+14   1.2704E-05   1.5719E-05   0.80821
FLUX  645   925.00        3.241000E+14   1.4526E-05   1.5698E-05   0.92533
FLUX  646   927.00        3.234008E+14   1.5082E-05   1.5677E-05   0.96200
FLUX  647   929.00        3.227045E+14   1.5479E-05   1.5657E-05   0.98867
FLUX  648   931.00        3.220113E+14   1.5531E-05   1.5636E-05   0.99327
FLUX  649   933.00        3.213210E+14   1.5496E-05   1.5616E-05   0.99235
FLUX  650   935.00        3.206337E+14   1.5513E-05   1.5595E-05   0.99477
FLUX  651   937.00        3.199493E+14   1.5518E-05   1.5574E-05   0.99639
FLUX  652   939.00        3.192678E+14   1.5437E-05   1.5554E-05   0.99247
FLUX  653   941.00        3.185893E+14   1.4894E-05   1.5533E-05   0.95883
FLUX  654   943.00        3.179136E+14   1.5273E-05   1.5513E-05   0.98454
FLUX  655   945.00        3.172407E+14   1.5245E-05   1.5492E-05   0.98407
FLUX  656   947.00        3.165707E+14   1.5355E-05   1.5471E-05   0.99250
FLUX  657   949.00        3.159036E+14   1.5322E-05   1.5451E-05   0.99164
FLUX  658   951.00        3.152392E+14   1.5117E-05   1.5430E-05   0.97966
FLUX  659   953.00        3.145776E+14   1.4525E-05   1.5410E-05   0.94257
FLUX  660   955.00        3.139188E+14   1.2553E-05   1.5389E-05   0.81572
FLUX  661   957.00        3.132628E+14   1.4605E-05   1.5369E-05   0.95030
FLUX  662   959.00        3.126095E+14   1.5080E-05   1.5348E-05   0.98254
FLUX  663   961.00        3.119589E+14   1.5034E-05   1.5328E-05   0.98086
FLUX  664   963.00        3.113110E+14   1.4929E-05   1.5307E-05   0.97531
FLUX  665   965.00        3.106658E+14   1.5077E-05   1.5287E-05   0.98626
FLUX  666   967.00        3.100233E+14   1.4930E-05   1.5266E-05   0.97799
FLUX  667   969.00        3.093834E+14   1.4966E-05   1.5246E-05   0.98166
FLUX  668   971.00        3.087461E+14   1.5161E-05   1.5225E-05   0.99580
FLUX  669   973.00        3.081115E+14   1.5135E-05   1.5205E-05   0.99545
FLUX  670   975.00        3.074795E+14   1.4961E-05   1.5184E-05   0.98531
FLUX  671   977.00        3.068501E+14   1.5086E-05   1.5164E-05   0.99486
FLUX  672   979.00        3.062232E+14   1.5052E-05   1.5143E-05   0.99399
FLUX  673   981.00        3.055989E+14   1.5063E-05   1.5123E-05   0.99605
FLUX  674   983.00        3.049771E+14   1.5021E-05   1.5103E-05   0.99463
FLUX  675   985.00        3.043579E+14   1.4936E-05   1.5082E-05   0.99030
FLUX  676   987.00        3.037411E+14   1.4902E-05   1.5062E-05   0.98939
FLUX  677   989.00        3.031269E+14   1.4823E-05   1.5041E-05   0.98551
FLUX  678   991.00        3.025151E+14   1.4804E-05   1.5021E-05   0.98554
FLUX  679   993.00        3.019058E+14   1.4889E-05   1.5001E-05   0.99256
FLUX  680   995.00        3.012990E+14   1.4855E-05   1.4980E-05   0.99164
FLUX  681   997.00        3.006946E+14   1.4842E-05   1.4960E-05   0.99212
FLUX  682   999.00        3.000926E+14   1.4785E-05   1.4940E-05   0.98963
FLUX  683  1002.50        2.990449E+14   1.4092E-05   1.4904E-05   0.94547
FLUX  684  1007.50        2.975608E+14   1.3643E-05   1.4854E-05   0.91848
FLUX  685  1012.50        2.960914E+14   1.4558E-05   1.4804E-05   0.98344
FLUX  686  1017.50        2.946364E+14   1.4586E-05   1.4753E-05   0.98867
FLUX  687  1022.50        2.931956E+14   1.4620E-05   1.4703E-05   0.99431
FLUX  688  1027.50        2.917689E+14   1.4618E-05   1.4654E-05   0.99754
FLUX  689  1032.50        2.903559E+14   1.4473E-05   1.4604E-05   0.99104
FLUX  690  1037.50        2.889566E+14   1.4464E-05   1.4555E-05   0.99376
FLUX  691  1042.50        2.875707E+14   1.4431E-05   1.4505E-05   0.99489
FLUX  692  1047.50        2.861981E+14   1.4193E-05   1.4456E-05   0.98181
FLUX  693  1052.50        2.848385E+14   1.4257E-05   1.4407E-05   0.98961
FLUX  694  1057.50        2.834917E+14   1.4220E-05   1.4358E-05   0.99040
FLUX  695  1062.50        2.821576E+14   1.4171E-05   1.4308E-05   0.99037
FLUX  696  1067.50        2.808361E+14   1.3861E-05   1.4260E-05   0.97206
FLUX  697  1072.50        2.795268E+14   1.3977E-05   1.4211E-05   0.98358
FLUX  698  1077.50        2.782297E+14   1.3949E-05   1.4162E-05   0.98495
FLUX  699  1082.50        2.769446E+14   1.3830E-05   1.4114E-05   0.97990
FLUX  700  1087.50        2.756713E+14   1.3741E-05   1.4066E-05   0.97690
FLUX  701  1092.50        2.744096E+14   1.2465E-05   1.4018E-05   0.88923
FLUX  702  1097.50        2.731595E+14   1.3270E-05   1.3970E-05   0.94988
FLUX  703  1102.50        2.719206E+14   1.3760E-05   1.3922E-05   0.98840
FLUX  704  1107.50        2.706930E+14   1.3811E-05   1.3874E-05   0.99546
FLUX  705  1112.50        2.694764E+14   1.3715E-05   1.3827E-05   0.99194
FLUX  706  1117.50        2.682707E+14   1.3664E-05   1.3779E-05   0.99162
FLUX  707  1122.50        2.670757E+14   1.3671E-05   1.3732E-05   0.99553
FLUX  708  1127.50        2.658914E+14   1.3385E-05   1.3685E-05   0.97808
FLUX  709  1132.50        2.647174E+14   1.3367E-05   1.3638E-05   0.98015
FLUX  710  1137.50        2.635538E+14   1.3436E-05   1.3591E-05   0.98858
FLUX  711  1142.50        2.624004E+14   1.3277E-05   1.3545E-05   0.98026
FLUX  712  1147.50        2.612571E+14   1.3443E-05   1.3498E-05   0.99588
FLUX  713  1152.50        2.601236E+14   1.3407E-05   1.3452E-05   0.99668
FLUX  714  1157.50        2.590000E+14   1.3318E-05   1.3405E-05   0.99352
FLUX  715  1162.50        2.578860E+14   1.3097E-05   1.3359E-05   0.98039
FLUX  716  1167.50        2.567816E+14   1.2999E-05   1.3313E-05   0.97640
FLUX  717  1172.50        2.556866E+14   1.3222E-05   1.3267E-05   0.99656
FLUX  718  1177.50        2.546008E+14   1.2905E-05   1.3222E-05   0.97602
FLUX  719  1182.50        2.535243E+14   1.2971E-05   1.3176E-05   0.98439
FLUX  720  1187.50        2.524568E+14   1.2835E-05   1.3131E-05   0.97744
FLUX  721  1192.50        2.513983E+14   1.3071E-05   1.3086E-05   0.99889
FLUX  722  1197.50        2.503486E+14   1.2803E-05   1.3041E-05   0.98176
FLUX  723  1202.50        2.493077E+14   1.2885E-05   1.2996E-05   0.99152
FLUX  724  1207.50        2.482754E+14   1.2799E-05   1.2951E-05   0.98828
FLUX  725  1212.50        2.472515E+14   1.2777E-05   1.2906E-05   0.99001
FLUX  726  1217.50        2.462361E+14   1.2813E-05   1.2861E-05   0.99621
FLUX  727  1222.50        2.452290E+14   1.2747E-05   1.2817E-05   0.99453
FLUX  728  1227.50        2.442301E+14   1.2675E-05   1.2773E-05   0.99236
FLUX  729  1232.50        2.432394E+14   1.2645E-05   1.2729E-05   0.99339
FLUX  730  1237.50        2.422566E+14   1.2615E-05   1.2685E-05   0.99450
FLUX  731  1242.50        2.412817E+14   1.2596E-05   1.2641E-05   0.99643
FLUX  732  1247.50        2.403146E+14   1.2544E-05   1.2597E-05   0.99576
FLUX  733  1252.50        2.393553E+14   1.2458E-05   1.2554E-05   0.99239
FLUX  734  1257.50        2.384036E+14   1.2359E-05   1.2511E-05   0.98789
FLUX  735  1262.50        2.374594E+14   1.2363E-05   1.2467E-05   0.99165
FLUX  736  1267.50        2.365227E+14   1.2341E-05   1.2424E-05   0.99332
FLUX  737  1272.50        2.355933E+14   1.2292E-05   1.2382E-05   0.99274
FLUX  738  1277.50        2.346712E+14   1.2012E-05   1.2339E-05   0.97353
FLUX  739  1282.50        2.337563E+14   1.0662E-05   1.2296E-05   0.86711
FLUX  740  1287.50        2.328485E+14   1.1974E-05   1.2254E-05   0.97717
FLUX  741  1292.50        2.319478E+14   1.2090E-05   1.2212E-05   0.99000
FLUX  742  1297.50        2.310539E+14   1.2106E-05   1.2170E-05   0.99481
FLUX  743  1302.50        2.301670E+14   1.2066E-05   1.2128E-05   0.99495
FLUX  744  1307.50        2.292868E+14   1.2061E-05   1.2086E-05   0.99796
FLUX  745  1312.50        2.284133E+14   1.1964E-05   1.2044E-05   0.99336
FLUX  746  1317.50        2.275465E+14   1.1887E-05   1.2002E-05   0.99043
FLUX  747  1322.50        2.266862E+14   1.1929E-05   1.1961E-05   0.99731
FLUX  748  1327.50        2.258324E+14   1.1850E-05   1.1919E-05   0.99420
FLUX  749  1332.50        2.249850E+14   1.1837E-05   1.1878E-05   0.99655
FLUX  750  1337.50        2.241439E+14   1.1787E-05   1.1837E-05   0.99576
FLUX  751  1342.50        2.233091E+14   1.1762E-05   1.1796E-05   0.99715
FLUX  752  1347.50        2.224805E+14   1.1720E-05   1.1755E-05   0.99702
FLUX  753  1352.50        2.216580E+14   1.1649E-05   1.1714E-05   0.99448
FLUX  754  1357.50        2.208416E+14   1.1567E-05   1.1673E-05   0.99089
FLUX  755  1362.50        2.200312E+14   1.1585E-05   1.1633E-05   0.99593
FLUX  756  1367.50        2.192267E+14   1.1522E-05   1.1592E-05   0.99394
FLUX  757  1372.50        2.184281E+14   1.1375E-05   1.1552E-05   0.98466
FLUX  758  1377.50        2.176352E+14   1.1411E-05   1.1512E-05   0.99128
FLUX  759  1382.50        2.168481E+14   1.1388E-05   1.1471E-05   0.99271
FLUX  760  1387.50        2.160667E+14   1.1408E-05   1.1431E-05   0.99798
FLUX  761  1392.50        2.152908E+14   1.1303E-05   1.1391E-05   0.99224
FLUX  762  1397.50        2.145206E+14   1.1287E-05   1.1351E-05   0.99440
FLUX  763  1402.50        2.137558E+14   1.1235E-05   1.1311E-05   0.99331
FLUX  764  1407.50        2.129964E+14   1.1234E-05   1.1271E-05   0.99672
FLUX  765  1412.50        2.122425E+14   1.1144E-05   1.1231E-05   0.99219
FLUX  766  1417.50        2.114938E+14   1.1149E-05   1.1192E-05   0.99617
FLUX  767  1422.50        2.107504E+14   1.1048E-05   1.1152E-05   0.99068
FLUX  768  1427.50        2.100123E+14   1.0976E-05   1.1112E-05   0.98770
FLUX  769  1432.50        2.092792E+14   1.1015E-05   1.1073E-05   0.99474
FLUX  770  1437.50        2.085513E+14   1.1011E-05   1.1033E-05   0.99799
FLUX  771  1442.50        2.078284E+14   1.0677E-05   1.0994E-05   0.97118
FLUX  772  1447.50        2.071105E+14   1.0901E-05   1.0955E-05   0.99511
FLUX  773  1452.50        2.063976E+14   1.0711E-05   1.0915E-05   0.98128
FLUX  774  1457.00        2.057601E+14   1.0801E-05   1.0880E-05   0.99273
FLUX  775  1462.00        2.050564E+14   1.0732E-05   1.1238E-05   0.95501
FLUX  776  1467.50        2.042879E+14   1.0737E-05   1.1195E-05   0.95906
FLUX  777  1472.50        2.035942E+14   1.0632E-05   1.1157E-05   0.95296
FLUX  778  1477.50        2.029052E+14   1.0568E-05   1.1118E-05   0.95050
FLUX  779  1482.50        2.022209E+14   1.0572E-05   1.1079E-05   0.95425
FLUX  780  1487.50        2.015412E+14   1.0461E-05   1.1041E-05   0.94749
FLUX  781  1492.50        2.008660E+14   1.0588E-05   1.1002E-05   0.96235
FLUX  782  1497.50        2.001953E+14   1.0491E-05   1.0963E-05   0.95697
FLUX  783  1502.50        1.995291E+14   1.0400E-05   1.0924E-05   0.95197
FLUX  784  1507.50        1.988673E+14   1.0332E-05   1.0885E-05   0.94916
FLUX  785  1512.50        1.982099E+14   1.0400E-05   1.0847E-05   0.95886
FLUX  786  1517.50        1.975568E+14   1.0377E-05   1.0808E-05   0.96018
FLUX  787  1522.50        1.969080E+14   1.0296E-05   1.0768E-05   0.95609
FLUX  788  1527.50        1.962635E+14   1.0272E-05   1.0729E-05   0.95742
FLUX  789  1532.50        1.956232E+14   1.0213E-05   1.0690E-05   0.95537
FLUX  790  1537.50        1.949870E+14   1.0201E-05   1.0650E-05   0.95781
FLUX  791  1542.50        1.943549E+14   1.0040E-05   1.0611E-05   0.94616
FLUX  792  1547.50        1.937270E+14   1.0098E-05   1.0571E-05   0.95527
FLUX  793  1552.50        1.931031E+14   1.0075E-05   1.0532E-05   0.95665
FLUX  794  1557.50        1.924831E+14   9.8671E-06   1.0492E-05   0.94046
FLUX  795  1562.50        1.918672E+14   1.0104E-05   1.0452E-05   0.96677
FLUX  796  1567.50        1.912552E+14   9.8607E-06   1.0411E-05   0.94710
FLUX  797  1572.50        1.906471E+14   9.6751E-06   1.0371E-05   0.93289
FLUX  798  1577.50        1.900428E+14   9.8663E-06   1.0331E-05   0.95505
FLUX  799  1582.50        1.894423E+14   9.8984E-06   1.0290E-05   0.96196
FLUX  800  1587.50        1.888457E+14   9.1889E-06   1.0249E-05   0.89658
FLUX  801  1592.50        1.882527E+14   9.7328E-06   1.0208E-05   0.95348
FLUX  802  1597.50        1.876635E+14   9.8748E-06   1.0166E-05   0.97133
FLUX  803  1605.00        1.867866E+14   9.6834E-06   1.0104E-05   0.95841
FLUX  804  1615.00        1.856300E+14   9.2659E-06   1.0019E-05   0.92485
FLUX  805  1625.00        1.844877E+14   9.7591E-06   9.9324E-06   0.98255
FLUX  806  1635.00        1.833593E+14   9.4188E-06   9.8430E-06   0.95691
FLUX  807  1645.00        1.822447E+14   8.9436E-06   9.7494E-06   0.91735
FLUX  808  1655.00        1.811435E+14   9.5203E-06   9.6536E-06   0.98618
FLUX  809  1665.00        1.800556E+14   9.4577E-06   9.5592E-06   0.98939
FLUX  810  1675.00        1.789806E+14   9.0658E-06   9.4661E-06   0.95771
FLUX  811  1685.00        1.779184E+14   8.5813E-06   9.3744E-06   0.91540
FLUX  812  1695.00        1.768687E+14   9.2026E-06   9.2839E-06   0.99124
FLUX  813  1705.00        1.758314E+14   9.0812E-06   9.1948E-06   0.98765
FLUX  814  1715.00        1.748061E+14   9.0374E-06   9.1069E-06   0.99237
FLUX  815  1725.00        1.737928E+14   8.8297E-06   9.0202E-06   0.97889
FLUX  816  1735.00        1.727911E+14   7.9967E-06   8.9347E-06   0.89502
FLUX  817  1745.00        1.718009E+14   8.5678E-06   8.8503E-06   0.96808
FLUX  818  1755.00        1.708219E+14   8.6521E-06   8.7671E-06   0.98688
FLUX  819  1765.00        1.698541E+14   8.5762E-06   8.6851E-06   0.98746
FLUX  820  1775.00        1.688972E+14   8.5258E-06   8.6042E-06   0.99089
FLUX  821  1785.00        1.679510E+14   8.4448E-06   8.5244E-06   0.99067
FLUX  822  1795.00        1.670153E+14   8.4079E-06   8.4457E-06   0.99552
FLUX  823  1805.00        1.660900E+14   8.2416E-06   8.3680E-06   0.98489
FLUX  824  1815.00        1.651749E+14   7.5358E-06   8.2915E-06   0.90886
FLUX  825  1825.00        1.642699E+14   7.9412E-06   8.2159E-06   0.96656
FLUX  826  1835.00        1.633747E+14   8.0642E-06   8.1413E-06   0.99053
FLUX  827  1845.00        1.624892E+14   7.9948E-06   8.0678E-06   0.99095
FLUX  828  1855.00        1.616132E+14   7.9075E-06   7.9952E-06   0.98904
FLUX  829  1865.00        1.607466E+14   7.7884E-06   7.9236E-06   0.98294
FLUX  830  1875.00        1.598893E+14   7.0606E-06   7.8529E-06   0.89910
FLUX  831  1885.00        1.590411E+14   7.6184E-06   7.7832E-06   0.97883
FLUX  832  1895.00        1.582018E+14   7.5459E-06   7.7144E-06   0.97816
FLUX  833  1905.00        1.573714E+14   7.6145E-06   7.6465E-06   0.99581
FLUX  834  1915.00        1.565496E+14   7.5363E-06   7.5795E-06   0.99430
FLUX  835  1925.00        1.557364E+14   7.4600E-06   7.5133E-06   0.99291
FLUX  836  1935.00        1.549315E+14   7.3161E-06   7.4479E-06   0.98230
FLUX  837  1945.00        1.541350E+14   6.6640E-06   7.3834E-06   0.90256
FLUX  838  1955.00        1.533465E+14   7.2058E-06   7.3198E-06   0.98443
FLUX  839  1965.00        1.525662E+14   7.2066E-06   7.2569E-06   0.99306
FLUX  840  1975.00        1.517937E+14   7.1322E-06   7.1949E-06   0.99129
FLUX  841  1985.00        1.510290E+14   7.0994E-06   7.1336E-06   0.99521
FLUX  842  1995.00        1.502719E+14   7.0393E-06   7.0731E-06   0.99522
FLUX  843  2005.00        1.495224E+14   6.9929E-06   7.0134E-06   0.99709
FLUX  844  2015.00        1.487804E+14   6.9465E-06   6.9544E-06   0.99886
FLUX  845  2025.00        1.480457E+14   6.8665E-06   6.8961E-06   0.99570
FLUX  846  2035.00        1.473182E+14   6.7882E-06   6.8386E-06   0.99263
FLUX  847  2045.00        1.465978E+14   6.7746E-06   6.7818E-06   0.99894
FLUX  848  2055.00        1.458844E+14   6.7112E-06   6.7257E-06   0.99785
FLUX  849  2065.00        1.451780E+14   6.6348E-06   6.6702E-06   0.99469
FLUX  850  2075.00        1.444783E+14   6.5903E-06   6.6155E-06   0.99619
FLUX  851  2085.00        1.437854E+14   6.5409E-06   6.5614E-06   0.99687
FLUX  852  2095.00        1.430990E+14   6.4743E-06   6.5080E-06   0.99483
FLUX  853  2105.00        1.424192E+14   6.4334E-06   6.4552E-06   0.99663
FLUX  854  2115.00        1.417459E+14   6.3641E-06   6.4030E-06   0.99392
FLUX  855  2125.00        1.410788E+14   6.3141E-06   6.3515E-06   0.99412
FLUX  856  2135.00        1.404180E+14   6.2676E-06   6.3005E-06   0.99477
FLUX  857  2145.00        1.397634E+14   6.2314E-06   6.2502E-06   0.99699
FLUX  858  2155.00        1.391148E+14   6.1385E-06   6.2005E-06   0.99000
FLUX  859  2165.00        1.384723E+14   5.6092E-06   6.1513E-06   0.91187
FLUX  860  2175.00        1.378356E+14   5.9927E-06   6.1028E-06   0.98196
FLUX  861  2185.00        1.372048E+14   6.0169E-06   6.0548E-06   0.99374
FLUX  862  2195.00        1.365797E+14   6.0022E-06   6.0073E-06   0.99914
FLUX  863  2205.00        1.359603E+14   5.9251E-06   5.9605E-06   0.99407
FLUX  864  2215.00        1.353465E+14   5.8856E-06   5.9141E-06   0.99518
FLUX  865  2225.00        1.347382E+14   5.8607E-06   5.8684E-06   0.99870
FLUX  866  2235.00        1.341353E+14   5.8146E-06   5.8231E-06   0.99853
FLUX  867  2245.00        1.335379E+14   5.7703E-06   5.7784E-06   0.99860
FLUX  868  2255.00        1.329457E+14   5.6926E-06   5.7342E-06   0.99275
FLUX  869  2265.00        1.323587E+14   5.6687E-06   5.6904E-06   0.99617
FLUX  870  2275.00        1.317769E+14   5.6347E-06   5.6472E-06   0.99779
FLUX  871  2285.00        1.312002E+14   5.5853E-06   5.6728E-06   0.98457
FLUX  872  2295.00        1.306285E+14   5.5406E-06   5.6296E-06   0.98418
FLUX  873  2305.00        1.300618E+14   5.5169E-06   5.5870E-06   0.98746
FLUX  874  2315.00        1.295000E+14   5.4687E-06   5.5448E-06   0.98628
FLUX  875  2325.00        1.289430E+14   5.4368E-06   5.5031E-06   0.98795
FLUX  876  2335.00        1.283908E+14   5.3902E-06   5.4618E-06   0.98688
FLUX  877  2345.00        1.278433E+14   5.3577E-06   5.4211E-06   0.98831
FLUX  878  2355.00        1.273004E+14   5.3175E-06   5.3808E-06   0.98824
FLUX  879  2365.00        1.267622E+14   5.2823E-06   5.3409E-06   0.98904
FLUX  880  2375.00        1.262284E+14   5.2286E-06   5.3015E-06   0.98626
FLUX  881  2385.00        1.256992E+14   5.1936E-06   5.2625E-06   0.98691
FLUX  882  2395.00        1.251743E+14   5.1626E-06   5.2239E-06   0.98827
FLUX  883  2405.00        1.246538E+14   5.1206E-06   5.1858E-06   0.98742
FLUX  884  2415.00        1.241377E+14   5.0790E-06   5.1480E-06   0.98660
FLUX  885  2425.00        1.236258E+14   5.0502E-06   5.1107E-06   0.98816
FLUX  886  2435.00        1.231181E+14   5.0022E-06   5.0738E-06   0.98588
FLUX  887  2445.00        1.226145E+14   4.9735E-06   5.0373E-06   0.98733
FLUX  888  2455.00        1.221151E+14   4.9264E-06   5.0012E-06   0.98505
FLUX  889  2465.00        1.216197E+14   4.9018E-06   4.9654E-06   0.98719
FLUX  890  2475.00        1.211283E+14   4.8601E-06   4.9300E-06   0.98581
FLUX  891  2485.00        1.206408E+14   4.8231E-06   4.8950E-06   0.98530
FLUX  892  2495.00        1.201573E+14   4.7656E-06   4.8604E-06   0.98050
FLUX  893  2505.00        1.196776E+14   4.7771E-06   4.8262E-06   0.98983
FLUX  894  2515.00        1.192018E+14   4.7428E-06   4.7922E-06   0.98968
FLUX  895  2525.00        1.187297E+14   4.6591E-06   4.7587E-06   0.97906
FLUX  896  2535.00        1.182613E+14   4.6756E-06   4.7255E-06   0.98945
FLUX  897  2545.00        1.177967E+14   4.6483E-06   4.6927E-06   0.99056
FLUX  898  2555.00        1.173356E+14   4.5998E-06   4.6601E-06   0.98706
FLUX  899  2565.00        1.168782E+14   4.4809E-06   4.6280E-06   0.96822
FLUX  900  2575.00        1.164243E+14   4.5493E-06   4.5961E-06   0.98982
FLUX  901  2585.00        1.159739E+14   4.5105E-06   4.5646E-06   0.98815
FLUX  902  2595.00        1.155270E+14   4.5006E-06   4.5334E-06   0.99275
FLUX  903  2605.00        1.150835E+14   4.4347E-06   4.5026E-06   0.98493
FLUX  904  2615.00        1.146434E+14   4.2808E-06   4.4720E-06   0.95725
FLUX  905  2625.00        1.142067E+14   4.0703E-06   4.4418E-06   0.91637
FLUX  906  2635.00        1.137732E+14   4.3309E-06   4.4118E-06   0.98166
FLUX  907  2645.00        1.133431E+14   4.3435E-06   4.3822E-06   0.99118
FLUX  908  2655.00        1.129162E+14   4.3192E-06   4.3528E-06   0.99228
FLUX  909  2665.00        1.124925E+14   4.2567E-06   4.3238E-06   0.98449
FLUX  910  2675.00        1.120720E+14   4.0709E-06   4.2950E-06   0.94783
FLUX  911  2685.00        1.116546E+14   4.2221E-06   4.2665E-06   0.98959
FLUX  912  2695.00        1.112403E+14   4.2257E-06   4.2383E-06   0.99703
FLUX  913  2705.00        1.108290E+14   4.2004E-06   4.2104E-06   0.99762
FLUX  914  2715.00        1.104208E+14   4.1758E-06   4.1827E-06   0.99834
FLUX  915  2725.00        1.100156E+14   4.1492E-06   4.1554E-06   0.99850
FLUX  916  2735.00        1.096133E+14   4.1199E-06   4.1283E-06   0.99798
FLUX  917  2745.00        1.092140E+14   4.0784E-06   4.1014E-06   0.99439
FLUX  918  2755.00        1.088176E+14   3.8583E-06   4.0748E-06   0.94686
FLUX  919  2765.00        1.084241E+14   3.9552E-06   4.0485E-06   0.97695
FLUX  920  2775.00        1.080333E+14   4.0052E-06   4.0224E-06   0.99571
FLUX  921  2785.00        1.076454E+14   3.9902E-06   3.9966E-06   0.99839
FLUX  922  2795.00        1.072603E+14   3.9691E-06   3.9711E-06   0.99950
FLUX  923  2805.00        1.068779E+14   3.9429E-06   3.9457E-06   0.99928
FLUX  924  2815.00        1.064982E+14   3.9184E-06   3.9207E-06   0.99942
FLUX  925  2825.00        1.061212E+14   3.8927E-06   3.8958E-06   0.99921
FLUX  926  2835.00        1.057469E+14   3.8707E-06   3.8712E-06   0.99986
FLUX  927  2845.00        1.053752E+14   3.8373E-06   3.8468E-06   0.99752
FLUX  928  2855.00        1.050061E+14   3.8116E-06   3.8227E-06   0.99709
FLUX  929  2865.00        1.046396E+14   3.7380E-06   3.7988E-06   0.98399
FLUX  930  2875.00        1.042757E+14   3.5394E-06   3.7751E-06   0.93757
FLUX  931  2885.00        1.039142E+14   3.7221E-06   3.7516E-06   0.99215
FLUX  932  2895.00        1.035553E+14   3.7212E-06   3.7283E-06   0.99808
FLUX  933  2905.00        1.031988E+14   3.7032E-06   3.7053E-06   0.99944
FLUX  934  2915.00        1.028448E+14   3.6740E-06   3.6825E-06   0.99769
FLUX  935  2925.00        1.024932E+14   3.6518E-06   3.6599E-06   0.99779
FLUX  936  2935.00        1.021440E+14   3.6352E-06   3.6374E-06   0.99938
FLUX  937  2945.00        1.017971E+14   3.6108E-06   3.6152E-06   0.99879
FLUX  938  2955.00        1.014526E+14   3.5912E-06   3.5932E-06   0.99944
FLUX  939  2965.00        1.011105E+14   3.5700E-06   3.5714E-06   0.99960
FLUX  940  2975.00        1.007706E+14   3.5475E-06   3.5498E-06   0.99936
FLUX  941  2985.00        1.004330E+14   3.5271E-06   3.5284E-06   0.99965
FLUX  942  2995.00        1.000977E+14   3.5024E-06   3.5072E-06   0.99863
FLUX  943  3005.00        9.976456E+13   3.4805E-06   3.4861E-06   0.99837
FLUX  944  3015.00        9.943367E+13   3.4596E-06   3.4653E-06   0.99835
FLUX  945  3025.00        9.910496E+13   3.4266E-06   3.4446E-06   0.99477
FLUX  946  3035.00        9.877842E+13   3.2468E-06   3.4242E-06   0.94821
FLUX  947  3045.00        9.845402E+13   3.3047E-06   3.4038E-06   0.97088
FLUX  948  3055.00        9.813175E+13   3.3688E-06   3.3837E-06   0.99561
FLUX  949  3065.00        9.781158E+13   3.3570E-06   3.3637E-06   0.99800
FLUX  950  3075.00        9.749350E+13   3.3412E-06   3.3440E-06   0.99916
FLUX  951  3085.00        9.717747E+13   3.3141E-06   3.3243E-06   0.99690
FLUX  952  3095.00        9.686349E+13   3.2977E-06   3.3049E-06   0.99783
FLUX  953  3105.00        9.655153E+13   3.2793E-06   3.2856E-06   0.99806
FLUX  954  3115.00        9.624157E+13   3.2473E-06   3.2665E-06   0.99412
FLUX  955  3125.00        9.593360E+13   3.2399E-06   3.2476E-06   0.99761
FLUX  956  3135.00        9.562759E+13   3.2211E-06   3.2288E-06   0.99761
FLUX  957  3145.00        9.532353E+13   3.2032E-06   3.2102E-06   0.99780
FLUX  958  3155.00        9.502139E+13   3.1849E-06   3.1918E-06   0.99784
FLUX  959  3165.00        9.472117E+13   3.1711E-06   3.1735E-06   0.99924
FLUX  960  3175.00        9.442283E+13   3.1486E-06   3.1554E-06   0.99787
FLUX  961  3185.00        9.412637E+13   3.1352E-06   3.1374E-06   0.99931
FLUX  962  3195.00        9.383177E+13   3.1180E-06   3.1195E-06   0.99951
FLUX  963  3210.00        9.339330E+13   3.0893E-06   3.0931E-06   0.99876
FLUX  964  3230.00        9.281502E+13   3.0570E-06   3.0583E-06   0.99955
FLUX  965  3250.00        9.224385E+13   3.0216E-06   3.0242E-06   0.99913
FLUX  966  3270.00        9.167966E+13   2.9850E-06   2.9906E-06   0.99815
FLUX  967  3290.00        9.112234E+13   2.8380E-06   2.9687E-06   0.95598
FLUX  968  3310.00        9.057175E+13   2.8903E-06   2.9360E-06   0.98444
FLUX  969  3330.00        9.002778E+13   2.8787E-06   2.9038E-06   0.99134
FLUX  970  3350.00        8.949030E+13   2.8528E-06   2.8722E-06   0.99327
FLUX  971  3370.00        8.895920E+13   2.8163E-06   2.8410E-06   0.99129
FLUX  972  3390.00        8.843437E+13   2.7866E-06   2.8104E-06   0.99153
FLUX  973  3410.00        8.791569E+13   2.7568E-06   2.7802E-06   0.99157
FLUX  974  3430.00        8.740306E+13   2.7324E-06   2.7506E-06   0.99338
FLUX  975  3450.00        8.689638E+13   2.7087E-06   2.7214E-06   0.99536
FLUX  976  3470.00        8.639553E+13   2.6783E-06   2.6926E-06   0.99469
FLUX  977  3490.00        8.590043E+13   2.6518E-06   2.6644E-06   0.99530
FLUX  978  3510.00        8.541097E+13   2.6245E-06   2.6365E-06   0.99543
FLUX  979  3530.00        8.492705E+13   2.5960E-06   2.6091E-06   0.99498
FLUX  980  3550.00        8.444859E+13   2.5701E-06   2.5821E-06   0.99534
FLUX  981  3570.00        8.397549E+13   2.5416E-06   2.5556E-06   0.99453
FLUX  982  3590.00        8.350766E+13   2.5169E-06   2.5294E-06   0.99504
FLUX  983  3610.00        8.304501E+13   2.4911E-06   2.5037E-06   0.99498
FLUX  984  3630.00        8.258747E+13   2.4685E-06   2.4783E-06   0.99604
FLUX  985  3650.00        8.213493E+13   2.4373E-06   2.4533E-06   0.99346
FLUX  986  3670.00        8.168733E+13   2.4160E-06   2.4287E-06   0.99478
FLUX  987  3690.00        8.124458E+13   2.3799E-06   2.4045E-06   0.98978
FLUX  988  3710.00        8.080660E+13   2.3619E-06   2.3806E-06   0.99216
FLUX  989  3730.00        8.037332E+13   2.3059E-06   2.3571E-06   0.97830
FLUX  990  3750.00        7.994467E+13   2.2531E-06   2.3339E-06   0.96538
FLUX  991  3770.00        7.952056E+13   2.2964E-06   2.3110E-06   0.99367
FLUX  992  3790.00        7.910092E+13   2.2770E-06   2.2885E-06   0.99497
FLUX  993  3810.00        7.868570E+13   2.2469E-06   2.2664E-06   0.99140
FLUX  994  3830.00        7.827480E+13   2.2303E-06   2.2445E-06   0.99365
FLUX  995  3850.00        7.786818E+13   2.2189E-06   2.2230E-06   0.99819
FLUX  996  3870.00        7.746576E+13   2.1937E-06   2.2017E-06   0.99637
FLUX  997  3890.00        7.706748E+13   2.1694E-06   2.1808E-06   0.99478
FLUX  998  3910.00        7.667327E+13   2.1328E-06   2.1602E-06   0.98733
FLUX  999  3930.00        7.628308E+13   2.1351E-06   2.1398E-06   0.99777
FLUX 1000  3950.00        7.589684E+13   2.1143E-06   2.1198E-06   0.99740
FLUX 1001  3970.00        7.551448E+13   2.0968E-06   2.1000E-06   0.99846
FLUX 1002  3990.00        7.513596E+13   2.0695E-06   2.0805E-06   0.99471
FLUX 1003  4010.00        7.476122E+13   2.0388E-06   2.0613E-06   0.98907
FLUX 1004  4030.00        7.439020E+13   2.0150E-06   2.0423E-06   0.98662
FLUX 1005  4050.00        7.402284E+13   1.9571E-06   2.0236E-06   0.96711
FLUX 1006  4070.00        7.365909E+13   1.9969E-06   2.0052E-06   0.99590
FLUX 1007  4090.00        7.329890E+13   1.9812E-06   1.9870E-06   0.99712
FLUX 1008  4110.00        7.294221E+13   1.9674E-06   1.9690E-06   0.99916
FLUX 1009  4130.00        7.258898E+13   1.9502E-06   1.9513E-06   0.99943
FLUX 1010  4150.00        7.223916E+13   1.9275E-06   1.9338E-06   0.99674
FLUX 1011  4170.00        7.189269E+13   1.8729E-06   1.9166E-06   0.97720
FLUX 1012  4190.00        7.154952E+13   1.8929E-06   1.8996E-06   0.99648
FLUX 1013  4210.00        7.120962E+13   1.8761E-06   1.8828E-06   0.99644
FLUX 1014  4230.00        7.087293E+13   1.8660E-06   1.8662E-06   0.99984
FLUX 1015  4250.00        7.053941E+13   1.8483E-06   1.8499E-06   0.99915
FLUX 1016  4270.00        7.020902E+13   1.8333E-06   1.8338E-06   0.99975
FLUX 1017  4290.00        6.988170E+13   1.8175E-06   1.8179E-06   0.99983
FLUX 1018  4310.00        6.955742E+13   1.8015E-06   1.8021E-06   0.99962
FLUX 1019  4330.00        6.923614E+13   1.7846E-06   1.7866E-06   0.99885
FLUX 1020  4350.00        6.891782E+13   1.7687E-06   1.7713E-06   0.99852
FLUX 1021  4370.00        6.860240E+13   1.7131E-06   1.7562E-06   0.97549
FLUX 1022  4390.00        6.828986E+13   1.7295E-06   1.7413E-06   0.99322
FLUX 1023  4410.00        6.798016E+13   1.7220E-06   1.7265E-06   0.99739
FLUX 1024  4430.00        6.767325E+13   1.7096E-06   1.7120E-06   0.99864
FLUX 1025  4450.00        6.736910E+13   1.6955E-06   1.6976E-06   0.99873
FLUX 1026  4470.00        6.706767E+13   1.6835E-06   1.6858E-06   0.99868
FLUX 1027  4490.00        6.676893E+13   1.6693E-06   1.6717E-06   0.99856
FLUX 1028  4510.00        6.647284E+13   1.6559E-06   1.6578E-06   0.99881
FLUX 1029  4530.00        6.617936E+13   1.6418E-06   1.6441E-06   0.99859
FLUX 1030  4550.00        6.588846E+13   1.6286E-06   1.6306E-06   0.99878
FLUX 1031  4570.00        6.560011E+13   1.6146E-06   1.6172E-06   0.99836
FLUX 1032  4590.00        6.531427E+13   1.6008E-06   1.6040E-06   0.99798
FLUX 1033  4610.00        6.503091E+13   1.5888E-06   1.5910E-06   0.99863
FLUX 1034  4630.00        6.475000E+13   1.5727E-06   1.5781E-06   0.99657
FLUX 1035  4650.00        6.447151E+13   1.5107E-06   1.5654E-06   0.96508
FLUX 1036  4670.00        6.419540E+13   1.5040E-06   1.5528E-06   0.96856
FLUX 1037  4690.00        6.392164E+13   1.5325E-06   1.5404E-06   0.99491
FLUX 1038  4710.00        6.365021E+13   1.5259E-06   1.5281E-06   0.99853
FLUX 1039  4730.00        6.338108E+13   1.5147E-06   1.5160E-06   0.99913
FLUX 1040  4750.00        6.311421E+13   1.5019E-06   1.5040E-06   0.99860
FLUX 1041  4770.00        6.284958E+13   1.4904E-06   1.4922E-06   0.99879
FLUX 1042  4790.00        6.258716E+13   1.4795E-06   1.4804E-06   0.99937
FLUX 1043  4810.00        6.232692E+13   1.4675E-06   1.4689E-06   0.99903
FLUX 1044  4830.00        6.206884E+13   1.4564E-06   1.4574E-06   0.99931
FLUX 1045  4850.00        6.181289E+13   1.4448E-06   1.4461E-06   0.99907
FLUX 1046  4870.00        6.155903E+13   1.4339E-06   1.4350E-06   0.99924
FLUX 1047  4890.00        6.130726E+13   1.4229E-06   1.4239E-06   0.99930
FLUX 1048  4910.00        6.105754E+13   1.4114E-06   1.4130E-06   0.99888
FLUX 1049  4930.00        6.080984E+13   1.4011E-06   1.4022E-06   0.99920
FLUX 1050  4950.00        6.056414E+13   1.3900E-06   1.3916E-06   0.99891
FLUX 1051  4970.00        6.032042E+13   1.3798E-06   1.3810E-06   0.99909
FLUX 1052  4990.00        6.007866E+13   1.3696E-06   1.3706E-06   0.99929
FLUX 1053  5010.00        5.983882E+13   1.3591E-06   1.3603E-06   0.99914
FLUX 1054  5030.00        5.960089E+13   1.3486E-06   1.3501E-06   0.99891
FLUX 1055  5050.00        5.936485E+13   1.3391E-06   1.3400E-06   0.99929
FLUX 1056  5070.00        5.913067E+13   1.3293E-06   1.3301E-06   0.99940
FLUX 1057  5090.00        5.889833E+13   1.3175E-06   1.3202E-06   0.99795
FLUX 1058  5110.00        5.866781E+13   1.3049E-06   1.3105E-06   0.99580
FLUX 1059  5130.00        5.843908E+13   1.2618E-06   1.3008E-06   0.97000
FLUX 1060  5150.00        5.821214E+13   1.2881E-06   1.2913E-06   0.99751
FLUX 1061  5170.00        5.798694E+13   1.2787E-06   1.2818E-06   0.99756
FLUX 1062  5190.00        5.776349E+13   1.2718E-06   1.2725E-06   0.99945
FLUX 1063  5210.00        5.754175E+13   1.2621E-06   1.2633E-06   0.99907
FLUX 1064  5230.00        5.732170E+13   1.2531E-06   1.2542E-06   0.99917
FLUX 1065  5250.00        5.710333E+13   1.2440E-06   1.2451E-06   0.99906
FLUX 1066  5270.00        5.688662E+13   1.2333E-06   1.2362E-06   0.99765
FLUX 1067  5290.00        5.667155E+13   1.2268E-06   1.2274E-06   0.99951
FLUX 1068  5310.00        5.645810E+13   1.2181E-06   1.2186E-06   0.99959
FLUX 1069  5330.00        5.624625E+13   1.2096E-06   1.2100E-06   0.99966
FLUX 1070  5350.00        5.603598E+13   1.2009E-06   1.2014E-06   0.99956
FLUX 1071  5370.00        5.582728E+13   1.1892E-06   1.1930E-06   0.99682
FLUX 1072  5390.00        5.562013E+13   1.1817E-06   1.1846E-06   0.99753
FLUX 1073  5410.00        5.541451E+13   1.1760E-06   1.1763E-06   0.99971
FLUX 1074  5430.00        5.521041E+13   1.1669E-06   1.1681E-06   0.99899
FLUX 1075  5450.00        5.500780E+13   1.1595E-06   1.1600E-06   0.99954
FLUX 1076  5470.00        5.480667E+13   1.1502E-06   1.1520E-06   0.99851
FLUX 1077  5490.00        5.460701E+13   1.1434E-06   1.1440E-06   0.99944
FLUX 1078  5510.00        5.440880E+13   1.1346E-06   1.1362E-06   0.99866
FLUX 1079  5530.00        5.421203E+13   1.1223E-06   1.1284E-06   0.99462
FLUX 1080  5550.00        5.401667E+13   1.1200E-06   1.1207E-06   0.99944
FLUX 1081  5570.00        5.382271E+13   1.1125E-06   1.1130E-06   0.99953
FLUX 1082  5590.00        5.363014E+13   1.1033E-06   1.1055E-06   0.99801
FLUX 1083  5610.00        5.343895E+13   1.0976E-06   1.0980E-06   0.99959
FLUX 1084  5630.00        5.324911E+13   1.0900E-06   1.0906E-06   0.99940
FLUX 1085  5650.00        5.306062E+13   1.0832E-06   1.0833E-06   0.99987
FLUX 1086  5670.00        5.287346E+13   1.0757E-06   1.0760E-06   0.99972
FLUX 1087  5690.00        5.268761E+13   1.0678E-06   1.0689E-06   0.99901
FLUX 1088  5710.00        5.250306E+13   1.0530E-06   1.0618E-06   0.99173
FLUX 1089  5730.00        5.231981E+13   1.0538E-06   1.0547E-06   0.99911
FLUX 1090  5750.00        5.213783E+13   1.0476E-06   1.0478E-06   0.99986
FLUX 1091  5770.00        5.195711E+13   1.0406E-06   1.0409E-06   0.99970
FLUX 1092  5790.00        5.177763E+13   1.0335E-06   1.0340E-06   0.99947
FLUX 1093  5810.00        5.159940E+13   1.0270E-06   1.0273E-06   0.99976
FLUX 1094  5830.00        5.142238E+13   1.0205E-06   1.0206E-06   0.99989
FLUX 1095  5850.00        5.124658E+13   1.0143E-06   1.0145E-06   0.99978
FLUX 1096  5870.00        5.107198E+13   1.0074E-06   1.0080E-06   0.99939
FLUX 1097  5890.00        5.089856E+13   9.9739E-07   1.0015E-06   0.99593
FLUX 1098  5910.00        5.072631E+13   9.6598E-07   9.9502E-07   0.97081
FLUX 1099  5930.00        5.055523E+13   9.8547E-07   9.8863E-07   0.99680
FLUX 1100  5950.00        5.038529E+13   9.6890E-07   9.8231E-07   0.98635
FLUX 1101  5970.00        5.021650E+13   9.7145E-07   9.7605E-07   0.99529
FLUX 1102  5990.00        5.004883E+13   9.6926E-07   9.6984E-07   0.99940
FLUX 1103  6010.00        4.988228E+13   9.6287E-07   9.6370E-07   0.99914
FLUX 1104  6030.00        4.971683E+13   9.5740E-07   9.5761E-07   0.99978
FLUX 1105  6050.00        4.955248E+13   9.5148E-07   9.5158E-07   0.99989
FLUX 1106  6070.00        4.938921E+13   9.4518E-07   9.4561E-07   0.99955
FLUX 1107  6090.00        4.922701E+13   9.3900E-07   9.3969E-07   0.99926
FLUX 1108  6110.00        4.906588E+13   9.3226E-07   9.3383E-07   0.99832
FLUX 1109  6130.00        4.890579E+13   9.2766E-07   9.2802E-07   0.99961
FLUX 1110  6150.00        4.874675E+13   9.2206E-07   9.2227E-07   0.99977
FLUX 1111  6170.00        4.858874E+13   9.1632E-07   9.1657E-07   0.99973
FLUX 1112  6190.00        4.843174E+13   9.1054E-07   9.1092E-07   0.99957
FLUX 1113  6210.00        4.827576E+13   9.0521E-07   9.0533E-07   0.99986
FLUX 1114  6230.00        4.812079E+13   8.9839E-07   8.9979E-07   0.99845
FLUX 1115  6250.00        4.796680E+13   8.9388E-07   8.9429E-07   0.99954
FLUX 1116  6270.00        4.781380E+13   8.8716E-07   8.8885E-07   0.99810
FLUX 1117  6290.00        4.766176E+13   8.6792E-07   8.8346E-07   0.98241
FLUX 1118  6310.00        4.751070E+13   8.7492E-07   8.7811E-07   0.99637
FLUX 1119  6330.00        4.736058E+13   8.7249E-07   8.7282E-07   0.99963
FLUX 1120  6350.00        4.721142E+13   8.6725E-07   8.6757E-07   0.99963
FLUX 1121  6370.00        4.706319E+13   8.6209E-07   8.6237E-07   0.99968
FLUX 1122  6390.00        4.691588E+13   8.5687E-07   8.5721E-07   0.99960
FLUX 1123  6420.00        4.669665E+13   8.4945E-07   8.4957E-07   0.99987
FLUX 1124  6460.00        4.640751E+13   8.3912E-07   8.3953E-07   0.99951
FLUX 1125  6500.00        4.612192E+13   8.2913E-07   8.2967E-07   0.99934
FLUX 1126  6540.00        4.583983E+13   8.1988E-07   8.1998E-07   0.99987
FLUX 1127  6580.00        4.556117E+13   8.1030E-07   8.1047E-07   0.99980
FLUX 1128  6620.00        4.528588E+13   8.0084E-07   8.0111E-07   0.99966
FLUX 1129  6660.00        4.501389E+13   7.9180E-07   7.9192E-07   0.99984
FLUX 1130  6700.00        4.474515E+13   7.8265E-07   7.8289E-07   0.99969
FLUX 1131  6740.00        4.447960E+13   7.7310E-07   7.7400E-07   0.99883
FLUX 1132  6780.00        4.421718E+13   7.5641E-07   7.6527E-07   0.98842
FLUX 1133  6820.00        4.395784E+13   7.5644E-07   7.5669E-07   0.99968
FLUX 1134  6860.00        4.370153E+13   7.4799E-07   7.4824E-07   0.99966
FLUX 1135  6900.00        4.344819E+13   7.3956E-07   7.3994E-07   0.99949
FLUX 1136  6940.00        4.319777E+13   7.3122E-07   7.3178E-07   0.99923
FLUX 1137  6980.00        4.295021E+13   7.2345E-07   7.2375E-07   0.99959
FLUX 1138  7020.00        4.270548E+13   7.1537E-07   7.1585E-07   0.99933
FLUX 1139  7060.00        4.246353E+13   7.0774E-07   7.0807E-07   0.99952
FLUX 1140  7100.00        4.222430E+13   7.0025E-07   7.0043E-07   0.99974
FLUX 1141  7140.00        4.198775E+13   6.9270E-07   6.9291E-07   0.99970
FLUX 1142  7180.00        4.175383E+13   6.8523E-07   6.8550E-07   0.99959
FLUX 1143  7220.00        4.152251E+13   6.7755E-07   6.7822E-07   0.99901
FLUX 1144  7260.00        4.129373E+13   6.7034E-07   6.7105E-07   0.99894
FLUX 1145  7300.00        4.106747E+13   6.6390E-07   6.6399E-07   0.99986
FLUX 1146  7340.00        4.084366E+13   6.5674E-07   6.5705E-07   0.99954
FLUX 1147  7380.00        4.062229E+13   6.5010E-07   6.5021E-07   0.99983
FLUX 1148  7420.00        4.040330E+13   6.4305E-07   6.4348E-07   0.99933
FLUX 1149  7460.00        4.018666E+13   6.2646E-07   6.3686E-07   0.98367
FLUX 1150  7500.00        3.997233E+13   6.1520E-07   6.3034E-07   0.97598
FLUX 1151  7540.00        3.976028E+13   6.2301E-07   6.2392E-07   0.99854
FLUX 1152  7580.00        3.955046E+13   6.1739E-07   6.1759E-07   0.99968
FLUX 1153  7620.00        3.934285E+13   6.1125E-07   6.1136E-07   0.99981
FLUX 1154  7660.00        3.913740E+13   6.0514E-07   6.0523E-07   0.99986
FLUX 1155  7700.00        3.893409E+13   5.9901E-07   5.9919E-07   0.99970
FLUX 1156  7740.00        3.873288E+13   5.9317E-07   5.9323E-07   0.99989
FLUX 1157  7780.00        3.853374E+13   5.8600E-07   5.8737E-07   0.99767
FLUX 1158  7820.00        3.833664E+13   5.8154E-07   5.8159E-07   0.99992
FLUX 1159  7860.00        3.814154E+13   5.7587E-07   5.7589E-07   0.99997
FLUX 1160  7900.00        3.794842E+13   5.7026E-07   5.7028E-07   0.99997
FLUX 1161  7940.00        3.775724E+13   5.6470E-07   5.6475E-07   0.99992
FLUX 1162  7980.00        3.756798E+13   5.5924E-07   5.5930E-07   0.99988
FLUX 1163  8020.00        3.738061E+13   5.5377E-07   5.5393E-07   0.99972
FLUX 1164  8060.00        3.719510E+13   5.4846E-07   5.4863E-07   0.99970
FLUX 1165  8100.00        3.701142E+13   5.4337E-07   5.4341E-07   0.99992
FLUX 1166  8140.00        3.682955E+13   5.3632E-07   5.3826E-07   0.99639
FLUX 1167  8180.00        3.664945E+13   5.3260E-07   5.3319E-07   0.99890
FLUX 1168  8220.00        3.647111E+13   5.2815E-07   5.2819E-07   0.99992
FLUX 1169  8260.00        3.629449E+13   5.2320E-07   5.2325E-07   0.99990
FLUX 1170  8300.00        3.611958E+13   5.1833E-07   5.1839E-07   0.99988
FLUX 1171  8340.00        3.594634E+13   5.1330E-07   5.1359E-07   0.99943
FLUX 1172  8380.00        3.577476E+13   5.0857E-07   5.0886E-07   0.99942
FLUX 1173  8420.00        3.560481E+13   5.0404E-07   5.0420E-07   0.99968
FLUX 1174  8460.00        3.543647E+13   4.9954E-07   4.9959E-07   0.99989
FLUX 1175  8500.00        3.526971E+13   4.9504E-07   4.9505E-07   0.99997
FLUX 1176  8540.00        3.510451E+13   4.9051E-07   4.9058E-07   0.99987
FLUX 1177  8580.00        3.494085E+13   4.8610E-07   4.8616E-07   0.99987
FLUX 1178  8620.00        3.477871E+13   4.8167E-07   4.8180E-07   0.99974
FLUX 1179  8660.00        3.461807E+13   4.7451E-07   4.7750E-07   0.99373
FLUX 1180  8700.00        3.445891E+13   4.7321E-07   4.7326E-07   0.99989
FLUX 1181  8740.00        3.430120E+13   4.6584E-07   4.6907E-07   0.99311
FLUX 1182  8780.00        3.414493E+13   4.6179E-07   4.6494E-07   0.99323
FLUX 1183  8820.00        3.399008E+13   4.6071E-07   4.6086E-07   0.99967
FLUX 1184  8860.00        3.383663E+13   4.5670E-07   4.5684E-07   0.99970
FLUX 1185  8900.00        3.368455E+13   4.5275E-07   4.5287E-07   0.99974
FLUX 1186  8940.00        3.353384E+13   4.4888E-07   4.4895E-07   0.99985
FLUX 1187  8980.00        3.338447E+13   4.4488E-07   4.4508E-07   0.99955
FLUX 1188  9020.00        3.323642E+13   4.4113E-07   4.4126E-07   0.99972
FLUX 1189  9060.00        3.308968E+13   4.3747E-07   4.3748E-07   0.99997
FLUX 1190  9100.00        3.294423E+13   4.3360E-07   4.3376E-07   0.99963
FLUX 1191  9140.00        3.280005E+13   4.2995E-07   4.3009E-07   0.99969
FLUX 1192  9180.00        3.265714E+13   4.2642E-07   4.2646E-07   0.99990
FLUX 1193  9220.00        3.251546E+13   4.2286E-07   4.2287E-07   0.99997
FLUX 1194  9260.00        3.237500E+13   4.1929E-07   4.1933E-07   0.99990
FLUX 1195  9300.00        3.223575E+13   4.1583E-07   4.1584E-07   0.99998
FLUX 1196  9340.00        3.209770E+13   4.1234E-07   4.1239E-07   0.99989
FLUX 1197  9380.00        3.196082E+13   4.0570E-07   4.0898E-07   0.99199
FLUX 1198  9420.00        3.182511E+13   4.0512E-07   4.0561E-07   0.99878
FLUX 1199  9460.00        3.169054E+13   4.0225E-07   4.0229E-07   0.99991
FLUX 1200  9500.00        3.155711E+13   3.9895E-07   3.9900E-07   0.99987
FLUX 1201  9540.00        3.142479E+13   3.9559E-07   3.9576E-07   0.99957
FLUX 1202  9580.00        3.129358E+13   3.9253E-07   3.9255E-07   0.99994
FLUX 1203  9620.00        3.116346E+13   3.8930E-07   3.8938E-07   0.99978
FLUX 1204  9660.00        3.103442E+13   3.8624E-07   3.8625E-07   0.99998
FLUX 1205  9700.00        3.090644E+13   3.8315E-07   3.8316E-07   0.99998
FLUX 1206  9740.00        3.077952E+13   3.7994E-07   3.8011E-07   0.99957
FLUX 1207  9780.00        3.065363E+13   3.7700E-07   3.7709E-07   0.99977
FLUX 1208  9820.00        3.052877E+13   3.7403E-07   3.7411E-07   0.99979
FLUX 1209  9860.00        3.040492E+13   3.7107E-07   3.7116E-07   0.99976
FLUX 1210  9900.00        3.028207E+13   3.6824E-07   3.6825E-07   0.99998
FLUX 1211  9940.00        3.016021E+13   3.6531E-07   3.6537E-07   0.99984
FLUX 1212  9980.00        3.003933E+13   3.6246E-07   3.6252E-07   0.99984
FLUX 1213 10020.00        2.991941E+13   3.5965E-07   3.5971E-07   0.99984
FLUX 1214 20000.00        1.498963E+13   9.2288E-08   9.2290E-08   0.99998
FLUX 1215 40000.00        7.494813E+12   2.3070E-08   2.3070E-08   0.99999
FLUX 1216 60000.00        4.996542E+12   1.0183E-08   1.0183E-08   1.00000
FLUX 1217 80000.00        3.747406E+12   5.6888E-09   5.6888E-09   1.00000
FLUX 1218100000.00        2.997925E+12   3.6184E-09   3.6184E-09   1.00000
FLUX 1219120000.00        2.498271E+12   2.4990E-09   2.4990E-09   1.00000
FLUX 1220140000.00        2.141375E+12   1.8272E-09   1.8272E-09   1.00000
FLUX 1221160000.00        1.873703E+12   1.3929E-09   1.3929E-09   1.00000
FLUX
