TEFF   6250.  GRAVITY 2.50000 LTE 
TITLE  [0.0] VTURB=2  L/H=1.25 NOVER NEW ODF                                    
FLUX    1     9.09        3.298047E+16   1.0000E-50   0.0000E+00   1.00000
FLUX    2     9.35        3.206337E+16   1.0000E-50   0.0000E+00   1.00000
FLUX    3     9.61        3.119589E+16   1.0000E-50   0.0000E+00   1.00000
FLUX    4     9.77        3.068501E+16   1.0000E-50   0.0000E+00   1.00000
FLUX    5     9.96        3.009965E+16   1.0000E-50   0.0000E+00   1.00000
FLUX    6    10.20        2.939142E+16   1.0000E-50   0.0000E+00   1.00000
FLUX    7    10.38        2.888174E+16   1.0000E-50   0.0000E+00   1.00000
FLUX    8    10.56        2.838944E+16   8.2944-150   8.2945-150   0.99998
FLUX    9    10.77        2.783589E+16   6.2382-147   6.2383-147   0.99998
FLUX   10    11.04        2.715512E+16   2.1438-143   2.1438-143   0.99998
FLUX   11    11.40        2.629759E+16   6.0639-139   6.0640-139   0.99998
FLUX   12    11.78        2.544928E+16   1.5276-134   1.5276-134   0.99998
FLUX   13    12.13        2.471496E+16   9.8041-131   9.8043-131   0.99998
FLUX   14    12.48        2.402183E+16   3.8263-127   3.8264-127   0.99998
FLUX   15    12.71        2.358714E+16   6.8255-125   6.8256-125   0.99998
FLUX   16    12.84        2.334833E+16   1.1768-123   1.1768-123   0.99998
FLUX   17    13.05        2.297261E+16   1.0367-121   1.0367-121   0.99998
FLUX   18    13.24        2.264294E+16   5.2653-120   5.2653-120   0.99998
FLUX   19    13.39        2.238928E+16   1.0804-118   1.0805-118   0.99998
FLUX   20    13.66        2.194674E+16   2.0994-116   2.0995-116   0.99998
FLUX   21    13.98        2.144438E+16   8.2941-114   8.2942-114   0.99998
FLUX   22    14.33        2.092062E+16   4.2069-111   4.2070-111   0.99998
FLUX   23    14.72        2.036634E+16   3.0557-108   3.0557-108   0.99998
FLUX   24    15.10        1.985381E+16   1.3462-105   1.3462-105   0.99998
FLUX   25    15.52        1.931653E+16   7.9245-103   7.9246-103   0.99998
FLUX   26    15.88        1.887862E+16   1.4274-100   1.4275-100   0.99998
FLUX   27    16.20        1.850571E+16   1.1866E-98   1.1866E-98   0.99998
FLUX   28    16.60        1.805979E+16   2.3366E-96   2.3366E-96   0.99998
FLUX   29    17.03        1.760379E+16   5.1651E-94   5.1652E-94   0.99998
FLUX   30    17.34        1.728907E+16   2.1378E-92   2.1378E-92   0.99998
FLUX   31    17.68        1.695659E+16   1.0895E-90   1.0895E-90   0.99998
FLUX   32    18.02        1.663665E+16   4.7766E-89   4.7767E-89   0.99998
FLUX   33    18.17        1.649931E+16   2.4190E-88   2.4190E-88   0.99998
FLUX   34    18.61        1.610922E+16   2.4209E-86   2.4209E-86   0.99998
FLUX   35    19.10        1.569594E+16   3.1715E-84   3.1716E-84   0.99998
FLUX   36    19.39        1.546119E+16   5.0383E-83   5.0384E-83   0.99998
FLUX   37    19.84        1.511051E+16   3.1295E-81   3.1295E-81   0.99998
FLUX   38    20.18        1.485592E+16   6.2691E-80   6.2692E-80   0.99998
FLUX   39    20.50        1.462402E+16   9.6128E-79   9.6130E-79   0.99998
FLUX   40    21.05        1.424192E+16   8.5745E-77   8.5746E-77   0.99998
FLUX   41    21.62        1.386644E+16   7.0489E-75   7.0491E-75   0.99998
FLUX   42    21.98        1.363933E+16   1.0128E-73   1.0128E-73   0.99998
FLUX   43    22.30        1.344361E+16   1.0035E-72   1.0036E-72   0.99998
FLUX   44    22.68        1.321836E+16   1.4048E-71   1.4049E-71   0.99998
FLUX   45    23.00        1.303446E+16   1.2115E-70   1.2115E-70   0.99998
FLUX   46    23.40        1.281165E+16   1.6416E-69   1.6416E-69   0.99998
FLUX   47    24.00        1.249135E+16   6.9365E-68   6.9366E-68   0.99998
FLUX   48    24.65        1.216197E+16   3.2489E-66   3.2490E-66   0.99998
FLUX   49    25.24        1.187767E+16   8.9585E-65   8.9586E-65   0.99998
FLUX   50    25.68        1.167416E+16   9.6062E-64   9.6063E-64   0.99998
FLUX   51    26.00        1.153048E+16   5.1228E-63   5.1229E-63   0.99998
FLUX   52    26.40        1.135578E+16   3.9165E-62   3.9166E-62   0.99998
FLUX   53    26.85        1.116546E+16   3.5803E-61   3.5803E-61   0.99998
FLUX   54    27.35        1.096133E+16   3.8339E-60   3.8339E-60   0.99998
FLUX   55    27.85        1.076454E+16   3.7685E-59   3.7685E-59   0.99998
FLUX   56    28.40        1.055607E+16   4.2293E-58   4.2293E-58   0.99998
FLUX   57    29.00        1.033767E+16   5.3099E-57   5.3100E-57   0.99998
FLUX   58    29.60        1.012813E+16   5.9919E-56   5.9920E-56   0.99998
FLUX   59    30.10        9.959884E+15   4.1915E-55   4.1921E-55   0.99985
FLUX   60    30.80        9.733523E+15   5.7246E-54   5.7247E-54   0.99998
FLUX   61    31.80        9.427437E+15   1.9515E-52   1.9516E-52   0.99998
FLUX   62    32.80        9.140015E+15   5.3331E-51   5.3332E-51   0.99998
FLUX   63    33.80        8.869601E+15   1.1904E-49   1.1905E-49   0.99998
FLUX   64    34.80        8.614727E+15   2.2122E-48   2.2123E-48   0.99998
FLUX   65    35.70        8.397549E+15   2.6540E-47   2.6540E-47   0.99998
FLUX   66    36.60        8.191052E+15   2.8113E-46   2.8114E-46   0.99998
FLUX   67    37.50        7.994467E+15   2.6464E-45   2.6465E-45   0.99998
FLUX   68    38.50        7.786818E+15   2.8151E-44   2.8151E-44   0.99998
FLUX   69    39.50        7.589684E+15   2.6438E-43   2.6439E-43   0.99998
FLUX   70    40.50        7.402284E+15   2.2146E-42   2.2146E-42   0.99998
FLUX   71    41.40        7.241365E+15   1.3699E-41   1.3699E-41   0.99998
FLUX   72    42.20        7.104088E+15   6.4647E-41   6.4648E-41   0.99998
FLUX   73    43.00        6.971919E+15   2.8734E-40   2.8734E-40   0.99998
FLUX   74    44.10        6.798016E+15   2.0386E-39   2.0387E-39   0.99998
FLUX   75    45.10        6.647284E+15   1.1097E-38   1.1098E-38   0.99998
FLUX   76    46.00        6.517228E+15   4.7765E-38   4.7766E-38   0.99998
FLUX   77    47.00        6.378564E+15   2.2590E-37   2.2590E-37   0.99998
FLUX   78    48.00        6.245677E+15   9.9811E-37   9.9813E-37   0.99998
FLUX   79    49.00        6.118214E+15   4.1416E-36   4.1417E-36   0.99998
FLUX   80    50.00        5.995850E+15   1.6178E-35   1.6179E-35   0.99998
FLUX   81    50.60        5.924753E+15   4.7368E-35   5.4086E-35   0.87580
FLUX   82    51.20        5.855322E+15   1.1502E-34   1.1646E-34   0.98759
FLUX   83    52.00        5.765240E+15   3.1149E-34   3.1459E-34   0.99016
FLUX   84    53.00        5.656462E+15   1.0420E-33   1.0420E-33   0.99997
FLUX   85    54.00        5.551713E+15   3.2748E-33   3.2945E-33   0.99401
FLUX   86    55.00        5.450773E+15   9.9712E-33   9.9721E-33   0.99991
FLUX   87    56.00        5.353438E+15   2.8949E-32   2.8950E-32   0.99997
FLUX   88    57.00        5.259518E+15   8.0785E-32   8.0787E-32   0.99998
FLUX   89    58.00        5.168836E+15   2.1475E-31   2.1723E-31   0.98857
FLUX   90    59.00        5.081229E+15   5.6328E-31   5.6355E-31   0.99953
FLUX   91    60.00        4.996542E+15   1.4126E-30   1.4135E-30   0.99938
FLUX   92    61.00        4.914631E+15   3.4337E-30   3.4338E-30   0.99998
FLUX   93    62.00        4.835363E+15   8.0905E-30   8.0916E-30   0.99986
FLUX   94    63.00        4.758611E+15   1.8522E-29   1.8524E-29   0.99991
FLUX   95    64.00        4.684258E+15   4.1269E-29   4.1275E-29   0.99987
FLUX   96    65.00        4.612192E+15   8.9585E-29   8.9591E-29   0.99993
FLUX   97    65.80        4.556117E+15   1.6354E-28   1.6356E-28   0.99991
FLUX   98    66.50        4.508158E+15   2.7315E-28   2.7346E-28   0.99886
FLUX   99    67.50        4.441370E+15   5.5825E-28   5.5871E-28   0.99917
FLUX  100    68.50        4.376533E+15   1.1162E-27   1.1163E-27   0.99986
FLUX  101    69.50        4.313561E+15   2.1833E-27   2.1834E-27   0.99993
FLUX  102    70.50        4.252376E+15   4.1693E-27   4.1842E-27   0.99643
FLUX  103    71.60        4.187046E+15   8.3658E-27   8.3667E-27   0.99988
FLUX  104    72.60        4.129373E+15   1.5404E-26   1.5404E-26   0.99998
FLUX  105    73.50        4.078810E+15   2.6279E-26   2.6283E-26   0.99984
FLUX  106    74.50        4.024060E+15   4.6794E-26   4.6828E-26   0.99927
FLUX  107    75.50        3.970762E+15   8.1990E-26   8.2068E-26   0.99905
FLUX  108    76.50        3.918856E+15   1.4151E-25   1.4157E-25   0.99955
FLUX  109    77.50        3.868290E+15   2.4032E-25   2.4052E-25   0.99916
FLUX  110    78.50        3.819013E+15   4.0271E-25   4.0272E-25   0.99998
FLUX  111    79.50        3.770975E+15   6.5906E-25   6.6489E-25   0.99124
FLUX  112    80.50        3.724130E+15   1.0789E-24   1.0830E-24   0.99622
FLUX  113    81.50        3.678436E+15   1.7403E-24   1.7413E-24   0.99943
FLUX  114    82.50        3.633848E+15   2.7643E-24   2.7652E-24   0.99967
FLUX  115    83.50        3.590329E+15   4.3389E-24   4.3395E-24   0.99985
FLUX  116    84.50        3.547840E+15   6.7306E-24   6.7314E-24   0.99987
FLUX  117    85.50        3.506345E+15   1.0327E-23   1.0327E-23   0.99992
FLUX  118    86.50        3.465809E+15   1.5670E-23   1.5671E-23   0.99991
FLUX  119    87.50        3.426200E+15   2.3479E-23   2.3534E-23   0.99767
FLUX  120    88.50        3.387486E+15   3.4986E-23   3.4991E-23   0.99983
FLUX  121    89.50        3.349637E+15   5.1522E-23   5.1526E-23   0.99992
FLUX  122    90.50        3.312624E+15   7.5106E-23   7.5166E-23   0.99921
FLUX  123    91.50        3.276421E+15   2.0597E-19   5.1446E-19   0.40036
FLUX  124    92.50        3.241000E+15   7.2903E-19   7.6791E-19   0.94938
FLUX  125    93.50        3.206337E+15   1.0783E-18   1.1359E-18   0.94932
FLUX  126    94.50        3.172407E+15   1.5816E-18   1.6658E-18   0.94943
FLUX  127    95.50        3.139188E+15   2.3815E-18   2.4227E-18   0.98301
FLUX  128    96.50        3.106658E+15   3.4354E-18   3.4941E-18   0.98320
FLUX  129    97.50        3.074795E+15   4.9144E-18   4.9988E-18   0.98311
FLUX  130    98.50        3.043579E+15   6.9842E-18   7.1050E-18   0.98299
FLUX  131    99.50        3.012990E+15   9.8459E-18   1.0018E-17   0.98284
FLUX  132   100.50        2.983010E+15   1.4022E-17   1.4023E-17   0.99988
FLUX  133   101.50        2.953621E+15   1.9487E-17   1.9489E-17   0.99991
FLUX  134   102.50        2.924805E+15   2.5600E-17   2.6930E-17   0.95061
FLUX  135   103.50        2.896546E+15   3.6942E-17   3.6946E-17   0.99991
FLUX  136   104.50        2.868828E+15   5.0374E-17   5.0378E-17   0.99992
FLUX  137   105.50        2.841635E+15   6.8266E-17   6.8270E-17   0.99994
FLUX  138   106.50        2.814953E+15   9.0454E-17   9.1967E-17   0.98355
FLUX  139   107.50        2.788767E+15   1.2316E-16   1.2317E-16   0.99988
FLUX  140   108.50        2.763065E+15   1.6403E-16   1.6404E-16   0.99992
FLUX  141   109.50        2.737831E+15   2.1371E-16   2.1727E-16   0.98358
FLUX  142   110.50        2.713054E+15   4.5589E-16   1.7362E-15   0.26259
FLUX  143   111.50        2.688722E+15   1.5151E-15   2.4948E-15   0.60731
FLUX  144   112.50        2.664822E+15   2.3808E-15   3.4742E-15   0.68526
FLUX  145   113.50        2.641344E+15   3.6082E-15   4.6872E-15   0.76981
FLUX  146   114.50        2.618275E+15   4.9524E-15   6.1344E-15   0.80732
FLUX  147   115.50        2.595606E+15   5.7386E-15   7.7923E-15   0.73645
FLUX  148   116.50        2.573326E+15   8.4019E-15   9.5822E-15   0.87683
FLUX  149   117.50        2.551426E+15   1.0397E-14   1.1306E-14   0.91954
FLUX  150   118.50        2.529895E+15   1.1699E-14   1.7040E-14   0.68656
FLUX  151   119.50        2.508724E+15   6.3741E-15   2.1113E-14   0.30190
FLUX  152   120.50        2.487905E+15   6.2928E-15   2.5970E-14   0.24231
FLUX  153   121.50        2.467428E+15   3.5391E-15   3.1750E-14   0.11147
FLUX  154   122.50        2.447286E+15   8.7720E-15   3.9244E-14   0.22353
FLUX  155   123.50        2.427470E+15   2.0672E-14   4.7503E-14   0.43518
FLUX  156   124.50        2.407972E+15   4.7362E-14   7.3980E-14   0.64020
FLUX  157   125.50        2.388785E+15   9.8917E-14   1.2447E-13   0.79473
FLUX  158   126.50        2.369901E+15   1.0427E-13   1.8167E-13   0.57395
FLUX  159   127.50        2.351314E+15   1.6468E-13   2.3791E-13   0.69219
FLUX  160   128.50        2.333016E+15   2.3360E-13   3.0425E-13   0.76778
FLUX  161   129.50        2.315000E+15   3.0384E-13   3.7416E-13   0.81206
FLUX  162   130.50        2.297261E+15   2.7429E-13   4.5449E-13   0.60352
FLUX  163   131.50        2.279791E+15   4.2244E-13   5.4339E-13   0.77741
FLUX  164   132.50        2.262585E+15   5.0040E-13   6.4431E-13   0.77665
FLUX  165   133.50        2.245637E+15   5.9528E-13   7.5762E-13   0.78573
FLUX  166   134.50        2.228941E+15   7.1216E-13   8.8558E-13   0.80418
FLUX  167   135.50        2.212491E+15   8.0121E-13   1.0334E-12   0.77529
FLUX  168   136.50        2.196282E+15   9.1081E-13   1.2077E-12   0.75416
FLUX  169   137.50        2.180309E+15   1.0135E-12   1.4055E-12   0.72111
FLUX  170   138.50        2.164567E+15   1.1498E-12   1.6300E-12   0.70537
FLUX  171   139.50        2.149050E+15   1.3347E-12   1.8839E-12   0.70845
FLUX  172   140.50        2.133754E+15   1.5901E-12   2.1711E-12   0.73240
FLUX  173   141.50        2.118675E+15   1.7518E-12   2.4947E-12   0.70219
FLUX  174   142.50        2.103807E+15   1.9697E-12   2.8602E-12   0.68864
FLUX  175   143.50        2.089146E+15   2.2082E-12   3.2701E-12   0.67527
FLUX  176   144.20        2.079005E+15   2.7458E-12   3.5869E-12   0.76551
FLUX  177   144.70        2.071821E+15   2.6623E-12   3.8611E-12   0.68952
FLUX  178   145.50        2.060430E+15   3.1320E-12   4.2811E-12   0.73158
FLUX  179   146.50        2.046365E+15   3.5688E-12   4.8620E-12   0.73402
FLUX  180   147.50        2.032492E+15   3.7503E-12   5.5101E-12   0.68063
FLUX  181   148.50        2.018805E+15   4.3975E-12   6.2318E-12   0.70566
FLUX  182   149.50        2.005301E+15   5.6021E-12   7.0346E-12   0.79635
FLUX  183   150.50        1.991977E+15   6.6521E-12   7.9254E-12   0.83933
FLUX  184   151.20        1.982755E+15   6.0228E-12   8.6062E-12   0.69982
FLUX  185   151.70        1.976220E+15   7.2891E-12   1.1427E-11   0.63790
FLUX  186   152.50        1.965852E+15   9.0597E-12   2.7595E-11   0.32831
FLUX  187   153.50        1.953046E+15   2.2109E-11   7.8829E-11   0.28047
FLUX  188   154.50        1.940405E+15   2.7689E-11   8.8685E-11   0.31221
FLUX  189   155.50        1.927926E+15   3.6017E-11   9.9501E-11   0.36198
FLUX  190   156.50        1.915607E+15   3.4163E-11   1.1145E-10   0.30652
FLUX  191   157.50        1.903444E+15   5.6029E-11   1.3418E-10   0.41757
FLUX  192   158.50        1.891435E+15   6.8134E-11   1.4960E-10   0.45544
FLUX  193   159.50        1.879577E+15   8.3320E-11   1.6645E-10   0.50057
FLUX  194   160.50        1.867866E+15   8.7244E-11   1.8473E-10   0.47228
FLUX  195   161.50        1.856300E+15   9.5134E-11   2.0451E-10   0.46518
FLUX  196   162.50        1.844877E+15   1.0281E-10   2.3083E-10   0.44539
FLUX  197   163.50        1.833593E+15   1.2467E-10   2.5482E-10   0.48924
FLUX  198   164.50        1.822447E+15   1.6390E-10   2.8075E-10   0.58378
FLUX  199   165.50        1.811435E+15   9.3524E-11   3.0880E-10   0.30286
FLUX  200   166.50        1.800556E+15   1.7972E-10   3.3903E-10   0.53009
FLUX  201   167.20        1.793017E+15   1.1198E-10   3.6158E-10   0.30969
FLUX  202   167.70        1.787671E+15   2.0627E-10   6.5760E-10   0.31368
FLUX  203   168.50        1.779184E+15   3.5030E-10   8.0417E-09   0.04356
FLUX  204   169.50        1.768687E+15   5.1342E-10   8.7478E-09   0.05869
FLUX  205   170.50        1.758314E+15   6.2323E-10   9.5251E-09   0.06543
FLUX  206   171.50        1.748061E+15   1.1734E-09   2.1610E-08   0.05430
FLUX  207   172.50        1.737928E+15   1.5189E-09   2.3167E-08   0.06556
FLUX  208   173.50        1.727911E+15   2.2580E-09   2.4294E-08   0.09294
FLUX  209   174.50        1.718009E+15   2.1456E-09   2.5713E-08   0.08345
FLUX  210   175.50        1.708219E+15   3.6049E-09   2.6757E-08   0.13473
FLUX  211   176.50        1.698541E+15   2.7878E-09   2.7726E-08   0.10055
FLUX  212   177.50        1.688972E+15   3.6113E-09   2.8667E-08   0.12598
FLUX  213   178.50        1.679510E+15   3.8272E-09   2.9571E-08   0.12942
FLUX  214   179.50        1.670153E+15   6.8419E-09   3.0405E-08   0.22502
FLUX  215   180.50        1.660900E+15   4.0939E-09   3.1285E-08   0.13086
FLUX  216   181.50        1.651749E+15   4.4815E-09   3.2070E-08   0.13974
FLUX  217   182.50        1.642699E+15   4.5949E-09   3.2858E-08   0.13984
FLUX  218   183.50        1.633747E+15   5.7536E-09   3.3558E-08   0.17145
FLUX  219   184.50        1.624892E+15   4.7955E-09   3.4238E-08   0.14006
FLUX  220   185.50        1.616132E+15   7.3231E-09   3.5024E-08   0.20909
FLUX  221   186.50        1.607466E+15   9.7251E-09   3.5626E-08   0.27298
FLUX  222   187.50        1.598893E+15   9.5183E-09   4.0222E-08   0.23664
FLUX  223   188.50        1.590411E+15   1.0647E-08   4.0584E-08   0.26235
FLUX  224   189.50        1.582018E+15   1.3362E-08   4.0884E-08   0.32684
FLUX  225   190.50        1.573714E+15   1.2052E-08   4.1104E-08   0.29320
FLUX  226   191.50        1.565496E+15   1.2471E-08   4.1297E-08   0.30199
FLUX  227   192.50        1.557364E+15   9.6880E-09   4.1458E-08   0.23368
FLUX  228   193.50        1.549315E+15   4.9688E-09   4.1587E-08   0.11948
FLUX  229   194.50        1.541350E+15   1.5742E-08   4.1738E-08   0.37716
FLUX  230   195.50        1.533465E+15   1.7190E-08   4.1885E-08   0.41040
FLUX  231   196.70        1.524110E+15   2.1499E-08   4.2071E-08   0.51103
FLUX  232   197.60        1.517169E+15   1.8858E-08   5.0748E-08   0.37160
FLUX  233   198.40        1.511051E+15   1.9038E-08   5.1057E-08   0.37288
FLUX  234   199.50        1.502719E+15   2.1976E-08   5.6509E-08   0.38890
FLUX  235   200.50        1.495224E+15   2.2781E-08   5.7104E-08   0.39894
FLUX  236   201.50        1.487804E+15   2.2194E-08   5.7824E-08   0.38381
FLUX  237   202.50        1.480457E+15   1.9323E-08   5.8522E-08   0.33018
FLUX  238   203.50        1.473182E+15   2.7819E-08   5.9210E-08   0.46984
FLUX  239   204.50        1.465978E+15   3.1998E-08   5.9986E-08   0.53343
FLUX  240   205.50        1.458844E+15   2.7398E-08   6.0703E-08   0.45134
FLUX  241   206.50        1.451780E+15   2.5839E-08   6.1371E-08   0.42102
FLUX  242   207.40        1.445480E+15   3.1302E-08   6.1958E-08   0.50521
FLUX  243   207.80        1.442697E+15   5.8378E-08   3.0609E-07   0.19072
FLUX  244   208.50        1.437854E+15   5.9963E-08   3.1196E-07   0.19222
FLUX  245   209.50        1.430990E+15   7.9622E-08   3.2020E-07   0.24866
FLUX  246   210.50        1.424192E+15   1.0000E-07   3.2811E-07   0.30479
FLUX  247   211.50        1.417459E+15   1.1428E-07   3.3562E-07   0.34051
FLUX  248   212.50        1.410788E+15   9.7491E-08   3.4306E-07   0.28418
FLUX  249   213.50        1.404180E+15   8.3185E-08   3.5051E-07   0.23732
FLUX  250   214.50        1.397634E+15   1.1642E-07   3.5778E-07   0.32540
FLUX  251   215.50        1.391148E+15   1.2918E-07   3.6509E-07   0.35382
FLUX  252   216.50        1.384723E+15   1.0506E-07   3.7254E-07   0.28202
FLUX  253   217.50        1.378356E+15   1.1664E-07   3.8009E-07   0.30688
FLUX  254   218.50        1.372048E+15   1.3751E-07   3.8790E-07   0.35450
FLUX  255   219.50        1.365797E+15   1.5076E-07   3.9594E-07   0.38078
FLUX  256   220.50        1.359603E+15   1.3974E-07   4.0418E-07   0.34573
FLUX  257   221.50        1.353465E+15   9.3810E-08   4.1271E-07   0.22730
FLUX  258   222.50        1.347382E+15   1.0440E-07   4.2543E-07   0.24539
FLUX  259   223.50        1.341353E+15   1.5969E-07   4.3438E-07   0.36761
FLUX  260   224.50        1.335379E+15   1.4664E-07   4.4355E-07   0.33060
FLUX  261   225.50        1.329457E+15   9.7237E-08   4.7965E-07   0.20273
FLUX  262   226.50        1.323587E+15   9.2428E-08   4.8816E-07   0.18934
FLUX  263   227.50        1.317769E+15   1.3557E-07   4.9674E-07   0.27292
FLUX  264   228.50        1.312002E+15   1.5610E-07   5.0528E-07   0.30894
FLUX  265   229.50        1.306285E+15   1.3963E-07   5.1383E-07   0.27175
FLUX  266   230.50        1.300618E+15   1.6686E-07   5.2240E-07   0.31942
FLUX  267   231.50        1.295000E+15   1.3548E-07   5.3103E-07   0.25513
FLUX  268   232.50        1.289430E+15   1.2468E-07   5.3976E-07   0.23099
FLUX  269   233.50        1.283908E+15   5.7829E-08   5.5476E-07   0.10424
FLUX  270   234.50        1.278433E+15   3.4431E-08   5.6329E-07   0.06113
FLUX  271   235.50        1.273004E+15   9.0269E-08   5.7187E-07   0.15785
FLUX  272   236.50        1.267622E+15   3.6876E-08   5.8055E-07   0.06352
FLUX  273   237.50        1.262284E+15   5.7600E-08   5.8931E-07   0.09774
FLUX  274   238.50        1.256992E+15   2.5948E-08   5.9836E-07   0.04337
FLUX  275   239.50        1.251743E+15   3.7514E-08   6.0733E-07   0.06177
FLUX  276   240.50        1.246538E+15   3.6251E-08   6.1633E-07   0.05882
FLUX  277   241.50        1.241377E+15   6.5909E-08   6.2542E-07   0.10538
FLUX  278   242.50        1.236258E+15   1.5538E-07   6.3461E-07   0.24484
FLUX  279   243.50        1.231181E+15   1.6497E-07   6.4391E-07   0.25619
FLUX  280   244.50        1.226145E+15   1.9903E-07   6.6276E-07   0.30030
FLUX  281   245.50        1.221151E+15   2.1261E-07   6.7176E-07   0.31650
FLUX  282   246.50        1.216197E+15   1.7894E-07   6.8080E-07   0.26284
FLUX  283   247.50        1.211283E+15   1.6234E-07   6.8983E-07   0.23533
FLUX  284   248.50        1.206408E+15   1.2555E-07   6.9892E-07   0.17963
FLUX  285   249.50        1.201573E+15   1.4599E-07   7.0807E-07   0.20617
FLUX  286   250.50        1.196776E+15   2.3215E-07   7.2474E-07   0.32033
FLUX  287   251.30        1.192967E+15   1.2149E-07   7.3185E-07   0.16600
FLUX  288   251.80        1.190598E+15   1.0744E-07   1.1743E-06   0.09149
FLUX  289   252.50        1.187297E+15   8.3277E-08   1.1861E-06   0.07021
FLUX  290   253.50        1.182613E+15   1.0473E-07   1.2030E-06   0.08705
FLUX  291   254.50        1.177967E+15   1.3749E-07   1.2200E-06   0.11270
FLUX  292   255.50        1.173356E+15   2.4379E-07   1.2371E-06   0.19707
FLUX  293   256.50        1.168782E+15   1.6127E-07   1.2543E-06   0.12857
FLUX  294   257.50        1.164243E+15   2.0643E-07   1.2716E-06   0.16233
FLUX  295   258.50        1.159739E+15   1.5564E-07   1.2891E-06   0.12073
FLUX  296   259.50        1.155270E+15   1.2557E-07   1.3067E-06   0.09610
FLUX  297   260.50        1.150835E+15   9.2137E-08   1.3244E-06   0.06957
FLUX  298   261.50        1.146434E+15   8.6378E-08   1.3421E-06   0.06436
FLUX  299   262.50        1.142067E+15   1.3153E-07   1.3599E-06   0.09672
FLUX  300   263.50        1.137732E+15   2.8558E-07   1.3826E-06   0.20656
FLUX  301   264.50        1.133431E+15   4.9804E-07   1.4004E-06   0.35564
FLUX  302   265.50        1.129162E+15   6.0889E-07   1.4184E-06   0.42928
FLUX  303   266.50        1.124925E+15   3.8896E-07   1.4364E-06   0.27078
FLUX  304   267.50        1.120720E+15   4.6222E-07   1.4546E-06   0.31777
FLUX  305   268.50        1.116546E+15   4.9657E-07   1.4728E-06   0.33716
FLUX  306   269.50        1.112403E+15   4.1005E-07   1.4911E-06   0.27500
FLUX  307   270.50        1.108290E+15   5.0396E-07   1.5147E-06   0.33270
FLUX  308   271.50        1.104208E+15   3.5308E-07   1.5329E-06   0.23033
FLUX  309   272.50        1.100156E+15   3.3523E-07   1.5512E-06   0.21611
FLUX  310   273.50        1.096133E+15   3.6990E-07   1.5696E-06   0.23566
FLUX  311   274.50        1.092140E+15   1.4368E-07   1.5881E-06   0.09048
FLUX  312   275.50        1.088176E+15   2.1039E-07   1.6066E-06   0.13095
FLUX  313   276.50        1.084241E+15   3.0036E-07   1.6252E-06   0.18482
FLUX  314   277.50        1.080333E+15   3.6040E-07   1.6438E-06   0.21925
FLUX  315   278.50        1.076454E+15   1.9147E-07   1.6625E-06   0.11517
FLUX  316   279.50        1.072603E+15   6.0895E-08   1.6813E-06   0.03622
FLUX  317   280.50        1.068779E+15   7.9426E-08   1.7003E-06   0.04671
FLUX  318   281.50        1.064982E+15   3.0068E-07   1.7193E-06   0.17489
FLUX  319   282.50        1.061212E+15   5.5152E-07   1.7384E-06   0.31726
FLUX  320   283.50        1.057469E+15   5.7463E-07   1.7576E-06   0.32694
FLUX  321   284.50        1.053752E+15   5.6355E-07   1.7769E-06   0.31716
FLUX  322   285.50        1.050061E+15   3.5995E-07   1.7962E-06   0.20040
FLUX  323   286.50        1.046396E+15   6.5093E-07   1.8155E-06   0.35855
FLUX  324   287.50        1.042757E+15   7.2176E-07   1.8349E-06   0.39335
FLUX  325   288.50        1.039142E+15   6.9719E-07   1.8544E-06   0.37596
FLUX  326   289.50        1.035553E+15   7.1242E-07   1.8739E-06   0.38017
FLUX  327   291.00        1.030215E+15   9.5496E-07   1.9068E-06   0.50082
FLUX  328   293.00        1.023183E+15   8.7156E-07   1.9459E-06   0.44789
FLUX  329   295.00        1.016246E+15   8.5362E-07   1.9859E-06   0.42985
FLUX  330   297.00        1.009402E+15   1.0165E-06   2.0253E-06   0.50190
FLUX  331   299.00        1.002651E+15   1.0162E-06   2.0650E-06   0.49213
FLUX  332   301.00        9.959884E+14   1.1311E-06   2.1050E-06   0.53737
FLUX  333   303.00        9.894142E+14   1.1364E-06   2.1452E-06   0.52974
FLUX  334   305.00        9.829262E+14   1.1888E-06   2.1855E-06   0.54394
FLUX  335   307.00        9.765228E+14   1.1723E-06   2.2260E-06   0.52665
FLUX  336   309.00        9.702023E+14   1.2972E-06   2.2695E-06   0.57157
FLUX  337   311.00        9.639630E+14   1.2802E-06   2.3099E-06   0.55424
FLUX  338   313.00        9.578035E+14   1.2724E-06   2.3513E-06   0.54116
FLUX  339   315.00        9.517222E+14   1.3098E-06   2.3918E-06   0.54763
FLUX  340   317.00        9.457177E+14   1.3556E-06   2.4324E-06   0.55730
FLUX  341   319.00        9.397884E+14   1.2270E-06   2.4731E-06   0.49614
FLUX  342   321.00        9.339330E+14   1.3999E-06   2.5139E-06   0.55687
FLUX  343   323.00        9.281502E+14   1.1735E-06   2.5557E-06   0.45917
FLUX  344   325.00        9.224385E+14   1.4732E-06   2.5966E-06   0.56736
FLUX  345   327.00        9.167966E+14   1.6614E-06   2.6375E-06   0.62992
FLUX  346   329.00        9.112234E+14   1.6355E-06   2.6790E-06   0.61050
FLUX  347   331.00        9.057175E+14   1.7105E-06   2.7200E-06   0.62887
FLUX  348   333.00        9.002778E+14   1.6961E-06   2.7610E-06   0.61429
FLUX  349   335.00        8.949030E+14   1.6892E-06   2.8021E-06   0.60285
FLUX  350   337.00        8.895920E+14   1.5677E-06   2.8432E-06   0.55139
FLUX  351   339.00        8.843437E+14   1.7233E-06   2.8847E-06   0.59740
FLUX  352   341.00        8.791569E+14   1.7989E-06   2.9258E-06   0.61486
FLUX  353   343.00        8.740306E+14   1.8550E-06   2.9668E-06   0.62526
FLUX  354   345.00        8.689638E+14   1.9543E-06   3.0081E-06   0.64969
FLUX  355   347.00        8.639553E+14   1.9337E-06   3.0494E-06   0.63412
FLUX  356   349.00        8.590043E+14   1.9877E-06   3.0906E-06   0.64316
FLUX  357   351.00        8.541097E+14   2.1113E-06   3.1319E-06   0.67413
FLUX  358   353.00        8.492705E+14   2.0576E-06   3.1731E-06   0.64845
FLUX  359   355.00        8.444859E+14   2.3386E-06   3.2144E-06   0.72756
FLUX  360   357.00        8.397549E+14   2.0425E-06   3.2559E-06   0.62732
FLUX  361   359.00        8.350766E+14   2.0704E-06   3.2974E-06   0.62788
FLUX  362   361.00        8.304501E+14   2.1556E-06   3.3390E-06   0.64558
FLUX  363   363.00        8.258747E+14   2.2287E-06   3.3804E-06   0.65930
FLUX  364   364.00        8.236058E+14   2.2099E-06   3.4014E-06   0.64970
FLUX  365   365.00        8.213493E+14   2.4482E-06   7.9890E-06   0.30645
FLUX  366   367.00        8.168733E+14   2.4336E-06   8.0426E-06   0.30258
FLUX  367   369.00        8.124458E+14   2.4688E-06   8.0957E-06   0.30496
FLUX  368   371.00        8.080660E+14   2.9213E-06   8.1485E-06   0.35851
FLUX  369   373.00        8.037332E+14   3.0369E-06   8.1996E-06   0.37038
FLUX  370   375.00        7.994467E+14   3.6096E-06   8.2502E-06   0.43752
FLUX  371   377.00        7.952056E+14   3.9413E-06   8.3322E-06   0.47302
FLUX  372   379.00        7.910092E+14   4.4010E-06   8.3827E-06   0.52501
FLUX  373   381.00        7.868570E+14   4.9205E-06   8.4326E-06   0.58351
FLUX  374   383.00        7.827480E+14   3.9644E-06   8.4818E-06   0.46739
FLUX  375   385.00        7.786818E+14   4.9303E-06   8.5338E-06   0.57774
FLUX  376   387.00        7.746576E+14   5.2710E-06   8.5821E-06   0.61419
FLUX  377   389.00        7.706748E+14   4.4144E-06   8.6306E-06   0.51148
FLUX  378   391.00        7.667327E+14   5.1494E-06   8.6788E-06   0.59333
FLUX  379   393.00        7.628308E+14   2.5530E-06   8.7265E-06   0.29256
FLUX  380   395.00        7.589684E+14   4.4212E-06   8.7736E-06   0.50392
FLUX  381   397.00        7.551448E+14   2.7792E-06   8.8201E-06   0.31510
FLUX  382   399.00        7.513596E+14   5.7570E-06   8.8659E-06   0.64934
FLUX  383   401.00        7.476122E+14   6.2861E-06   8.9144E-06   0.70516
FLUX  384   403.00        7.439020E+14   6.3299E-06   8.9603E-06   0.70644
FLUX  385   405.00        7.402284E+14   6.2971E-06   9.0056E-06   0.69924
FLUX  386   407.00        7.365909E+14   6.2794E-06   9.0501E-06   0.69384
FLUX  387   409.00        7.329890E+14   6.5663E-06   9.0940E-06   0.72205
FLUX  388   411.00        7.294221E+14   5.9796E-06   9.1372E-06   0.65442
FLUX  389   413.00        7.258898E+14   6.7913E-06   9.1800E-06   0.73979
FLUX  390   415.00        7.223916E+14   7.1795E-06   9.2226E-06   0.77847
FLUX  391   417.00        7.189269E+14   7.0356E-06   9.2649E-06   0.75938
FLUX  392   419.00        7.154952E+14   7.1042E-06   9.3062E-06   0.76338
FLUX  393   421.00        7.120962E+14   7.1175E-06   9.3469E-06   0.76149
FLUX  394   423.00        7.087293E+14   6.9686E-06   9.3869E-06   0.74238
FLUX  395   425.00        7.053941E+14   7.2438E-06   9.4264E-06   0.76846
FLUX  396   427.00        7.020902E+14   7.0893E-06   9.4653E-06   0.74898
FLUX  397   429.00        6.988170E+14   6.8041E-06   9.5037E-06   0.71594
FLUX  398   431.00        6.955742E+14   6.2036E-06   9.5409E-06   0.65022
FLUX  399   433.00        6.923614E+14   7.0450E-06   9.5775E-06   0.73558
FLUX  400   435.00        6.891782E+14   6.5206E-06   9.6140E-06   0.67823
FLUX  401   437.00        6.860240E+14   7.8740E-06   9.6496E-06   0.81600
FLUX  402   439.00        6.828986E+14   7.5774E-06   9.6847E-06   0.78241
FLUX  403   441.00        6.798016E+14   7.6845E-06   9.7194E-06   0.79064
FLUX  404   443.00        6.767325E+14   7.7381E-06   9.7536E-06   0.79336
FLUX  405   445.00        6.736910E+14   7.8438E-06   9.7875E-06   0.80141
FLUX  406   447.00        6.706767E+14   8.1147E-06   9.8209E-06   0.82626
FLUX  407   449.00        6.676893E+14   8.1843E-06   9.8540E-06   0.83055
FLUX  408   451.00        6.647284E+14   8.8529E-06   9.8867E-06   0.89544
FLUX  409   453.00        6.617936E+14   8.1919E-06   9.9190E-06   0.82589
FLUX  410   455.00        6.588846E+14   8.3502E-06   9.9507E-06   0.83916
FLUX  411   457.00        6.560011E+14   8.9174E-06   9.9819E-06   0.89335
FLUX  412   459.00        6.531427E+14   8.4842E-06   1.0013E-05   0.84734
FLUX  413   461.00        6.503091E+14   8.8647E-06   1.0043E-05   0.88266
FLUX  414   463.00        6.475000E+14   8.7297E-06   1.0073E-05   0.86663
FLUX  415   465.00        6.447151E+14   8.9359E-06   1.0103E-05   0.88449
FLUX  416   467.00        6.419540E+14   9.1399E-06   1.0132E-05   0.90206
FLUX  417   469.00        6.392164E+14   8.9489E-06   1.0161E-05   0.88070
FLUX  418   471.00        6.365021E+14   8.6901E-06   1.0190E-05   0.85284
FLUX  419   473.00        6.338108E+14   9.2001E-06   1.0218E-05   0.90040
FLUX  420   475.00        6.311421E+14   9.3824E-06   1.0246E-05   0.91574
FLUX  421   477.00        6.284958E+14   9.3451E-06   1.0273E-05   0.90964
FLUX  422   479.00        6.258716E+14   9.4130E-06   1.0301E-05   0.91383
FLUX  423   481.00        6.232692E+14   9.3719E-06   1.0327E-05   0.90748
FLUX  424   483.00        6.206884E+14   9.4785E-06   1.0354E-05   0.91548
FLUX  425   485.00        6.181289E+14   8.6571E-06   1.0379E-05   0.83408
FLUX  426   487.00        6.155903E+14   7.5168E-06   1.0405E-05   0.72244
FLUX  427   489.00        6.130726E+14   9.2694E-06   1.0430E-05   0.88873
FLUX  428   491.00        6.105754E+14   9.3567E-06   1.0455E-05   0.89496
FLUX  429   493.00        6.080984E+14   9.2420E-06   1.0480E-05   0.88191
FLUX  430   495.00        6.056414E+14   9.6622E-06   1.0504E-05   0.91988
FLUX  431   497.00        6.032042E+14   9.7848E-06   1.0528E-05   0.92943
FLUX  432   499.00        6.007866E+14   9.2085E-06   1.0551E-05   0.87273
FLUX  433   501.00        5.983882E+14   8.8967E-06   1.0575E-05   0.84132
FLUX  434   503.00        5.960089E+14   9.4438E-06   1.0598E-05   0.89113
FLUX  435   505.00        5.936485E+14   9.5009E-06   1.0620E-05   0.89461
FLUX  436   507.00        5.913067E+14   9.8712E-06   1.0643E-05   0.92752
FLUX  437   509.00        5.889833E+14   9.6654E-06   1.0665E-05   0.90631
FLUX  438   511.00        5.866781E+14   9.8145E-06   1.0686E-05   0.91843
FLUX  439   513.00        5.843908E+14   9.5667E-06   1.0708E-05   0.89345
FLUX  440   515.00        5.821214E+14   9.4505E-06   1.0729E-05   0.88087
FLUX  441   517.00        5.798694E+14   9.4022E-06   1.0749E-05   0.87467
FLUX  442   519.00        5.776349E+14   9.3502E-06   1.0770E-05   0.86818
FLUX  443   521.00        5.754175E+14   9.5671E-06   1.0790E-05   0.88666
FLUX  444   523.00        5.732170E+14   9.7117E-06   1.0810E-05   0.89841
FLUX  445   525.00        5.710333E+14   9.9061E-06   1.0829E-05   0.91473
FLUX  446   527.00        5.688662E+14   9.1371E-06   1.0849E-05   0.84222
FLUX  447   529.00        5.667155E+14   9.9328E-06   1.0868E-05   0.91398
FLUX  448   531.00        5.645810E+14   1.0056E-05   1.0886E-05   0.92370
FLUX  449   533.00        5.624625E+14   9.5711E-06   1.0905E-05   0.87769
FLUX  450   535.00        5.603598E+14   1.0121E-05   1.0923E-05   0.92654
FLUX  451   537.00        5.582728E+14   1.0204E-05   1.0941E-05   0.93269
FLUX  452   539.00        5.562013E+14   1.0108E-05   1.0958E-05   0.92241
FLUX  453   541.00        5.541451E+14   9.9269E-06   1.0976E-05   0.90446
FLUX  454   543.00        5.521041E+14   1.0143E-05   1.0992E-05   0.92273
FLUX  455   545.00        5.500780E+14   1.0453E-05   1.1009E-05   0.94949
FLUX  456   547.00        5.480667E+14   1.0309E-05   1.1025E-05   0.93510
FLUX  457   549.00        5.460701E+14   1.0287E-05   1.1041E-05   0.93175
FLUX  458   551.00        5.440880E+14   1.0312E-05   1.1057E-05   0.93264
FLUX  459   553.00        5.421203E+14   1.0438E-05   1.1072E-05   0.94270
FLUX  460   555.00        5.401667E+14   1.0567E-05   1.1087E-05   0.95311
FLUX  461   557.00        5.382271E+14   1.0447E-05   1.1102E-05   0.94097
FLUX  462   559.00        5.363014E+14   1.0363E-05   1.1117E-05   0.93214
FLUX  463   561.00        5.343895E+14   1.0588E-05   1.1131E-05   0.95120
FLUX  464   563.00        5.324911E+14   1.0663E-05   1.1153E-05   0.95607
FLUX  465   565.00        5.306062E+14   1.0607E-05   1.1167E-05   0.94987
FLUX  466   567.00        5.287346E+14   1.0444E-05   1.1181E-05   0.93406
FLUX  467   569.00        5.268761E+14   1.0653E-05   1.1195E-05   0.95162
FLUX  468   571.00        5.250306E+14   1.0575E-05   1.1208E-05   0.94348
FLUX  469   573.00        5.231981E+14   1.1063E-05   1.1221E-05   0.98590
FLUX  470   575.00        5.213783E+14   1.0848E-05   1.1234E-05   0.96560
FLUX  471   577.00        5.195711E+14   1.0968E-05   1.1247E-05   0.97525
FLUX  472   579.00        5.177763E+14   1.0809E-05   1.1259E-05   0.96004
FLUX  473   581.00        5.159940E+14   1.0977E-05   1.1271E-05   0.97395
FLUX  474   583.00        5.142238E+14   1.1106E-05   1.1283E-05   0.98428
FLUX  475   585.00        5.124658E+14   1.0991E-05   1.1295E-05   0.97311
FLUX  476   587.00        5.107198E+14   1.1059E-05   1.1306E-05   0.97814
FLUX  477   589.00        5.089856E+14   1.0764E-05   1.1317E-05   0.95107
FLUX  478   591.00        5.072631E+14   1.1064E-05   1.1328E-05   0.97664
FLUX  479   593.00        5.055523E+14   1.1065E-05   1.1339E-05   0.97584
FLUX  480   595.00        5.038529E+14   1.1117E-05   1.1349E-05   0.97949
FLUX  481   597.00        5.021650E+14   1.1171E-05   1.1360E-05   0.98338
FLUX  482   599.00        5.004883E+14   1.1101E-05   1.1370E-05   0.97641
FLUX  483   601.00        4.988228E+14   1.1001E-05   1.1380E-05   0.96672
FLUX  484   603.00        4.971683E+14   1.1092E-05   1.1389E-05   0.97391
FLUX  485   605.00        4.955248E+14   1.1213E-05   1.1398E-05   0.98376
FLUX  486   607.00        4.938921E+14   1.1279E-05   1.1408E-05   0.98876
FLUX  487   609.00        4.922701E+14   1.1118E-05   1.1416E-05   0.97382
FLUX  488   611.00        4.906588E+14   1.1042E-05   1.1425E-05   0.96647
FLUX  489   613.00        4.890579E+14   1.0849E-05   1.1434E-05   0.94885
FLUX  490   615.00        4.874675E+14   1.0871E-05   1.1442E-05   0.95006
FLUX  491   617.00        4.858874E+14   1.0784E-05   1.1450E-05   0.94181
FLUX  492   619.00        4.843174E+14   1.1200E-05   1.1458E-05   0.97748
FLUX  493   621.00        4.827576E+14   1.1259E-05   1.1466E-05   0.98193
FLUX  494   623.00        4.812079E+14   1.1066E-05   1.1473E-05   0.96453
FLUX  495   625.00        4.796680E+14   1.0729E-05   1.1481E-05   0.93449
FLUX  496   627.00        4.781380E+14   1.1250E-05   1.1488E-05   0.97932
FLUX  497   629.00        4.766176E+14   1.1294E-05   1.1495E-05   0.98252
FLUX  498   631.00        4.751070E+14   1.1039E-05   1.1502E-05   0.95980
FLUX  499   633.00        4.736058E+14   1.1155E-05   1.1508E-05   0.96927
FLUX  500   635.00        4.721142E+14   1.1177E-05   1.1515E-05   0.97068
FLUX  501   637.00        4.706319E+14   1.1169E-05   1.1521E-05   0.96944
FLUX  502   639.00        4.691588E+14   1.1278E-05   1.1527E-05   0.97842
FLUX  503   641.00        4.676950E+14   1.1110E-05   1.1533E-05   0.96333
FLUX  504   643.00        4.662403E+14   1.1236E-05   1.1538E-05   0.97381
FLUX  505   645.00        4.647946E+14   1.1150E-05   1.1544E-05   0.96586
FLUX  506   647.00        4.633578E+14   1.1241E-05   1.1549E-05   0.97328
FLUX  507   649.00        4.619299E+14   1.1068E-05   1.1554E-05   0.95790
FLUX  508   651.00        4.605108E+14   1.1284E-05   1.1559E-05   0.97614
FLUX  509   653.00        4.591003E+14   1.1307E-05   1.1564E-05   0.97776
FLUX  510   655.00        4.576985E+14   1.0835E-05   1.1578E-05   0.93587
FLUX  511   657.00        4.563052E+14   9.3343E-06   1.1582E-05   0.80590
FLUX  512   659.00        4.549203E+14   1.1173E-05   1.1587E-05   0.96433
FLUX  513   661.00        4.535439E+14   1.1350E-05   1.1591E-05   0.97923
FLUX  514   663.00        4.521757E+14   1.1413E-05   1.1595E-05   0.98429
FLUX  515   665.00        4.508158E+14   1.1413E-05   1.1599E-05   0.98399
FLUX  516   667.00        4.494640E+14   1.1348E-05   1.1602E-05   0.97811
FLUX  517   669.00        4.481203E+14   1.1486E-05   1.1606E-05   0.98968
FLUX  518   671.00        4.467846E+14   1.1391E-05   1.1609E-05   0.98125
FLUX  519   673.00        4.454569E+14   1.1482E-05   1.1612E-05   0.98882
FLUX  520   675.00        4.441370E+14   1.1352E-05   1.1615E-05   0.97737
FLUX  521   677.00        4.428250E+14   1.1469E-05   1.1618E-05   0.98721
FLUX  522   679.00        4.415206E+14   1.1434E-05   1.1620E-05   0.98400
FLUX  523   681.00        4.402239E+14   1.1444E-05   1.1623E-05   0.98459
FLUX  524   683.00        4.389348E+14   1.1461E-05   1.1625E-05   0.98592
FLUX  525   685.00        4.376533E+14   1.1372E-05   1.1627E-05   0.97802
FLUX  526   687.00        4.363792E+14   1.1480E-05   1.1629E-05   0.98712
FLUX  527   689.00        4.351125E+14   1.1508E-05   1.1631E-05   0.98942
FLUX  528   691.00        4.338531E+14   1.1486E-05   1.1633E-05   0.98735
FLUX  529   693.00        4.326010E+14   1.1483E-05   1.1635E-05   0.98701
FLUX  530   695.00        4.313561E+14   1.1488E-05   1.1636E-05   0.98728
FLUX  531   697.00        4.301184E+14   1.1505E-05   1.1637E-05   0.98867
FLUX  532   699.00        4.288877E+14   1.1517E-05   1.1638E-05   0.98959
FLUX  533   701.00        4.276641E+14   1.1286E-05   1.1640E-05   0.96963
FLUX  534   703.00        4.264474E+14   1.1447E-05   1.1640E-05   0.98338
FLUX  535   705.00        4.252376E+14   1.1506E-05   1.1641E-05   0.98842
FLUX  536   707.00        4.240347E+14   1.1482E-05   1.1642E-05   0.98626
FLUX  537   709.00        4.228385E+14   1.1482E-05   1.1642E-05   0.98623
FLUX  538   711.00        4.216491E+14   1.1352E-05   1.1643E-05   0.97504
FLUX  539   713.00        4.204663E+14   1.1399E-05   1.1643E-05   0.97907
FLUX  540   715.00        4.192902E+14   1.1414E-05   1.1643E-05   0.98036
FLUX  541   717.00        4.181206E+14   1.1391E-05   1.1643E-05   0.97840
FLUX  542   719.00        4.169576E+14   1.1248E-05   1.1643E-05   0.96607
FLUX  543   721.00        4.158010E+14   1.1380E-05   1.1642E-05   0.97747
FLUX  544   723.00        4.146508E+14   1.1367E-05   1.1642E-05   0.97636
FLUX  545   725.00        4.135069E+14   1.1433E-05   1.1647E-05   0.98160
FLUX  546   727.00        4.123693E+14   1.1476E-05   1.1646E-05   0.98537
FLUX  547   729.00        4.112380E+14   1.1293E-05   1.1645E-05   0.96977
FLUX  548   731.00        4.101129E+14   1.1386E-05   1.1656E-05   0.97689
FLUX  549   733.00        4.089939E+14   1.1426E-05   1.1655E-05   0.98037
FLUX  550   735.00        4.078810E+14   1.1463E-05   1.1653E-05   0.98367
FLUX  551   737.00        4.067741E+14   1.1515E-05   1.1652E-05   0.98824
FLUX  552   739.00        4.056732E+14   1.1341E-05   1.1651E-05   0.97342
FLUX  553   741.00        4.045783E+14   1.1238E-05   1.1649E-05   0.96473
FLUX  554   743.00        4.034892E+14   1.1307E-05   1.1647E-05   0.97075
FLUX  555   745.00        4.024060E+14   1.1358E-05   1.1646E-05   0.97532
FLUX  556   747.00        4.013286E+14   1.1399E-05   1.1644E-05   0.97904
FLUX  557   749.00        4.002570E+14   1.1384E-05   1.1642E-05   0.97788
FLUX  558   751.00        3.991911E+14   1.1436E-05   1.1639E-05   0.98249
FLUX  559   753.00        3.981308E+14   1.1451E-05   1.1637E-05   0.98401
FLUX  560   755.00        3.970762E+14   1.1529E-05   1.1635E-05   0.99093
FLUX  561   757.00        3.960271E+14   1.1452E-05   1.1632E-05   0.98446
FLUX  562   759.00        3.949835E+14   1.1478E-05   1.1630E-05   0.98698
FLUX  563   761.00        3.939455E+14   1.1461E-05   1.1627E-05   0.98576
FLUX  564   763.00        3.929128E+14   1.1507E-05   1.1624E-05   0.98989
FLUX  565   765.00        3.918856E+14   1.1466E-05   1.1621E-05   0.98665
FLUX  566   767.00        3.908638E+14   1.1305E-05   1.1618E-05   0.97305
FLUX  567   769.00        3.898472E+14   1.1445E-05   1.1615E-05   0.98531
FLUX  568   771.00        3.888359E+14   1.1378E-05   1.1612E-05   0.97986
FLUX  569   773.00        3.878299E+14   1.1422E-05   1.1609E-05   0.98392
FLUX  570   775.00        3.868290E+14   1.1370E-05   1.1605E-05   0.97976
FLUX  571   777.00        3.858333E+14   1.1332E-05   1.1602E-05   0.97677
FLUX  572   779.00        3.848427E+14   1.1509E-05   1.1598E-05   0.99227
FLUX  573   781.00        3.838572E+14   1.1483E-05   1.1595E-05   0.99035
FLUX  574   783.00        3.828768E+14   1.1400E-05   1.1591E-05   0.98352
FLUX  575   785.00        3.819013E+14   1.1370E-05   1.1587E-05   0.98129
FLUX  576   787.00        3.809307E+14   1.1466E-05   1.1583E-05   0.98989
FLUX  577   789.00        3.799651E+14   1.1438E-05   1.1579E-05   0.98779
FLUX  578   791.00        3.790044E+14   1.1378E-05   1.1575E-05   0.98295
FLUX  579   793.00        3.780485E+14   1.1277E-05   1.1571E-05   0.97464
FLUX  580   795.00        3.770975E+14   1.1325E-05   1.1566E-05   0.97909
FLUX  581   797.00        3.761512E+14   1.1479E-05   1.1562E-05   0.99281
FLUX  582   799.00        3.752096E+14   1.1452E-05   1.1558E-05   0.99086
FLUX  583   801.00        3.742728E+14   1.1408E-05   1.1553E-05   0.98747
FLUX  584   803.00        3.733406E+14   1.1380E-05   1.1548E-05   0.98540
FLUX  585   805.00        3.724130E+14   1.1378E-05   1.1544E-05   0.98562
FLUX  586   807.00        3.714901E+14   1.1425E-05   1.1539E-05   0.99013
FLUX  587   809.00        3.705717E+14   1.1337E-05   1.1534E-05   0.98296
FLUX  588   811.00        3.696578E+14   1.1455E-05   1.1529E-05   0.99357
FLUX  589   813.00        3.687485E+14   1.1482E-05   1.1524E-05   0.99635
FLUX  590   815.00        3.678436E+14   1.1450E-05   1.1519E-05   0.99407
FLUX  591   817.00        3.669431E+14   1.1445E-05   1.1513E-05   0.99408
FLUX  592   819.00        3.660470E+14   1.1199E-05   1.1508E-05   0.97316
FLUX  593   821.00        3.651553E+14   1.1246E-05   1.2022E-05   0.93547
FLUX  594   823.00        3.642679E+14   1.1258E-05   1.2016E-05   0.93693
FLUX  595   825.00        3.633848E+14   1.1278E-05   1.2011E-05   0.93900
FLUX  596   827.00        3.625060E+14   1.1433E-05   1.2005E-05   0.95239
FLUX  597   829.00        3.616315E+14   1.1405E-05   1.1999E-05   0.95048
FLUX  598   831.00        3.607611E+14   1.1294E-05   1.1993E-05   0.94171
FLUX  599   833.00        3.598950E+14   1.1201E-05   1.1987E-05   0.93446
FLUX  600   835.00        3.590329E+14   1.1330E-05   1.1981E-05   0.94567
FLUX  601   837.00        3.581750E+14   1.1346E-05   1.1975E-05   0.94748
FLUX  602   839.00        3.573212E+14   1.1246E-05   1.1968E-05   0.93963
FLUX  603   841.00        3.564715E+14   1.1323E-05   1.1962E-05   0.94659
FLUX  604   843.00        3.556257E+14   1.1236E-05   1.1956E-05   0.93981
FLUX  605   845.00        3.547840E+14   1.1167E-05   1.1949E-05   0.93453
FLUX  606   847.00        3.539463E+14   1.1111E-05   1.1943E-05   0.93036
FLUX  607   849.00        3.531125E+14   1.1170E-05   1.1936E-05   0.93575
FLUX  608   851.00        3.522826E+14   1.0469E-05   1.1930E-05   0.87758
FLUX  609   853.00        3.514566E+14   1.1141E-05   1.1923E-05   0.93438
FLUX  610   855.00        3.506345E+14   9.2004E-06   1.1917E-05   0.77207
FLUX  611   857.00        3.498162E+14   1.1506E-05   1.1910E-05   0.96610
FLUX  612   859.00        3.490017E+14   1.1162E-05   1.1903E-05   0.93769
FLUX  613   861.00        3.481911E+14   1.0985E-05   1.1896E-05   0.92341
FLUX  614   863.00        3.473841E+14   1.1546E-05   1.1889E-05   0.97112
FLUX  615   865.00        3.465809E+14   1.1348E-05   1.1883E-05   0.95501
FLUX  616   867.00        3.457814E+14   9.3300E-06   1.1876E-05   0.78564
FLUX  617   869.00        3.449856E+14   1.1236E-05   1.1869E-05   0.94668
FLUX  618   871.00        3.441935E+14   1.1575E-05   1.1862E-05   0.97580
FLUX  619   873.00        3.434049E+14   1.1512E-05   1.1854E-05   0.97109
FLUX  620   875.00        3.426200E+14   1.0549E-05   1.1847E-05   0.89041
FLUX  621   877.00        3.418387E+14   1.1493E-05   1.1840E-05   0.97070
FLUX  622   879.00        3.410609E+14   1.1598E-05   1.1833E-05   0.98017
FLUX  623   881.00        3.402866E+14   1.1519E-05   1.1826E-05   0.97408
FLUX  624   883.00        3.395159E+14   1.1478E-05   1.1818E-05   0.97118
FLUX  625   885.00        3.387486E+14   1.1280E-05   1.1811E-05   0.95506
FLUX  626   887.00        3.379848E+14   1.0495E-05   1.1804E-05   0.88915
FLUX  627   889.00        3.372244E+14   1.1503E-05   1.1796E-05   0.97519
FLUX  628   891.00        3.364675E+14   1.1606E-05   1.1789E-05   0.98448
FLUX  629   893.00        3.357139E+14   1.1489E-05   1.1781E-05   0.97521
FLUX  630   895.00        3.349637E+14   1.1580E-05   1.1774E-05   0.98353
FLUX  631   897.00        3.342168E+14   1.1559E-05   1.1766E-05   0.98239
FLUX  632   899.00        3.334733E+14   1.1522E-05   1.1758E-05   0.97990
FLUX  633   901.00        3.327331E+14   1.0490E-05   1.1751E-05   0.89275
FLUX  634   903.00        3.319961E+14   1.1167E-05   1.1743E-05   0.95098
FLUX  635   905.00        3.312624E+14   1.1607E-05   1.1735E-05   0.98914
FLUX  636   907.00        3.305320E+14   1.1367E-05   1.1727E-05   0.96933
FLUX  637   909.00        3.298047E+14   1.1148E-05   1.1719E-05   0.95128
FLUX  638   911.00        3.290807E+14   1.1382E-05   1.1711E-05   0.97191
FLUX  639   913.00        3.283598E+14   1.1583E-05   1.1703E-05   0.98973
FLUX  640   915.00        3.276421E+14   1.1596E-05   1.1695E-05   0.99154
FLUX  641   917.00        3.269275E+14   1.1552E-05   1.1687E-05   0.98846
FLUX  642   919.00        3.262160E+14   1.1556E-05   1.1679E-05   0.98943
FLUX  643   921.00        3.255076E+14   1.1249E-05   1.1671E-05   0.96383
FLUX  644   923.00        3.248023E+14   1.0256E-05   1.1663E-05   0.87940
FLUX  645   925.00        3.241000E+14   1.1081E-05   1.1655E-05   0.95078
FLUX  646   927.00        3.234008E+14   1.1322E-05   1.1647E-05   0.97208
FLUX  647   929.00        3.227045E+14   1.1519E-05   1.1638E-05   0.98977
FLUX  648   931.00        3.220113E+14   1.1552E-05   1.1630E-05   0.99330
FLUX  649   933.00        3.213210E+14   1.1514E-05   1.1622E-05   0.99067
FLUX  650   935.00        3.206337E+14   1.1518E-05   1.1614E-05   0.99178
FLUX  651   937.00        3.199493E+14   1.1513E-05   1.1606E-05   0.99206
FLUX  652   939.00        3.192678E+14   1.1486E-05   1.1597E-05   0.99043
FLUX  653   941.00        3.185893E+14   1.1067E-05   1.1589E-05   0.95499
FLUX  654   943.00        3.179136E+14   1.1369E-05   1.1581E-05   0.98175
FLUX  655   945.00        3.172407E+14   1.1329E-05   1.1572E-05   0.97898
FLUX  656   947.00        3.165707E+14   1.1478E-05   1.1564E-05   0.99261
FLUX  657   949.00        3.159036E+14   1.1503E-05   1.1556E-05   0.99547
FLUX  658   951.00        3.152392E+14   1.1413E-05   1.1547E-05   0.98842
FLUX  659   953.00        3.145776E+14   1.1230E-05   1.1539E-05   0.97327
FLUX  660   955.00        3.139188E+14   1.0254E-05   1.1530E-05   0.88934
FLUX  661   957.00        3.132628E+14   1.1222E-05   1.1522E-05   0.97399
FLUX  662   959.00        3.126095E+14   1.1405E-05   1.1513E-05   0.99062
FLUX  663   961.00        3.119589E+14   1.1302E-05   1.1504E-05   0.98240
FLUX  664   963.00        3.113110E+14   1.1211E-05   1.1496E-05   0.97526
FLUX  665   965.00        3.106658E+14   1.1285E-05   1.1487E-05   0.98242
FLUX  666   967.00        3.100233E+14   1.1183E-05   1.1479E-05   0.97422
FLUX  667   969.00        3.093834E+14   1.1237E-05   1.1470E-05   0.97969
FLUX  668   971.00        3.087461E+14   1.1377E-05   1.1461E-05   0.99268
FLUX  669   973.00        3.081115E+14   1.1367E-05   1.1452E-05   0.99256
FLUX  670   975.00        3.074795E+14   1.1209E-05   1.1444E-05   0.97949
FLUX  671   977.00        3.068501E+14   1.1330E-05   1.1435E-05   0.99080
FLUX  672   979.00        3.062232E+14   1.1293E-05   1.1426E-05   0.98838
FLUX  673   981.00        3.055989E+14   1.1344E-05   1.1417E-05   0.99359
FLUX  674   983.00        3.049771E+14   1.1319E-05   1.1408E-05   0.99212
FLUX  675   985.00        3.043579E+14   1.1266E-05   1.1400E-05   0.98825
FLUX  676   987.00        3.037411E+14   1.1240E-05   1.1391E-05   0.98676
FLUX  677   989.00        3.031269E+14   1.1199E-05   1.1382E-05   0.98392
FLUX  678   991.00        3.025151E+14   1.1187E-05   1.1373E-05   0.98365
FLUX  679   993.00        3.019058E+14   1.1272E-05   1.1364E-05   0.99193
FLUX  680   995.00        3.012990E+14   1.1261E-05   1.1355E-05   0.99171
FLUX  681   997.00        3.006946E+14   1.1268E-05   1.1346E-05   0.99311
FLUX  682   999.00        3.000926E+14   1.1257E-05   1.1337E-05   0.99295
FLUX  683  1002.50        2.990449E+14   1.1005E-05   1.1321E-05   0.97206
FLUX  684  1007.50        2.975608E+14   1.0764E-05   1.1299E-05   0.95267
FLUX  685  1012.50        2.960914E+14   1.1120E-05   1.1276E-05   0.98614
FLUX  686  1017.50        2.946364E+14   1.1098E-05   1.1254E-05   0.98619
FLUX  687  1022.50        2.931956E+14   1.1130E-05   1.1231E-05   0.99100
FLUX  688  1027.50        2.917689E+14   1.1166E-05   1.1208E-05   0.99618
FLUX  689  1032.50        2.903559E+14   1.1041E-05   1.1186E-05   0.98705
FLUX  690  1037.50        2.889566E+14   1.1054E-05   1.1163E-05   0.99025
FLUX  691  1042.50        2.875707E+14   1.1066E-05   1.1140E-05   0.99336
FLUX  692  1047.50        2.861981E+14   1.0882E-05   1.1117E-05   0.97885
FLUX  693  1052.50        2.848385E+14   1.0958E-05   1.1094E-05   0.98770
FLUX  694  1057.50        2.834917E+14   1.0946E-05   1.1071E-05   0.98866
FLUX  695  1062.50        2.821576E+14   1.0915E-05   1.1048E-05   0.98791
FLUX  696  1067.50        2.808361E+14   1.0701E-05   1.1025E-05   0.97064
FLUX  697  1072.50        2.795268E+14   1.0799E-05   1.1002E-05   0.98154
FLUX  698  1077.50        2.782297E+14   1.0780E-05   1.0979E-05   0.98191
FLUX  699  1082.50        2.769446E+14   1.0695E-05   1.0955E-05   0.97626
FLUX  700  1087.50        2.756713E+14   1.0699E-05   1.0932E-05   0.97870
FLUX  701  1092.50        2.744096E+14   1.0172E-05   1.0909E-05   0.93242
FLUX  702  1097.50        2.731595E+14   1.0523E-05   1.0886E-05   0.96670
FLUX  703  1102.50        2.719206E+14   1.0744E-05   1.0863E-05   0.98907
FLUX  704  1107.50        2.706930E+14   1.0769E-05   1.0839E-05   0.99347
FLUX  705  1112.50        2.694764E+14   1.0690E-05   1.0816E-05   0.98835
FLUX  706  1117.50        2.682707E+14   1.0656E-05   1.0793E-05   0.98734
FLUX  707  1122.50        2.670757E+14   1.0690E-05   1.0770E-05   0.99262
FLUX  708  1127.50        2.658914E+14   1.0482E-05   1.0746E-05   0.97538
FLUX  709  1132.50        2.647174E+14   1.0485E-05   1.0723E-05   0.97779
FLUX  710  1137.50        2.635538E+14   1.0538E-05   1.0700E-05   0.98485
FLUX  711  1142.50        2.624004E+14   1.0414E-05   1.0677E-05   0.97539
FLUX  712  1147.50        2.612571E+14   1.0589E-05   1.0654E-05   0.99395
FLUX  713  1152.50        2.601236E+14   1.0571E-05   1.0630E-05   0.99444
FLUX  714  1157.50        2.590000E+14   1.0496E-05   1.0607E-05   0.98953
FLUX  715  1162.50        2.578860E+14   1.0333E-05   1.0584E-05   0.97631
FLUX  716  1167.50        2.567816E+14   1.0288E-05   1.0560E-05   0.97419
FLUX  717  1172.50        2.556866E+14   1.0483E-05   1.0537E-05   0.99486
FLUX  718  1177.50        2.546008E+14   1.0247E-05   1.0514E-05   0.97464
FLUX  719  1182.50        2.535243E+14   1.0297E-05   1.0491E-05   0.98154
FLUX  720  1187.50        2.524568E+14   1.0195E-05   1.0468E-05   0.97399
FLUX  721  1192.50        2.513983E+14   1.0422E-05   1.0445E-05   0.99781
FLUX  722  1197.50        2.503486E+14   1.0182E-05   1.0422E-05   0.97705
FLUX  723  1202.50        2.493077E+14   1.0291E-05   1.0399E-05   0.98968
FLUX  724  1207.50        2.482754E+14   1.0227E-05   1.0375E-05   0.98571
FLUX  725  1212.50        2.472515E+14   1.0226E-05   1.0352E-05   0.98783
FLUX  726  1217.50        2.462361E+14   1.0278E-05   1.0329E-05   0.99509
FLUX  727  1222.50        2.452290E+14   1.0239E-05   1.0306E-05   0.99346
FLUX  728  1227.50        2.442301E+14   1.0196E-05   1.0283E-05   0.99152
FLUX  729  1232.50        2.432394E+14   1.0182E-05   1.0260E-05   0.99235
FLUX  730  1237.50        2.422566E+14   1.0167E-05   1.0237E-05   0.99309
FLUX  731  1242.50        2.412817E+14   1.0155E-05   1.0215E-05   0.99419
FLUX  732  1247.50        2.403146E+14   1.0141E-05   1.0192E-05   0.99507
FLUX  733  1252.50        2.393553E+14   1.0071E-05   1.0169E-05   0.99034
FLUX  734  1257.50        2.384036E+14   1.0015E-05   1.0146E-05   0.98702
FLUX  735  1262.50        2.374594E+14   1.0030E-05   1.0124E-05   0.99081
FLUX  736  1267.50        2.365227E+14   1.0020E-05   1.0101E-05   0.99203
FLUX  737  1272.50        2.355933E+14   1.0035E-05   1.0078E-05   0.99567
FLUX  738  1277.50        2.346712E+14   9.9451E-06   1.0056E-05   0.98900
FLUX  739  1282.50        2.337563E+14   9.1632E-06   1.0033E-05   0.91328
FLUX  740  1287.50        2.328485E+14   9.8886E-06   1.0011E-05   0.98779
FLUX  741  1292.50        2.319478E+14   9.8907E-06   9.9884E-06   0.99021
FLUX  742  1297.50        2.310539E+14   9.9099E-06   9.9660E-06   0.99437
FLUX  743  1302.50        2.301670E+14   9.8681E-06   9.9436E-06   0.99241
FLUX  744  1307.50        2.292868E+14   9.8858E-06   9.9212E-06   0.99644
FLUX  745  1312.50        2.284133E+14   9.8047E-06   9.8988E-06   0.99049
FLUX  746  1317.50        2.275465E+14   9.7550E-06   9.8764E-06   0.98770
FLUX  747  1322.50        2.266862E+14   9.8089E-06   9.8541E-06   0.99542
FLUX  748  1327.50        2.258324E+14   9.7294E-06   9.8317E-06   0.98960
FLUX  749  1332.50        2.249850E+14   9.7473E-06   9.8094E-06   0.99367
FLUX  750  1337.50        2.241439E+14   9.7161E-06   9.7870E-06   0.99276
FLUX  751  1342.50        2.233091E+14   9.7200E-06   9.7647E-06   0.99542
FLUX  752  1347.50        2.224805E+14   9.6954E-06   9.7425E-06   0.99517
FLUX  753  1352.50        2.216580E+14   9.6508E-06   9.7203E-06   0.99285
FLUX  754  1357.50        2.208416E+14   9.5722E-06   9.6981E-06   0.98701
FLUX  755  1362.50        2.200312E+14   9.6034E-06   9.6759E-06   0.99251
FLUX  756  1367.50        2.192267E+14   9.5649E-06   9.6537E-06   0.99080
FLUX  757  1372.50        2.184281E+14   9.4553E-06   9.6315E-06   0.98170
FLUX  758  1377.50        2.176352E+14   9.4962E-06   9.6092E-06   0.98823
FLUX  759  1382.50        2.168481E+14   9.4920E-06   9.5870E-06   0.99010
FLUX  760  1387.50        2.160667E+14   9.5200E-06   9.5646E-06   0.99533
FLUX  761  1392.50        2.152908E+14   9.4493E-06   9.5423E-06   0.99026
FLUX  762  1397.50        2.145206E+14   9.4443E-06   9.5199E-06   0.99205
FLUX  763  1402.50        2.137558E+14   9.3930E-06   9.4976E-06   0.98899
FLUX  764  1407.50        2.129964E+14   9.4187E-06   9.4752E-06   0.99404
FLUX  765  1412.50        2.122425E+14   9.3405E-06   9.4528E-06   0.98812
FLUX  766  1417.50        2.114938E+14   9.3710E-06   9.4304E-06   0.99370
FLUX  767  1422.50        2.107504E+14   9.2718E-06   9.4079E-06   0.98553
FLUX  768  1427.50        2.100123E+14   9.2098E-06   9.3854E-06   0.98130
FLUX  769  1432.50        2.092792E+14   9.2791E-06   9.3627E-06   0.99107
FLUX  770  1437.50        2.085513E+14   9.3026E-06   9.3400E-06   0.99600
FLUX  771  1442.50        2.078284E+14   8.9934E-06   9.3172E-06   0.96526
FLUX  772  1447.50        2.071105E+14   9.2199E-06   9.2943E-06   0.99200
FLUX  773  1452.50        2.063976E+14   9.0508E-06   9.2713E-06   0.97621
FLUX  774  1457.00        2.057601E+14   9.1496E-06   9.2507E-06   0.98908
FLUX  775  1462.00        2.050564E+14   9.0919E-06   9.4991E-06   0.95713
FLUX  776  1467.50        2.042879E+14   9.1171E-06   9.4754E-06   0.96219
FLUX  777  1472.50        2.035942E+14   9.0106E-06   9.4538E-06   0.95312
FLUX  778  1477.50        2.029052E+14   8.9774E-06   9.4320E-06   0.95180
FLUX  779  1482.50        2.022209E+14   8.9919E-06   9.4100E-06   0.95556
FLUX  780  1487.50        2.015412E+14   8.9037E-06   9.3879E-06   0.94843
FLUX  781  1492.50        2.008660E+14   9.0395E-06   9.3655E-06   0.96518
FLUX  782  1497.50        2.001953E+14   8.9495E-06   9.3431E-06   0.95788
FLUX  783  1502.50        1.995291E+14   8.8771E-06   9.3204E-06   0.95244
FLUX  784  1507.50        1.988673E+14   8.8088E-06   9.2976E-06   0.94743
FLUX  785  1512.50        1.982099E+14   8.8900E-06   9.2745E-06   0.95854
FLUX  786  1517.50        1.975568E+14   8.8908E-06   9.2512E-06   0.96105
FLUX  787  1522.50        1.969080E+14   8.8211E-06   9.2276E-06   0.95594
FLUX  788  1527.50        1.962635E+14   8.8074E-06   9.2038E-06   0.95693
FLUX  789  1532.50        1.956232E+14   8.7572E-06   9.1797E-06   0.95398
FLUX  790  1537.50        1.949870E+14   8.7861E-06   9.1553E-06   0.95968
FLUX  791  1542.50        1.943549E+14   8.6126E-06   9.1306E-06   0.94327
FLUX  792  1547.50        1.937270E+14   8.7203E-06   9.1056E-06   0.95769
FLUX  793  1552.50        1.931031E+14   8.7101E-06   9.0803E-06   0.95923
FLUX  794  1557.50        1.924831E+14   8.4679E-06   9.0546E-06   0.93520
FLUX  795  1562.50        1.918672E+14   8.7743E-06   9.0286E-06   0.97184
FLUX  796  1567.50        1.912552E+14   8.5487E-06   9.0022E-06   0.94962
FLUX  797  1572.50        1.906471E+14   8.3557E-06   8.9754E-06   0.93096
FLUX  798  1577.50        1.900428E+14   8.5457E-06   8.9482E-06   0.95502
FLUX  799  1582.50        1.894423E+14   8.6076E-06   8.9205E-06   0.96493
FLUX  800  1587.50        1.888457E+14   7.9480E-06   8.8923E-06   0.89381
FLUX  801  1592.50        1.882527E+14   8.4992E-06   8.8636E-06   0.95889
FLUX  802  1597.50        1.876635E+14   8.6086E-06   8.8344E-06   0.97444
FLUX  803  1605.00        1.867866E+14   8.4860E-06   8.7896E-06   0.96546
FLUX  804  1615.00        1.856300E+14   8.1501E-06   8.7274E-06   0.93386
FLUX  805  1625.00        1.844877E+14   8.5192E-06   8.6620E-06   0.98352
FLUX  806  1635.00        1.833593E+14   8.3055E-06   8.5917E-06   0.96669
FLUX  807  1645.00        1.822447E+14   7.9371E-06   8.5147E-06   0.93216
FLUX  808  1655.00        1.811435E+14   8.3125E-06   8.4337E-06   0.98563
FLUX  809  1665.00        1.800556E+14   8.2646E-06   8.3537E-06   0.98934
FLUX  810  1675.00        1.789806E+14   8.0315E-06   8.2748E-06   0.97059
FLUX  811  1685.00        1.779184E+14   7.6608E-06   8.1970E-06   0.93458
FLUX  812  1695.00        1.768687E+14   8.0652E-06   8.1203E-06   0.99322
FLUX  813  1705.00        1.758314E+14   7.9172E-06   8.0445E-06   0.98418
FLUX  814  1715.00        1.748061E+14   7.8997E-06   7.9698E-06   0.99121
FLUX  815  1725.00        1.737928E+14   7.7366E-06   7.8960E-06   0.97981
FLUX  816  1735.00        1.727911E+14   7.2032E-06   7.8232E-06   0.92074
FLUX  817  1745.00        1.718009E+14   7.5523E-06   7.7515E-06   0.97431
FLUX  818  1755.00        1.708219E+14   7.5710E-06   7.6806E-06   0.98573
FLUX  819  1765.00        1.698541E+14   7.4960E-06   7.6107E-06   0.98493
FLUX  820  1775.00        1.688972E+14   7.4465E-06   7.5417E-06   0.98738
FLUX  821  1785.00        1.679510E+14   7.3857E-06   7.4737E-06   0.98823
FLUX  822  1795.00        1.670153E+14   7.3621E-06   7.4065E-06   0.99401
FLUX  823  1805.00        1.660900E+14   7.2400E-06   7.3403E-06   0.98634
FLUX  824  1815.00        1.651749E+14   6.8007E-06   7.2749E-06   0.93481
FLUX  825  1825.00        1.642699E+14   7.0419E-06   7.2104E-06   0.97664
FLUX  826  1835.00        1.633747E+14   7.0779E-06   7.1467E-06   0.99038
FLUX  827  1845.00        1.624892E+14   6.9976E-06   7.0837E-06   0.98784
FLUX  828  1855.00        1.616132E+14   6.9386E-06   7.0217E-06   0.98817
FLUX  829  1865.00        1.607466E+14   6.8497E-06   6.9603E-06   0.98410
FLUX  830  1875.00        1.598893E+14   6.3802E-06   6.8998E-06   0.92469
FLUX  831  1885.00        1.590411E+14   6.7242E-06   6.8400E-06   0.98307
FLUX  832  1895.00        1.582018E+14   6.5934E-06   6.7810E-06   0.97234
FLUX  833  1905.00        1.573714E+14   6.6793E-06   6.7227E-06   0.99354
FLUX  834  1915.00        1.565496E+14   6.6079E-06   6.6651E-06   0.99141
FLUX  835  1925.00        1.557364E+14   6.5539E-06   6.6083E-06   0.99176
FLUX  836  1935.00        1.549315E+14   6.4504E-06   6.5522E-06   0.98446
FLUX  837  1945.00        1.541350E+14   6.0408E-06   6.4968E-06   0.92981
FLUX  838  1955.00        1.533465E+14   6.3665E-06   6.4421E-06   0.98827
FLUX  839  1965.00        1.525662E+14   6.3313E-06   6.3881E-06   0.99111
FLUX  840  1975.00        1.517937E+14   6.2576E-06   6.3347E-06   0.98782
FLUX  841  1985.00        1.510290E+14   6.2321E-06   6.2820E-06   0.99205
FLUX  842  1995.00        1.502719E+14   6.1811E-06   6.2299E-06   0.99217
FLUX  843  2005.00        1.495224E+14   6.1489E-06   6.1785E-06   0.99522
FLUX  844  2015.00        1.487804E+14   6.1153E-06   6.1277E-06   0.99798
FLUX  845  2025.00        1.480457E+14   6.0344E-06   6.0775E-06   0.99291
FLUX  846  2035.00        1.473182E+14   5.9591E-06   6.0279E-06   0.98859
FLUX  847  2045.00        1.465978E+14   5.9671E-06   5.9789E-06   0.99804
FLUX  848  2055.00        1.458844E+14   5.9080E-06   5.9304E-06   0.99621
FLUX  849  2065.00        1.451780E+14   5.8396E-06   5.8826E-06   0.99270
FLUX  850  2075.00        1.444783E+14   5.8010E-06   5.8353E-06   0.99411
FLUX  851  2085.00        1.437854E+14   5.7580E-06   5.7886E-06   0.99470
FLUX  852  2095.00        1.430990E+14   5.6971E-06   5.7424E-06   0.99210
FLUX  853  2105.00        1.424192E+14   5.6710E-06   5.6968E-06   0.99548
FLUX  854  2115.00        1.417459E+14   5.6087E-06   5.6516E-06   0.99241
FLUX  855  2125.00        1.410788E+14   5.5654E-06   5.6070E-06   0.99257
FLUX  856  2135.00        1.404180E+14   5.5293E-06   5.5630E-06   0.99394
FLUX  857  2145.00        1.397634E+14   5.5039E-06   5.5194E-06   0.99719
FLUX  858  2155.00        1.391148E+14   5.4488E-06   5.4763E-06   0.99497
FLUX  859  2165.00        1.384723E+14   5.1058E-06   5.4338E-06   0.93965
FLUX  860  2175.00        1.378356E+14   5.3275E-06   5.3917E-06   0.98810
FLUX  861  2185.00        1.372048E+14   5.3173E-06   5.3501E-06   0.99387
FLUX  862  2195.00        1.365797E+14   5.3015E-06   5.3090E-06   0.99859
FLUX  863  2205.00        1.359603E+14   5.2264E-06   5.2683E-06   0.99203
FLUX  864  2215.00        1.353465E+14   5.1976E-06   5.2282E-06   0.99415
FLUX  865  2225.00        1.347382E+14   5.1742E-06   5.1884E-06   0.99725
FLUX  866  2235.00        1.341353E+14   5.1342E-06   5.1491E-06   0.99710
FLUX  867  2245.00        1.335379E+14   5.0970E-06   5.1103E-06   0.99740
FLUX  868  2255.00        1.329457E+14   5.0227E-06   5.0719E-06   0.99029
FLUX  869  2265.00        1.323587E+14   5.0027E-06   5.0339E-06   0.99379
FLUX  870  2275.00        1.317769E+14   4.9799E-06   4.9964E-06   0.99670
FLUX  871  2285.00        1.312002E+14   4.9322E-06   5.0074E-06   0.98498
FLUX  872  2295.00        1.306285E+14   4.8919E-06   4.9700E-06   0.98427
FLUX  873  2305.00        1.300618E+14   4.8781E-06   4.9331E-06   0.98885
FLUX  874  2315.00        1.295000E+14   4.8324E-06   4.8965E-06   0.98691
FLUX  875  2325.00        1.289430E+14   4.8044E-06   4.8604E-06   0.98848
FLUX  876  2335.00        1.283908E+14   4.7630E-06   4.8246E-06   0.98723
FLUX  877  2345.00        1.278433E+14   4.7396E-06   4.7892E-06   0.98963
FLUX  878  2355.00        1.273004E+14   4.6980E-06   4.7542E-06   0.98818
FLUX  879  2365.00        1.267622E+14   4.6730E-06   4.7196E-06   0.99013
FLUX  880  2375.00        1.262284E+14   4.6219E-06   4.6854E-06   0.98646
FLUX  881  2385.00        1.256992E+14   4.5868E-06   4.6515E-06   0.98608
FLUX  882  2395.00        1.251743E+14   4.5656E-06   4.6180E-06   0.98864
FLUX  883  2405.00        1.246538E+14   4.5270E-06   4.5849E-06   0.98737
FLUX  884  2415.00        1.241377E+14   4.4879E-06   4.5521E-06   0.98590
FLUX  885  2425.00        1.236258E+14   4.4667E-06   4.5196E-06   0.98830
FLUX  886  2435.00        1.231181E+14   4.4176E-06   4.4875E-06   0.98442
FLUX  887  2445.00        1.226145E+14   4.3952E-06   4.4557E-06   0.98642
FLUX  888  2455.00        1.221151E+14   4.3534E-06   4.4243E-06   0.98397
FLUX  889  2465.00        1.216197E+14   4.3393E-06   4.3932E-06   0.98773
FLUX  890  2475.00        1.211283E+14   4.2988E-06   4.3624E-06   0.98541
FLUX  891  2485.00        1.206408E+14   4.2683E-06   4.3319E-06   0.98530
FLUX  892  2495.00        1.201573E+14   4.2098E-06   4.3018E-06   0.97862
FLUX  893  2505.00        1.196776E+14   4.2338E-06   4.2719E-06   0.99108
FLUX  894  2515.00        1.192018E+14   4.2027E-06   4.2424E-06   0.99065
FLUX  895  2525.00        1.187297E+14   4.1225E-06   4.2132E-06   0.97847
FLUX  896  2535.00        1.182613E+14   4.1468E-06   4.1842E-06   0.99105
FLUX  897  2545.00        1.177967E+14   4.1178E-06   4.1556E-06   0.99091
FLUX  898  2555.00        1.173356E+14   4.0787E-06   4.1272E-06   0.98825
FLUX  899  2565.00        1.168782E+14   3.9664E-06   4.0992E-06   0.96760
FLUX  900  2575.00        1.164243E+14   4.0393E-06   4.0714E-06   0.99212
FLUX  901  2585.00        1.159739E+14   3.9910E-06   4.0439E-06   0.98693
FLUX  902  2595.00        1.155270E+14   3.9913E-06   4.0167E-06   0.99369
FLUX  903  2605.00        1.150835E+14   3.9513E-06   3.9897E-06   0.99038
FLUX  904  2615.00        1.146434E+14   3.8221E-06   3.9630E-06   0.96443
FLUX  905  2625.00        1.142067E+14   3.7120E-06   3.9366E-06   0.94295
FLUX  906  2635.00        1.137732E+14   3.8676E-06   3.9105E-06   0.98903
FLUX  907  2645.00        1.133431E+14   3.8537E-06   3.8846E-06   0.99204
FLUX  908  2655.00        1.129162E+14   3.8321E-06   3.8589E-06   0.99304
FLUX  909  2665.00        1.124925E+14   3.7798E-06   3.8335E-06   0.98597
FLUX  910  2675.00        1.120720E+14   3.6526E-06   3.8084E-06   0.95910
FLUX  911  2685.00        1.116546E+14   3.7615E-06   3.7835E-06   0.99418
FLUX  912  2695.00        1.112403E+14   3.7510E-06   3.7588E-06   0.99792
FLUX  913  2705.00        1.108290E+14   3.7220E-06   3.7344E-06   0.99669
FLUX  914  2715.00        1.104208E+14   3.7006E-06   3.7102E-06   0.99742
FLUX  915  2725.00        1.100156E+14   3.6769E-06   3.6863E-06   0.99745
FLUX  916  2735.00        1.096133E+14   3.6546E-06   3.6625E-06   0.99782
FLUX  917  2745.00        1.092140E+14   3.6318E-06   3.6390E-06   0.99800
FLUX  918  2755.00        1.088176E+14   3.4753E-06   3.6158E-06   0.96115
FLUX  919  2765.00        1.084241E+14   3.5443E-06   3.5927E-06   0.98651
FLUX  920  2775.00        1.080333E+14   3.5590E-06   3.5699E-06   0.99694
FLUX  921  2785.00        1.076454E+14   3.5388E-06   3.5473E-06   0.99761
FLUX  922  2795.00        1.072603E+14   3.5218E-06   3.5249E-06   0.99912
FLUX  923  2805.00        1.068779E+14   3.4982E-06   3.5027E-06   0.99870
FLUX  924  2815.00        1.064982E+14   3.4770E-06   3.4807E-06   0.99893
FLUX  925  2825.00        1.061212E+14   3.4543E-06   3.4590E-06   0.99864
FLUX  926  2835.00        1.057469E+14   3.4363E-06   3.4374E-06   0.99968
FLUX  927  2845.00        1.053752E+14   3.4051E-06   3.4160E-06   0.99680
FLUX  928  2855.00        1.050061E+14   3.3899E-06   3.3949E-06   0.99855
FLUX  929  2865.00        1.046396E+14   3.3487E-06   3.3739E-06   0.99255
FLUX  930  2875.00        1.042757E+14   3.2095E-06   3.3531E-06   0.95719
FLUX  931  2885.00        1.039142E+14   3.3198E-06   3.3325E-06   0.99618
FLUX  932  2895.00        1.035553E+14   3.3070E-06   3.3121E-06   0.99846
FLUX  933  2905.00        1.031988E+14   3.2887E-06   3.2919E-06   0.99902
FLUX  934  2915.00        1.028448E+14   3.2632E-06   3.2719E-06   0.99735
FLUX  935  2925.00        1.024932E+14   3.2404E-06   3.2520E-06   0.99642
FLUX  936  2935.00        1.021440E+14   3.2287E-06   3.2323E-06   0.99886
FLUX  937  2945.00        1.017971E+14   3.2056E-06   3.2128E-06   0.99774
FLUX  938  2955.00        1.014526E+14   3.1900E-06   3.1935E-06   0.99892
FLUX  939  2965.00        1.011105E+14   3.1716E-06   3.1743E-06   0.99914
FLUX  940  2975.00        1.007706E+14   3.1516E-06   3.1554E-06   0.99880
FLUX  941  2985.00        1.004330E+14   3.1342E-06   3.1365E-06   0.99925
FLUX  942  2995.00        1.000977E+14   3.1107E-06   3.1179E-06   0.99770
FLUX  943  3005.00        9.976456E+13   3.0926E-06   3.0994E-06   0.99779
FLUX  944  3015.00        9.943367E+13   3.0759E-06   3.0811E-06   0.99833
FLUX  945  3025.00        9.910496E+13   3.0563E-06   3.0629E-06   0.99784
FLUX  946  3035.00        9.877842E+13   2.9384E-06   3.0449E-06   0.96501
FLUX  947  3045.00        9.845402E+13   2.9824E-06   3.0270E-06   0.98526
FLUX  948  3055.00        9.813175E+13   3.0029E-06   3.0093E-06   0.99787
FLUX  949  3065.00        9.781158E+13   2.9831E-06   2.9917E-06   0.99712
FLUX  950  3075.00        9.749350E+13   2.9712E-06   2.9743E-06   0.99894
FLUX  951  3085.00        9.717747E+13   2.9448E-06   2.9571E-06   0.99587
FLUX  952  3095.00        9.686349E+13   2.9311E-06   2.9399E-06   0.99698
FLUX  953  3105.00        9.655153E+13   2.9159E-06   2.9230E-06   0.99759
FLUX  954  3115.00        9.624157E+13   2.8841E-06   2.9061E-06   0.99240
FLUX  955  3125.00        9.593360E+13   2.8807E-06   2.8895E-06   0.99697
FLUX  956  3135.00        9.562759E+13   2.8644E-06   2.8729E-06   0.99702
FLUX  957  3145.00        9.532353E+13   2.8494E-06   2.8565E-06   0.99752
FLUX  958  3155.00        9.502139E+13   2.8316E-06   2.8403E-06   0.99693
FLUX  959  3165.00        9.472117E+13   2.8196E-06   2.8242E-06   0.99838
FLUX  960  3175.00        9.442283E+13   2.8004E-06   2.8082E-06   0.99722
FLUX  961  3185.00        9.412637E+13   2.7885E-06   2.7923E-06   0.99864
FLUX  962  3195.00        9.383177E+13   2.7743E-06   2.7766E-06   0.99918
FLUX  963  3210.00        9.339330E+13   2.7482E-06   2.7533E-06   0.99815
FLUX  964  3230.00        9.281502E+13   2.7200E-06   2.7227E-06   0.99903
FLUX  965  3250.00        9.224385E+13   2.6885E-06   2.6925E-06   0.99851
FLUX  966  3270.00        9.167966E+13   2.6577E-06   2.6629E-06   0.99807
FLUX  967  3290.00        9.112234E+13   2.5651E-06   2.6407E-06   0.97137
FLUX  968  3310.00        9.057175E+13   2.5858E-06   2.6119E-06   0.99003
FLUX  969  3330.00        9.002778E+13   2.5628E-06   2.5835E-06   0.99197
FLUX  970  3350.00        8.949030E+13   2.5401E-06   2.5556E-06   0.99394
FLUX  971  3370.00        8.895920E+13   2.5074E-06   2.5281E-06   0.99182
FLUX  972  3390.00        8.843437E+13   2.4802E-06   2.5011E-06   0.99165
FLUX  973  3410.00        8.791569E+13   2.4534E-06   2.4745E-06   0.99146
FLUX  974  3430.00        8.740306E+13   2.4333E-06   2.4483E-06   0.99386
FLUX  975  3450.00        8.689638E+13   2.4132E-06   2.4226E-06   0.99613
FLUX  976  3470.00        8.639553E+13   2.3858E-06   2.3972E-06   0.99521
FLUX  977  3490.00        8.590043E+13   2.3626E-06   2.3723E-06   0.99594
FLUX  978  3510.00        8.541097E+13   2.3386E-06   2.3477E-06   0.99613
FLUX  979  3530.00        8.492705E+13   2.3123E-06   2.3235E-06   0.99516
FLUX  980  3550.00        8.444859E+13   2.2902E-06   2.2997E-06   0.99587
FLUX  981  3570.00        8.397549E+13   2.2642E-06   2.2762E-06   0.99472
FLUX  982  3590.00        8.350766E+13   2.2427E-06   2.2531E-06   0.99537
FLUX  983  3610.00        8.304501E+13   2.2206E-06   2.2303E-06   0.99565
FLUX  984  3630.00        8.258747E+13   2.2029E-06   2.2079E-06   0.99774
FLUX  985  3650.00        8.213493E+13   2.1708E-06   2.1858E-06   0.99315
FLUX  986  3670.00        8.168733E+13   2.1552E-06   2.1641E-06   0.99588
FLUX  987  3690.00        8.124458E+13   2.1187E-06   2.1426E-06   0.98882
FLUX  988  3710.00        8.080660E+13   2.1049E-06   2.1215E-06   0.99216
FLUX  989  3730.00        8.037332E+13   2.0721E-06   2.1007E-06   0.98637
FLUX  990  3750.00        7.994467E+13   2.0237E-06   2.0802E-06   0.97282
FLUX  991  3770.00        7.952056E+13   2.0486E-06   2.0600E-06   0.99447
FLUX  992  3790.00        7.910092E+13   2.0302E-06   2.0401E-06   0.99514
FLUX  993  3810.00        7.868570E+13   2.0040E-06   2.0205E-06   0.99187
FLUX  994  3830.00        7.827480E+13   1.9913E-06   2.0011E-06   0.99511
FLUX  995  3850.00        7.786818E+13   1.9783E-06   1.9820E-06   0.99811
FLUX  996  3870.00        7.746576E+13   1.9551E-06   1.9632E-06   0.99584
FLUX  997  3890.00        7.706748E+13   1.9361E-06   1.9447E-06   0.99557
FLUX  998  3910.00        7.667327E+13   1.9058E-06   1.9264E-06   0.98929
FLUX  999  3930.00        7.628308E+13   1.9045E-06   1.9084E-06   0.99797
FLUX 1000  3950.00        7.589684E+13   1.8835E-06   1.8907E-06   0.99624
FLUX 1001  3970.00        7.551448E+13   1.8691E-06   1.8731E-06   0.99782
FLUX 1002  3990.00        7.513596E+13   1.8432E-06   1.8559E-06   0.99320
FLUX 1003  4010.00        7.476122E+13   1.8231E-06   1.8388E-06   0.99145
FLUX 1004  4030.00        7.439020E+13   1.8035E-06   1.8220E-06   0.98983
FLUX 1005  4050.00        7.402284E+13   1.7683E-06   1.8054E-06   0.97941
FLUX 1006  4070.00        7.365909E+13   1.7830E-06   1.7891E-06   0.99659
FLUX 1007  4090.00        7.329890E+13   1.7666E-06   1.7729E-06   0.99643
FLUX 1008  4110.00        7.294221E+13   1.7548E-06   1.7570E-06   0.99872
FLUX 1009  4130.00        7.258898E+13   1.7397E-06   1.7413E-06   0.99908
FLUX 1010  4150.00        7.223916E+13   1.7209E-06   1.7258E-06   0.99715
FLUX 1011  4170.00        7.189269E+13   1.6843E-06   1.7105E-06   0.98465
FLUX 1012  4190.00        7.154952E+13   1.6910E-06   1.6955E-06   0.99734
FLUX 1013  4210.00        7.120962E+13   1.6726E-06   1.6806E-06   0.99528
FLUX 1014  4230.00        7.087293E+13   1.6654E-06   1.6659E-06   0.99972
FLUX 1015  4250.00        7.053941E+13   1.6486E-06   1.6514E-06   0.99830
FLUX 1016  4270.00        7.020902E+13   1.6361E-06   1.6371E-06   0.99940
FLUX 1017  4290.00        6.988170E+13   1.6193E-06   1.6229E-06   0.99777
FLUX 1018  4310.00        6.955742E+13   1.6018E-06   1.6090E-06   0.99557
FLUX 1019  4330.00        6.923614E+13   1.5870E-06   1.5952E-06   0.99484
FLUX 1020  4350.00        6.891782E+13   1.5695E-06   1.5816E-06   0.99234
FLUX 1021  4370.00        6.860240E+13   1.5329E-06   1.5682E-06   0.97751
FLUX 1022  4390.00        6.828986E+13   1.5399E-06   1.5549E-06   0.99033
FLUX 1023  4410.00        6.798016E+13   1.5224E-06   1.5418E-06   0.98737
FLUX 1024  4430.00        6.767325E+13   1.5121E-06   1.5289E-06   0.98897
FLUX 1025  4450.00        6.736910E+13   1.4997E-06   1.5162E-06   0.98912
FLUX 1026  4470.00        6.706767E+13   1.4847E-06   1.5048E-06   0.98664
FLUX 1027  4490.00        6.676893E+13   1.4747E-06   1.4924E-06   0.98814
FLUX 1028  4510.00        6.647284E+13   1.4617E-06   1.4801E-06   0.98761
FLUX 1029  4530.00        6.617936E+13   1.4481E-06   1.4679E-06   0.98649
FLUX 1030  4550.00        6.588846E+13   1.4382E-06   1.4559E-06   0.98787
FLUX 1031  4570.00        6.560011E+13   1.4272E-06   1.4440E-06   0.98836
FLUX 1032  4590.00        6.531427E+13   1.4130E-06   1.4323E-06   0.98655
FLUX 1033  4610.00        6.503091E+13   1.4053E-06   1.4207E-06   0.98915
FLUX 1034  4630.00        6.475000E+13   1.3932E-06   1.4093E-06   0.98863
FLUX 1035  4650.00        6.447151E+13   1.3601E-06   1.3980E-06   0.97289
FLUX 1036  4670.00        6.419540E+13   1.3525E-06   1.3868E-06   0.97526
FLUX 1037  4690.00        6.392164E+13   1.3629E-06   1.3757E-06   0.99065
FLUX 1038  4710.00        6.365021E+13   1.3529E-06   1.3648E-06   0.99127
FLUX 1039  4730.00        6.338108E+13   1.3443E-06   1.3541E-06   0.99282
FLUX 1040  4750.00        6.311421E+13   1.3329E-06   1.3434E-06   0.99215
FLUX 1041  4770.00        6.284958E+13   1.3227E-06   1.3329E-06   0.99234
FLUX 1042  4790.00        6.258716E+13   1.3135E-06   1.3225E-06   0.99323
FLUX 1043  4810.00        6.232692E+13   1.3020E-06   1.3122E-06   0.99223
FLUX 1044  4830.00        6.206884E+13   1.2935E-06   1.3020E-06   0.99343
FLUX 1045  4850.00        6.181289E+13   1.2827E-06   1.2920E-06   0.99279
FLUX 1046  4870.00        6.155903E+13   1.2730E-06   1.2821E-06   0.99294
FLUX 1047  4890.00        6.130726E+13   1.2634E-06   1.2723E-06   0.99304
FLUX 1048  4910.00        6.105754E+13   1.2539E-06   1.2626E-06   0.99315
FLUX 1049  4930.00        6.080984E+13   1.2442E-06   1.2530E-06   0.99297
FLUX 1050  4950.00        6.056414E+13   1.2346E-06   1.2435E-06   0.99286
FLUX 1051  4970.00        6.032042E+13   1.2249E-06   1.2341E-06   0.99258
FLUX 1052  4990.00        6.007866E+13   1.2177E-06   1.2248E-06   0.99416
FLUX 1053  5010.00        5.983882E+13   1.2070E-06   1.2157E-06   0.99286
FLUX 1054  5030.00        5.960089E+13   1.1990E-06   1.2066E-06   0.99368
FLUX 1055  5050.00        5.936485E+13   1.1888E-06   1.1976E-06   0.99263
FLUX 1056  5070.00        5.913067E+13   1.1809E-06   1.1888E-06   0.99342
FLUX 1057  5090.00        5.889833E+13   1.1721E-06   1.1800E-06   0.99332
FLUX 1058  5110.00        5.866781E+13   1.1627E-06   1.1713E-06   0.99262
FLUX 1059  5130.00        5.843908E+13   1.1386E-06   1.1627E-06   0.97925
FLUX 1060  5150.00        5.821214E+13   1.1470E-06   1.1543E-06   0.99368
FLUX 1061  5170.00        5.798694E+13   1.1386E-06   1.1459E-06   0.99364
FLUX 1062  5190.00        5.776349E+13   1.1311E-06   1.1376E-06   0.99429
FLUX 1063  5210.00        5.754175E+13   1.1223E-06   1.1294E-06   0.99374
FLUX 1064  5230.00        5.732170E+13   1.1144E-06   1.1212E-06   0.99387
FLUX 1065  5250.00        5.710333E+13   1.1073E-06   1.1132E-06   0.99467
FLUX 1066  5270.00        5.688662E+13   1.0983E-06   1.1053E-06   0.99371
FLUX 1067  5290.00        5.667155E+13   1.0913E-06   1.0974E-06   0.99446
FLUX 1068  5310.00        5.645810E+13   1.0846E-06   1.0896E-06   0.99539
FLUX 1069  5330.00        5.624625E+13   1.0765E-06   1.0819E-06   0.99502
FLUX 1070  5350.00        5.603598E+13   1.0695E-06   1.0743E-06   0.99552
FLUX 1071  5370.00        5.582728E+13   1.0592E-06   1.0668E-06   0.99288
FLUX 1072  5390.00        5.562013E+13   1.0532E-06   1.0593E-06   0.99422
FLUX 1073  5410.00        5.541451E+13   1.0479E-06   1.0519E-06   0.99618
FLUX 1074  5430.00        5.521041E+13   1.0391E-06   1.0446E-06   0.99474
FLUX 1075  5450.00        5.500780E+13   1.0334E-06   1.0374E-06   0.99618
FLUX 1076  5470.00        5.480667E+13   1.0249E-06   1.0303E-06   0.99482
FLUX 1077  5490.00        5.460701E+13   1.0189E-06   1.0232E-06   0.99585
FLUX 1078  5510.00        5.440880E+13   1.0126E-06   1.0162E-06   0.99649
FLUX 1079  5530.00        5.421203E+13   1.0021E-06   1.0092E-06   0.99296
FLUX 1080  5550.00        5.401667E+13   9.9882E-07   1.0024E-06   0.99646
FLUX 1081  5570.00        5.382271E+13   9.9285E-07   9.9558E-07   0.99726
FLUX 1082  5590.00        5.363014E+13   9.8359E-07   9.8885E-07   0.99468
FLUX 1083  5610.00        5.343895E+13   9.7928E-07   9.8220E-07   0.99703
FLUX 1084  5630.00        5.324911E+13   9.7233E-07   9.7561E-07   0.99664
FLUX 1085  5650.00        5.306062E+13   9.6710E-07   9.6908E-07   0.99795
FLUX 1086  5670.00        5.287346E+13   9.6065E-07   9.6262E-07   0.99795
FLUX 1087  5690.00        5.268761E+13   9.5344E-07   9.5623E-07   0.99709
FLUX 1088  5710.00        5.250306E+13   9.4241E-07   9.4990E-07   0.99212
FLUX 1089  5730.00        5.231981E+13   9.4185E-07   9.4363E-07   0.99812
FLUX 1090  5750.00        5.213783E+13   9.3571E-07   9.3742E-07   0.99818
FLUX 1091  5770.00        5.195711E+13   9.2945E-07   9.3127E-07   0.99804
FLUX 1092  5790.00        5.177763E+13   9.2316E-07   9.2519E-07   0.99781
FLUX 1093  5810.00        5.159940E+13   9.1751E-07   9.1916E-07   0.99820
FLUX 1094  5830.00        5.142238E+13   9.1185E-07   9.1319E-07   0.99853
FLUX 1095  5850.00        5.124658E+13   9.0636E-07   9.0757E-07   0.99866
FLUX 1096  5870.00        5.107198E+13   9.0000E-07   9.0171E-07   0.99810
FLUX 1097  5890.00        5.089856E+13   8.9303E-07   8.9591E-07   0.99678
FLUX 1098  5910.00        5.072631E+13   8.7612E-07   8.9017E-07   0.98422
FLUX 1099  5930.00        5.055523E+13   8.8278E-07   8.8448E-07   0.99808
FLUX 1100  5950.00        5.038529E+13   8.6840E-07   8.7884E-07   0.98812
FLUX 1101  5970.00        5.021650E+13   8.7100E-07   8.7326E-07   0.99741
FLUX 1102  5990.00        5.004883E+13   8.6653E-07   8.6773E-07   0.99861
FLUX 1103  6010.00        4.988228E+13   8.6068E-07   8.6225E-07   0.99817
FLUX 1104  6030.00        4.971683E+13   8.5595E-07   8.5683E-07   0.99897
FLUX 1105  6050.00        4.955248E+13   8.5066E-07   8.5145E-07   0.99907
FLUX 1106  6070.00        4.938921E+13   8.4484E-07   8.4613E-07   0.99847
FLUX 1107  6090.00        4.922701E+13   8.3942E-07   8.4085E-07   0.99829
FLUX 1108  6110.00        4.906588E+13   8.3319E-07   8.3563E-07   0.99708
FLUX 1109  6130.00        4.890579E+13   8.2947E-07   8.3045E-07   0.99882
FLUX 1110  6150.00        4.874675E+13   8.2466E-07   8.2532E-07   0.99920
FLUX 1111  6170.00        4.858874E+13   8.1951E-07   8.2024E-07   0.99911
FLUX 1112  6190.00        4.843174E+13   8.1441E-07   8.1521E-07   0.99902
FLUX 1113  6210.00        4.827576E+13   8.0967E-07   8.1022E-07   0.99932
FLUX 1114  6230.00        4.812079E+13   8.0313E-07   8.0528E-07   0.99734
FLUX 1115  6250.00        4.796680E+13   7.9945E-07   8.0038E-07   0.99884
FLUX 1116  6270.00        4.781380E+13   7.9442E-07   7.9552E-07   0.99861
FLUX 1117  6290.00        4.766176E+13   7.8226E-07   7.9071E-07   0.98931
FLUX 1118  6310.00        4.751070E+13   7.8407E-07   7.8595E-07   0.99761
FLUX 1119  6330.00        4.736058E+13   7.8072E-07   7.8122E-07   0.99936
FLUX 1120  6350.00        4.721142E+13   7.7595E-07   7.7654E-07   0.99923
FLUX 1121  6370.00        4.706319E+13   7.7137E-07   7.7190E-07   0.99931
FLUX 1122  6390.00        4.691588E+13   7.6659E-07   7.6731E-07   0.99906
FLUX 1123  6420.00        4.669665E+13   7.6017E-07   7.6049E-07   0.99958
FLUX 1124  6460.00        4.640751E+13   7.5078E-07   7.5153E-07   0.99899
FLUX 1125  6500.00        4.612192E+13   7.4176E-07   7.4274E-07   0.99868
FLUX 1126  6540.00        4.583983E+13   7.3373E-07   7.3410E-07   0.99950
FLUX 1127  6580.00        4.556117E+13   7.2532E-07   7.2560E-07   0.99961
FLUX 1128  6620.00        4.528588E+13   7.1678E-07   7.1726E-07   0.99933
FLUX 1129  6660.00        4.501389E+13   7.0885E-07   7.0906E-07   0.99971
FLUX 1130  6700.00        4.474515E+13   7.0065E-07   7.0099E-07   0.99950
FLUX 1131  6740.00        4.447960E+13   6.9240E-07   6.9307E-07   0.99904
FLUX 1132  6780.00        4.421718E+13   6.8134E-07   6.8527E-07   0.99426
FLUX 1133  6820.00        4.395784E+13   6.7723E-07   6.7761E-07   0.99944
FLUX 1134  6860.00        4.370153E+13   6.6976E-07   6.7008E-07   0.99954
FLUX 1135  6900.00        4.344819E+13   6.6220E-07   6.6266E-07   0.99930
FLUX 1136  6940.00        4.319777E+13   6.5472E-07   6.5538E-07   0.99899
FLUX 1137  6980.00        4.295021E+13   6.4792E-07   6.4821E-07   0.99956
FLUX 1138  7020.00        4.270548E+13   6.4056E-07   6.4115E-07   0.99907
FLUX 1139  7060.00        4.246353E+13   6.3386E-07   6.3421E-07   0.99944
FLUX 1140  7100.00        4.222430E+13   6.2707E-07   6.2739E-07   0.99949
FLUX 1141  7140.00        4.198775E+13   6.2045E-07   6.2067E-07   0.99965
FLUX 1142  7180.00        4.175383E+13   6.1374E-07   6.1406E-07   0.99948
FLUX 1143  7220.00        4.152251E+13   6.0692E-07   6.0756E-07   0.99895
FLUX 1144  7260.00        4.129373E+13   6.0044E-07   6.0115E-07   0.99882
FLUX 1145  7300.00        4.106747E+13   5.9476E-07   5.9485E-07   0.99985
FLUX 1146  7340.00        4.084366E+13   5.8827E-07   5.8865E-07   0.99936
FLUX 1147  7380.00        4.062229E+13   5.8242E-07   5.8254E-07   0.99979
FLUX 1148  7420.00        4.040330E+13   5.7609E-07   5.7653E-07   0.99924
FLUX 1149  7460.00        4.018666E+13   5.6607E-07   5.7061E-07   0.99204
FLUX 1150  7500.00        3.997233E+13   5.5771E-07   5.6478E-07   0.98747
FLUX 1151  7540.00        3.976028E+13   5.5871E-07   5.5904E-07   0.99941
FLUX 1152  7580.00        3.955046E+13   5.5320E-07   5.5339E-07   0.99966
FLUX 1153  7620.00        3.934285E+13   5.4769E-07   5.4782E-07   0.99975
FLUX 1154  7660.00        3.913740E+13   5.4225E-07   5.4234E-07   0.99983
FLUX 1155  7700.00        3.893409E+13   5.3668E-07   5.3694E-07   0.99952
FLUX 1156  7740.00        3.873288E+13   5.3154E-07   5.3162E-07   0.99985
FLUX 1157  7780.00        3.853374E+13   5.2560E-07   5.2638E-07   0.99853
FLUX 1158  7820.00        3.833664E+13   5.2116E-07   5.2121E-07   0.99991
FLUX 1159  7860.00        3.814154E+13   5.1608E-07   5.1612E-07   0.99993
FLUX 1160  7900.00        3.794842E+13   5.1106E-07   5.1110E-07   0.99991
FLUX 1161  7940.00        3.775724E+13   5.0610E-07   5.0616E-07   0.99988
FLUX 1162  7980.00        3.756798E+13   5.0122E-07   5.0129E-07   0.99986
FLUX 1163  8020.00        3.738061E+13   4.9627E-07   4.9648E-07   0.99956
FLUX 1164  8060.00        3.719510E+13   4.9152E-07   4.9175E-07   0.99953
FLUX 1165  8100.00        3.701142E+13   4.8703E-07   4.8708E-07   0.99990
FLUX 1166  8140.00        3.682955E+13   4.8120E-07   4.8248E-07   0.99734
FLUX 1167  8180.00        3.664945E+13   4.7767E-07   4.7794E-07   0.99943
FLUX 1168  8220.00        3.647111E+13   4.7342E-07   4.7347E-07   0.99989
FLUX 1169  8260.00        3.629449E+13   4.6896E-07   4.6906E-07   0.99978
FLUX 1170  8300.00        3.611958E+13   4.6463E-07   4.6471E-07   0.99982
FLUX 1171  8340.00        3.594634E+13   4.6006E-07   4.6042E-07   0.99923
FLUX 1172  8380.00        3.577476E+13   4.5588E-07   4.5619E-07   0.99933
FLUX 1173  8420.00        3.560481E+13   4.5187E-07   4.5202E-07   0.99967
FLUX 1174  8460.00        3.543647E+13   4.4783E-07   4.4790E-07   0.99984
FLUX 1175  8500.00        3.526971E+13   4.4380E-07   4.4384E-07   0.99990
FLUX 1176  8540.00        3.510451E+13   4.3974E-07   4.3984E-07   0.99978
FLUX 1177  8580.00        3.494085E+13   4.3581E-07   4.3588E-07   0.99983
FLUX 1178  8620.00        3.477871E+13   4.3185E-07   4.3199E-07   0.99968
FLUX 1179  8660.00        3.461807E+13   4.2678E-07   4.2814E-07   0.99681
FLUX 1180  8700.00        3.445891E+13   4.2432E-07   4.2434E-07   0.99993
FLUX 1181  8740.00        3.430120E+13   4.1940E-07   4.2060E-07   0.99714
FLUX 1182  8780.00        3.414493E+13   4.1569E-07   4.1690E-07   0.99709
FLUX 1183  8820.00        3.399008E+13   4.1305E-07   4.1326E-07   0.99951
FLUX 1184  8860.00        3.383663E+13   4.0948E-07   4.0966E-07   0.99958
FLUX 1185  8900.00        3.368455E+13   4.0592E-07   4.0610E-07   0.99955
FLUX 1186  8940.00        3.353384E+13   4.0249E-07   4.0260E-07   0.99975
FLUX 1187  8980.00        3.338447E+13   3.9885E-07   3.9913E-07   0.99930
FLUX 1188  9020.00        3.323642E+13   3.9554E-07   3.9572E-07   0.99957
FLUX 1189  9060.00        3.308968E+13   3.9233E-07   3.9234E-07   0.99997
FLUX 1190  9100.00        3.294423E+13   3.8877E-07   3.8901E-07   0.99938
FLUX 1191  9140.00        3.280005E+13   3.8553E-07   3.8572E-07   0.99949
FLUX 1192  9180.00        3.265714E+13   3.8241E-07   3.8247E-07   0.99985
FLUX 1193  9220.00        3.251546E+13   3.7924E-07   3.7927E-07   0.99994
FLUX 1194  9260.00        3.237500E+13   3.7605E-07   3.7610E-07   0.99985
FLUX 1195  9300.00        3.223575E+13   3.7296E-07   3.7297E-07   0.99998
FLUX 1196  9340.00        3.209770E+13   3.6982E-07   3.6989E-07   0.99983
FLUX 1197  9380.00        3.196082E+13   3.6540E-07   3.6684E-07   0.99609
FLUX 1198  9420.00        3.182511E+13   3.6377E-07   3.6382E-07   0.99986
FLUX 1199  9460.00        3.169054E+13   3.6078E-07   3.6085E-07   0.99981
FLUX 1200  9500.00        3.155711E+13   3.5784E-07   3.5791E-07   0.99982
FLUX 1201  9540.00        3.142479E+13   3.5482E-07   3.5500E-07   0.99949
FLUX 1202  9580.00        3.129358E+13   3.5209E-07   3.5213E-07   0.99987
FLUX 1203  9620.00        3.116346E+13   3.4918E-07   3.4930E-07   0.99968
FLUX 1204  9660.00        3.103442E+13   3.4645E-07   3.4650E-07   0.99988
FLUX 1205  9700.00        3.090644E+13   3.4371E-07   3.4373E-07   0.99994
FLUX 1206  9740.00        3.077952E+13   3.4076E-07   3.4099E-07   0.99930
FLUX 1207  9780.00        3.065363E+13   3.3815E-07   3.3829E-07   0.99958
FLUX 1208  9820.00        3.052877E+13   3.3554E-07   3.3562E-07   0.99975
FLUX 1209  9860.00        3.040492E+13   3.3289E-07   3.3298E-07   0.99971
FLUX 1210  9900.00        3.028207E+13   3.3035E-07   3.3038E-07   0.99993
FLUX 1211  9940.00        3.016021E+13   3.2769E-07   3.2780E-07   0.99966
FLUX 1212  9980.00        3.003933E+13   3.2518E-07   3.2525E-07   0.99978
FLUX 1213 10020.00        2.991941E+13   3.2266E-07   3.2273E-07   0.99978
FLUX 1214 20000.00        1.498963E+13   8.3004E-08   8.3007E-08   0.99995
FLUX 1215 40000.00        7.494813E+12   2.0795E-08   2.0795E-08   0.99999
FLUX 1216 60000.00        4.996542E+12   9.1907E-09   9.1907E-09   1.00000
FLUX 1217 80000.00        3.747406E+12   5.1386E-09   5.1386E-09   1.00000
FLUX 1218100000.00        2.997925E+12   3.2704E-09   3.2704E-09   1.00000
FLUX 1219120000.00        2.498271E+12   2.2597E-09   2.2597E-09   1.00000
FLUX 1220140000.00        2.141375E+12   1.6526E-09   1.6526E-09   1.00000
FLUX 1221160000.00        1.873703E+12   1.2601E-09   1.2601E-09   1.00000
FLUX
