TEFF   5500.  GRAVITY 2.50000 LTE 
TITLE  [0.0] VTURB=2  L/H=1.25 NOVER NEW ODF                                    
FLUX    1     9.09        3.298047E+16   1.0000E-50   0.0000E+00   1.00000
FLUX    2     9.35        3.206337E+16   1.0000E-50   0.0000E+00   1.00000
FLUX    3     9.61        3.119589E+16   1.0000E-50   0.0000E+00   1.00000
FLUX    4     9.77        3.068501E+16   1.0000E-50   0.0000E+00   1.00000
FLUX    5     9.96        3.009965E+16   2.3194-189   2.3194-189   0.99998
FLUX    6    10.20        2.939142E+16   5.9478-185   5.9479-185   0.99998
FLUX    7    10.38        2.888174E+16   8.8428-182   8.8430-182   0.99998
FLUX    8    10.56        2.838944E+16   1.0232-178   1.0232-178   0.99998
FLUX    9    10.77        2.783589E+16   2.8401-175   2.8402-175   0.99998
FLUX   10    11.04        2.715512E+16   4.8640-171   4.8641-171   0.99998
FLUX   11    11.40        2.629759E+16   1.0408-165   1.0408-165   0.99998
FLUX   12    11.78        2.544928E+16   1.9414-160   1.9415-160   0.99998
FLUX   13    12.13        2.471496E+16   7.0522-156   7.0523-156   0.99998
FLUX   14    12.48        2.402183E+16   1.4138-151   1.4139-151   0.99998
FLUX   15    12.71        2.358714E+16   7.0393-149   7.0394-149   0.99998
FLUX   16    12.84        2.334833E+16   2.1331-147   2.1331-147   0.99998
FLUX   17    13.05        2.297261E+16   4.5636-145   4.5637-145   0.99998
FLUX   18    13.24        2.264294E+16   5.0494-143   5.0495-143   0.99998
FLUX   19    13.39        2.238928E+16   1.8864-141   1.8864-141   0.99998
FLUX   20    13.66        2.194674E+16   1.0426-138   1.0427-138   0.99998
FLUX   21    13.98        2.144438E+16   1.3497-135   1.3497-135   0.99998
FLUX   22    14.33        2.092062E+16   2.3599-132   2.3600-132   0.99998
FLUX   23    14.72        2.036634E+16   6.3520-129   6.3521-129   0.99998
FLUX   24    15.10        1.985381E+16   9.3975-126   9.3977-126   0.99998
FLUX   25    15.52        1.931653E+16   1.9699-122   1.9699-122   0.99998
FLUX   26    15.88        1.887862E+16   9.9918-120   9.9920-120   0.99998
FLUX   27    16.20        1.850571E+16   2.0060-117   2.0060-117   0.99998
FLUX   28    16.60        1.805979E+16   1.1338-114   1.1338-114   0.99998
FLUX   29    17.03        1.760379E+16   7.3690-112   7.3691-112   0.99998
FLUX   30    17.34        1.728907E+16   6.4206-110   6.4207-110   0.99998
FLUX   31    17.68        1.695659E+16   7.1845-108   7.1846-108   0.99998
FLUX   32    18.02        1.663665E+16   6.7144-106   6.7145-106   0.99998
FLUX   33    18.17        1.649931E+16   4.7058-105   4.7058-105   0.99998
FLUX   34    18.61        1.610922E+16   1.1853-102   1.1853-102   0.99998
FLUX   35    19.10        1.569594E+16   4.1289-100   4.1290-100   0.99998
FLUX   36    19.39        1.546119E+16   1.1432E-98   1.1432E-98   0.99998
FLUX   37    19.84        1.511051E+16   1.6284E-96   1.6285E-96   0.99998
FLUX   38    20.18        1.485592E+16   5.9595E-95   5.9596E-95   0.99998
FLUX   39    20.50        1.462402E+16   1.5822E-93   1.5822E-93   0.99998
FLUX   40    21.05        1.424192E+16   3.4872E-91   3.4872E-91   0.99998
FLUX   41    21.62        1.386644E+16   6.9740E-89   6.9742E-89   0.99998
FLUX   42    21.98        1.363933E+16   1.7157E-87   1.7157E-87   0.99998
FLUX   43    22.30        1.344361E+16   2.7023E-86   2.7023E-86   0.99998
FLUX   44    22.68        1.321836E+16   6.4490E-85   6.4491E-85   0.99998
FLUX   45    23.00        1.303446E+16   8.5971E-84   8.5973E-84   0.99998
FLUX   46    23.40        1.281165E+16   1.9746E-82   1.9746E-82   0.99998
FLUX   47    24.00        1.249135E+16   1.7817E-80   1.7818E-80   0.99998
FLUX   48    24.65        1.216197E+16   1.8211E-78   1.8211E-78   0.99998
FLUX   49    25.24        1.187767E+16   9.8478E-77   9.8480E-77   0.99998
FLUX   50    25.68        1.167416E+16   1.7103E-75   1.7103E-75   0.99998
FLUX   51    26.00        1.153048E+16   1.2820E-74   1.2820E-74   0.99998
FLUX   52    26.40        1.135578E+16   1.4828E-73   1.4828E-73   0.99998
FLUX   53    26.85        1.116546E+16   2.1280E-72   2.1280E-72   0.99998
FLUX   54    27.35        1.096133E+16   3.6964E-71   3.6965E-71   0.99998
FLUX   55    27.85        1.076454E+16   5.7926E-70   5.7927E-70   0.99998
FLUX   56    28.40        1.055607E+16   1.0655E-68   1.0655E-68   0.99998
FLUX   57    29.00        1.033767E+16   2.2450E-67   2.2451E-67   0.99998
FLUX   58    29.60        1.012813E+16   4.1633E-66   4.1633E-66   0.99998
FLUX   59    30.10        9.959884E+15   4.3397E-65   4.3404E-65   0.99986
FLUX   60    30.80        9.733523E+15   1.0137E-63   1.0137E-63   0.99998
FLUX   61    31.80        9.427437E+15   7.1406E-62   7.1407E-62   0.99998
FLUX   62    32.80        9.140015E+15   3.8578E-60   3.8579E-60   0.99998
FLUX   63    33.80        8.869601E+15   1.6353E-58   1.6353E-58   0.99998
FLUX   64    34.80        8.614727E+15   5.5621E-57   5.5622E-57   0.99998
FLUX   65    35.70        8.397549E+15   1.1169E-55   1.1170E-55   0.99998
FLUX   66    36.60        8.191052E+15   1.9309E-54   1.9310E-54   0.99998
FLUX   67    37.50        7.994467E+15   2.8977E-53   2.8978E-53   0.99998
FLUX   68    38.50        7.786818E+15   5.0448E-52   5.0449E-52   0.99998
FLUX   69    39.50        7.589684E+15   7.5633E-51   7.5635E-51   0.99998
FLUX   70    40.50        7.402284E+15   9.8828E-50   9.8830E-50   0.99998
FLUX   71    41.40        7.241365E+15   8.9560E-49   8.9562E-49   0.99998
FLUX   72    42.20        7.104088E+15   5.8540E-48   5.8541E-48   0.99998
FLUX   73    43.00        6.971919E+15   3.5606E-47   3.5606E-47   0.99998
FLUX   74    44.10        6.798016E+15   3.8168E-46   3.8169E-46   0.99998
FLUX   75    45.10        6.647284E+15   2.9714E-45   2.9714E-45   0.99998
FLUX   76    46.00        6.517228E+15   1.7414E-44   1.7415E-44   0.99998
FLUX   77    47.00        6.378564E+15   1.1446E-43   1.1446E-43   0.99998
FLUX   78    48.00        6.245677E+15   6.9329E-43   6.9330E-43   0.99998
FLUX   79    49.00        6.118214E+15   3.8933E-42   3.8933E-42   0.99998
FLUX   80    50.00        5.995850E+15   2.0334E-41   2.0335E-41   0.99998
FLUX   81    50.60        5.924753E+15   7.0701E-41   8.0494E-41   0.87833
FLUX   82    51.20        5.855322E+15   2.0200E-40   2.0438E-40   0.98834
FLUX   83    52.00        5.765240E+15   6.7737E-40   6.8370E-40   0.99074
FLUX   84    53.00        5.656462E+15   2.9320E-39   2.9321E-39   0.99998
FLUX   85    54.00        5.551713E+15   1.1820E-38   1.1887E-38   0.99433
FLUX   86    55.00        5.450773E+15   4.5726E-38   4.5727E-38   0.99998
FLUX   87    56.00        5.353438E+15   1.6726E-37   1.6726E-37   0.99998
FLUX   88    57.00        5.259518E+15   5.8337E-37   5.8338E-37   0.99998
FLUX   89    58.00        5.168836E+15   1.9241E-36   1.9456E-36   0.98893
FLUX   90    59.00        5.081229E+15   6.2123E-36   6.2145E-36   0.99965
FLUX   91    60.00        4.996542E+15   1.9050E-35   1.9060E-35   0.99948
FLUX   92    61.00        4.914631E+15   5.6243E-35   5.6244E-35   0.99998
FLUX   93    62.00        4.835363E+15   1.5997E-34   1.5999E-34   0.99987
FLUX   94    63.00        4.758611E+15   4.3945E-34   4.3949E-34   0.99991
FLUX   95    64.00        4.684258E+15   1.1684E-33   1.1684E-33   0.99997
FLUX   96    65.00        4.612192E+15   3.0096E-33   3.0096E-33   0.99997
FLUX   97    65.80        4.556117E+15   6.2766E-33   6.2772E-33   0.99991
FLUX   98    66.50        4.508158E+15   1.1752E-32   1.1761E-32   0.99920
FLUX   99    67.50        4.441370E+15   2.8144E-32   2.8161E-32   0.99940
FLUX  100    68.50        4.376533E+15   6.5631E-32   6.5635E-32   0.99993
FLUX  101    69.50        4.313561E+15   1.4908E-31   1.4909E-31   0.99997
FLUX  102    70.50        4.252376E+15   3.2954E-31   3.3040E-31   0.99740
FLUX  103    71.60        4.187046E+15   7.7150E-31   7.7158E-31   0.99990
FLUX  104    72.60        4.129373E+15   1.6291E-30   1.6291E-30   0.99998
FLUX  105    73.50        4.078810E+15   3.1341E-30   3.1345E-30   0.99985
FLUX  106    74.50        4.024060E+15   6.3574E-30   6.3604E-30   0.99953
FLUX  107    75.50        3.970762E+15   1.2642E-29   1.2651E-29   0.99929
FLUX  108    76.50        3.918856E+15   2.4684E-29   2.4688E-29   0.99986
FLUX  109    77.50        3.868290E+15   4.7269E-29   4.7298E-29   0.99939
FLUX  110    78.50        3.819013E+15   8.9028E-29   8.9029E-29   0.99998
FLUX  111    79.50        3.770975E+15   1.6362E-28   1.6476E-28   0.99310
FLUX  112    80.50        3.724130E+15   2.9916E-28   2.9996E-28   0.99735
FLUX  113    81.50        3.678436E+15   5.3735E-28   5.3758E-28   0.99956
FLUX  114    82.50        3.633848E+15   9.4884E-28   9.4912E-28   0.99971
FLUX  115    83.50        3.590329E+15   1.6515E-27   1.6517E-27   0.99986
FLUX  116    84.50        3.547840E+15   2.8340E-27   2.8343E-27   0.99989
FLUX  117    85.50        3.506345E+15   4.7988E-27   4.7990E-27   0.99998
FLUX  118    86.50        3.465809E+15   8.0177E-27   8.0184E-27   0.99991
FLUX  119    87.50        3.426200E+15   1.3210E-26   1.3230E-26   0.99852
FLUX  120    88.50        3.387486E+15   2.1563E-26   2.1566E-26   0.99984
FLUX  121    89.50        3.349637E+15   3.4743E-26   3.4746E-26   0.99993
FLUX  122    90.50        3.312624E+15   5.5328E-26   5.5346E-26   0.99967
FLUX  123    91.50        3.276421E+15   9.2584E-23   2.3918E-22   0.38710
FLUX  124    92.50        3.241000E+15   3.5311E-22   3.8575E-22   0.91540
FLUX  125    93.50        3.206337E+15   5.5626E-22   6.1493E-22   0.90460
FLUX  126    94.50        3.172407E+15   8.8320E-22   9.7005E-22   0.91047
FLUX  127    95.50        3.139188E+15   1.4441E-21   1.5159E-21   0.95261
FLUX  128    96.50        3.106658E+15   2.2573E-21   2.3437E-21   0.96315
FLUX  129    97.50        3.074795E+15   3.4428E-21   3.5861E-21   0.96004
FLUX  130    98.50        3.043579E+15   5.2152E-21   5.4709E-21   0.95326
FLUX  131    99.50        3.012990E+15   7.8414E-21   8.2441E-21   0.95116
FLUX  132   100.50        2.983010E+15   1.2085E-20   1.2317E-20   0.98122
FLUX  133   101.50        2.953621E+15   1.7897E-20   1.8224E-20   0.98207
FLUX  134   102.50        2.924805E+15   2.5210E-20   2.6892E-20   0.93743
FLUX  135   103.50        2.896546E+15   3.8759E-20   3.9245E-20   0.98762
FLUX  136   104.50        2.868828E+15   5.6292E-20   5.6920E-20   0.98896
FLUX  137   105.50        2.841635E+15   8.0911E-20   8.1951E-20   0.98731
FLUX  138   106.50        2.814953E+15   1.1393E-19   1.1718E-19   0.97223
FLUX  139   107.50        2.788767E+15   1.6469E-19   1.6643E-19   0.98955
FLUX  140   108.50        2.763065E+15   2.3278E-19   2.3483E-19   0.99126
FLUX  141   109.50        2.737831E+15   3.1986E-19   3.2916E-19   0.97174
FLUX  142   110.50        2.713054E+15   8.0114E-19   2.4179E-18   0.33134
FLUX  143   111.50        2.688722E+15   2.0272E-18   3.1859E-18   0.63631
FLUX  144   112.50        2.664822E+15   3.0049E-18   4.1592E-18   0.72247
FLUX  145   113.50        2.641344E+15   4.4041E-18   5.3842E-18   0.81797
FLUX  146   114.50        2.618275E+15   5.9608E-18   6.9152E-18   0.86199
FLUX  147   115.50        2.595606E+15   7.2967E-18   8.8098E-18   0.82825
FLUX  148   116.50        2.573326E+15   1.0268E-17   1.1121E-17   0.92333
FLUX  149   117.50        2.551426E+15   1.3199E-17   1.3864E-17   0.95203
FLUX  150   118.50        2.529895E+15   1.5683E-17   1.8413E-17   0.85170
FLUX  151   119.50        2.508724E+15   1.3866E-17   2.3175E-17   0.59833
FLUX  152   120.50        2.487905E+15   1.5240E-17   2.9079E-17   0.52408
FLUX  153   121.50        2.467428E+15   9.2919E-18   3.6370E-17   0.25549
FLUX  154   122.50        2.447286E+15   2.3108E-17   4.5395E-17   0.50905
FLUX  155   123.50        2.427470E+15   4.2628E-17   5.6435E-17   0.75535
FLUX  156   124.50        2.407972E+15   6.0010E-17   6.5285E-17   0.91919
FLUX  157   125.50        2.388785E+15   7.4655E-17   8.4296E-17   0.88563
FLUX  158   126.50        2.369901E+15   8.5373E-17   1.0606E-16   0.80496
FLUX  159   127.50        2.351314E+15   1.0928E-16   1.3172E-16   0.82963
FLUX  160   128.50        2.333016E+15   1.2999E-16   1.6290E-16   0.79798
FLUX  161   129.50        2.315000E+15   1.6650E-16   2.0065E-16   0.82983
FLUX  162   130.50        2.297261E+15   1.8372E-16   2.4644E-16   0.74551
FLUX  163   131.50        2.279791E+15   2.4000E-16   3.0167E-16   0.79558
FLUX  164   132.50        2.262585E+15   2.7494E-16   3.6817E-16   0.74678
FLUX  165   133.50        2.245637E+15   3.3747E-16   4.4794E-16   0.75337
FLUX  166   134.50        2.228941E+15   4.0991E-16   5.4340E-16   0.75435
FLUX  167   135.50        2.212491E+15   5.0417E-16   6.6038E-16   0.76345
FLUX  168   136.50        2.196282E+15   5.9355E-16   8.0588E-16   0.73652
FLUX  169   137.50        2.180309E+15   7.1250E-16   9.8036E-16   0.72677
FLUX  170   138.50        2.164567E+15   8.6358E-16   1.1890E-15   0.72631
FLUX  171   139.50        2.149050E+15   1.0284E-15   1.4378E-15   0.71530
FLUX  172   140.50        2.133754E+15   1.2707E-15   1.7337E-15   0.73292
FLUX  173   141.50        2.118675E+15   1.5558E-15   2.0850E-15   0.74618
FLUX  174   142.50        2.103807E+15   1.8391E-15   2.5011E-15   0.73532
FLUX  175   143.50        2.089146E+15   2.2450E-15   2.9926E-15   0.75018
FLUX  176   144.20        2.079005E+15   2.7393E-15   3.3880E-15   0.80853
FLUX  177   144.70        2.071821E+15   2.7836E-15   3.6993E-15   0.75246
FLUX  178   145.50        2.060430E+15   3.1612E-15   4.2526E-15   0.74336
FLUX  179   146.50        2.046365E+15   4.0214E-15   5.0525E-15   0.79593
FLUX  180   147.50        2.032492E+15   4.5340E-15   5.9897E-15   0.75697
FLUX  181   148.50        2.018805E+15   5.3340E-15   7.0842E-15   0.75295
FLUX  182   149.50        2.005301E+15   6.8839E-15   8.3596E-15   0.82347
FLUX  183   150.50        1.991977E+15   8.4555E-15   9.8425E-15   0.85908
FLUX  184   151.20        1.982755E+15   8.0978E-15   1.1020E-14   0.73484
FLUX  185   151.70        1.976220E+15   9.6699E-15   1.5244E-14   0.63434
FLUX  186   152.50        1.965852E+15   1.2905E-14   4.8855E-14   0.26414
FLUX  187   153.50        1.953046E+15   5.6182E-14   4.2425E-13   0.13243
FLUX  188   154.50        1.940405E+15   7.2567E-14   4.9155E-13   0.14763
FLUX  189   155.50        1.927926E+15   1.2879E-13   5.6850E-13   0.22655
FLUX  190   156.50        1.915607E+15   1.2431E-13   6.5696E-13   0.18921
FLUX  191   157.50        1.903444E+15   2.7237E-13   1.0061E-12   0.27071
FLUX  192   158.50        1.891435E+15   3.6087E-13   1.1512E-12   0.31346
FLUX  193   159.50        1.879577E+15   4.3166E-13   1.3132E-12   0.32872
FLUX  194   160.50        1.867866E+15   4.8307E-13   1.4932E-12   0.32352
FLUX  195   161.50        1.856300E+15   5.4722E-13   1.6926E-12   0.32330
FLUX  196   162.50        1.844877E+15   6.6167E-13   2.0474E-12   0.32317
FLUX  197   163.50        1.833593E+15   7.7234E-13   2.3190E-12   0.33305
FLUX  198   164.50        1.822447E+15   1.2103E-12   2.6202E-12   0.46193
FLUX  199   165.50        1.811435E+15   6.6798E-13   2.9537E-12   0.22615
FLUX  200   166.50        1.800556E+15   1.4646E-12   3.3225E-12   0.44082
FLUX  201   167.20        1.793017E+15   9.0472E-13   3.6033E-12   0.25108
FLUX  202   167.70        1.787671E+15   2.0704E-12   1.1010E-11   0.18805
FLUX  203   168.50        1.779184E+15   4.9390E-12   6.5392E-11   0.07553
FLUX  204   169.50        1.768687E+15   9.7241E-12   7.2760E-11   0.13365
FLUX  205   170.50        1.758314E+15   1.1968E-11   8.1042E-11   0.14767
FLUX  206   171.50        1.748061E+15   1.2195E-11   1.6151E-10   0.07551
FLUX  207   172.50        1.737928E+15   1.6144E-11   1.7903E-10   0.09018
FLUX  208   173.50        1.727911E+15   2.0526E-11   1.9601E-10   0.10472
FLUX  209   174.50        1.718009E+15   2.9052E-11   2.1492E-10   0.13517
FLUX  210   175.50        1.708219E+15   4.2012E-11   2.3355E-10   0.17988
FLUX  211   176.50        1.698541E+15   4.1683E-11   2.5296E-10   0.16478
FLUX  212   177.50        1.688972E+15   4.3509E-11   2.7329E-10   0.15921
FLUX  213   178.50        1.679510E+15   5.7637E-11   2.9450E-10   0.19571
FLUX  214   179.50        1.670153E+15   7.1671E-11   3.1663E-10   0.22636
FLUX  215   180.50        1.660900E+15   7.4515E-11   3.4012E-10   0.21909
FLUX  216   181.50        1.651749E+15   7.5016E-11   3.6450E-10   0.20580
FLUX  217   182.50        1.642699E+15   9.5992E-11   3.9022E-10   0.24600
FLUX  218   183.50        1.633747E+15   1.1057E-10   4.1694E-10   0.26519
FLUX  219   184.50        1.624892E+15   8.0898E-11   4.4509E-10   0.18176
FLUX  220   185.50        1.616132E+15   1.2151E-10   4.7530E-10   0.25565
FLUX  221   186.50        1.607466E+15   1.4776E-10   5.0627E-10   0.29187
FLUX  222   187.50        1.598893E+15   1.6703E-10   5.8473E-10   0.28564
FLUX  223   188.50        1.590411E+15   1.8744E-10   6.1795E-10   0.30333
FLUX  224   189.50        1.582018E+15   2.4452E-10   6.5240E-10   0.37480
FLUX  225   190.50        1.573714E+15   2.3947E-10   6.8801E-10   0.34806
FLUX  226   191.50        1.565496E+15   2.6799E-10   7.2539E-10   0.36944
FLUX  227   192.50        1.557364E+15   2.8979E-10   7.6443E-10   0.37909
FLUX  228   193.50        1.549315E+15   2.0305E-10   8.0508E-10   0.25221
FLUX  229   194.50        1.541350E+15   3.9736E-10   8.4816E-10   0.46850
FLUX  230   195.50        1.533465E+15   4.1259E-10   8.9330E-10   0.46187
FLUX  231   196.70        1.524110E+15   5.5559E-10   9.5013E-10   0.58475
FLUX  232   197.60        1.517169E+15   5.3982E-10   1.0938E-09   0.49352
FLUX  233   198.40        1.511051E+15   5.8712E-10   1.1396E-09   0.51518
FLUX  234   199.50        1.502719E+15   6.4187E-10   1.2691E-09   0.50576
FLUX  235   200.50        1.495224E+15   6.8469E-10   1.3364E-09   0.51235
FLUX  236   201.50        1.487804E+15   7.3763E-10   1.4082E-09   0.52381
FLUX  237   202.50        1.480457E+15   6.4227E-10   1.4825E-09   0.43323
FLUX  238   203.50        1.473182E+15   8.7215E-10   1.5598E-09   0.55914
FLUX  239   204.50        1.465978E+15   1.0230E-09   1.6414E-09   0.62327
FLUX  240   205.50        1.458844E+15   1.0373E-09   1.7252E-09   0.60124
FLUX  241   206.50        1.451780E+15   1.0406E-09   1.8113E-09   0.57449
FLUX  242   207.40        1.445480E+15   1.1908E-09   1.8910E-09   0.62974
FLUX  243   207.80        1.442697E+15   1.4633E-09   2.4124E-08   0.06066
FLUX  244   208.50        1.437854E+15   1.6178E-09   2.5242E-08   0.06409
FLUX  245   209.50        1.430990E+15   2.5909E-09   2.6782E-08   0.09674
FLUX  246   210.50        1.424192E+15   4.5247E-09   2.8156E-08   0.16070
FLUX  247   211.50        1.417459E+15   4.9200E-09   2.9307E-08   0.16788
FLUX  248   212.50        1.410788E+15   3.8786E-09   3.0436E-08   0.12743
FLUX  249   213.50        1.404180E+15   3.9739E-09   3.1561E-08   0.12591
FLUX  250   214.50        1.397634E+15   6.0097E-09   3.2571E-08   0.18451
FLUX  251   215.50        1.391148E+15   6.3767E-09   3.3564E-08   0.18999
FLUX  252   216.50        1.384723E+15   5.7648E-09   3.4591E-08   0.16666
FLUX  253   217.50        1.378356E+15   6.2261E-09   3.5654E-08   0.17462
FLUX  254   218.50        1.372048E+15   8.2889E-09   3.6846E-08   0.22496
FLUX  255   219.50        1.365797E+15   8.6031E-09   3.8106E-08   0.22577
FLUX  256   220.50        1.359603E+15   8.2285E-09   3.9440E-08   0.20863
FLUX  257   221.50        1.353465E+15   5.4444E-09   4.0868E-08   0.13322
FLUX  258   222.50        1.347382E+15   7.2912E-09   4.3885E-08   0.16614
FLUX  259   223.50        1.341353E+15   1.1779E-08   4.5535E-08   0.25868
FLUX  260   224.50        1.335379E+15   1.0927E-08   4.7262E-08   0.23121
FLUX  261   225.50        1.329457E+15   7.8054E-09   6.0496E-08   0.12902
FLUX  262   226.50        1.323587E+15   6.6676E-09   6.2054E-08   0.10745
FLUX  263   227.50        1.317769E+15   1.0174E-08   6.3617E-08   0.15993
FLUX  264   228.50        1.312002E+15   1.3219E-08   6.5163E-08   0.20285
FLUX  265   229.50        1.306285E+15   1.1084E-08   6.6709E-08   0.16615
FLUX  266   230.50        1.300618E+15   1.4255E-08   6.8217E-08   0.20897
FLUX  267   231.50        1.295000E+15   1.0779E-08   6.9740E-08   0.15455
FLUX  268   232.50        1.289430E+15   9.9619E-09   7.1288E-08   0.13974
FLUX  269   233.50        1.283908E+15   6.1875E-09   7.5782E-08   0.08165
FLUX  270   234.50        1.278433E+15   4.1260E-09   7.7236E-08   0.05342
FLUX  271   235.50        1.273004E+15   9.2162E-09   7.8705E-08   0.11710
FLUX  272   236.50        1.267622E+15   4.8881E-09   8.0195E-08   0.06095
FLUX  273   237.50        1.262284E+15   6.8543E-09   8.1710E-08   0.08388
FLUX  274   238.50        1.256992E+15   3.6472E-09   8.3303E-08   0.04378
FLUX  275   239.50        1.251743E+15   5.1364E-09   8.4892E-08   0.06051
FLUX  276   240.50        1.246538E+15   5.2376E-09   8.6500E-08   0.06055
FLUX  277   241.50        1.241377E+15   7.3895E-09   8.8138E-08   0.08384
FLUX  278   242.50        1.236258E+15   1.6144E-08   8.9816E-08   0.17974
FLUX  279   243.50        1.231181E+15   1.8366E-08   9.1534E-08   0.20065
FLUX  280   244.50        1.226145E+15   2.3090E-08   9.7719E-08   0.23629
FLUX  281   245.50        1.221151E+15   2.5019E-08   9.9302E-08   0.25195
FLUX  282   246.50        1.216197E+15   1.9858E-08   1.0090E-07   0.19681
FLUX  283   247.50        1.211283E+15   1.7757E-08   1.0250E-07   0.17324
FLUX  284   248.50        1.206408E+15   8.4230E-09   1.0412E-07   0.08089
FLUX  285   249.50        1.201573E+15   1.4073E-08   1.0577E-07   0.13305
FLUX  286   250.50        1.196776E+15   2.2609E-08   1.1091E-07   0.20384
FLUX  287   251.30        1.192967E+15   1.0708E-08   1.1212E-07   0.09551
FLUX  288   251.80        1.190598E+15   7.4091E-09   5.3940E-07   0.01374
FLUX  289   252.50        1.187297E+15   7.5757E-09   5.4684E-07   0.01385
FLUX  290   253.50        1.182613E+15   1.2686E-08   5.5749E-07   0.02276
FLUX  291   254.50        1.177967E+15   1.8918E-08   5.6813E-07   0.03330
FLUX  292   255.50        1.173356E+15   5.2503E-08   5.7890E-07   0.09069
FLUX  293   256.50        1.168782E+15   2.8890E-08   5.8981E-07   0.04898
FLUX  294   257.50        1.164243E+15   3.9933E-08   6.0087E-07   0.06646
FLUX  295   258.50        1.159739E+15   2.6983E-08   6.1208E-07   0.04408
FLUX  296   259.50        1.155270E+15   2.1446E-08   6.2343E-07   0.03440
FLUX  297   260.50        1.150835E+15   1.5829E-08   6.3492E-07   0.02493
FLUX  298   261.50        1.146434E+15   1.4950E-08   6.4647E-07   0.02313
FLUX  299   262.50        1.142067E+15   2.1956E-08   6.5818E-07   0.03336
FLUX  300   263.50        1.137732E+15   6.2295E-08   6.7948E-07   0.09168
FLUX  301   264.50        1.133431E+15   1.1658E-07   6.9120E-07   0.16867
FLUX  302   265.50        1.129162E+15   1.7248E-07   7.0310E-07   0.24531
FLUX  303   266.50        1.124925E+15   9.4825E-08   7.1512E-07   0.13260
FLUX  304   267.50        1.120720E+15   1.1097E-07   7.2728E-07   0.15259
FLUX  305   268.50        1.116546E+15   1.3458E-07   7.3952E-07   0.18199
FLUX  306   269.50        1.112403E+15   9.9605E-08   7.5184E-07   0.13248
FLUX  307   270.50        1.108290E+15   1.3259E-07   7.7507E-07   0.17107
FLUX  308   271.50        1.104208E+15   7.8942E-08   7.8709E-07   0.10030
FLUX  309   272.50        1.100156E+15   5.6948E-08   7.9922E-07   0.07125
FLUX  310   273.50        1.096133E+15   7.2641E-08   8.1145E-07   0.08952
FLUX  311   274.50        1.092140E+15   2.9898E-08   8.2378E-07   0.03629
FLUX  312   275.50        1.088176E+15   4.5300E-08   8.3623E-07   0.05417
FLUX  313   276.50        1.084241E+15   6.7812E-08   8.4865E-07   0.07991
FLUX  314   277.50        1.080333E+15   7.2242E-08   8.6113E-07   0.08389
FLUX  315   278.50        1.076454E+15   3.8428E-08   8.7372E-07   0.04398
FLUX  316   279.50        1.072603E+15   1.2014E-08   8.8643E-07   0.01355
FLUX  317   280.50        1.068779E+15   1.6008E-08   8.9926E-07   0.01780
FLUX  318   281.50        1.064982E+15   5.9632E-08   9.1222E-07   0.06537
FLUX  319   282.50        1.061212E+15   1.1479E-07   9.2535E-07   0.12405
FLUX  320   283.50        1.057469E+15   1.2811E-07   9.3861E-07   0.13649
FLUX  321   284.50        1.053752E+15   9.4133E-08   9.5200E-07   0.09888
FLUX  322   285.50        1.050061E+15   4.3634E-08   9.6542E-07   0.04520
FLUX  323   286.50        1.046396E+15   1.3945E-07   9.7893E-07   0.14245
FLUX  324   287.50        1.042757E+15   2.0484E-07   9.9255E-07   0.20637
FLUX  325   288.50        1.039142E+15   1.8469E-07   1.0062E-06   0.18354
FLUX  326   289.50        1.035553E+15   2.1865E-07   1.0200E-06   0.21437
FLUX  327   291.00        1.030215E+15   3.0862E-07   1.0479E-06   0.29451
FLUX  328   293.00        1.023183E+15   2.8271E-07   1.0752E-06   0.26294
FLUX  329   295.00        1.016246E+15   2.7164E-07   1.1041E-06   0.24602
FLUX  330   297.00        1.009402E+15   3.1787E-07   1.1316E-06   0.28090
FLUX  331   299.00        1.002651E+15   3.2209E-07   1.1593E-06   0.27782
FLUX  332   301.00        9.959884E+14   3.4254E-07   1.1875E-06   0.28846
FLUX  333   303.00        9.894142E+14   3.7093E-07   1.2158E-06   0.30509
FLUX  334   305.00        9.829262E+14   3.9469E-07   1.2441E-06   0.31725
FLUX  335   307.00        9.765228E+14   3.8571E-07   1.2725E-06   0.30311
FLUX  336   309.00        9.702023E+14   4.1679E-07   1.3072E-06   0.31884
FLUX  337   311.00        9.639630E+14   4.5080E-07   1.3350E-06   0.33769
FLUX  338   313.00        9.578035E+14   4.2057E-07   1.3645E-06   0.30823
FLUX  339   315.00        9.517222E+14   4.2309E-07   1.3919E-06   0.30397
FLUX  340   317.00        9.457177E+14   4.6780E-07   1.4191E-06   0.32965
FLUX  341   319.00        9.397884E+14   4.1891E-07   1.4464E-06   0.28962
FLUX  342   321.00        9.339330E+14   4.8525E-07   1.4740E-06   0.32920
FLUX  343   323.00        9.281502E+14   3.7696E-07   1.5032E-06   0.25077
FLUX  344   325.00        9.224385E+14   5.6291E-07   1.5303E-06   0.36783
FLUX  345   327.00        9.167966E+14   6.7738E-07   1.5574E-06   0.43496
FLUX  346   329.00        9.112234E+14   6.5510E-07   1.5855E-06   0.41319
FLUX  347   331.00        9.057175E+14   6.4138E-07   1.6125E-06   0.39776
FLUX  348   333.00        9.002778E+14   6.5557E-07   1.6393E-06   0.39990
FLUX  349   335.00        8.949030E+14   6.3496E-07   1.6660E-06   0.38113
FLUX  350   337.00        8.895920E+14   5.1973E-07   1.6933E-06   0.30694
FLUX  351   339.00        8.843437E+14   6.0668E-07   1.7210E-06   0.35252
FLUX  352   341.00        8.791569E+14   6.6362E-07   1.7479E-06   0.37967
FLUX  353   343.00        8.740306E+14   7.0654E-07   1.7746E-06   0.39814
FLUX  354   345.00        8.689638E+14   7.8391E-07   1.8020E-06   0.43501
FLUX  355   347.00        8.639553E+14   7.9233E-07   1.8298E-06   0.43302
FLUX  356   349.00        8.590043E+14   8.5089E-07   1.8575E-06   0.45808
FLUX  357   351.00        8.541097E+14   9.0758E-07   1.8852E-06   0.48142
FLUX  358   353.00        8.492705E+14   8.4860E-07   1.9128E-06   0.44364
FLUX  359   355.00        8.444859E+14   9.8399E-07   1.9411E-06   0.50691
FLUX  360   357.00        8.397549E+14   7.4104E-07   1.9708E-06   0.37601
FLUX  361   359.00        8.350766E+14   7.8015E-07   2.0005E-06   0.38998
FLUX  362   361.00        8.304501E+14   9.0673E-07   2.0303E-06   0.44660
FLUX  363   363.00        8.258747E+14   9.5353E-07   2.0601E-06   0.46285
FLUX  364   364.00        8.236058E+14   9.5291E-07   2.0753E-06   0.45917
FLUX  365   365.00        8.213493E+14   1.0829E-06   3.3034E-06   0.32782
FLUX  366   367.00        8.168733E+14   1.1058E-06   3.3418E-06   0.33092
FLUX  367   369.00        8.124458E+14   1.1131E-06   3.3799E-06   0.32932
FLUX  368   371.00        8.080660E+14   1.2906E-06   3.4186E-06   0.37751
FLUX  369   373.00        8.037332E+14   1.1243E-06   3.4565E-06   0.32527
FLUX  370   375.00        7.994467E+14   1.2615E-06   3.4942E-06   0.36103
FLUX  371   377.00        7.952056E+14   1.4068E-06   3.5620E-06   0.39494
FLUX  372   379.00        7.910092E+14   1.4525E-06   3.6026E-06   0.40318
FLUX  373   381.00        7.868570E+14   1.4524E-06   3.6428E-06   0.39870
FLUX  374   383.00        7.827480E+14   1.0169E-06   3.6826E-06   0.27613
FLUX  375   385.00        7.786818E+14   1.1254E-06   3.7251E-06   0.30212
FLUX  376   387.00        7.746576E+14   1.1135E-06   3.7645E-06   0.29580
FLUX  377   389.00        7.706748E+14   1.4461E-06   3.8058E-06   0.37998
FLUX  378   391.00        7.667327E+14   1.6491E-06   3.8473E-06   0.42864
FLUX  379   393.00        7.628308E+14   6.9841E-07   3.8884E-06   0.17961
FLUX  380   395.00        7.589684E+14   1.3171E-06   3.9291E-06   0.33522
FLUX  381   397.00        7.551448E+14   8.4282E-07   3.9693E-06   0.21233
FLUX  382   399.00        7.513596E+14   2.0408E-06   4.0091E-06   0.50905
FLUX  383   401.00        7.476122E+14   2.2992E-06   4.0524E-06   0.56738
FLUX  384   403.00        7.439020E+14   2.3271E-06   4.0941E-06   0.56840
FLUX  385   405.00        7.402284E+14   2.2864E-06   4.1351E-06   0.55292
FLUX  386   407.00        7.365909E+14   2.2545E-06   4.1755E-06   0.53994
FLUX  387   409.00        7.329890E+14   2.6134E-06   4.2153E-06   0.61996
FLUX  388   411.00        7.294221E+14   2.5887E-06   4.2546E-06   0.60844
FLUX  389   413.00        7.258898E+14   2.5506E-06   4.2933E-06   0.59409
FLUX  390   415.00        7.223916E+14   2.6146E-06   4.3330E-06   0.60343
FLUX  391   417.00        7.189269E+14   2.5805E-06   4.3724E-06   0.59017
FLUX  392   419.00        7.154952E+14   2.5539E-06   4.4107E-06   0.57902
FLUX  393   421.00        7.120962E+14   2.6597E-06   4.4484E-06   0.59791
FLUX  394   423.00        7.087293E+14   2.6651E-06   4.4854E-06   0.59417
FLUX  395   425.00        7.053941E+14   2.7165E-06   4.5219E-06   0.60073
FLUX  396   427.00        7.020902E+14   2.5936E-06   4.5578E-06   0.56905
FLUX  397   429.00        6.988170E+14   2.3612E-06   4.5934E-06   0.51405
FLUX  398   431.00        6.955742E+14   1.9437E-06   4.6285E-06   0.41994
FLUX  399   433.00        6.923614E+14   2.8999E-06   4.6631E-06   0.62188
FLUX  400   435.00        6.891782E+14   2.7861E-06   4.6976E-06   0.59310
FLUX  401   437.00        6.860240E+14   3.1011E-06   4.7313E-06   0.65544
FLUX  402   439.00        6.828986E+14   2.8704E-06   4.7645E-06   0.60245
FLUX  403   441.00        6.798016E+14   3.1210E-06   4.7973E-06   0.65057
FLUX  404   443.00        6.767325E+14   3.2957E-06   4.8299E-06   0.68235
FLUX  405   445.00        6.736910E+14   3.3429E-06   4.8622E-06   0.68754
FLUX  406   447.00        6.706767E+14   3.5655E-06   4.8942E-06   0.72851
FLUX  407   449.00        6.676893E+14   3.6349E-06   4.9258E-06   0.73792
FLUX  408   451.00        6.647284E+14   4.0741E-06   4.9572E-06   0.82185
FLUX  409   453.00        6.617936E+14   3.6934E-06   4.9883E-06   0.74041
FLUX  410   455.00        6.588846E+14   3.8071E-06   5.0192E-06   0.75851
FLUX  411   457.00        6.560011E+14   4.1251E-06   5.0497E-06   0.81689
FLUX  412   459.00        6.531427E+14   3.9134E-06   5.0800E-06   0.77035
FLUX  413   461.00        6.503091E+14   4.1045E-06   5.1101E-06   0.80322
FLUX  414   463.00        6.475000E+14   4.0424E-06   5.1399E-06   0.78647
FLUX  415   465.00        6.447151E+14   4.1500E-06   5.1695E-06   0.80279
FLUX  416   467.00        6.419540E+14   4.2758E-06   5.1988E-06   0.82245
FLUX  417   469.00        6.392164E+14   4.2207E-06   5.2280E-06   0.80734
FLUX  418   471.00        6.365021E+14   4.1127E-06   5.2569E-06   0.78234
FLUX  419   473.00        6.338108E+14   4.3609E-06   5.2856E-06   0.82506
FLUX  420   475.00        6.311421E+14   4.5298E-06   5.3141E-06   0.85241
FLUX  421   477.00        6.284958E+14   4.5721E-06   5.3426E-06   0.85579
FLUX  422   479.00        6.258716E+14   4.5981E-06   5.3705E-06   0.85618
FLUX  423   481.00        6.232692E+14   4.5485E-06   5.3982E-06   0.84260
FLUX  424   483.00        6.206884E+14   4.6896E-06   5.4257E-06   0.86433
FLUX  425   485.00        6.181289E+14   4.4158E-06   5.4530E-06   0.80979
FLUX  426   487.00        6.155903E+14   4.0186E-06   5.4801E-06   0.73331
FLUX  427   489.00        6.130726E+14   4.6215E-06   5.5071E-06   0.83920
FLUX  428   491.00        6.105754E+14   4.6251E-06   5.5338E-06   0.83578
FLUX  429   493.00        6.080984E+14   4.5911E-06   5.5604E-06   0.82568
FLUX  430   495.00        6.056414E+14   4.8750E-06   5.5868E-06   0.87260
FLUX  431   497.00        6.032042E+14   4.8755E-06   5.6130E-06   0.86861
FLUX  432   499.00        6.007866E+14   4.5525E-06   5.6390E-06   0.80731
FLUX  433   501.00        5.983882E+14   4.3924E-06   5.6649E-06   0.77538
FLUX  434   503.00        5.960089E+14   4.6950E-06   5.6905E-06   0.82506
FLUX  435   505.00        5.936485E+14   4.7826E-06   5.7160E-06   0.83671
FLUX  436   507.00        5.913067E+14   5.0068E-06   5.7412E-06   0.87208
FLUX  437   509.00        5.889833E+14   4.8167E-06   5.7663E-06   0.83532
FLUX  438   511.00        5.866781E+14   4.9384E-06   5.7911E-06   0.85275
FLUX  439   513.00        5.843908E+14   4.7937E-06   5.8158E-06   0.82425
FLUX  440   515.00        5.821214E+14   4.7188E-06   5.8403E-06   0.80797
FLUX  441   517.00        5.798694E+14   4.6326E-06   5.8646E-06   0.78992
FLUX  442   519.00        5.776349E+14   4.6899E-06   5.8888E-06   0.79642
FLUX  443   521.00        5.754175E+14   4.9223E-06   5.9127E-06   0.83249
FLUX  444   523.00        5.732170E+14   5.0086E-06   5.9365E-06   0.84369
FLUX  445   525.00        5.710333E+14   5.1328E-06   5.9601E-06   0.86119
FLUX  446   527.00        5.688662E+14   4.6788E-06   5.9834E-06   0.78197
FLUX  447   529.00        5.667155E+14   5.2114E-06   6.0066E-06   0.86761
FLUX  448   531.00        5.645810E+14   5.3979E-06   6.0296E-06   0.89523
FLUX  449   533.00        5.624625E+14   4.9914E-06   6.0525E-06   0.82468
FLUX  450   535.00        5.603598E+14   5.3948E-06   6.0751E-06   0.88802
FLUX  451   537.00        5.582728E+14   5.4763E-06   6.0976E-06   0.89810
FLUX  452   539.00        5.562013E+14   5.3928E-06   6.1199E-06   0.88120
FLUX  453   541.00        5.541451E+14   5.2794E-06   6.1420E-06   0.85956
FLUX  454   543.00        5.521041E+14   5.4206E-06   6.1639E-06   0.87941
FLUX  455   545.00        5.500780E+14   5.6917E-06   6.1857E-06   0.92015
FLUX  456   547.00        5.480667E+14   5.5487E-06   6.2072E-06   0.89392
FLUX  457   549.00        5.460701E+14   5.5137E-06   6.2285E-06   0.88524
FLUX  458   551.00        5.440880E+14   5.5475E-06   6.2497E-06   0.88763
FLUX  459   553.00        5.421203E+14   5.6744E-06   6.2708E-06   0.90489
FLUX  460   555.00        5.401667E+14   5.7825E-06   6.2917E-06   0.91906
FLUX  461   557.00        5.382271E+14   5.7092E-06   6.3124E-06   0.90444
FLUX  462   559.00        5.363014E+14   5.6203E-06   6.3330E-06   0.88746
FLUX  463   561.00        5.343895E+14   5.8602E-06   6.3534E-06   0.92238
FLUX  464   563.00        5.324911E+14   5.8598E-06   6.3806E-06   0.91836
FLUX  465   565.00        5.306062E+14   5.8650E-06   6.4007E-06   0.91629
FLUX  466   567.00        5.287346E+14   5.7534E-06   6.4207E-06   0.89608
FLUX  467   569.00        5.268761E+14   5.9227E-06   6.4404E-06   0.91961
FLUX  468   571.00        5.250306E+14   5.8277E-06   6.4600E-06   0.90213
FLUX  469   573.00        5.231981E+14   6.2738E-06   6.4794E-06   0.96828
FLUX  470   575.00        5.213783E+14   6.0865E-06   6.4986E-06   0.93659
FLUX  471   577.00        5.195711E+14   6.2061E-06   6.5175E-06   0.95222
FLUX  472   579.00        5.177763E+14   6.0298E-06   6.5363E-06   0.92251
FLUX  473   581.00        5.159940E+14   6.2331E-06   6.5550E-06   0.95090
FLUX  474   583.00        5.142238E+14   6.3771E-06   6.5734E-06   0.97014
FLUX  475   585.00        5.124658E+14   6.2733E-06   6.5917E-06   0.95169
FLUX  476   587.00        5.107198E+14   6.3355E-06   6.6099E-06   0.95849
FLUX  477   589.00        5.089856E+14   6.0646E-06   6.6278E-06   0.91501
FLUX  478   591.00        5.072631E+14   6.3425E-06   6.6456E-06   0.95439
FLUX  479   593.00        5.055523E+14   6.3615E-06   6.6633E-06   0.95471
FLUX  480   595.00        5.038529E+14   6.4076E-06   6.6807E-06   0.95912
FLUX  481   597.00        5.021650E+14   6.4892E-06   6.6981E-06   0.96882
FLUX  482   599.00        5.004883E+14   6.4315E-06   6.7152E-06   0.95776
FLUX  483   601.00        4.988228E+14   6.3657E-06   6.7322E-06   0.94556
FLUX  484   603.00        4.971683E+14   6.4617E-06   6.7491E-06   0.95743
FLUX  485   605.00        4.955248E+14   6.5944E-06   6.7658E-06   0.97467
FLUX  486   607.00        4.938921E+14   6.6180E-06   6.7824E-06   0.97576
FLUX  487   609.00        4.922701E+14   6.4449E-06   6.7988E-06   0.94796
FLUX  488   611.00        4.906588E+14   6.4337E-06   6.8150E-06   0.94404
FLUX  489   613.00        4.890579E+14   6.2659E-06   6.8311E-06   0.91727
FLUX  490   615.00        4.874675E+14   6.3648E-06   6.8470E-06   0.92957
FLUX  491   617.00        4.858874E+14   6.2482E-06   6.8628E-06   0.91045
FLUX  492   619.00        4.843174E+14   6.5888E-06   6.8784E-06   0.95790
FLUX  493   621.00        4.827576E+14   6.6470E-06   6.8940E-06   0.96417
FLUX  494   623.00        4.812079E+14   6.4786E-06   6.9093E-06   0.93766
FLUX  495   625.00        4.796680E+14   6.2772E-06   6.9245E-06   0.90652
FLUX  496   627.00        4.781380E+14   6.6367E-06   6.9395E-06   0.95636
FLUX  497   629.00        4.766176E+14   6.6991E-06   6.9544E-06   0.96330
FLUX  498   631.00        4.751070E+14   6.5197E-06   6.9691E-06   0.93551
FLUX  499   633.00        4.736058E+14   6.6089E-06   6.9837E-06   0.94634
FLUX  500   635.00        4.721142E+14   6.6542E-06   6.9981E-06   0.95086
FLUX  501   637.00        4.706319E+14   6.6459E-06   7.0124E-06   0.94773
FLUX  502   639.00        4.691588E+14   6.7586E-06   7.0265E-06   0.96187
FLUX  503   641.00        4.676950E+14   6.6446E-06   7.0405E-06   0.94377
FLUX  504   643.00        4.662403E+14   6.7445E-06   7.0543E-06   0.95608
FLUX  505   645.00        4.647946E+14   6.7188E-06   7.0680E-06   0.95060
FLUX  506   647.00        4.633578E+14   6.7507E-06   7.0815E-06   0.95328
FLUX  507   649.00        4.619299E+14   6.6631E-06   7.0949E-06   0.93914
FLUX  508   651.00        4.605108E+14   6.8468E-06   7.1081E-06   0.96324
FLUX  509   653.00        4.591003E+14   6.8915E-06   7.1212E-06   0.96775
FLUX  510   655.00        4.576985E+14   6.7813E-06   7.1427E-06   0.94940
FLUX  511   657.00        4.563052E+14   6.1933E-06   7.1555E-06   0.86553
FLUX  512   659.00        4.549203E+14   6.8725E-06   7.1682E-06   0.95874
FLUX  513   661.00        4.535439E+14   6.9516E-06   7.1807E-06   0.96809
FLUX  514   663.00        4.521757E+14   6.9618E-06   7.1931E-06   0.96784
FLUX  515   665.00        4.508158E+14   6.9759E-06   7.2054E-06   0.96816
FLUX  516   667.00        4.494640E+14   6.9313E-06   7.2175E-06   0.96035
FLUX  517   669.00        4.481203E+14   7.0780E-06   7.2294E-06   0.97906
FLUX  518   671.00        4.467846E+14   6.9515E-06   7.2413E-06   0.95998
FLUX  519   673.00        4.454569E+14   7.0844E-06   7.2530E-06   0.97676
FLUX  520   675.00        4.441370E+14   7.0099E-06   7.2645E-06   0.96495
FLUX  521   677.00        4.428250E+14   7.0666E-06   7.2760E-06   0.97123
FLUX  522   679.00        4.415206E+14   7.0491E-06   7.2873E-06   0.96732
FLUX  523   681.00        4.402239E+14   7.0611E-06   7.2984E-06   0.96749
FLUX  524   683.00        4.389348E+14   7.1285E-06   7.3095E-06   0.97523
FLUX  525   685.00        4.376533E+14   7.0060E-06   7.3204E-06   0.95705
FLUX  526   687.00        4.363792E+14   7.1201E-06   7.3312E-06   0.97121
FLUX  527   689.00        4.351125E+14   7.1715E-06   7.3419E-06   0.97680
FLUX  528   691.00        4.338531E+14   7.1470E-06   7.3524E-06   0.97206
FLUX  529   693.00        4.326010E+14   7.1517E-06   7.3628E-06   0.97132
FLUX  530   695.00        4.313561E+14   7.1483E-06   7.3731E-06   0.96952
FLUX  531   697.00        4.301184E+14   7.1892E-06   7.3832E-06   0.97372
FLUX  532   699.00        4.288877E+14   7.1919E-06   7.3933E-06   0.97276
FLUX  533   701.00        4.276641E+14   6.9923E-06   7.4032E-06   0.94449
FLUX  534   703.00        4.264474E+14   7.1513E-06   7.4130E-06   0.96469
FLUX  535   705.00        4.252376E+14   7.2256E-06   7.4226E-06   0.97345
FLUX  536   707.00        4.240347E+14   7.1859E-06   7.4322E-06   0.96687
FLUX  537   709.00        4.228385E+14   7.1937E-06   7.4416E-06   0.96669
FLUX  538   711.00        4.216491E+14   7.2050E-06   7.4508E-06   0.96701
FLUX  539   713.00        4.204663E+14   7.1580E-06   7.4600E-06   0.95952
FLUX  540   715.00        4.192902E+14   7.1664E-06   7.4690E-06   0.95948
FLUX  541   717.00        4.181206E+14   7.1739E-06   7.4780E-06   0.95935
FLUX  542   719.00        4.169576E+14   6.9978E-06   7.4867E-06   0.93469
FLUX  543   721.00        4.158010E+14   7.1806E-06   7.4954E-06   0.95800
FLUX  544   723.00        4.146508E+14   7.1941E-06   7.5040E-06   0.95871
FLUX  545   725.00        4.135069E+14   7.2758E-06   7.5176E-06   0.96784
FLUX  546   727.00        4.123693E+14   7.2828E-06   7.5259E-06   0.96771
FLUX  547   729.00        4.112380E+14   7.1090E-06   7.5341E-06   0.94358
FLUX  548   731.00        4.101129E+14   7.2404E-06   7.5534E-06   0.95857
FLUX  549   733.00        4.089939E+14   7.2761E-06   7.5614E-06   0.96227
FLUX  550   735.00        4.078810E+14   7.3052E-06   7.5693E-06   0.96512
FLUX  551   737.00        4.067741E+14   7.3675E-06   7.5770E-06   0.97235
FLUX  552   739.00        4.056732E+14   7.2140E-06   7.5847E-06   0.95113
FLUX  553   741.00        4.045783E+14   7.1522E-06   7.5923E-06   0.94204
FLUX  554   743.00        4.034892E+14   7.2456E-06   7.5997E-06   0.95341
FLUX  555   745.00        4.024060E+14   7.3014E-06   7.6070E-06   0.95982
FLUX  556   747.00        4.013286E+14   7.3786E-06   7.6142E-06   0.96905
FLUX  557   749.00        4.002570E+14   7.3437E-06   7.6214E-06   0.96356
FLUX  558   751.00        3.991911E+14   7.3935E-06   7.6284E-06   0.96921
FLUX  559   753.00        3.981308E+14   7.4201E-06   7.6353E-06   0.97182
FLUX  560   755.00        3.970762E+14   7.4802E-06   7.6421E-06   0.97881
FLUX  561   757.00        3.960271E+14   7.4299E-06   7.6489E-06   0.97137
FLUX  562   759.00        3.949835E+14   7.4493E-06   7.6555E-06   0.97306
FLUX  563   761.00        3.939455E+14   7.4473E-06   7.6620E-06   0.97198
FLUX  564   763.00        3.929128E+14   7.5029E-06   7.6684E-06   0.97841
FLUX  565   765.00        3.918856E+14   7.4996E-06   7.6747E-06   0.97718
FLUX  566   767.00        3.908638E+14   7.3454E-06   7.6809E-06   0.95632
FLUX  567   769.00        3.898472E+14   7.5139E-06   7.6871E-06   0.97748
FLUX  568   771.00        3.888359E+14   7.4310E-06   7.6931E-06   0.96594
FLUX  569   773.00        3.878299E+14   7.4645E-06   7.6990E-06   0.96955
FLUX  570   775.00        3.868290E+14   7.4273E-06   7.7048E-06   0.96397
FLUX  571   777.00        3.858333E+14   7.5273E-06   7.7106E-06   0.97623
FLUX  572   779.00        3.848427E+14   7.5863E-06   7.7162E-06   0.98317
FLUX  573   781.00        3.838572E+14   7.5732E-06   7.7218E-06   0.98076
FLUX  574   783.00        3.828768E+14   7.5274E-06   7.7272E-06   0.97414
FLUX  575   785.00        3.819013E+14   7.5252E-06   7.7326E-06   0.97318
FLUX  576   787.00        3.809307E+14   7.6076E-06   7.7379E-06   0.98316
FLUX  577   789.00        3.799651E+14   7.5714E-06   7.7430E-06   0.97783
FLUX  578   791.00        3.790044E+14   7.4795E-06   7.7481E-06   0.96533
FLUX  579   793.00        3.780485E+14   7.4111E-06   7.7531E-06   0.95589
FLUX  580   795.00        3.770975E+14   7.4315E-06   7.7580E-06   0.95791
FLUX  581   797.00        3.761512E+14   7.5876E-06   7.7628E-06   0.97743
FLUX  582   799.00        3.752096E+14   7.6080E-06   7.7676E-06   0.97945
FLUX  583   801.00        3.742728E+14   7.5532E-06   7.7722E-06   0.97183
FLUX  584   803.00        3.733406E+14   7.5528E-06   7.7767E-06   0.97121
FLUX  585   805.00        3.724130E+14   7.5339E-06   7.7812E-06   0.96823
FLUX  586   807.00        3.714901E+14   7.5878E-06   7.7855E-06   0.97461
FLUX  587   809.00        3.705717E+14   7.4783E-06   7.7898E-06   0.96001
FLUX  588   811.00        3.696578E+14   7.5858E-06   7.7940E-06   0.97330
FLUX  589   813.00        3.687485E+14   7.6380E-06   7.7981E-06   0.97947
FLUX  590   815.00        3.678436E+14   7.6127E-06   7.8021E-06   0.97572
FLUX  591   817.00        3.669431E+14   7.6291E-06   7.8060E-06   0.97734
FLUX  592   819.00        3.660470E+14   7.4602E-06   7.8099E-06   0.95522
FLUX  593   821.00        3.651553E+14   7.4841E-06   7.8940E-06   0.94807
FLUX  594   823.00        3.642679E+14   7.5161E-06   7.8978E-06   0.95168
FLUX  595   825.00        3.633848E+14   7.5717E-06   7.9015E-06   0.95826
FLUX  596   827.00        3.625060E+14   7.6799E-06   7.9052E-06   0.97150
FLUX  597   829.00        3.616315E+14   7.6608E-06   7.9088E-06   0.96864
FLUX  598   831.00        3.607611E+14   7.5267E-06   7.9123E-06   0.95127
FLUX  599   833.00        3.598950E+14   7.5250E-06   7.9157E-06   0.95065
FLUX  600   835.00        3.590329E+14   7.5914E-06   7.9191E-06   0.95862
FLUX  601   837.00        3.581750E+14   7.6352E-06   7.9224E-06   0.96376
FLUX  602   839.00        3.573212E+14   7.5329E-06   7.9256E-06   0.95046
FLUX  603   841.00        3.564715E+14   7.6575E-06   7.9287E-06   0.96579
FLUX  604   843.00        3.556257E+14   7.5331E-06   7.9318E-06   0.94972
FLUX  605   845.00        3.547840E+14   7.6004E-06   7.9349E-06   0.95784
FLUX  606   847.00        3.539463E+14   7.5755E-06   7.9378E-06   0.95435
FLUX  607   849.00        3.531125E+14   7.5021E-06   7.9407E-06   0.94477
FLUX  608   851.00        3.522826E+14   7.1061E-06   7.9435E-06   0.89458
FLUX  609   853.00        3.514566E+14   7.4225E-06   7.9463E-06   0.93408
FLUX  610   855.00        3.506345E+14   6.1426E-06   7.9490E-06   0.77275
FLUX  611   857.00        3.498162E+14   7.7295E-06   7.9516E-06   0.97207
FLUX  612   859.00        3.490017E+14   7.5921E-06   7.9542E-06   0.95448
FLUX  613   861.00        3.481911E+14   7.5707E-06   7.9567E-06   0.95149
FLUX  614   863.00        3.473841E+14   7.7445E-06   7.9591E-06   0.97304
FLUX  615   865.00        3.465809E+14   7.6231E-06   7.9615E-06   0.95750
FLUX  616   867.00        3.457814E+14   6.3494E-06   7.9638E-06   0.79728
FLUX  617   869.00        3.449856E+14   7.5466E-06   7.9660E-06   0.94734
FLUX  618   871.00        3.441935E+14   7.7169E-06   7.9682E-06   0.96846
FLUX  619   873.00        3.434049E+14   7.7373E-06   7.9703E-06   0.97076
FLUX  620   875.00        3.426200E+14   7.4847E-06   7.9724E-06   0.93883
FLUX  621   877.00        3.418387E+14   7.7950E-06   7.9744E-06   0.97750
FLUX  622   879.00        3.410609E+14   7.7571E-06   7.9764E-06   0.97251
FLUX  623   881.00        3.402866E+14   7.6499E-06   7.9783E-06   0.95885
FLUX  624   883.00        3.395159E+14   7.7518E-06   7.9801E-06   0.97140
FLUX  625   885.00        3.387486E+14   7.7488E-06   7.9819E-06   0.97080
FLUX  626   887.00        3.379848E+14   7.4802E-06   7.9836E-06   0.93695
FLUX  627   889.00        3.372244E+14   7.8058E-06   7.9853E-06   0.97752
FLUX  628   891.00        3.364675E+14   7.8642E-06   7.9869E-06   0.98464
FLUX  629   893.00        3.357139E+14   7.7278E-06   7.9884E-06   0.96737
FLUX  630   895.00        3.349637E+14   7.7679E-06   7.9899E-06   0.97221
FLUX  631   897.00        3.342168E+14   7.7940E-06   7.9913E-06   0.97530
FLUX  632   899.00        3.334733E+14   7.8255E-06   7.9927E-06   0.97908
FLUX  633   901.00        3.327331E+14   7.4270E-06   7.9940E-06   0.92907
FLUX  634   903.00        3.319961E+14   7.7425E-06   7.9953E-06   0.96839
FLUX  635   905.00        3.312624E+14   7.9185E-06   7.9965E-06   0.99025
FLUX  636   907.00        3.305320E+14   7.7640E-06   7.9976E-06   0.97080
FLUX  637   909.00        3.298047E+14   7.5726E-06   7.9987E-06   0.94673
FLUX  638   911.00        3.290807E+14   7.6878E-06   7.9997E-06   0.96101
FLUX  639   913.00        3.283598E+14   7.8753E-06   8.0007E-06   0.98433
FLUX  640   915.00        3.276421E+14   7.7800E-06   8.0017E-06   0.97230
FLUX  641   917.00        3.269275E+14   7.7388E-06   8.0025E-06   0.96705
FLUX  642   919.00        3.262160E+14   7.7929E-06   8.0034E-06   0.97370
FLUX  643   921.00        3.255076E+14   7.5965E-06   8.0042E-06   0.94907
FLUX  644   923.00        3.248023E+14   7.4066E-06   8.0049E-06   0.92525
FLUX  645   925.00        3.241000E+14   7.5669E-06   8.0056E-06   0.94519
FLUX  646   927.00        3.234008E+14   7.7114E-06   8.0063E-06   0.96317
FLUX  647   929.00        3.227045E+14   7.7461E-06   8.0070E-06   0.96741
FLUX  648   931.00        3.220113E+14   7.8165E-06   8.0076E-06   0.97613
FLUX  649   933.00        3.213210E+14   7.8006E-06   8.0082E-06   0.97408
FLUX  650   935.00        3.206337E+14   7.7928E-06   8.0087E-06   0.97304
FLUX  651   937.00        3.199493E+14   7.7788E-06   8.0092E-06   0.97123
FLUX  652   939.00        3.192678E+14   7.7753E-06   8.0097E-06   0.97074
FLUX  653   941.00        3.185893E+14   7.5113E-06   8.0101E-06   0.93773
FLUX  654   943.00        3.179136E+14   7.7155E-06   8.0105E-06   0.96317
FLUX  655   945.00        3.172407E+14   7.6480E-06   8.0108E-06   0.95472
FLUX  656   947.00        3.165707E+14   7.8004E-06   8.0111E-06   0.97369
FLUX  657   949.00        3.159036E+14   7.8339E-06   8.0113E-06   0.97785
FLUX  658   951.00        3.152392E+14   7.8140E-06   8.0115E-06   0.97535
FLUX  659   953.00        3.145776E+14   7.7678E-06   8.0117E-06   0.96956
FLUX  660   955.00        3.139188E+14   7.5205E-06   8.0118E-06   0.93867
FLUX  661   957.00        3.132628E+14   7.7528E-06   8.0119E-06   0.96767
FLUX  662   959.00        3.126095E+14   7.8490E-06   8.0119E-06   0.97966
FLUX  663   961.00        3.119589E+14   7.7782E-06   8.0119E-06   0.97083
FLUX  664   963.00        3.113110E+14   7.7281E-06   8.0118E-06   0.96459
FLUX  665   965.00        3.106658E+14   7.7329E-06   8.0118E-06   0.96519
FLUX  666   967.00        3.100233E+14   7.6987E-06   8.0116E-06   0.96095
FLUX  667   969.00        3.093834E+14   7.7947E-06   8.0115E-06   0.97294
FLUX  668   971.00        3.087461E+14   7.8226E-06   8.0113E-06   0.97645
FLUX  669   973.00        3.081115E+14   7.8328E-06   8.0110E-06   0.97775
FLUX  670   975.00        3.074795E+14   7.7475E-06   8.0108E-06   0.96713
FLUX  671   977.00        3.068501E+14   7.8074E-06   8.0105E-06   0.97465
FLUX  672   979.00        3.062232E+14   7.7619E-06   8.0101E-06   0.96902
FLUX  673   981.00        3.055989E+14   7.8661E-06   8.0097E-06   0.98206
FLUX  674   983.00        3.049771E+14   7.8518E-06   8.0093E-06   0.98033
FLUX  675   985.00        3.043579E+14   7.8588E-06   8.0089E-06   0.98127
FLUX  676   987.00        3.037411E+14   7.8291E-06   8.0084E-06   0.97761
FLUX  677   989.00        3.031269E+14   7.8300E-06   8.0079E-06   0.97779
FLUX  678   991.00        3.025151E+14   7.8100E-06   8.0074E-06   0.97535
FLUX  679   993.00        3.019058E+14   7.8958E-06   8.0068E-06   0.98614
FLUX  680   995.00        3.012990E+14   7.8908E-06   8.0062E-06   0.98558
FLUX  681   997.00        3.006946E+14   7.9040E-06   8.0056E-06   0.98731
FLUX  682   999.00        3.000926E+14   7.9017E-06   8.0050E-06   0.98710
FLUX  683  1002.50        2.990449E+14   7.8479E-06   8.0038E-06   0.98052
FLUX  684  1007.50        2.975608E+14   7.7732E-06   8.0020E-06   0.97141
FLUX  685  1012.50        2.960914E+14   7.8676E-06   8.0000E-06   0.98344
FLUX  686  1017.50        2.946364E+14   7.8159E-06   7.9980E-06   0.97723
FLUX  687  1022.50        2.931956E+14   7.8654E-06   7.9958E-06   0.98368
FLUX  688  1027.50        2.917689E+14   7.9167E-06   7.9936E-06   0.99038
FLUX  689  1032.50        2.903559E+14   7.8307E-06   7.9912E-06   0.97991
FLUX  690  1037.50        2.889566E+14   7.8482E-06   7.9888E-06   0.98241
FLUX  691  1042.50        2.875707E+14   7.8933E-06   7.9861E-06   0.98838
FLUX  692  1047.50        2.861981E+14   7.8051E-06   7.9834E-06   0.97767
FLUX  693  1052.50        2.848385E+14   7.8696E-06   7.9804E-06   0.98611
FLUX  694  1057.50        2.834917E+14   7.8555E-06   7.9773E-06   0.98473
FLUX  695  1062.50        2.821576E+14   7.8443E-06   7.9740E-06   0.98373
FLUX  696  1067.50        2.808361E+14   7.7182E-06   7.9707E-06   0.96832
FLUX  697  1072.50        2.795268E+14   7.7921E-06   7.9672E-06   0.97802
FLUX  698  1077.50        2.782297E+14   7.7754E-06   7.9638E-06   0.97635
FLUX  699  1082.50        2.769446E+14   7.7078E-06   7.9603E-06   0.96827
FLUX  700  1087.50        2.756713E+14   7.7219E-06   7.9568E-06   0.97047
FLUX  701  1092.50        2.744096E+14   7.6181E-06   7.9533E-06   0.95786
FLUX  702  1097.50        2.731595E+14   7.5704E-06   7.9496E-06   0.95230
FLUX  703  1102.50        2.719206E+14   7.6526E-06   7.9459E-06   0.96310
FLUX  704  1107.50        2.706930E+14   7.7056E-06   7.9420E-06   0.97024
FLUX  705  1112.50        2.694764E+14   7.6795E-06   7.9380E-06   0.96744
FLUX  706  1117.50        2.682707E+14   7.6958E-06   7.9340E-06   0.96998
FLUX  707  1122.50        2.670757E+14   7.7355E-06   7.9300E-06   0.97548
FLUX  708  1127.50        2.658914E+14   7.6278E-06   7.9260E-06   0.96238
FLUX  709  1132.50        2.647174E+14   7.6800E-06   7.9220E-06   0.96946
FLUX  710  1137.50        2.635538E+14   7.6694E-06   7.9180E-06   0.96860
FLUX  711  1142.50        2.624004E+14   7.6329E-06   7.9139E-06   0.96450
FLUX  712  1147.50        2.612571E+14   7.7722E-06   7.9097E-06   0.98262
FLUX  713  1152.50        2.601236E+14   7.7756E-06   7.9055E-06   0.98357
FLUX  714  1157.50        2.590000E+14   7.7190E-06   7.9012E-06   0.97694
FLUX  715  1162.50        2.578860E+14   7.6434E-06   7.8969E-06   0.96790
FLUX  716  1167.50        2.567816E+14   7.6605E-06   7.8926E-06   0.97059
FLUX  717  1172.50        2.556866E+14   7.7959E-06   7.8883E-06   0.98829
FLUX  718  1177.50        2.546008E+14   7.6571E-06   7.8840E-06   0.97121
FLUX  719  1182.50        2.535243E+14   7.6822E-06   7.8798E-06   0.97492
FLUX  720  1187.50        2.524568E+14   7.6289E-06   7.8755E-06   0.96868
FLUX  721  1192.50        2.513983E+14   7.8075E-06   7.8713E-06   0.99190
FLUX  722  1197.50        2.503486E+14   7.5971E-06   7.8670E-06   0.96569
FLUX  723  1202.50        2.493077E+14   7.7223E-06   7.8627E-06   0.98213
FLUX  724  1207.50        2.482754E+14   7.6801E-06   7.8584E-06   0.97731
FLUX  725  1212.50        2.472515E+14   7.7029E-06   7.8541E-06   0.98075
FLUX  726  1217.50        2.462361E+14   7.7750E-06   7.8498E-06   0.99046
FLUX  727  1222.50        2.452290E+14   7.7660E-06   7.8455E-06   0.98987
FLUX  728  1227.50        2.442301E+14   7.7399E-06   7.8413E-06   0.98707
FLUX  729  1232.50        2.432394E+14   7.7463E-06   7.8372E-06   0.98840
FLUX  730  1237.50        2.422566E+14   7.7404E-06   7.8330E-06   0.98818
FLUX  731  1242.50        2.412817E+14   7.7296E-06   7.8289E-06   0.98731
FLUX  732  1247.50        2.403146E+14   7.7583E-06   7.8249E-06   0.99149
FLUX  733  1252.50        2.393553E+14   7.7160E-06   7.8209E-06   0.98659
FLUX  734  1257.50        2.384036E+14   7.7073E-06   7.8169E-06   0.98598
FLUX  735  1262.50        2.374594E+14   7.7196E-06   7.8130E-06   0.98805
FLUX  736  1267.50        2.365227E+14   7.6968E-06   7.8091E-06   0.98562
FLUX  737  1272.50        2.355933E+14   7.7387E-06   7.8053E-06   0.99148
FLUX  738  1277.50        2.346712E+14   7.7423E-06   7.8015E-06   0.99241
FLUX  739  1282.50        2.337563E+14   7.3604E-06   7.7979E-06   0.94389
FLUX  740  1287.50        2.328485E+14   7.6898E-06   7.7943E-06   0.98659
FLUX  741  1292.50        2.319478E+14   7.6645E-06   7.7907E-06   0.98380
FLUX  742  1297.50        2.310539E+14   7.7198E-06   7.7871E-06   0.99135
FLUX  743  1302.50        2.301670E+14   7.6722E-06   7.7836E-06   0.98569
FLUX  744  1307.50        2.292868E+14   7.7187E-06   7.7801E-06   0.99211
FLUX  745  1312.50        2.284133E+14   7.6507E-06   7.7766E-06   0.98380
FLUX  746  1317.50        2.275465E+14   7.6334E-06   7.7732E-06   0.98201
FLUX  747  1322.50        2.266862E+14   7.6958E-06   7.7698E-06   0.99048
FLUX  748  1327.50        2.258324E+14   7.6126E-06   7.7664E-06   0.98020
FLUX  749  1332.50        2.249850E+14   7.6674E-06   7.7630E-06   0.98769
FLUX  750  1337.50        2.241439E+14   7.6495E-06   7.7597E-06   0.98580
FLUX  751  1342.50        2.233091E+14   7.6901E-06   7.7564E-06   0.99145
FLUX  752  1347.50        2.224805E+14   7.6793E-06   7.7532E-06   0.99046
FLUX  753  1352.50        2.216580E+14   7.6736E-06   7.7501E-06   0.99013
FLUX  754  1357.50        2.208416E+14   7.5930E-06   7.7471E-06   0.98011
FLUX  755  1362.50        2.200312E+14   7.6193E-06   7.7440E-06   0.98389
FLUX  756  1367.50        2.192267E+14   7.6187E-06   7.7410E-06   0.98419
FLUX  757  1372.50        2.184281E+14   7.5917E-06   7.7380E-06   0.98109
FLUX  758  1377.50        2.176352E+14   7.6126E-06   7.7350E-06   0.98419
FLUX  759  1382.50        2.168481E+14   7.6268E-06   7.7319E-06   0.98641
FLUX  760  1387.50        2.160667E+14   7.6372E-06   7.7288E-06   0.98814
FLUX  761  1392.50        2.152908E+14   7.6294E-06   7.7258E-06   0.98753
FLUX  762  1397.50        2.145206E+14   7.6291E-06   7.7227E-06   0.98788
FLUX  763  1402.50        2.137558E+14   7.5730E-06   7.7196E-06   0.98100
FLUX  764  1407.50        2.129964E+14   7.5987E-06   7.7166E-06   0.98472
FLUX  765  1412.50        2.122425E+14   7.5105E-06   7.7135E-06   0.97368
FLUX  766  1417.50        2.114938E+14   7.5714E-06   7.7104E-06   0.98198
FLUX  767  1422.50        2.107504E+14   7.4716E-06   7.7072E-06   0.96942
FLUX  768  1427.50        2.100123E+14   7.4162E-06   7.7040E-06   0.96265
FLUX  769  1432.50        2.092792E+14   7.5294E-06   7.7006E-06   0.97777
FLUX  770  1437.50        2.085513E+14   7.5816E-06   7.6971E-06   0.98499
FLUX  771  1442.50        2.078284E+14   7.3317E-06   7.6936E-06   0.95296
FLUX  772  1447.50        2.071105E+14   7.5478E-06   7.6900E-06   0.98151
FLUX  773  1452.50        2.063976E+14   7.4128E-06   7.6864E-06   0.96441
FLUX  774  1457.00        2.057601E+14   7.4922E-06   7.6830E-06   0.97516
FLUX  775  1462.00        2.050564E+14   7.4603E-06   7.7771E-06   0.95927
FLUX  776  1467.50        2.042879E+14   7.4869E-06   7.7746E-06   0.96300
FLUX  777  1472.50        2.035942E+14   7.3914E-06   7.7723E-06   0.95098
FLUX  778  1477.50        2.029052E+14   7.4052E-06   7.7699E-06   0.95307
FLUX  779  1482.50        2.022209E+14   7.4257E-06   7.7671E-06   0.95605
FLUX  780  1487.50        2.015412E+14   7.3635E-06   7.7641E-06   0.94839
FLUX  781  1492.50        2.008660E+14   7.5169E-06   7.7610E-06   0.96855
FLUX  782  1497.50        2.001953E+14   7.4419E-06   7.7576E-06   0.95930
FLUX  783  1502.50        1.995291E+14   7.3773E-06   7.7540E-06   0.95143
FLUX  784  1507.50        1.988673E+14   7.3313E-06   7.7501E-06   0.94597
FLUX  785  1512.50        1.982099E+14   7.4260E-06   7.7459E-06   0.95871
FLUX  786  1517.50        1.975568E+14   7.4631E-06   7.7414E-06   0.96405
FLUX  787  1522.50        1.969080E+14   7.3875E-06   7.7365E-06   0.95489
FLUX  788  1527.50        1.962635E+14   7.4382E-06   7.7313E-06   0.96209
FLUX  789  1532.50        1.956232E+14   7.4014E-06   7.7256E-06   0.95803
FLUX  790  1537.50        1.949870E+14   7.4263E-06   7.7196E-06   0.96201
FLUX  791  1542.50        1.943549E+14   7.3626E-06   7.7131E-06   0.95456
FLUX  792  1547.50        1.937270E+14   7.4049E-06   7.7061E-06   0.96091
FLUX  793  1552.50        1.931031E+14   7.3613E-06   7.6987E-06   0.95617
FLUX  794  1557.50        1.924831E+14   7.2532E-06   7.6907E-06   0.94311
FLUX  795  1562.50        1.918672E+14   7.4585E-06   7.6821E-06   0.97089
FLUX  796  1567.50        1.912552E+14   7.2725E-06   7.6729E-06   0.94782
FLUX  797  1572.50        1.906471E+14   7.2497E-06   7.6630E-06   0.94606
FLUX  798  1577.50        1.900428E+14   7.2133E-06   7.6524E-06   0.94262
FLUX  799  1582.50        1.894423E+14   7.3007E-06   7.6410E-06   0.95546
FLUX  800  1587.50        1.888457E+14   6.8907E-06   7.6287E-06   0.90326
FLUX  801  1592.50        1.882527E+14   7.2341E-06   7.6156E-06   0.94990
FLUX  802  1597.50        1.876635E+14   7.3371E-06   7.6016E-06   0.96520
FLUX  803  1605.00        1.867866E+14   7.2701E-06   7.5786E-06   0.95929
FLUX  804  1615.00        1.856300E+14   7.0864E-06   7.5437E-06   0.93938
FLUX  805  1625.00        1.844877E+14   7.2923E-06   7.5030E-06   0.97192
FLUX  806  1635.00        1.833593E+14   7.1756E-06   7.4536E-06   0.96271
FLUX  807  1645.00        1.822447E+14   6.9542E-06   7.3927E-06   0.94069
FLUX  808  1655.00        1.811435E+14   7.1565E-06   7.3242E-06   0.97710
FLUX  809  1665.00        1.800556E+14   7.1165E-06   7.2567E-06   0.98069
FLUX  810  1675.00        1.789806E+14   6.9707E-06   7.1900E-06   0.96951
FLUX  811  1685.00        1.779184E+14   6.7293E-06   7.1242E-06   0.94457
FLUX  812  1695.00        1.768687E+14   6.9832E-06   7.0593E-06   0.98922
FLUX  813  1705.00        1.758314E+14   6.8276E-06   6.9952E-06   0.97604
FLUX  814  1715.00        1.748061E+14   6.8247E-06   6.9319E-06   0.98453
FLUX  815  1725.00        1.737928E+14   6.6877E-06   6.8694E-06   0.97355
FLUX  816  1735.00        1.727911E+14   6.3743E-06   6.8076E-06   0.93634
FLUX  817  1745.00        1.718009E+14   6.5649E-06   6.7467E-06   0.97306
FLUX  818  1755.00        1.708219E+14   6.5596E-06   6.6865E-06   0.98101
FLUX  819  1765.00        1.698541E+14   6.5023E-06   6.6272E-06   0.98116
FLUX  820  1775.00        1.688972E+14   6.4400E-06   6.5685E-06   0.98043
FLUX  821  1785.00        1.679510E+14   6.4113E-06   6.5106E-06   0.98475
FLUX  822  1795.00        1.670153E+14   6.3772E-06   6.4534E-06   0.98819
FLUX  823  1805.00        1.660900E+14   6.2841E-06   6.3970E-06   0.98235
FLUX  824  1815.00        1.651749E+14   6.0321E-06   6.3412E-06   0.95125
FLUX  825  1825.00        1.642699E+14   6.1359E-06   6.2862E-06   0.97609
FLUX  826  1835.00        1.633747E+14   6.1336E-06   6.2318E-06   0.98425
FLUX  827  1845.00        1.624892E+14   6.0454E-06   6.1780E-06   0.97853
FLUX  828  1855.00        1.616132E+14   6.0234E-06   6.1249E-06   0.98342
FLUX  829  1865.00        1.607466E+14   5.9249E-06   6.0726E-06   0.97569
FLUX  830  1875.00        1.598893E+14   5.6496E-06   6.0208E-06   0.93834
FLUX  831  1885.00        1.590411E+14   5.8493E-06   5.9697E-06   0.97984
FLUX  832  1895.00        1.582018E+14   5.6868E-06   5.9192E-06   0.96075
FLUX  833  1905.00        1.573714E+14   5.7965E-06   5.8693E-06   0.98760
FLUX  834  1915.00        1.565496E+14   5.7276E-06   5.8200E-06   0.98413
FLUX  835  1925.00        1.557364E+14   5.6922E-06   5.7713E-06   0.98629
FLUX  836  1935.00        1.549315E+14   5.5939E-06   5.7232E-06   0.97740
FLUX  837  1945.00        1.541350E+14   5.3581E-06   5.6757E-06   0.94404
FLUX  838  1955.00        1.533465E+14   5.5410E-06   5.6287E-06   0.98441
FLUX  839  1965.00        1.525662E+14   5.4899E-06   5.5823E-06   0.98345
FLUX  840  1975.00        1.517937E+14   5.4251E-06   5.5365E-06   0.97987
FLUX  841  1985.00        1.510290E+14   5.4087E-06   5.4912E-06   0.98497
FLUX  842  1995.00        1.502719E+14   5.3631E-06   5.4464E-06   0.98470
FLUX  843  2005.00        1.495224E+14   5.3504E-06   5.4022E-06   0.99041
FLUX  844  2015.00        1.487804E+14   5.3328E-06   5.3585E-06   0.99519
FLUX  845  2025.00        1.480457E+14   5.2406E-06   5.3153E-06   0.98593
FLUX  846  2035.00        1.473182E+14   5.1693E-06   5.2727E-06   0.98039
FLUX  847  2045.00        1.465978E+14   5.2033E-06   5.2305E-06   0.99479
FLUX  848  2055.00        1.458844E+14   5.1423E-06   5.1888E-06   0.99103
FLUX  849  2065.00        1.451780E+14   5.0816E-06   5.1476E-06   0.98718
FLUX  850  2075.00        1.444783E+14   5.0521E-06   5.1068E-06   0.98928
FLUX  851  2085.00        1.437854E+14   5.0125E-06   5.0666E-06   0.98933
FLUX  852  2095.00        1.430990E+14   4.9520E-06   5.0267E-06   0.98514
FLUX  853  2105.00        1.424192E+14   4.9511E-06   4.9874E-06   0.99273
FLUX  854  2115.00        1.417459E+14   4.8972E-06   4.9485E-06   0.98965
FLUX  855  2125.00        1.410788E+14   4.8577E-06   4.9100E-06   0.98935
FLUX  856  2135.00        1.404180E+14   4.8343E-06   4.8719E-06   0.99228
FLUX  857  2145.00        1.397634E+14   4.8067E-06   4.8343E-06   0.99430
FLUX  858  2155.00        1.391148E+14   4.7673E-06   4.7971E-06   0.99380
FLUX  859  2165.00        1.384723E+14   4.5558E-06   4.7603E-06   0.95704
FLUX  860  2175.00        1.378356E+14   4.6569E-06   4.7239E-06   0.98581
FLUX  861  2185.00        1.372048E+14   4.6404E-06   4.6879E-06   0.98985
FLUX  862  2195.00        1.365797E+14   4.6325E-06   4.6524E-06   0.99573
FLUX  863  2205.00        1.359603E+14   4.5589E-06   4.6172E-06   0.98738
FLUX  864  2215.00        1.353465E+14   4.5515E-06   4.5824E-06   0.99325
FLUX  865  2225.00        1.347382E+14   4.5156E-06   4.5480E-06   0.99287
FLUX  866  2235.00        1.341353E+14   4.4810E-06   4.5140E-06   0.99269
FLUX  867  2245.00        1.335379E+14   4.4510E-06   4.4804E-06   0.99345
FLUX  868  2255.00        1.329457E+14   4.3956E-06   4.4471E-06   0.98843
FLUX  869  2265.00        1.323587E+14   4.3668E-06   4.4142E-06   0.98927
FLUX  870  2275.00        1.317769E+14   4.3588E-06   4.3816E-06   0.99479
FLUX  871  2285.00        1.312002E+14   4.3034E-06   4.3675E-06   0.98534
FLUX  872  2295.00        1.306285E+14   4.1827E-06   4.3354E-06   0.96478
FLUX  873  2305.00        1.300618E+14   4.2225E-06   4.3037E-06   0.98113
FLUX  874  2315.00        1.295000E+14   4.1935E-06   4.2723E-06   0.98157
FLUX  875  2325.00        1.289430E+14   4.0484E-06   4.2412E-06   0.95453
FLUX  876  2335.00        1.283908E+14   4.0921E-06   4.2105E-06   0.97189
FLUX  877  2345.00        1.278433E+14   4.1054E-06   4.1801E-06   0.98212
FLUX  878  2355.00        1.273004E+14   3.9378E-06   4.1500E-06   0.94885
FLUX  879  2365.00        1.267622E+14   4.0117E-06   4.1203E-06   0.97365
FLUX  880  2375.00        1.262284E+14   3.9901E-06   4.0909E-06   0.97535
FLUX  881  2385.00        1.256992E+14   3.8491E-06   4.0618E-06   0.94764
FLUX  882  2395.00        1.251743E+14   3.9121E-06   4.0329E-06   0.97003
FLUX  883  2405.00        1.246538E+14   3.9019E-06   4.0044E-06   0.97440
FLUX  884  2415.00        1.241377E+14   3.7884E-06   3.9762E-06   0.95278
FLUX  885  2425.00        1.236258E+14   3.8161E-06   3.9482E-06   0.96653
FLUX  886  2435.00        1.231181E+14   3.8021E-06   3.9206E-06   0.96979
FLUX  887  2445.00        1.226145E+14   3.7405E-06   3.8932E-06   0.96078
FLUX  888  2455.00        1.221151E+14   3.7038E-06   3.8661E-06   0.95801
FLUX  889  2465.00        1.216197E+14   3.7449E-06   3.8393E-06   0.97541
FLUX  890  2475.00        1.211283E+14   3.6838E-06   3.8128E-06   0.96618
FLUX  891  2485.00        1.206408E+14   3.6327E-06   3.7865E-06   0.95937
FLUX  892  2495.00        1.201573E+14   3.6391E-06   3.7605E-06   0.96771
FLUX  893  2505.00        1.196776E+14   3.6490E-06   3.7347E-06   0.97704
FLUX  894  2515.00        1.192018E+14   3.5808E-06   3.7093E-06   0.96536
FLUX  895  2525.00        1.187297E+14   3.5788E-06   3.6840E-06   0.97144
FLUX  896  2535.00        1.182613E+14   3.5776E-06   3.6591E-06   0.97774
FLUX  897  2545.00        1.177967E+14   3.5342E-06   3.6343E-06   0.97243
FLUX  898  2555.00        1.173356E+14   3.5119E-06   3.6099E-06   0.97288
FLUX  899  2565.00        1.168782E+14   3.4647E-06   3.5856E-06   0.96628
FLUX  900  2575.00        1.164243E+14   3.5007E-06   3.5616E-06   0.98289
FLUX  901  2585.00        1.159739E+14   3.4218E-06   3.5379E-06   0.96718
FLUX  902  2595.00        1.155270E+14   3.4437E-06   3.5144E-06   0.97989
FLUX  903  2605.00        1.150835E+14   3.4298E-06   3.4911E-06   0.98244
FLUX  904  2615.00        1.146434E+14   3.3632E-06   3.4680E-06   0.96978
FLUX  905  2625.00        1.142067E+14   3.2836E-06   3.4452E-06   0.95311
FLUX  906  2635.00        1.137732E+14   3.3544E-06   3.4225E-06   0.98010
FLUX  907  2645.00        1.133431E+14   3.3328E-06   3.4001E-06   0.98018
FLUX  908  2655.00        1.129162E+14   3.3109E-06   3.3780E-06   0.98015
FLUX  909  2665.00        1.124925E+14   3.2697E-06   3.3560E-06   0.97428
FLUX  910  2675.00        1.120720E+14   3.2410E-06   3.3342E-06   0.97204
FLUX  911  2685.00        1.116546E+14   3.2773E-06   3.3127E-06   0.98932
FLUX  912  2695.00        1.112403E+14   3.2522E-06   3.2913E-06   0.98810
FLUX  913  2705.00        1.108290E+14   3.2357E-06   3.2702E-06   0.98947
FLUX  914  2715.00        1.104208E+14   3.2160E-06   3.2492E-06   0.98978
FLUX  915  2725.00        1.100156E+14   3.1981E-06   3.2285E-06   0.99057
FLUX  916  2735.00        1.096133E+14   3.1771E-06   3.2079E-06   0.99038
FLUX  917  2745.00        1.092140E+14   3.1669E-06   3.1876E-06   0.99352
FLUX  918  2755.00        1.088176E+14   3.0877E-06   3.1674E-06   0.97484
FLUX  919  2765.00        1.084241E+14   3.1065E-06   3.1475E-06   0.98697
FLUX  920  2775.00        1.080333E+14   3.0982E-06   3.1277E-06   0.99058
FLUX  921  2785.00        1.076454E+14   3.0833E-06   3.1081E-06   0.99201
FLUX  922  2795.00        1.072603E+14   3.0724E-06   3.0887E-06   0.99473
FLUX  923  2805.00        1.068779E+14   3.0516E-06   3.0694E-06   0.99420
FLUX  924  2815.00        1.064982E+14   3.0342E-06   3.0504E-06   0.99469
FLUX  925  2825.00        1.061212E+14   3.0149E-06   3.0315E-06   0.99453
FLUX  926  2835.00        1.057469E+14   3.0039E-06   3.0128E-06   0.99706
FLUX  927  2845.00        1.053752E+14   2.9738E-06   2.9942E-06   0.99316
FLUX  928  2855.00        1.050061E+14   2.9616E-06   2.9759E-06   0.99522
FLUX  929  2865.00        1.046396E+14   2.9383E-06   2.9577E-06   0.99345
FLUX  930  2875.00        1.042757E+14   2.8646E-06   2.9396E-06   0.97448
FLUX  931  2885.00        1.039142E+14   2.9058E-06   2.9218E-06   0.99454
FLUX  932  2895.00        1.035553E+14   2.8937E-06   2.9041E-06   0.99645
FLUX  933  2905.00        1.031988E+14   2.8756E-06   2.8865E-06   0.99623
FLUX  934  2915.00        1.028448E+14   2.8579E-06   2.8691E-06   0.99608
FLUX  935  2925.00        1.024932E+14   2.8309E-06   2.8519E-06   0.99265
FLUX  936  2935.00        1.021440E+14   2.8249E-06   2.8348E-06   0.99651
FLUX  937  2945.00        1.017971E+14   2.8018E-06   2.8178E-06   0.99431
FLUX  938  2955.00        1.014526E+14   2.7914E-06   2.8010E-06   0.99656
FLUX  939  2965.00        1.011105E+14   2.7759E-06   2.7844E-06   0.99696
FLUX  940  2975.00        1.007706E+14   2.7595E-06   2.7679E-06   0.99696
FLUX  941  2985.00        1.004330E+14   2.7448E-06   2.7515E-06   0.99755
FLUX  942  2995.00        1.000977E+14   2.7221E-06   2.7353E-06   0.99518
FLUX  943  3005.00        9.976456E+13   2.7069E-06   2.7192E-06   0.99548
FLUX  944  3015.00        9.943367E+13   2.6961E-06   2.7033E-06   0.99732
FLUX  945  3025.00        9.910496E+13   2.6786E-06   2.6875E-06   0.99668
FLUX  946  3035.00        9.877842E+13   2.6138E-06   2.6719E-06   0.97826
FLUX  947  3045.00        9.845402E+13   2.6344E-06   2.6563E-06   0.99175
FLUX  948  3055.00        9.813175E+13   2.6311E-06   2.6409E-06   0.99632
FLUX  949  3065.00        9.781158E+13   2.6122E-06   2.6256E-06   0.99491
FLUX  950  3075.00        9.749350E+13   2.6053E-06   2.6104E-06   0.99804
FLUX  951  3085.00        9.717747E+13   2.5792E-06   2.5953E-06   0.99379
FLUX  952  3095.00        9.686349E+13   2.5672E-06   2.5804E-06   0.99487
FLUX  953  3105.00        9.655153E+13   2.5592E-06   2.5656E-06   0.99749
FLUX  954  3115.00        9.624157E+13   2.5263E-06   2.5510E-06   0.99033
FLUX  955  3125.00        9.593360E+13   2.5269E-06   2.5365E-06   0.99623
FLUX  956  3135.00        9.562759E+13   2.5126E-06   2.5220E-06   0.99624
FLUX  957  3145.00        9.532353E+13   2.5011E-06   2.5078E-06   0.99736
FLUX  958  3155.00        9.502139E+13   2.4807E-06   2.4936E-06   0.99485
FLUX  959  3165.00        9.472117E+13   2.4705E-06   2.4795E-06   0.99635
FLUX  960  3175.00        9.442283E+13   2.4561E-06   2.4656E-06   0.99615
FLUX  961  3185.00        9.412637E+13   2.4435E-06   2.4518E-06   0.99661
FLUX  962  3195.00        9.383177E+13   2.4341E-06   2.4381E-06   0.99838
FLUX  963  3210.00        9.339330E+13   2.4098E-06   2.4177E-06   0.99671
FLUX  964  3230.00        9.281502E+13   2.3840E-06   2.3910E-06   0.99707
FLUX  965  3250.00        9.224385E+13   2.3572E-06   2.3647E-06   0.99680
FLUX  966  3270.00        9.167966E+13   2.3307E-06   2.3388E-06   0.99650
FLUX  967  3290.00        9.112234E+13   2.2764E-06   2.3153E-06   0.98319
FLUX  968  3310.00        9.057175E+13   2.2753E-06   2.2902E-06   0.99348
FLUX  969  3330.00        9.002778E+13   2.2488E-06   2.2656E-06   0.99261
FLUX  970  3350.00        8.949030E+13   2.2312E-06   2.2413E-06   0.99549
FLUX  971  3370.00        8.895920E+13   2.2036E-06   2.2174E-06   0.99381
FLUX  972  3390.00        8.843437E+13   2.1765E-06   2.1938E-06   0.99207
FLUX  973  3410.00        8.791569E+13   2.1527E-06   2.1707E-06   0.99172
FLUX  974  3430.00        8.740306E+13   2.1386E-06   2.1479E-06   0.99565
FLUX  975  3450.00        8.689638E+13   2.1189E-06   2.1255E-06   0.99692
FLUX  976  3470.00        8.639553E+13   2.0960E-06   2.1034E-06   0.99648
FLUX  977  3490.00        8.590043E+13   2.0757E-06   2.0816E-06   0.99715
FLUX  978  3510.00        8.541097E+13   2.0543E-06   2.0602E-06   0.99714
FLUX  979  3530.00        8.492705E+13   2.0292E-06   2.0391E-06   0.99512
FLUX  980  3550.00        8.444859E+13   2.0127E-06   2.0184E-06   0.99720
FLUX  981  3570.00        8.397549E+13   1.9888E-06   1.9979E-06   0.99542
FLUX  982  3590.00        8.350766E+13   1.9679E-06   1.9778E-06   0.99500
FLUX  983  3610.00        8.304501E+13   1.9541E-06   1.9579E-06   0.99806
FLUX  984  3630.00        8.258747E+13   1.9343E-06   1.9384E-06   0.99791
FLUX  985  3650.00        8.213493E+13   1.9064E-06   1.9191E-06   0.99341
FLUX  986  3670.00        8.168733E+13   1.8887E-06   1.9001E-06   0.99400
FLUX  987  3690.00        8.124458E+13   1.8598E-06   1.8814E-06   0.98851
FLUX  988  3710.00        8.080660E+13   1.8416E-06   1.8630E-06   0.98852
FLUX  989  3730.00        8.037332E+13   1.8259E-06   1.8448E-06   0.98975
FLUX  990  3750.00        7.994467E+13   1.7862E-06   1.8269E-06   0.97770
FLUX  991  3770.00        7.952056E+13   1.7960E-06   1.8093E-06   0.99267
FLUX  992  3790.00        7.910092E+13   1.7788E-06   1.7919E-06   0.99268
FLUX  993  3810.00        7.868570E+13   1.7619E-06   1.7748E-06   0.99274
FLUX  994  3830.00        7.827480E+13   1.7504E-06   1.7579E-06   0.99577
FLUX  995  3850.00        7.786818E+13   1.7366E-06   1.7412E-06   0.99733
FLUX  996  3870.00        7.746576E+13   1.7162E-06   1.7248E-06   0.99500
FLUX  997  3890.00        7.706748E+13   1.6988E-06   1.7086E-06   0.99427
FLUX  998  3910.00        7.667327E+13   1.6843E-06   1.6926E-06   0.99507
FLUX  999  3930.00        7.628308E+13   1.6722E-06   1.6769E-06   0.99720
FLUX 1000  3950.00        7.589684E+13   1.6506E-06   1.6614E-06   0.99349
FLUX 1001  3970.00        7.551448E+13   1.6399E-06   1.6461E-06   0.99627
FLUX 1002  3990.00        7.513596E+13   1.6138E-06   1.6310E-06   0.98944
FLUX 1003  4010.00        7.476122E+13   1.6029E-06   1.6161E-06   0.99185
FLUX 1004  4030.00        7.439020E+13   1.5923E-06   1.6014E-06   0.99433
FLUX 1005  4050.00        7.402284E+13   1.5667E-06   1.5869E-06   0.98726
FLUX 1006  4070.00        7.365909E+13   1.5644E-06   1.5726E-06   0.99478
FLUX 1007  4090.00        7.329890E+13   1.5513E-06   1.5585E-06   0.99539
FLUX 1008  4110.00        7.294221E+13   1.5405E-06   1.5446E-06   0.99734
FLUX 1009  4130.00        7.258898E+13   1.5284E-06   1.5308E-06   0.99842
FLUX 1010  4150.00        7.223916E+13   1.5108E-06   1.5173E-06   0.99573
FLUX 1011  4170.00        7.189269E+13   1.4936E-06   1.5039E-06   0.99312
FLUX 1012  4190.00        7.154952E+13   1.4857E-06   1.4907E-06   0.99664
FLUX 1013  4210.00        7.120962E+13   1.4673E-06   1.4777E-06   0.99297
FLUX 1014  4230.00        7.087293E+13   1.4640E-06   1.4648E-06   0.99941
FLUX 1015  4250.00        7.053941E+13   1.4469E-06   1.4521E-06   0.99636
FLUX 1016  4270.00        7.020902E+13   1.4374E-06   1.4396E-06   0.99847
FLUX 1017  4290.00        6.988170E+13   1.3924E-06   1.4272E-06   0.97556
FLUX 1018  4310.00        6.955742E+13   1.3634E-06   1.4150E-06   0.96354
FLUX 1019  4330.00        6.923614E+13   1.3690E-06   1.4030E-06   0.97580
FLUX 1020  4350.00        6.891782E+13   1.3243E-06   1.3911E-06   0.95196
FLUX 1021  4370.00        6.860240E+13   1.3065E-06   1.3793E-06   0.94717
FLUX 1022  4390.00        6.828986E+13   1.3114E-06   1.3677E-06   0.95881
FLUX 1023  4410.00        6.798016E+13   1.2580E-06   1.3563E-06   0.92756
FLUX 1024  4430.00        6.767325E+13   1.2670E-06   1.3449E-06   0.94203
FLUX 1025  4450.00        6.736910E+13   1.2610E-06   1.3338E-06   0.94546
FLUX 1026  4470.00        6.706767E+13   1.2160E-06   1.3230E-06   0.91911
FLUX 1027  4490.00        6.676893E+13   1.2294E-06   1.3121E-06   0.93699
FLUX 1028  4510.00        6.647284E+13   1.2183E-06   1.3013E-06   0.93622
FLUX 1029  4530.00        6.617936E+13   1.1819E-06   1.2907E-06   0.91572
FLUX 1030  4550.00        6.588846E+13   1.1899E-06   1.2802E-06   0.92946
FLUX 1031  4570.00        6.560011E+13   1.1868E-06   1.2698E-06   0.93463
FLUX 1032  4590.00        6.531427E+13   1.1506E-06   1.2595E-06   0.91355
FLUX 1033  4610.00        6.503091E+13   1.1602E-06   1.2494E-06   0.92858
FLUX 1034  4630.00        6.475000E+13   1.1487E-06   1.2394E-06   0.92684
FLUX 1035  4650.00        6.447151E+13   1.1353E-06   1.2295E-06   0.92343
FLUX 1036  4670.00        6.419540E+13   1.1330E-06   1.2197E-06   0.92889
FLUX 1037  4690.00        6.392164E+13   1.1291E-06   1.2100E-06   0.93312
FLUX 1038  4710.00        6.365021E+13   1.1173E-06   1.2005E-06   0.93070
FLUX 1039  4730.00        6.338108E+13   1.1213E-06   1.1910E-06   0.94144
FLUX 1040  4750.00        6.311421E+13   1.1085E-06   1.1817E-06   0.93804
FLUX 1041  4770.00        6.284958E+13   1.0987E-06   1.1725E-06   0.93706
FLUX 1042  4790.00        6.258716E+13   1.0931E-06   1.1634E-06   0.93958
FLUX 1043  4810.00        6.232692E+13   1.0790E-06   1.1544E-06   0.93466
FLUX 1044  4830.00        6.206884E+13   1.0853E-06   1.1455E-06   0.94747
FLUX 1045  4850.00        6.181289E+13   1.0727E-06   1.1367E-06   0.94375
FLUX 1046  4870.00        6.155903E+13   1.0631E-06   1.1280E-06   0.94244
FLUX 1047  4890.00        6.130726E+13   1.0585E-06   1.1194E-06   0.94562
FLUX 1048  4910.00        6.105754E+13   1.0495E-06   1.1109E-06   0.94473
FLUX 1049  4930.00        6.080984E+13   1.0435E-06   1.1025E-06   0.94649
FLUX 1050  4950.00        6.056414E+13   1.0351E-06   1.0942E-06   0.94601
FLUX 1051  4970.00        6.032042E+13   1.0295E-06   1.0860E-06   0.94802
FLUX 1052  4990.00        6.007866E+13   1.0233E-06   1.0778E-06   0.94942
FLUX 1053  5010.00        5.983882E+13   1.0113E-06   1.0698E-06   0.94530
FLUX 1054  5030.00        5.960089E+13   1.0124E-06   1.0619E-06   0.95340
FLUX 1055  5050.00        5.936485E+13   9.9893E-07   1.0540E-06   0.94775
FLUX 1056  5070.00        5.913067E+13   9.9458E-07   1.0462E-06   0.95063
FLUX 1057  5090.00        5.889833E+13   9.9050E-07   1.0385E-06   0.95373
FLUX 1058  5110.00        5.866781E+13   9.8042E-07   1.0309E-06   0.95099
FLUX 1059  5130.00        5.843908E+13   9.7281E-07   1.0234E-06   0.95055
FLUX 1060  5150.00        5.821214E+13   9.6931E-07   1.0160E-06   0.95405
FLUX 1061  5170.00        5.798694E+13   9.6966E-07   1.0086E-06   0.96136
FLUX 1062  5190.00        5.776349E+13   9.5718E-07   1.0014E-06   0.95589
FLUX 1063  5210.00        5.754175E+13   9.4919E-07   9.9416E-07   0.95477
FLUX 1064  5230.00        5.732170E+13   9.4335E-07   9.8704E-07   0.95574
FLUX 1065  5250.00        5.710333E+13   9.4153E-07   9.7999E-07   0.96075
FLUX 1066  5270.00        5.688662E+13   9.3848E-07   9.7302E-07   0.96450
FLUX 1067  5290.00        5.667155E+13   9.2466E-07   9.6612E-07   0.95708
FLUX 1068  5310.00        5.645810E+13   9.2175E-07   9.5930E-07   0.96086
FLUX 1069  5330.00        5.624625E+13   9.1602E-07   9.5255E-07   0.96165
FLUX 1070  5350.00        5.603598E+13   9.1103E-07   9.4587E-07   0.96317
FLUX 1071  5370.00        5.582728E+13   9.0517E-07   9.3926E-07   0.96371
FLUX 1072  5390.00        5.562013E+13   9.0100E-07   9.3272E-07   0.96600
FLUX 1073  5410.00        5.541451E+13   8.9510E-07   9.2624E-07   0.96638
FLUX 1074  5430.00        5.521041E+13   8.8477E-07   9.1984E-07   0.96188
FLUX 1075  5450.00        5.500780E+13   8.8423E-07   9.1350E-07   0.96797
FLUX 1076  5470.00        5.480667E+13   8.7687E-07   9.0722E-07   0.96655
FLUX 1077  5490.00        5.460701E+13   8.7076E-07   9.0101E-07   0.96643
FLUX 1078  5510.00        5.440880E+13   8.6704E-07   8.9486E-07   0.96891
FLUX 1079  5530.00        5.421203E+13   8.6573E-07   8.8878E-07   0.97407
FLUX 1080  5550.00        5.401667E+13   8.5357E-07   8.8275E-07   0.96694
FLUX 1081  5570.00        5.382271E+13   8.5563E-07   8.7679E-07   0.97586
FLUX 1082  5590.00        5.363014E+13   8.4496E-07   8.7089E-07   0.97022
FLUX 1083  5610.00        5.343895E+13   8.4160E-07   8.6505E-07   0.97289
FLUX 1084  5630.00        5.324911E+13   8.3456E-07   8.5926E-07   0.97125
FLUX 1085  5650.00        5.306062E+13   8.3417E-07   8.5353E-07   0.97731
FLUX 1086  5670.00        5.287346E+13   8.2883E-07   8.4786E-07   0.97755
FLUX 1087  5690.00        5.268761E+13   8.1933E-07   8.4225E-07   0.97279
FLUX 1088  5710.00        5.250306E+13   8.1813E-07   8.3669E-07   0.97781
FLUX 1089  5730.00        5.231981E+13   8.1392E-07   8.3119E-07   0.97922
FLUX 1090  5750.00        5.213783E+13   8.0860E-07   8.2574E-07   0.97925
FLUX 1091  5770.00        5.195711E+13   8.0290E-07   8.2034E-07   0.97874
FLUX 1092  5790.00        5.177763E+13   8.0021E-07   8.1500E-07   0.98185
FLUX 1093  5810.00        5.159940E+13   7.9327E-07   8.0971E-07   0.97970
FLUX 1094  5830.00        5.142238E+13   7.8942E-07   8.0447E-07   0.98130
FLUX 1095  5850.00        5.124658E+13   7.8609E-07   7.9932E-07   0.98344
FLUX 1096  5870.00        5.107198E+13   7.7903E-07   7.9418E-07   0.98092
FLUX 1097  5890.00        5.089856E+13   7.7413E-07   7.8909E-07   0.98104
FLUX 1098  5910.00        5.072631E+13   7.6895E-07   7.8404E-07   0.98074
FLUX 1099  5930.00        5.055523E+13   7.6671E-07   7.7905E-07   0.98417
FLUX 1100  5950.00        5.038529E+13   7.5855E-07   7.7410E-07   0.97991
FLUX 1101  5970.00        5.021650E+13   7.5869E-07   7.6920E-07   0.98634
FLUX 1102  5990.00        5.004883E+13   7.5413E-07   7.6435E-07   0.98663
FLUX 1103  6010.00        4.988228E+13   7.4975E-07   7.5954E-07   0.98711
FLUX 1104  6030.00        4.971683E+13   7.4554E-07   7.5477E-07   0.98777
FLUX 1105  6050.00        4.955248E+13   7.4028E-07   7.5005E-07   0.98697
FLUX 1106  6070.00        4.938921E+13   7.3554E-07   7.4538E-07   0.98680
FLUX 1107  6090.00        4.922701E+13   7.3138E-07   7.4075E-07   0.98736
FLUX 1108  6110.00        4.906588E+13   7.2553E-07   7.3616E-07   0.98557
FLUX 1109  6130.00        4.890579E+13   7.2348E-07   7.3161E-07   0.98889
FLUX 1110  6150.00        4.874675E+13   7.1972E-07   7.2711E-07   0.98984
FLUX 1111  6170.00        4.858874E+13   7.1590E-07   7.2264E-07   0.99067
FLUX 1112  6190.00        4.843174E+13   7.1228E-07   7.1822E-07   0.99173
FLUX 1113  6210.00        4.827576E+13   7.0831E-07   7.1384E-07   0.99225
FLUX 1114  6230.00        4.812079E+13   7.0230E-07   7.0950E-07   0.98985
FLUX 1115  6250.00        4.796680E+13   6.9857E-07   7.0519E-07   0.99060
FLUX 1116  6270.00        4.781380E+13   6.9495E-07   7.0093E-07   0.99147
FLUX 1117  6290.00        4.766176E+13   6.8998E-07   6.9671E-07   0.99034
FLUX 1118  6310.00        4.751070E+13   6.8591E-07   6.9252E-07   0.99045
FLUX 1119  6330.00        4.736058E+13   6.8455E-07   6.8837E-07   0.99445
FLUX 1120  6350.00        4.721142E+13   6.7957E-07   6.8426E-07   0.99315
FLUX 1121  6370.00        4.706319E+13   6.7687E-07   6.8018E-07   0.99513
FLUX 1122  6390.00        4.691588E+13   6.7161E-07   6.7614E-07   0.99329
FLUX 1123  6420.00        4.669665E+13   6.6685E-07   6.7015E-07   0.99507
FLUX 1124  6460.00        4.640751E+13   6.5862E-07   6.6229E-07   0.99446
FLUX 1125  6500.00        4.612192E+13   6.5103E-07   6.5456E-07   0.99462
FLUX 1126  6540.00        4.583983E+13   6.4441E-07   6.4696E-07   0.99605
FLUX 1127  6580.00        4.556117E+13   6.3768E-07   6.3950E-07   0.99715
FLUX 1128  6620.00        4.528588E+13   6.2996E-07   6.3216E-07   0.99652
FLUX 1129  6660.00        4.501389E+13   6.2347E-07   6.2496E-07   0.99762
FLUX 1130  6700.00        4.474515E+13   6.1635E-07   6.1787E-07   0.99754
FLUX 1131  6740.00        4.447960E+13   6.0900E-07   6.1090E-07   0.99689
FLUX 1132  6780.00        4.421718E+13   6.0207E-07   6.0405E-07   0.99672
FLUX 1133  6820.00        4.395784E+13   5.9609E-07   5.9731E-07   0.99796
FLUX 1134  6860.00        4.370153E+13   5.8971E-07   5.9069E-07   0.99834
FLUX 1135  6900.00        4.344819E+13   5.8312E-07   5.8417E-07   0.99820
FLUX 1136  6940.00        4.319777E+13   5.7653E-07   5.7776E-07   0.99788
FLUX 1137  6980.00        4.295021E+13   5.7082E-07   5.7146E-07   0.99889
FLUX 1138  7020.00        4.270548E+13   5.6407E-07   5.6525E-07   0.99791
FLUX 1139  7060.00        4.246353E+13   5.5850E-07   5.5915E-07   0.99883
FLUX 1140  7100.00        4.222430E+13   5.5264E-07   5.5315E-07   0.99908
FLUX 1141  7140.00        4.198775E+13   5.4680E-07   5.4724E-07   0.99919
FLUX 1142  7180.00        4.175383E+13   5.4089E-07   5.4143E-07   0.99902
FLUX 1143  7220.00        4.152251E+13   5.3507E-07   5.3570E-07   0.99882
FLUX 1144  7260.00        4.129373E+13   5.2944E-07   5.3007E-07   0.99881
FLUX 1145  7300.00        4.106747E+13   5.2429E-07   5.2453E-07   0.99954
FLUX 1146  7340.00        4.084366E+13   5.1842E-07   5.1907E-07   0.99875
FLUX 1147  7380.00        4.062229E+13   5.1350E-07   5.1370E-07   0.99961
FLUX 1148  7420.00        4.040330E+13   5.0769E-07   5.0841E-07   0.99858
FLUX 1149  7460.00        4.018666E+13   5.0090E-07   5.0320E-07   0.99544
FLUX 1150  7500.00        3.997233E+13   4.9594E-07   4.9807E-07   0.99572
FLUX 1151  7540.00        3.976028E+13   4.9249E-07   4.9302E-07   0.99892
FLUX 1152  7580.00        3.955046E+13   4.8783E-07   4.8804E-07   0.99957
FLUX 1153  7620.00        3.934285E+13   4.8290E-07   4.8314E-07   0.99950
FLUX 1154  7660.00        3.913740E+13   4.7818E-07   4.7832E-07   0.99971
FLUX 1155  7700.00        3.893409E+13   4.7314E-07   4.7356E-07   0.99911
FLUX 1156  7740.00        3.873288E+13   4.6873E-07   4.6888E-07   0.99968
FLUX 1157  7780.00        3.853374E+13   4.6414E-07   4.6426E-07   0.99973
FLUX 1158  7820.00        3.833664E+13   4.5961E-07   4.5972E-07   0.99977
FLUX 1159  7860.00        3.814154E+13   4.5518E-07   4.5523E-07   0.99988
FLUX 1160  7900.00        3.794842E+13   4.5074E-07   4.5082E-07   0.99983
FLUX 1161  7940.00        3.775724E+13   4.4633E-07   4.4647E-07   0.99970
FLUX 1162  7980.00        3.756798E+13   4.4209E-07   4.4217E-07   0.99982
FLUX 1163  8020.00        3.738061E+13   4.3757E-07   4.3795E-07   0.99915
FLUX 1164  8060.00        3.719510E+13   4.3338E-07   4.3378E-07   0.99908
FLUX 1165  8100.00        3.701142E+13   4.2957E-07   4.2967E-07   0.99977
FLUX 1166  8140.00        3.682955E+13   4.2498E-07   4.2561E-07   0.99850
FLUX 1167  8180.00        3.664945E+13   4.2128E-07   4.2162E-07   0.99920
FLUX 1168  8220.00        3.647111E+13   4.1760E-07   4.1768E-07   0.99981
FLUX 1169  8260.00        3.629449E+13   4.1362E-07   4.1380E-07   0.99957
FLUX 1170  8300.00        3.611958E+13   4.0984E-07   4.0997E-07   0.99968
FLUX 1171  8340.00        3.594634E+13   4.0571E-07   4.0619E-07   0.99882
FLUX 1172  8380.00        3.577476E+13   4.0216E-07   4.0246E-07   0.99925
FLUX 1173  8420.00        3.560481E+13   3.9867E-07   3.9879E-07   0.99970
FLUX 1174  8460.00        3.543647E+13   3.9505E-07   3.9516E-07   0.99970
FLUX 1175  8500.00        3.526971E+13   3.9148E-07   3.9159E-07   0.99974
FLUX 1176  8540.00        3.510451E+13   3.8792E-07   3.8806E-07   0.99965
FLUX 1177  8580.00        3.494085E+13   3.8448E-07   3.8458E-07   0.99974
FLUX 1178  8620.00        3.477871E+13   3.8095E-07   3.8115E-07   0.99947
FLUX 1179  8660.00        3.461807E+13   3.7753E-07   3.7776E-07   0.99940
FLUX 1180  8700.00        3.445891E+13   3.7437E-07   3.7441E-07   0.99988
FLUX 1181  8740.00        3.430120E+13   3.7076E-07   3.7112E-07   0.99904
FLUX 1182  8780.00        3.414493E+13   3.6751E-07   3.6786E-07   0.99904
FLUX 1183  8820.00        3.399008E+13   3.6433E-07   3.6465E-07   0.99914
FLUX 1184  8860.00        3.383663E+13   3.6122E-07   3.6147E-07   0.99928
FLUX 1185  8900.00        3.368455E+13   3.5803E-07   3.5834E-07   0.99913
FLUX 1186  8940.00        3.353384E+13   3.5507E-07   3.5525E-07   0.99947
FLUX 1187  8980.00        3.338447E+13   3.5174E-07   3.5220E-07   0.99867
FLUX 1188  9020.00        3.323642E+13   3.4892E-07   3.4919E-07   0.99920
FLUX 1189  9060.00        3.308968E+13   3.4620E-07   3.4622E-07   0.99993
FLUX 1190  9100.00        3.294423E+13   3.4286E-07   3.4329E-07   0.99875
FLUX 1191  9140.00        3.280005E+13   3.4002E-07   3.4039E-07   0.99890
FLUX 1192  9180.00        3.265714E+13   3.3739E-07   3.3753E-07   0.99960
FLUX 1193  9220.00        3.251546E+13   3.3465E-07   3.3470E-07   0.99986
FLUX 1194  9260.00        3.237500E+13   3.3179E-07   3.3191E-07   0.99964
FLUX 1195  9300.00        3.223575E+13   3.2914E-07   3.2916E-07   0.99993
FLUX 1196  9340.00        3.209770E+13   3.2627E-07   3.2644E-07   0.99950
FLUX 1197  9380.00        3.196082E+13   3.2344E-07   3.2375E-07   0.99904
FLUX 1198  9420.00        3.182511E+13   3.2104E-07   3.2109E-07   0.99985
FLUX 1199  9460.00        3.169054E+13   3.1831E-07   3.1847E-07   0.99949
FLUX 1200  9500.00        3.155711E+13   3.1579E-07   3.1588E-07   0.99972
FLUX 1201  9540.00        3.142479E+13   3.1315E-07   3.1332E-07   0.99946
FLUX 1202  9580.00        3.129358E+13   3.1063E-07   3.1079E-07   0.99949
FLUX 1203  9620.00        3.116346E+13   3.0812E-07   3.0829E-07   0.99943
FLUX 1204  9660.00        3.103442E+13   3.0565E-07   3.0582E-07   0.99942
FLUX 1205  9700.00        3.090644E+13   3.0333E-07   3.0338E-07   0.99982
FLUX 1206  9740.00        3.077952E+13   3.0055E-07   3.0097E-07   0.99858
FLUX 1207  9780.00        3.065363E+13   2.9823E-07   2.9859E-07   0.99878
FLUX 1208  9820.00        3.052877E+13   2.9612E-07   2.9624E-07   0.99960
FLUX 1209  9860.00        3.040492E+13   2.9383E-07   2.9391E-07   0.99970
FLUX 1210  9900.00        3.028207E+13   2.9153E-07   2.9162E-07   0.99970
FLUX 1211  9940.00        3.016021E+13   2.8906E-07   2.8934E-07   0.99903
FLUX 1212  9980.00        3.003933E+13   2.8699E-07   2.8710E-07   0.99962
FLUX 1213 10020.00        2.991941E+13   2.8477E-07   2.8488E-07   0.99962
FLUX 1214 20000.00        1.498963E+13   7.3346E-08   7.3351E-08   0.99992
FLUX 1215 40000.00        7.494813E+12   1.8369E-08   1.8369E-08   0.99999
FLUX 1216 60000.00        4.996542E+12   8.1154E-09   8.1155E-09   0.99999
FLUX 1217 80000.00        3.747406E+12   4.5363E-09   4.5363E-09   1.00000
FLUX 1218100000.00        2.997925E+12   2.8863E-09   2.8863E-09   1.00000
FLUX 1219120000.00        2.498271E+12   1.9937E-09   1.9937E-09   1.00000
FLUX 1220140000.00        2.141375E+12   1.4576E-09   1.4576E-09   1.00000
FLUX 1221160000.00        1.873703E+12   1.1110E-09   1.1110E-09   1.00000
FLUX
