TEFF   9000.  GRAVITY 1.50000 LTE 
TITLE   [0.0] VTURB=2  L/H=1.25 NOVER NEW ODF                     
FLUX    1     9.09        3.298047E+16   0.0000E+00   0.0000E+00   1.00000
FLUX    2     9.35        3.206337E+16   0.0000E+00   0.0000E+00   1.00000
FLUX    3     9.61        3.119589E+16   0.0000E+00   0.0000E+00   1.00000
FLUX    4     9.77        3.068500E+16   0.0000E+00   0.0000E+00   1.00000
FLUX    5     9.96        3.009965E+16   0.0000E+00   0.0000E+00   1.00000
FLUX    6    10.20        2.939142E+16   0.0000E+00   0.0000E+00   1.00000
FLUX    7    10.38        2.888174E+16   0.0000E+00   0.0000E+00   1.00000
FLUX    8    10.56        2.838944E+16   0.0000E+00   0.0000E+00   1.00000
FLUX    9    10.77        2.783588E+16   0.0000E+00   0.0000E+00   1.00000
FLUX   10    11.04        2.715512E+16   0.0000E+00   0.0000E+00   1.00000
FLUX   11    11.40        2.629759E+16   0.0000E+00   0.0000E+00   1.00000
FLUX   12    11.78        2.544928E+16   0.0000E+00   0.0000E+00   1.00000
FLUX   13    12.13        2.471496E+16   0.0000E+00   0.0000E+00   1.00000
FLUX   14    12.48        2.402184E+16   0.0000E+00   0.0000E+00   1.00000
FLUX   15    12.71        2.358714E+16   0.0000E+00   0.0000E+00   1.00000
FLUX   16    12.84        2.334832E+16   0.0000E+00   0.0000E+00   1.00000
FLUX   17    13.05        2.297261E+16   0.0000E+00   0.0000E+00   1.00000
FLUX   18    13.24        2.264294E+16   0.0000E+00   0.0000E+00   1.00000
FLUX   19    13.39        2.238928E+16   0.0000E+00   0.0000E+00   1.00000
FLUX   20    13.66        2.194674E+16   0.0000E+00   0.0000E+00   1.00000
FLUX   21    13.98        2.144439E+16   0.0000E+00   0.0000E+00   1.00000
FLUX   22    14.33        2.092062E+16   0.0000E+00   0.0000E+00   1.00000
FLUX   23    14.72        2.036634E+16   0.0000E+00   0.0000E+00   1.00000
FLUX   24    15.10        1.985381E+16   0.0000E+00   0.0000E+00   1.00000
FLUX   25    15.52        1.931653E+16   0.0000E+00   0.0000E+00   1.00000
FLUX   26    15.88        1.887862E+16   0.0000E+00   0.0000E+00   1.00000
FLUX   27    16.20        1.850571E+16   0.0000E+00   0.0000E+00   1.00000
FLUX   28    16.60        1.805979E+16   0.0000E+00   0.0000E+00   1.00000
FLUX   29    17.03        1.760379E+16   0.0000E+00   0.0000E+00   1.00000
FLUX   30    17.34        1.728907E+16   0.0000E+00   0.0000E+00   1.00000
FLUX   31    17.68        1.695659E+16   0.0000E+00   0.0000E+00   1.00000
FLUX   32    18.02        1.663665E+16   0.0000E+00   0.0000E+00   1.00000
FLUX   33    18.17        1.649931E+16   0.0000E+00   0.0000E+00   1.00000
FLUX   34    18.61        1.610921E+16   0.0000E+00   0.0000E+00   1.00000
FLUX   35    19.10        1.569594E+16   0.0000E+00   0.0000E+00   1.00000
FLUX   36    19.39        1.546119E+16   0.0000E+00   0.0000E+00   1.00000
FLUX   37    19.84        1.511051E+16   0.0000E+00   0.0000E+00   1.00000
FLUX   38    20.18        1.485592E+16   0.0000E+00   0.0000E+00   1.00000
FLUX   39    20.50        1.462402E+16   0.0000E+00   0.0000E+00   1.00000
FLUX   40    21.05        1.424192E+16   0.0000E+00   0.0000E+00   1.00000
FLUX   41    21.62        1.386644E+16   0.0000E+00   0.0000E+00   1.00000
FLUX   42    21.98        1.363933E+16   0.0000E+00   0.0000E+00   1.00000
FLUX   43    22.30        1.344361E+16   0.0000E+00   0.0000E+00   1.00000
FLUX   44    22.68        1.321836E+16   0.0000E+00   0.0000E+00   1.00000
FLUX   45    23.00        1.303446E+16   0.0000E+00   0.0000E+00   1.00000
FLUX   46    23.40        1.281165E+16   0.0000E+00   0.0000E+00   1.00000
FLUX   47    24.00        1.249135E+16   0.0000E+00   0.0000E+00   1.00000
FLUX   48    24.65        1.216197E+16   0.0000E+00   0.0000E+00   1.00000
FLUX   49    25.24        1.187767E+16   0.0000E+00   0.0000E+00   1.00000
FLUX   50    25.68        1.167416E+16   0.0000E+00   0.0000E+00   1.00000
FLUX   51    26.00        1.153048E+16   0.0000E+00   0.0000E+00   1.00000
FLUX   52    26.40        1.135578E+16   0.0000E+00   0.0000E+00   1.00000
FLUX   53    26.85        1.116546E+16   0.0000E+00   0.0000E+00   1.00000
FLUX   54    27.35        1.096133E+16   0.0000E+00   0.0000E+00   1.00000
FLUX   55    27.85        1.076454E+16   0.0000E+00   0.0000E+00   1.00000
FLUX   56    28.40        1.055607E+16   0.0000E+00   0.0000E+00   1.00000
FLUX   57    29.00        1.033767E+16   0.0000E+00   0.0000E+00   1.00000
FLUX   58    29.60        1.012812E+16   0.0000E+00   0.0000E+00   1.00000
FLUX   59    30.10        9.959883E+15   0.0000E+00   0.0000E+00   1.00000
FLUX   60    30.80        9.733523E+15   0.0000E+00   0.0000E+00   1.00000
FLUX   61    31.80        9.427437E+15   3.6500E-38   3.6502E-38   0.99995
FLUX   62    32.80        9.140016E+15   6.2744E-37   6.2746E-37   0.99997
FLUX   63    33.80        8.869601E+15   6.2527E-36   6.2528E-36   0.99998
FLUX   64    34.80        8.614727E+15   5.4409E-35   5.4411E-35   0.99996
FLUX   65    35.70        8.397549E+15   3.4689E-34   3.4694E-34   0.99986
FLUX   66    36.60        8.191052E+15   2.0198E-33   2.0199E-33   0.99995
FLUX   67    37.50        7.994466E+15   1.0823E-32   1.0828E-32   0.99954
FLUX   68    38.50        7.786818E+15   6.4068E-32   6.4075E-32   0.99989
FLUX   69    39.50        7.589683E+15   3.4723E-31   3.4741E-31   0.99948
FLUX   70    40.50        7.402284E+15   1.7389E-30   1.7390E-30   0.99994
FLUX   71    41.40        7.241364E+15   6.9536E-30   6.9538E-30   0.99997
FLUX   72    42.20        7.104087E+15   2.2700E-29   2.2702E-29   0.99991
FLUX   73    43.00        6.971918E+15   7.0849E-29   7.1003E-29   0.99783
FLUX   74    44.10        6.798016E+15   3.1882E-28   3.1887E-28   0.99984
FLUX   75    45.10        6.647284E+15   1.1733E-27   1.1734E-27   0.99991
FLUX   76    46.00        6.517228E+15   3.6151E-27   3.6152E-27   0.99997
FLUX   77    47.00        6.378564E+15   1.2008E-26   1.2012E-26   0.99967
FLUX   78    48.00        6.245677E+15   3.7969E-26   3.7973E-26   0.99989
FLUX   79    49.00        6.118214E+15   1.1470E-25   1.1470E-25   1.00000
FLUX   80    50.00        5.995850E+15   3.3132E-25   3.3132E-25   1.00000
FLUX   81    50.60        5.924753E+15   9.0573E-25   1.0474E-24   0.86474
FLUX   82    51.20        5.855322E+15   1.8615E-24   1.8817E-24   0.98926
FLUX   83    52.00        5.765240E+15   3.9761E-24   4.0155E-24   0.99019
FLUX   84    53.00        5.656462E+15   1.0008E-23   1.0036E-23   0.99721
FLUX   85    54.00        5.551713E+15   2.4021E-23   2.4264E-23   0.98999
FLUX   86    55.00        5.450773E+15   5.6804E-23   5.6874E-23   0.99877
FLUX   87    56.00        5.353437E+15   1.2936E-22   1.2940E-22   0.99969
FLUX   88    57.00        5.259518E+15   2.8620E-22   2.8621E-22   0.99997
FLUX   89    58.00        5.168836E+15   6.1055E-22   6.1647E-22   0.99040
FLUX   90    59.00        5.081229E+15   1.2921E-21   1.2932E-21   0.99915
FLUX   91    60.00        4.996542E+15   2.6459E-21   2.6490E-21   0.99883
FLUX   92    61.00        4.914631E+15   5.2996E-21   5.2997E-21   0.99998
FLUX   93    62.00        4.835363E+15   1.0368E-20   1.0369E-20   0.99990
FLUX   94    63.00        4.758611E+15   1.9861E-20   1.9862E-20   0.99995
FLUX   95    64.00        4.684258E+15   3.7252E-20   3.7293E-20   0.99890
FLUX   96    65.00        4.612193E+15   6.8676E-20   6.8685E-20   0.99987
FLUX   97    65.80        4.556117E+15   1.1044E-19   1.1045E-19   0.99991
FLUX   98    66.50        4.508158E+15   1.6567E-19   1.6580E-19   0.99922
FLUX   99    67.50        4.441370E+15   2.9173E-19   2.9195E-19   0.99925
FLUX  100    68.50        4.376533E+15   5.0554E-19   5.0584E-19   0.99941
FLUX  101    69.50        4.313561E+15   8.6228E-19   8.6231E-19   0.99997
FLUX  102    70.50        4.252376E+15   1.4452E-18   1.4478E-18   0.99820
FLUX  103    71.60        4.187046E+15   2.5170E-18   2.5173E-18   0.99988
FLUX  104    72.60        4.129373E+15   4.1010E-18   4.1011E-18   0.99998
FLUX  105    73.50        4.078809E+15   6.2893E-18   6.2902E-18   0.99986
FLUX  106    74.50        4.024060E+15   9.9902E-18   9.9945E-18   0.99957
FLUX  107    75.50        3.970761E+15   1.5676E-17   1.5684E-17   0.99949
FLUX  108    76.50        3.918856E+15   2.4314E-17   2.4327E-17   0.99947
FLUX  109    77.50        3.868290E+15   3.7290E-17   3.7305E-17   0.99960
FLUX  110    78.50        3.819013E+15   5.6562E-17   5.6562E-17   1.00000
FLUX  111    79.50        3.770975E+15   8.4605E-17   8.4840E-17   0.99723
FLUX  112    80.50        3.724130E+15   1.2577E-16   1.2595E-16   0.99857
FLUX  113    81.50        3.678435E+15   1.8509E-16   1.8513E-16   0.99978
FLUX  114    82.50        3.633848E+15   2.6951E-16   2.6955E-16   0.99985
FLUX  115    83.50        3.590329E+15   3.8841E-16   3.8888E-16   0.99879
FLUX  116    84.50        3.547840E+15   5.5608E-16   5.5612E-16   0.99993
FLUX  117    85.50        3.506345E+15   7.8845E-16   7.8856E-16   0.99986
FLUX  118    86.50        3.465809E+15   1.1088E-15   1.1088E-15   1.00000
FLUX  119    87.50        3.426200E+15   1.5449E-15   1.5466E-15   0.99890
FLUX  120    88.50        3.387486E+15   2.1404E-15   2.1406E-15   0.99991
FLUX  121    89.50        3.349637E+15   2.9406E-15   2.9406E-15   1.00000
FLUX  122    90.50        3.312624E+15   4.0033E-15   4.0105E-15   0.99820
FLUX  123    91.50        3.276421E+15   6.8353E-13   6.6471E-12   0.10283
FLUX  124    92.50        3.241000E+15   3.9852E-12   8.4443E-12   0.47194
FLUX  125    93.50        3.206337E+15   5.2048E-12   1.0500E-11   0.49570
FLUX  126    94.50        3.172407E+15   7.2967E-12   1.2911E-11   0.56515
FLUX  127    95.50        3.139188E+15   1.1432E-11   1.5866E-11   0.72053
FLUX  128    96.50        3.106658E+15   1.4899E-11   1.8938E-11   0.78673
FLUX  129    97.50        3.074795E+15   1.4934E-11   2.2027E-11   0.67799
FLUX  130    98.50        3.043579E+15   2.1481E-11   2.7849E-11   0.77134
FLUX  131    99.50        3.012990E+15   2.3888E-11   3.3133E-11   0.72097
FLUX  132   100.50        2.983010E+15   3.1539E-11   3.9042E-11   0.80782
FLUX  133   101.50        2.953621E+15   3.7279E-11   4.4634E-11   0.83522
FLUX  134   102.50        2.924805E+15   3.7315E-11   5.8428E-11   0.63865
FLUX  135   103.50        2.896546E+15   5.2540E-11   6.8160E-11   0.77083
FLUX  136   104.50        2.868828E+15   6.9520E-11   8.0889E-11   0.85945
FLUX  137   105.50        2.841635E+15   8.4506E-11   9.5486E-11   0.88501
FLUX  138   106.50        2.814953E+15   9.3564E-11   1.1272E-10   0.83006
FLUX  139   107.50        2.788767E+15   1.1624E-10   1.3311E-10   0.87326
FLUX  140   108.50        2.763064E+15   1.3742E-10   1.5685E-10   0.87612
FLUX  141   109.50        2.737831E+15   1.4937E-10   1.8399E-10   0.81184
FLUX  142   110.50        2.713054E+15   3.8938E-10   1.6736E-08   0.02327
FLUX  143   111.50        2.688722E+15   3.6689E-09   2.6844E-08   0.13667
FLUX  144   112.50        2.664822E+15   5.2647E-09   3.6892E-08   0.14271
FLUX  145   113.50        2.641344E+15   9.9784E-09   6.2509E-08   0.15963
FLUX  146   114.50        2.618275E+15   9.1624E-09   6.5544E-08   0.13979
FLUX  147   115.50        2.595606E+15   1.0037E-08   5.9425E-08   0.16890
FLUX  148   116.50        2.573326E+15   9.5135E-09   4.4457E-08   0.21399
FLUX  149   117.50        2.551426E+15   5.4732E-09   2.6123E-08   0.20952
FLUX  150   118.50        2.529894E+15   1.1825E-08   1.8206E-07   0.06495
FLUX  151   119.50        2.508724E+15   4.8736E-10   1.9020E-07   0.00256
FLUX  152   120.50        2.487905E+15   4.3906E-10   1.9647E-07   0.00223
FLUX  153   121.50        2.467428E+15   7.9639E-11   2.0130E-07   0.00040
FLUX  154   122.50        2.447286E+15   4.7154E-10   2.7286E-07   0.00173
FLUX  155   123.50        2.427470E+15   1.3956E-09   2.7669E-07   0.00504
FLUX  156   124.50        2.407972E+15   1.3809E-08   2.7076E-07   0.05100
FLUX  157   125.50        2.388785E+15   9.1158E-08   6.1326E-07   0.14864
FLUX  158   126.50        2.369901E+15   5.6308E-08   9.9171E-07   0.05678
FLUX  159   127.50        2.351314E+15   3.1204E-07   1.2720E-06   0.24531
FLUX  160   128.50        2.333015E+15   5.7563E-07   1.5690E-06   0.36688
FLUX  161   129.50        2.315000E+15   4.6189E-07   1.7905E-06   0.25797
FLUX  162   130.50        2.297260E+15   1.2793E-07   2.0049E-06   0.06381
FLUX  163   131.50        2.279791E+15   5.9793E-07   2.1793E-06   0.27437
FLUX  164   132.50        2.262585E+15   8.8719E-07   2.3397E-06   0.37919
FLUX  165   133.50        2.245637E+15   5.4644E-07   2.4791E-06   0.22042
FLUX  166   134.50        2.228941E+15   1.1956E-06   2.6050E-06   0.45896
FLUX  167   135.50        2.212491E+15   1.2506E-06   2.7196E-06   0.45985
FLUX  168   136.50        2.196282E+15   1.0130E-06   2.8292E-06   0.35805
FLUX  169   137.50        2.180309E+15   1.2176E-06   2.9294E-06   0.41565
FLUX  170   138.50        2.164567E+15   1.2966E-06   3.0238E-06   0.42880
FLUX  171   139.50        2.149050E+15   1.4149E-06   3.1112E-06   0.45478
FLUX  172   140.50        2.133754E+15   1.5194E-06   3.1951E-06   0.47554
FLUX  173   141.50        2.118675E+15   1.3934E-06   3.2729E-06   0.42574
FLUX  174   142.50        2.103807E+15   1.7267E-06   3.3713E-06   0.51218
FLUX  175   143.50        2.089146E+15   1.5453E-06   3.4431E-06   0.44881
FLUX  176   144.20        2.079005E+15   1.7877E-06   3.4928E-06   0.51182
FLUX  177   144.70        2.071821E+15   2.0771E-06   3.7756E-06   0.55014
FLUX  178   145.50        2.060429E+15   2.0672E-06   3.8322E-06   0.53943
FLUX  179   146.50        2.046365E+15   1.9257E-06   3.9018E-06   0.49354
FLUX  180   147.50        2.032492E+15   1.8526E-06   3.9686E-06   0.46681
FLUX  181   148.50        2.018805E+15   2.2163E-06   4.0327E-06   0.54958
FLUX  182   149.50        2.005301E+15   2.4647E-06   4.0953E-06   0.60184
FLUX  183   150.50        1.991977E+15   2.5480E-06   4.1548E-06   0.61327
FLUX  184   151.20        1.982755E+15   2.1322E-06   4.1958E-06   0.50817
FLUX  185   151.70        1.976220E+15   2.4947E-06   4.4445E-06   0.56130
FLUX  186   152.50        1.965852E+15   2.1120E-06   4.9106E-06   0.43009
FLUX  187   153.50        1.953046E+15   1.9305E-06   5.1418E-06   0.37545
FLUX  188   154.50        1.940404E+15   2.9196E-06   5.2126E-06   0.56010
FLUX  189   155.50        1.927926E+15   2.4459E-06   5.2811E-06   0.46314
FLUX  190   156.50        1.915607E+15   2.2131E-06   5.3489E-06   0.41375
FLUX  191   157.50        1.903444E+15   2.4627E-06   5.4210E-06   0.45429
FLUX  192   158.50        1.891435E+15   2.9214E-06   5.4861E-06   0.53251
FLUX  193   159.50        1.879577E+15   3.3620E-06   5.5502E-06   0.60574
FLUX  194   160.50        1.867866E+15   3.0003E-06   5.6129E-06   0.53454
FLUX  195   161.50        1.856300E+15   2.9925E-06   5.6745E-06   0.52736
FLUX  196   162.50        1.844877E+15   2.6646E-06   5.7373E-06   0.46443
FLUX  197   163.50        1.833593E+15   2.8709E-06   5.7970E-06   0.49524
FLUX  198   164.50        1.822447E+15   3.1228E-06   5.8558E-06   0.53328
FLUX  199   165.50        1.811435E+15   2.6644E-06   5.9138E-06   0.45054
FLUX  200   166.50        1.800556E+15   3.0862E-06   5.9708E-06   0.51688
FLUX  201   167.20        1.793017E+15   1.2462E-06   6.0101E-06   0.20735
FLUX  202   167.70        1.787671E+15   3.0802E-06   6.0988E-06   0.50505
FLUX  203   168.50        1.779184E+15   3.7361E-06   6.1739E-06   0.60514
FLUX  204   169.50        1.768687E+15   3.6226E-06   6.2287E-06   0.58160
FLUX  205   170.50        1.758314E+15   3.2142E-06   6.2827E-06   0.51160
FLUX  206   171.50        1.748061E+15   3.2121E-06   6.3386E-06   0.50675
FLUX  207   172.50        1.737928E+15   3.2609E-06   6.3913E-06   0.51021
FLUX  208   173.50        1.727911E+15   3.7519E-06   6.4431E-06   0.58231
FLUX  209   174.50        1.718009E+15   3.6487E-06   6.4945E-06   0.56181
FLUX  210   175.50        1.708219E+15   4.4334E-06   6.5452E-06   0.67735
FLUX  211   176.50        1.698541E+15   3.5785E-06   6.5951E-06   0.54260
FLUX  212   177.50        1.688972E+15   4.2144E-06   6.6444E-06   0.63428
FLUX  213   178.50        1.679510E+15   3.9799E-06   6.6933E-06   0.59461
FLUX  214   179.50        1.670153E+15   5.0331E-06   6.7414E-06   0.74660
FLUX  215   180.50        1.660900E+15   4.7663E-06   6.7891E-06   0.70205
FLUX  216   181.50        1.651749E+15   4.8289E-06   6.8362E-06   0.70637
FLUX  217   182.50        1.642699E+15   4.6179E-06   6.8829E-06   0.67092
FLUX  218   183.50        1.633747E+15   4.3939E-06   6.9299E-06   0.63405
FLUX  219   184.50        1.624892E+15   4.0634E-06   6.9764E-06   0.58245
FLUX  220   185.50        1.616132E+15   4.2106E-06   7.0224E-06   0.59960
FLUX  221   186.50        1.607466E+15   4.3806E-06   7.0680E-06   0.61978
FLUX  222   187.50        1.598893E+15   4.9225E-06   7.1136E-06   0.69198
FLUX  223   188.50        1.590411E+15   4.8019E-06   7.1582E-06   0.67083
FLUX  224   189.50        1.582018E+15   4.8385E-06   7.2024E-06   0.67179
FLUX  225   190.50        1.573714E+15   4.6541E-06   7.2462E-06   0.64228
FLUX  226   191.50        1.565496E+15   4.8823E-06   7.2974E-06   0.66905
FLUX  227   192.50        1.557364E+15   5.1773E-06   7.3405E-06   0.70531
FLUX  228   193.50        1.549315E+15   5.1249E-06   7.3833E-06   0.69412
FLUX  229   194.50        1.541350E+15   5.4727E-06   7.4257E-06   0.73699
FLUX  230   195.50        1.533465E+15   5.4496E-06   7.4677E-06   0.72976
FLUX  231   196.70        1.524110E+15   5.9866E-06   7.5178E-06   0.79632
FLUX  232   197.60        1.517168E+15   6.0956E-06   7.5568E-06   0.80664
FLUX  233   198.40        1.511051E+15   5.8119E-06   7.5913E-06   0.76560
FLUX  234   199.50        1.502719E+15   5.6371E-06   7.6371E-06   0.73812
FLUX  235   200.50        1.495224E+15   5.7341E-06   7.6777E-06   0.74685
FLUX  236   201.50        1.487804E+15   5.2950E-06   7.7180E-06   0.68606
FLUX  237   202.50        1.480457E+15   5.6064E-06   7.7581E-06   0.72265
FLUX  238   203.50        1.473182E+15   5.6798E-06   7.7979E-06   0.72838
FLUX  239   204.50        1.465978E+15   6.1725E-06   7.8375E-06   0.78756
FLUX  240   205.50        1.458844E+15   5.6353E-06   7.8769E-06   0.71542
FLUX  241   206.50        1.451780E+15   5.6172E-06   7.9161E-06   0.70959
FLUX  242   207.40        1.445480E+15   6.4378E-06   7.9512E-06   0.80966
FLUX  243   207.80        1.442697E+15   6.5239E-06   7.9803E-06   0.81750
FLUX  244   208.50        1.437854E+15   6.4697E-06   8.0076E-06   0.80795
FLUX  245   209.50        1.430990E+15   6.2258E-06   8.0464E-06   0.77374
FLUX  246   210.50        1.424192E+15   6.0239E-06   8.0850E-06   0.74507
FLUX  247   211.50        1.417459E+15   6.0389E-06   8.1235E-06   0.74339
FLUX  248   212.50        1.410788E+15   6.3005E-06   8.1619E-06   0.77194
FLUX  249   213.50        1.404180E+15   5.0873E-06   8.2001E-06   0.62039
FLUX  250   214.50        1.397634E+15   5.8924E-06   8.2382E-06   0.71525
FLUX  251   215.50        1.391148E+15   6.3304E-06   8.2761E-06   0.76490
FLUX  252   216.50        1.384723E+15   5.9554E-06   8.3141E-06   0.71630
FLUX  253   217.50        1.378356E+15   5.8848E-06   8.3519E-06   0.70461
FLUX  254   218.50        1.372048E+15   5.8623E-06   8.3895E-06   0.69877
FLUX  255   219.50        1.365797E+15   6.4953E-06   8.4271E-06   0.77076
FLUX  256   220.50        1.359603E+15   6.1844E-06   8.4646E-06   0.73062
FLUX  257   221.50        1.353465E+15   5.4593E-06   8.5021E-06   0.64211
FLUX  258   222.50        1.347382E+15   5.2111E-06   8.5395E-06   0.61023
FLUX  259   223.50        1.341353E+15   6.1992E-06   8.5767E-06   0.72280
FLUX  260   224.50        1.335379E+15   5.5607E-06   8.6139E-06   0.64555
FLUX  261   225.50        1.329457E+15   5.2426E-06   8.6514E-06   0.60598
FLUX  262   226.50        1.323587E+15   5.5780E-06   8.6885E-06   0.64200
FLUX  263   227.50        1.317769E+15   6.0528E-06   8.7256E-06   0.69368
FLUX  264   228.50        1.312002E+15   6.3969E-06   8.7626E-06   0.73002
FLUX  265   229.50        1.306285E+15   6.0532E-06   8.7996E-06   0.68789
FLUX  266   230.50        1.300618E+15   5.8230E-06   8.8366E-06   0.65896
FLUX  267   231.50        1.295000E+15   5.4600E-06   8.8736E-06   0.61531
FLUX  268   232.50        1.289430E+15   5.4275E-06   8.9106E-06   0.60911
FLUX  269   233.50        1.283908E+15   4.6693E-06   8.9476E-06   0.52185
FLUX  270   234.50        1.278433E+15   4.1496E-06   8.9846E-06   0.46186
FLUX  271   235.50        1.273004E+15   5.5109E-06   9.0215E-06   0.61086
FLUX  272   236.50        1.267622E+15   4.2200E-06   9.0584E-06   0.46587
FLUX  273   237.50        1.262284E+15   4.9837E-06   9.0954E-06   0.54794
FLUX  274   238.50        1.256992E+15   3.8453E-06   9.1323E-06   0.42107
FLUX  275   239.50        1.251743E+15   4.6964E-06   9.1693E-06   0.51219
FLUX  276   240.50        1.246538E+15   4.3908E-06   9.2063E-06   0.47693
FLUX  277   241.50        1.241377E+15   4.8695E-06   9.2433E-06   0.52681
FLUX  278   242.50        1.236258E+15   5.8650E-06   9.2804E-06   0.63198
FLUX  279   243.50        1.231181E+15   5.6151E-06   9.3175E-06   0.60264
FLUX  280   244.50        1.226145E+15   6.1927E-06   9.3548E-06   0.66198
FLUX  281   245.50        1.221151E+15   5.9808E-06   9.3920E-06   0.63680
FLUX  282   246.50        1.216197E+15   5.9045E-06   9.4293E-06   0.62619
FLUX  283   247.50        1.211283E+15   5.7359E-06   9.4666E-06   0.60591
FLUX  284   248.50        1.206408E+15   6.2466E-06   9.5039E-06   0.65727
FLUX  285   249.50        1.201573E+15   6.0171E-06   9.5412E-06   0.63064
FLUX  286   250.50        1.196776E+15   7.0588E-06   9.5787E-06   0.73693
FLUX  287   251.30        1.192966E+15   5.9127E-06   9.6086E-06   0.61536
FLUX  288   251.80        1.190598E+15   6.3415E-06   9.6316E-06   0.65841
FLUX  289   252.50        1.187297E+15   5.6128E-06   9.6578E-06   0.58117
FLUX  290   253.50        1.182613E+15   5.6805E-06   9.6962E-06   0.58585
FLUX  291   254.50        1.177967E+15   5.7094E-06   9.7346E-06   0.58651
FLUX  292   255.50        1.173356E+15   6.3371E-06   9.7731E-06   0.64842
FLUX  293   256.50        1.168782E+15   6.0647E-06   9.8116E-06   0.61812
FLUX  294   257.50        1.164243E+15   6.8437E-06   9.8502E-06   0.69478
FLUX  295   258.50        1.159739E+15   6.6261E-06   9.8889E-06   0.67005
FLUX  296   259.50        1.155270E+15   6.2858E-06   9.9276E-06   0.63316
FLUX  297   260.50        1.150835E+15   5.8807E-06   9.9668E-06   0.59003
FLUX  298   261.50        1.146434E+15   5.8046E-06   1.0006E-05   0.58011
FLUX  299   262.50        1.142067E+15   6.6820E-06   1.0044E-05   0.66527
FLUX  300   263.50        1.137732E+15   6.9523E-06   1.0083E-05   0.68951
FLUX  301   264.50        1.133431E+15   8.5371E-06   1.0122E-05   0.84342
FLUX  302   265.50        1.129162E+15   8.4328E-06   1.0161E-05   0.82992
FLUX  303   266.50        1.124925E+15   7.3721E-06   1.0200E-05   0.72275
FLUX  304   267.50        1.120720E+15   7.9797E-06   1.0239E-05   0.77934
FLUX  305   268.50        1.116546E+15   7.6875E-06   1.0278E-05   0.74796
FLUX  306   269.50        1.112403E+15   7.5777E-06   1.0317E-05   0.73449
FLUX  307   270.50        1.108290E+15   7.9727E-06   1.0357E-05   0.76979
FLUX  308   271.50        1.104208E+15   7.4366E-06   1.0396E-05   0.71533
FLUX  309   272.50        1.100156E+15   7.6696E-06   1.0435E-05   0.73499
FLUX  310   273.50        1.096133E+15   8.4965E-06   1.0475E-05   0.81112
FLUX  311   274.50        1.092140E+15   6.3361E-06   1.0514E-05   0.60263
FLUX  312   275.50        1.088176E+15   6.6749E-06   1.0553E-05   0.63251
FLUX  313   276.50        1.084240E+15   7.1135E-06   1.0593E-05   0.67153
FLUX  314   277.50        1.080333E+15   8.2055E-06   1.0632E-05   0.77177
FLUX  315   278.50        1.076454E+15   7.9530E-06   1.0672E-05   0.74522
FLUX  316   279.50        1.072603E+15   4.7466E-06   1.0712E-05   0.44311
FLUX  317   280.50        1.068779E+15   5.8066E-06   1.0751E-05   0.54010
FLUX  318   281.50        1.064982E+15   8.5800E-06   1.0791E-05   0.79511
FLUX  319   282.50        1.061212E+15   9.1946E-06   1.0831E-05   0.84892
FLUX  320   283.50        1.057469E+15   8.6271E-06   1.0870E-05   0.79366
FLUX  321   284.50        1.053752E+15   8.3597E-06   1.0910E-05   0.76624
FLUX  322   285.50        1.050061E+15   8.0369E-06   1.0950E-05   0.73396
FLUX  323   286.50        1.046396E+15   8.9818E-06   1.0990E-05   0.81727
FLUX  324   287.50        1.042757E+15   8.6185E-06   1.1030E-05   0.78137
FLUX  325   288.50        1.039142E+15   8.8800E-06   1.1070E-05   0.80217
FLUX  326   289.50        1.035553E+15   8.3552E-06   1.1110E-05   0.75204
FLUX  327   291.00        1.030215E+15   9.8596E-06   1.1170E-05   0.88269
FLUX  328   293.00        1.023183E+15   9.4894E-06   1.1250E-05   0.84350
FLUX  329   295.00        1.016246E+15   9.5882E-06   1.1330E-05   0.84627
FLUX  330   297.00        1.009402E+15   1.0066E-05   1.1410E-05   0.88221
FLUX  331   299.00        1.002651E+15   1.0337E-05   1.1490E-05   0.89965
FLUX  332   301.00        9.959884E+14   1.0780E-05   1.1570E-05   0.93172
FLUX  333   303.00        9.894142E+14   1.0721E-05   1.1651E-05   0.92018
FLUX  334   305.00        9.829262E+14   1.0654E-05   1.1731E-05   0.90819
FLUX  335   307.00        9.765228E+14   1.0674E-05   1.1811E-05   0.90373
FLUX  336   309.00        9.702022E+14   1.1128E-05   1.1891E-05   0.93583
FLUX  337   311.00        9.639630E+14   1.0818E-05   1.1971E-05   0.90368
FLUX  338   313.00        9.578035E+14   1.0842E-05   1.2051E-05   0.89968
FLUX  339   315.00        9.517222E+14   1.1295E-05   1.2131E-05   0.93109
FLUX  340   317.00        9.457176E+14   1.1344E-05   1.2211E-05   0.92900
FLUX  341   319.00        9.397884E+14   1.0960E-05   1.2292E-05   0.89164
FLUX  342   321.00        9.339330E+14   1.1449E-05   1.2372E-05   0.92540
FLUX  343   323.00        9.281502E+14   1.1304E-05   1.2452E-05   0.90781
FLUX  344   325.00        9.224384E+14   1.1599E-05   1.2531E-05   0.92562
FLUX  345   327.00        9.167966E+14   1.1704E-05   1.2611E-05   0.92808
FLUX  346   329.00        9.112234E+14   1.1989E-05   1.2690E-05   0.94476
FLUX  347   331.00        9.057175E+14   1.2226E-05   1.2770E-05   0.95740
FLUX  348   333.00        9.002778E+14   1.2041E-05   1.2848E-05   0.93719
FLUX  349   335.00        8.949029E+14   1.1990E-05   1.2927E-05   0.92752
FLUX  350   337.00        8.895919E+14   1.2119E-05   1.3005E-05   0.93187
FLUX  351   339.00        8.843436E+14   1.2202E-05   1.3084E-05   0.93259
FLUX  352   341.00        8.791569E+14   1.2656E-05   1.3162E-05   0.96156
FLUX  353   343.00        8.740306E+14   1.2777E-05   1.3239E-05   0.96510
FLUX  354   345.00        8.689638E+14   1.2835E-05   1.3316E-05   0.96388
FLUX  355   347.00        8.639554E+14   1.2740E-05   1.3393E-05   0.95124
FLUX  356   349.00        8.590043E+14   1.2774E-05   1.3470E-05   0.94833
FLUX  357   351.00        8.541097E+14   1.3149E-05   1.3546E-05   0.97069
FLUX  358   353.00        8.492705E+14   1.3403E-05   1.3621E-05   0.98400
FLUX  359   355.00        8.444859E+14   1.3567E-05   1.3697E-05   0.99051
FLUX  360   357.00        8.397549E+14   1.3411E-05   1.3772E-05   0.97379
FLUX  361   359.00        8.350766E+14   1.3505E-05   1.3846E-05   0.97537
FLUX  362   361.00        8.304501E+14   1.3627E-05   1.3920E-05   0.97895
FLUX  363   363.00        8.258746E+14   1.3712E-05   1.3994E-05   0.97985
FLUX  364   364.00        8.236057E+14   1.3652E-05   1.4031E-05   0.97299
FLUX  365   365.00        8.213493E+14   1.4201E-05   4.8304E-05   0.29399
FLUX  366   367.00        8.168733E+14   1.4052E-05   4.8263E-05   0.29115
FLUX  367   369.00        8.124458E+14   1.5378E-05   4.8289E-05   0.31846
FLUX  368   371.00        8.080660E+14   2.0920E-05   4.8242E-05   0.43365
FLUX  369   373.00        8.037332E+14   2.9883E-05   4.8192E-05   0.62008
FLUX  370   375.00        7.994467E+14   3.7669E-05   4.8140E-05   0.78249
FLUX  371   377.00        7.952055E+14   3.7705E-05   4.8086E-05   0.78412
FLUX  372   379.00        7.910092E+14   4.1069E-05   4.8030E-05   0.85507
FLUX  373   381.00        7.868569E+14   4.4500E-05   4.7971E-05   0.92764
FLUX  374   383.00        7.827481E+14   3.8463E-05   4.7911E-05   0.80280
FLUX  375   385.00        7.786818E+14   4.5255E-05   4.7848E-05   0.94581
FLUX  376   387.00        7.746576E+14   4.5976E-05   4.7783E-05   0.96218
FLUX  377   389.00        7.706748E+14   3.9062E-05   4.7716E-05   0.81864
FLUX  378   391.00        7.667327E+14   4.5502E-05   4.7647E-05   0.95498
FLUX  379   393.00        7.628308E+14   4.4440E-05   4.7577E-05   0.93406
FLUX  380   395.00        7.589684E+14   4.6484E-05   4.7504E-05   0.97853
FLUX  381   397.00        7.551448E+14   3.7843E-05   4.7430E-05   0.79787
FLUX  382   399.00        7.513596E+14   4.6538E-05   4.7354E-05   0.98277
FLUX  383   401.00        7.476122E+14   4.6066E-05   4.7276E-05   0.97441
FLUX  384   403.00        7.439020E+14   4.5844E-05   4.7197E-05   0.97133
FLUX  385   405.00        7.402284E+14   4.6056E-05   4.7117E-05   0.97748
FLUX  386   407.00        7.365909E+14   4.5648E-05   4.7035E-05   0.97051
FLUX  387   409.00        7.329890E+14   4.5519E-05   4.6951E-05   0.96950
FLUX  388   411.00        7.294221E+14   3.9074E-05   4.6866E-05   0.83374
FLUX  389   413.00        7.258898E+14   4.5276E-05   4.6781E-05   0.96783
FLUX  390   415.00        7.223916E+14   4.6048E-05   4.6695E-05   0.98614
FLUX  391   417.00        7.189269E+14   4.5232E-05   4.6607E-05   0.97050
FLUX  392   419.00        7.154952E+14   4.5512E-05   4.6518E-05   0.97837
FLUX  393   421.00        7.120962E+14   4.5565E-05   4.6427E-05   0.98143
FLUX  394   423.00        7.087293E+14   4.5351E-05   4.6336E-05   0.97874
FLUX  395   425.00        7.053941E+14   4.4961E-05   4.6244E-05   0.97226
FLUX  396   427.00        7.020902E+14   4.4851E-05   4.6150E-05   0.97185
FLUX  397   429.00        6.988170E+14   4.5000E-05   4.6055E-05   0.97709
FLUX  398   431.00        6.955742E+14   4.4081E-05   4.5960E-05   0.95912
FLUX  399   433.00        6.923614E+14   4.2884E-05   4.5863E-05   0.93505
FLUX  400   435.00        6.891782E+14   3.8444E-05   4.5766E-05   0.84001
FLUX  401   437.00        6.860241E+14   4.4848E-05   4.5667E-05   0.98207
FLUX  402   439.00        6.828987E+14   4.4020E-05   4.5568E-05   0.96603
FLUX  403   441.00        6.798016E+14   4.4135E-05   4.5468E-05   0.97068
FLUX  404   443.00        6.767325E+14   4.4573E-05   4.5367E-05   0.98250
FLUX  405   445.00        6.736910E+14   4.4383E-05   4.5265E-05   0.98051
FLUX  406   447.00        6.706767E+14   4.4228E-05   4.5162E-05   0.97932
FLUX  407   449.00        6.676893E+14   4.3719E-05   4.5059E-05   0.97026
FLUX  408   451.00        6.647284E+14   4.4032E-05   4.4954E-05   0.97949
FLUX  409   453.00        6.617936E+14   4.3701E-05   4.4850E-05   0.97438
FLUX  410   455.00        6.588846E+14   4.2916E-05   4.4744E-05   0.95915
FLUX  411   457.00        6.560011E+14   4.3868E-05   4.4638E-05   0.98275
FLUX  412   459.00        6.531427E+14   4.3050E-05   4.4532E-05   0.96672
FLUX  413   461.00        6.503091E+14   4.4166E-05   4.4424E-05   0.99419
FLUX  414   463.00        6.475000E+14   4.3037E-05   4.4317E-05   0.97112
FLUX  415   465.00        6.447151E+14   4.3906E-05   4.4208E-05   0.99317
FLUX  416   467.00        6.419539E+14   4.3562E-05   4.4100E-05   0.98780
FLUX  417   469.00        6.392164E+14   4.3634E-05   4.3991E-05   0.99188
FLUX  418   471.00        6.365021E+14   4.2903E-05   4.3881E-05   0.97771
FLUX  419   473.00        6.338108E+14   4.3416E-05   4.3771E-05   0.99189
FLUX  420   475.00        6.311421E+14   4.3406E-05   4.3660E-05   0.99418
FLUX  421   477.00        6.284958E+14   4.3389E-05   4.3549E-05   0.99633
FLUX  422   479.00        6.258716E+14   4.3269E-05   4.3438E-05   0.99611
FLUX  423   481.00        6.232692E+14   4.2991E-05   4.3327E-05   0.99225
FLUX  424   483.00        6.206884E+14   4.2686E-05   4.3215E-05   0.98776
FLUX  425   485.00        6.181289E+14   4.1021E-05   4.3102E-05   0.95172
FLUX  426   487.00        6.155903E+14   3.5329E-05   4.2990E-05   0.82180
FLUX  427   489.00        6.130726E+14   4.2508E-05   4.2877E-05   0.99139
FLUX  428   491.00        6.105754E+14   4.2469E-05   4.2764E-05   0.99310
FLUX  429   493.00        6.080984E+14   4.1942E-05   4.2651E-05   0.98338
FLUX  430   495.00        6.056414E+14   4.2236E-05   4.2537E-05   0.99292
FLUX  431   497.00        6.032042E+14   4.2290E-05   4.2423E-05   0.99686
FLUX  432   499.00        6.007865E+14   4.1938E-05   4.2309E-05   0.99123
FLUX  433   501.00        5.983882E+14   4.1113E-05   4.2195E-05   0.97436
FLUX  434   503.00        5.960089E+14   4.1422E-05   4.2081E-05   0.98434
FLUX  435   505.00        5.936485E+14   4.1151E-05   4.1967E-05   0.98056
FLUX  436   507.00        5.913067E+14   4.1388E-05   4.1852E-05   0.98891
FLUX  437   509.00        5.889833E+14   4.1305E-05   4.1738E-05   0.98963
FLUX  438   511.00        5.866781E+14   4.1062E-05   4.1623E-05   0.98652
FLUX  439   513.00        5.843908E+14   4.0990E-05   4.1508E-05   0.98752
FLUX  440   515.00        5.821213E+14   4.0633E-05   4.1393E-05   0.98164
FLUX  441   517.00        5.798694E+14   4.0250E-05   4.1278E-05   0.97510
FLUX  442   519.00        5.776348E+14   4.0246E-05   4.1163E-05   0.97772
FLUX  443   521.00        5.754174E+14   4.0365E-05   4.1049E-05   0.98334
FLUX  444   523.00        5.732170E+14   3.9810E-05   4.0934E-05   0.97254
FLUX  445   525.00        5.710334E+14   4.0210E-05   4.0819E-05   0.98508
FLUX  446   527.00        5.688662E+14   3.9527E-05   4.0704E-05   0.97108
FLUX  447   529.00        5.667155E+14   4.0123E-05   4.0589E-05   0.98852
FLUX  448   531.00        5.645810E+14   3.9434E-05   4.0475E-05   0.97428
FLUX  449   533.00        5.624625E+14   3.9688E-05   4.0360E-05   0.98335
FLUX  450   535.00        5.603598E+14   3.9976E-05   4.0246E-05   0.99329
FLUX  451   537.00        5.582728E+14   3.9733E-05   4.0131E-05   0.99008
FLUX  452   539.00        5.562013E+14   3.9636E-05   4.0017E-05   0.99048
FLUX  453   541.00        5.541451E+14   3.9376E-05   3.9902E-05   0.98682
FLUX  454   543.00        5.521041E+14   3.9244E-05   3.9788E-05   0.98633
FLUX  455   545.00        5.500780E+14   3.9408E-05   3.9674E-05   0.99330
FLUX  456   547.00        5.480667E+14   3.9223E-05   3.9559E-05   0.99151
FLUX  457   549.00        5.460701E+14   3.9174E-05   3.9445E-05   0.99313
FLUX  458   551.00        5.440880E+14   3.8934E-05   3.9331E-05   0.98991
FLUX  459   553.00        5.421202E+14   3.8859E-05   3.9218E-05   0.99085
FLUX  460   555.00        5.401667E+14   3.8918E-05   3.9104E-05   0.99524
FLUX  461   557.00        5.382271E+14   3.8770E-05   3.8991E-05   0.99433
FLUX  462   559.00        5.363014E+14   3.8711E-05   3.8877E-05   0.99573
FLUX  463   561.00        5.343895E+14   3.8695E-05   3.8764E-05   0.99822
FLUX  464   563.00        5.324911E+14   3.8548E-05   3.8651E-05   0.99734
FLUX  465   565.00        5.306062E+14   3.8271E-05   3.8538E-05   0.99307
FLUX  466   567.00        5.287346E+14   3.8252E-05   3.8426E-05   0.99547
FLUX  467   569.00        5.268761E+14   3.8234E-05   3.8313E-05   0.99794
FLUX  468   571.00        5.250306E+14   3.8142E-05   3.8201E-05   0.99846
FLUX  469   573.00        5.231981E+14   3.8028E-05   3.8089E-05   0.99840
FLUX  470   575.00        5.213783E+14   3.7900E-05   3.7977E-05   0.99797
FLUX  471   577.00        5.195711E+14   3.7804E-05   3.7865E-05   0.99839
FLUX  472   579.00        5.177763E+14   3.7611E-05   3.7753E-05   0.99624
FLUX  473   581.00        5.159940E+14   3.7538E-05   3.7642E-05   0.99724
FLUX  474   583.00        5.142239E+14   3.7407E-05   3.7531E-05   0.99670
FLUX  475   585.00        5.124658E+14   3.7364E-05   3.7420E-05   0.99850
FLUX  476   587.00        5.107198E+14   3.7142E-05   3.7309E-05   0.99552
FLUX  477   589.00        5.089856E+14   3.6914E-05   3.7199E-05   0.99234
FLUX  478   591.00        5.072631E+14   3.7002E-05   3.7089E-05   0.99765
FLUX  479   593.00        5.055523E+14   3.6930E-05   3.6979E-05   0.99867
FLUX  480   595.00        5.038529E+14   3.6634E-05   3.6869E-05   0.99363
FLUX  481   597.00        5.021650E+14   3.6650E-05   3.6760E-05   0.99701
FLUX  482   599.00        5.004883E+14   3.6419E-05   3.6650E-05   0.99370
FLUX  483   601.00        4.988228E+14   3.6471E-05   3.6542E-05   0.99806
FLUX  484   603.00        4.971683E+14   3.6387E-05   3.6433E-05   0.99874
FLUX  485   605.00        4.955248E+14   3.6226E-05   3.6325E-05   0.99727
FLUX  486   607.00        4.938921E+14   3.6139E-05   3.6217E-05   0.99785
FLUX  487   609.00        4.922701E+14   3.6014E-05   3.6110E-05   0.99734
FLUX  488   611.00        4.906587E+14   3.5921E-05   3.6003E-05   0.99772
FLUX  489   613.00        4.890579E+14   3.5804E-05   3.5896E-05   0.99744
FLUX  490   615.00        4.874675E+14   3.5272E-05   3.5789E-05   0.98555
FLUX  491   617.00        4.858874E+14   3.5594E-05   3.5683E-05   0.99751
FLUX  492   619.00        4.843175E+14   3.5514E-05   3.5577E-05   0.99823
FLUX  493   621.00        4.827576E+14   3.5432E-05   3.5471E-05   0.99890
FLUX  494   623.00        4.812079E+14   3.5262E-05   3.5366E-05   0.99706
FLUX  495   625.00        4.796680E+14   3.4763E-05   3.5261E-05   0.98588
FLUX  496   627.00        4.781379E+14   3.5126E-05   3.5156E-05   0.99915
FLUX  497   629.00        4.766177E+14   3.5003E-05   3.5052E-05   0.99860
FLUX  498   631.00        4.751070E+14   3.4761E-05   3.4948E-05   0.99465
FLUX  499   633.00        4.736058E+14   3.4777E-05   3.4844E-05   0.99808
FLUX  500   635.00        4.721142E+14   3.4302E-05   3.4740E-05   0.98739
FLUX  501   637.00        4.706319E+14   3.4285E-05   3.4637E-05   0.98984
FLUX  502   639.00        4.691588E+14   3.4425E-05   3.4534E-05   0.99684
FLUX  503   641.00        4.676950E+14   3.4259E-05   3.4431E-05   0.99500
FLUX  504   643.00        4.662403E+14   3.4228E-05   3.4329E-05   0.99706
FLUX  505   645.00        4.647946E+14   3.3867E-05   3.4227E-05   0.98948
FLUX  506   647.00        4.633578E+14   3.4096E-05   3.4125E-05   0.99915
FLUX  507   649.00        4.619299E+14   3.3808E-05   3.4024E-05   0.99365
FLUX  508   651.00        4.605108E+14   3.3715E-05   3.3923E-05   0.99387
FLUX  509   653.00        4.591003E+14   3.3582E-05   3.3822E-05   0.99290
FLUX  510   655.00        4.576985E+14   3.2158E-05   3.3721E-05   0.95365
FLUX  511   657.00        4.563052E+14   2.6685E-05   3.3621E-05   0.79370
FLUX  512   659.00        4.549203E+14   3.3144E-05   3.3521E-05   0.98875
FLUX  513   661.00        4.535439E+14   3.3288E-05   3.3422E-05   0.99599
FLUX  514   663.00        4.521757E+14   3.3241E-05   3.3323E-05   0.99754
FLUX  515   665.00        4.508158E+14   3.3185E-05   3.3224E-05   0.99883
FLUX  516   667.00        4.494640E+14   3.3047E-05   3.3125E-05   0.99765
FLUX  517   669.00        4.481203E+14   3.2960E-05   3.3027E-05   0.99797
FLUX  518   671.00        4.467846E+14   3.2899E-05   3.2929E-05   0.99909
FLUX  519   673.00        4.454569E+14   3.2754E-05   3.2831E-05   0.99765
FLUX  520   675.00        4.441370E+14   3.2694E-05   3.2734E-05   0.99878
FLUX  521   677.00        4.428250E+14   3.2610E-05   3.2637E-05   0.99917
FLUX  522   679.00        4.415206E+14   3.2499E-05   3.2540E-05   0.99874
FLUX  523   681.00        4.402239E+14   3.2409E-05   3.2444E-05   0.99892
FLUX  524   683.00        4.389349E+14   3.2276E-05   3.2348E-05   0.99777
FLUX  525   685.00        4.376533E+14   3.2196E-05   3.2252E-05   0.99826
FLUX  526   687.00        4.363792E+14   3.2108E-05   3.2157E-05   0.99848
FLUX  527   689.00        4.351125E+14   3.2027E-05   3.2062E-05   0.99891
FLUX  528   691.00        4.338531E+14   3.1915E-05   3.1967E-05   0.99837
FLUX  529   693.00        4.326010E+14   3.1802E-05   3.1873E-05   0.99777
FLUX  530   695.00        4.313561E+14   3.1739E-05   3.1779E-05   0.99874
FLUX  531   697.00        4.301184E+14   3.1639E-05   3.1685E-05   0.99855
FLUX  532   699.00        4.288877E+14   3.1570E-05   3.1592E-05   0.99930
FLUX  533   701.00        4.276641E+14   3.1402E-05   3.1499E-05   0.99692
FLUX  534   703.00        4.264474E+14   3.1383E-05   3.1407E-05   0.99924
FLUX  535   705.00        4.252376E+14   3.1233E-05   3.1314E-05   0.99741
FLUX  536   707.00        4.240346E+14   3.1167E-05   3.1222E-05   0.99824
FLUX  537   709.00        4.228385E+14   3.1112E-05   3.1131E-05   0.99939
FLUX  538   711.00        4.216491E+14   3.0919E-05   3.1040E-05   0.99610
FLUX  539   713.00        4.204663E+14   3.0889E-05   3.0949E-05   0.99806
FLUX  540   715.00        4.192902E+14   3.0816E-05   3.0858E-05   0.99864
FLUX  541   717.00        4.181206E+14   3.0732E-05   3.0768E-05   0.99883
FLUX  542   719.00        4.169576E+14   3.0632E-05   3.0678E-05   0.99850
FLUX  543   721.00        4.158010E+14   3.0559E-05   3.0588E-05   0.99905
FLUX  544   723.00        4.146508E+14   3.0394E-05   3.0499E-05   0.99656
FLUX  545   725.00        4.135069E+14   3.0351E-05   3.0410E-05   0.99806
FLUX  546   727.00        4.123693E+14   3.0281E-05   3.0321E-05   0.99868
FLUX  547   729.00        4.112380E+14   3.0173E-05   3.0233E-05   0.99802
FLUX  548   731.00        4.101129E+14   3.0029E-05   3.0145E-05   0.99615
FLUX  549   733.00        4.089939E+14   2.9994E-05   3.0058E-05   0.99787
FLUX  550   735.00        4.078810E+14   2.9943E-05   2.9970E-05   0.99910
FLUX  551   737.00        4.067741E+14   2.9873E-05   2.9883E-05   0.99967
FLUX  552   739.00        4.056732E+14   2.9772E-05   2.9797E-05   0.99916
FLUX  553   741.00        4.045783E+14   2.9664E-05   2.9710E-05   0.99845
FLUX  554   743.00        4.034892E+14   2.9510E-05   2.9624E-05   0.99615
FLUX  555   745.00        4.024060E+14   2.9447E-05   2.9538E-05   0.99692
FLUX  556   747.00        4.013287E+14   2.9288E-05   2.9453E-05   0.99440
FLUX  557   749.00        4.002570E+14   2.9284E-05   2.9368E-05   0.99714
FLUX  558   751.00        3.991911E+14   2.9162E-05   2.9283E-05   0.99587
FLUX  559   753.00        3.981308E+14   2.9167E-05   2.9199E-05   0.99890
FLUX  560   755.00        3.970762E+14   2.9100E-05   2.9114E-05   0.99952
FLUX  561   757.00        3.960271E+14   2.9004E-05   2.9031E-05   0.99907
FLUX  562   759.00        3.949835E+14   2.8921E-05   2.8947E-05   0.99910
FLUX  563   761.00        3.939455E+14   2.8860E-05   2.8864E-05   0.99986
FLUX  564   763.00        3.929128E+14   2.8765E-05   2.8781E-05   0.99944
FLUX  565   765.00        3.918856E+14   2.8631E-05   2.8698E-05   0.99767
FLUX  566   767.00        3.908638E+14   2.8580E-05   2.8616E-05   0.99874
FLUX  567   769.00        3.898472E+14   2.8503E-05   2.8534E-05   0.99891
FLUX  568   771.00        3.888359E+14   2.8359E-05   2.8452E-05   0.99673
FLUX  569   773.00        3.878299E+14   2.8349E-05   2.8371E-05   0.99922
FLUX  570   775.00        3.868290E+14   2.8267E-05   2.8290E-05   0.99919
FLUX  571   777.00        3.858333E+14   2.7627E-05   2.8209E-05   0.97937
FLUX  572   779.00        3.848427E+14   2.8106E-05   2.8129E-05   0.99918
FLUX  573   781.00        3.838572E+14   2.8039E-05   2.8049E-05   0.99964
FLUX  574   783.00        3.828767E+14   2.7939E-05   2.7969E-05   0.99893
FLUX  575   785.00        3.819013E+14   2.7796E-05   2.7889E-05   0.99667
FLUX  576   787.00        3.809307E+14   2.7660E-05   2.7810E-05   0.99461
FLUX  577   789.00        3.799652E+14   2.7527E-05   2.7731E-05   0.99264
FLUX  578   791.00        3.790044E+14   2.7611E-05   2.7652E-05   0.99852
FLUX  579   793.00        3.780486E+14   2.7557E-05   2.7574E-05   0.99938
FLUX  580   795.00        3.770975E+14   2.7366E-05   2.7496E-05   0.99527
FLUX  581   797.00        3.761512E+14   2.7407E-05   2.7418E-05   0.99960
FLUX  582   799.00        3.752096E+14   2.7035E-05   2.7341E-05   0.98881
FLUX  583   801.00        3.742728E+14   2.7246E-05   2.7264E-05   0.99934
FLUX  584   803.00        3.733406E+14   2.7166E-05   2.7187E-05   0.99923
FLUX  585   805.00        3.724130E+14   2.7094E-05   2.7110E-05   0.99941
FLUX  586   807.00        3.714901E+14   2.7008E-05   2.7034E-05   0.99904
FLUX  587   809.00        3.705717E+14   2.6936E-05   2.6958E-05   0.99918
FLUX  588   811.00        3.696578E+14   2.6848E-05   2.6882E-05   0.99874
FLUX  589   813.00        3.687484E+14   2.6796E-05   2.6807E-05   0.99959
FLUX  590   815.00        3.678435E+14   2.6720E-05   2.6732E-05   0.99955
FLUX  591   817.00        3.669431E+14   2.6648E-05   2.6657E-05   0.99966
FLUX  592   819.00        3.660470E+14   2.6470E-05   2.6583E-05   0.99575
FLUX  593   821.00        3.651553E+14   2.6435E-05   3.1816E-05   0.83087
FLUX  594   823.00        3.642679E+14   2.6349E-05   3.1722E-05   0.83062
FLUX  595   825.00        3.633848E+14   2.6403E-05   3.1627E-05   0.83482
FLUX  596   827.00        3.625060E+14   2.6447E-05   3.1533E-05   0.83871
FLUX  597   829.00        3.616315E+14   2.6271E-05   3.1440E-05   0.83559
FLUX  598   831.00        3.607611E+14   2.6156E-05   3.1346E-05   0.83443
FLUX  599   833.00        3.598949E+14   2.5893E-05   3.1253E-05   0.82850
FLUX  600   835.00        3.590329E+14   2.5996E-05   3.1160E-05   0.83427
FLUX  601   837.00        3.581750E+14   2.5475E-05   3.1068E-05   0.81998
FLUX  602   839.00        3.573212E+14   2.5740E-05   3.0976E-05   0.83097
FLUX  603   841.00        3.564714E+14   2.5657E-05   3.0884E-05   0.83075
FLUX  604   843.00        3.556257E+14   2.6423E-05   3.0793E-05   0.85808
FLUX  605   845.00        3.547840E+14   2.5989E-05   3.0702E-05   0.84649
FLUX  606   847.00        3.539463E+14   2.5418E-05   3.0612E-05   0.83033
FLUX  607   849.00        3.531125E+14   2.7700E-05   3.0521E-05   0.90757
FLUX  608   851.00        3.522826E+14   2.5230E-05   3.0431E-05   0.82909
FLUX  609   853.00        3.514566E+14   2.8285E-05   3.0342E-05   0.93221
FLUX  610   855.00        3.506345E+14   2.4983E-05   3.0253E-05   0.82580
FLUX  611   857.00        3.498162E+14   2.8811E-05   3.0164E-05   0.95515
FLUX  612   859.00        3.490017E+14   2.7510E-05   3.0075E-05   0.91471
FLUX  613   861.00        3.481911E+14   2.6824E-05   2.9987E-05   0.89452
FLUX  614   863.00        3.473841E+14   2.9535E-05   2.9899E-05   0.98783
FLUX  615   865.00        3.465809E+14   2.9312E-05   2.9811E-05   0.98326
FLUX  616   867.00        3.457814E+14   2.4947E-05   2.9724E-05   0.83929
FLUX  617   869.00        3.449856E+14   2.9135E-05   2.9636E-05   0.98309
FLUX  618   871.00        3.441934E+14   2.9419E-05   2.9550E-05   0.99557
FLUX  619   873.00        3.434049E+14   2.9173E-05   2.9463E-05   0.99016
FLUX  620   875.00        3.426200E+14   2.4953E-05   2.9377E-05   0.84941
FLUX  621   877.00        3.418387E+14   2.8866E-05   2.9291E-05   0.98549
FLUX  622   879.00        3.410609E+14   2.9164E-05   2.9206E-05   0.99856
FLUX  623   881.00        3.402866E+14   2.9040E-05   2.9121E-05   0.99722
FLUX  624   883.00        3.395159E+14   2.8803E-05   2.9036E-05   0.99198
FLUX  625   885.00        3.387486E+14   2.8264E-05   2.8951E-05   0.97627
FLUX  626   887.00        3.379848E+14   2.4710E-05   2.8867E-05   0.85599
FLUX  627   889.00        3.372244E+14   2.8634E-05   2.8783E-05   0.99482
FLUX  628   891.00        3.364674E+14   2.8533E-05   2.8700E-05   0.99418
FLUX  629   893.00        3.357139E+14   2.8403E-05   2.8617E-05   0.99252
FLUX  630   895.00        3.349637E+14   2.8505E-05   2.8534E-05   0.99898
FLUX  631   897.00        3.342168E+14   2.8420E-05   2.8451E-05   0.99891
FLUX  632   899.00        3.334733E+14   2.8219E-05   2.8369E-05   0.99471
FLUX  633   901.00        3.327331E+14   2.4751E-05   2.8287E-05   0.87500
FLUX  634   903.00        3.319961E+14   2.7058E-05   2.8205E-05   0.95933
FLUX  635   905.00        3.312624E+14   2.8032E-05   2.8124E-05   0.99673
FLUX  636   907.00        3.305320E+14   2.7613E-05   2.8043E-05   0.98467
FLUX  637   909.00        3.298047E+14   2.7460E-05   2.7962E-05   0.98205
FLUX  638   911.00        3.290807E+14   2.7673E-05   2.7882E-05   0.99250
FLUX  639   913.00        3.283598E+14   2.7667E-05   2.7802E-05   0.99514
FLUX  640   915.00        3.276421E+14   2.7688E-05   2.7722E-05   0.99877
FLUX  641   917.00        3.269275E+14   2.7530E-05   2.7643E-05   0.99591
FLUX  642   919.00        3.262160E+14   2.7319E-05   2.7564E-05   0.99111
FLUX  643   921.00        3.255076E+14   2.7054E-05   2.7485E-05   0.98432
FLUX  644   923.00        3.248023E+14   2.3030E-05   2.7406E-05   0.84033
FLUX  645   925.00        3.241000E+14   2.6672E-05   2.7328E-05   0.97600
FLUX  646   927.00        3.234007E+14   2.6521E-05   2.7250E-05   0.97325
FLUX  647   929.00        3.227045E+14   2.7063E-05   2.7172E-05   0.99599
FLUX  648   931.00        3.220113E+14   2.7050E-05   2.7095E-05   0.99834
FLUX  649   933.00        3.213210E+14   2.6935E-05   2.7018E-05   0.99693
FLUX  650   935.00        3.206337E+14   2.6910E-05   2.6941E-05   0.99885
FLUX  651   937.00        3.199493E+14   2.6840E-05   2.6865E-05   0.99907
FLUX  652   939.00        3.192678E+14   2.6640E-05   2.6788E-05   0.99448
FLUX  653   941.00        3.185893E+14   2.6303E-05   2.6712E-05   0.98469
FLUX  654   943.00        3.179136E+14   2.6566E-05   2.6637E-05   0.99733
FLUX  655   945.00        3.172407E+14   2.6532E-05   2.6561E-05   0.99891
FLUX  656   947.00        3.165707E+14   2.6433E-05   2.6486E-05   0.99800
FLUX  657   949.00        3.159036E+14   2.6382E-05   2.6412E-05   0.99886
FLUX  658   951.00        3.152392E+14   2.6271E-05   2.6337E-05   0.99749
FLUX  659   953.00        3.145776E+14   2.5935E-05   2.6263E-05   0.98751
FLUX  660   955.00        3.139189E+14   2.2243E-05   2.6189E-05   0.84933
FLUX  661   957.00        3.132628E+14   2.5900E-05   2.6115E-05   0.99177
FLUX  662   959.00        3.126095E+14   2.6018E-05   2.6042E-05   0.99908
FLUX  663   961.00        3.119589E+14   2.5881E-05   2.5969E-05   0.99661
FLUX  664   963.00        3.113110E+14   2.5545E-05   2.5896E-05   0.98645
FLUX  665   965.00        3.106658E+14   2.5798E-05   2.5824E-05   0.99899
FLUX  666   967.00        3.100233E+14   2.5592E-05   2.5751E-05   0.99383
FLUX  667   969.00        3.093834E+14   2.5638E-05   2.5679E-05   0.99840
FLUX  668   971.00        3.087461E+14   2.5604E-05   2.5608E-05   0.99984
FLUX  669   973.00        3.081115E+14   2.5525E-05   2.5536E-05   0.99957
FLUX  670   975.00        3.074795E+14   2.5440E-05   2.5465E-05   0.99902
FLUX  671   977.00        3.068500E+14   2.5388E-05   2.5394E-05   0.99976
FLUX  672   979.00        3.062232E+14   2.5310E-05   2.5324E-05   0.99945
FLUX  673   981.00        3.055989E+14   2.5219E-05   2.5253E-05   0.99865
FLUX  674   983.00        3.049771E+14   2.5127E-05   2.5183E-05   0.99778
FLUX  675   985.00        3.043579E+14   2.5043E-05   2.5113E-05   0.99721
FLUX  676   987.00        3.037411E+14   2.5000E-05   2.5044E-05   0.99824
FLUX  677   989.00        3.031269E+14   2.4853E-05   2.4974E-05   0.99515
FLUX  678   991.00        3.025151E+14   2.4881E-05   2.4905E-05   0.99904
FLUX  679   993.00        3.019058E+14   2.4793E-05   2.4837E-05   0.99823
FLUX  680   995.00        3.012990E+14   2.4731E-05   2.4768E-05   0.99851
FLUX  681   997.00        3.006946E+14   2.4685E-05   2.4700E-05   0.99939
FLUX  682   999.00        3.000926E+14   2.4612E-05   2.4632E-05   0.99919
FLUX  683  1002.50        2.990449E+14   2.3972E-05   2.4514E-05   0.97789
FLUX  684  1007.50        2.975608E+14   2.3048E-05   2.4346E-05   0.94669
FLUX  685  1012.50        2.960914E+14   2.4000E-05   2.4180E-05   0.99256
FLUX  686  1017.50        2.946364E+14   2.3964E-05   2.4015E-05   0.99788
FLUX  687  1022.50        2.931956E+14   2.3841E-05   2.3852E-05   0.99954
FLUX  688  1027.50        2.917688E+14   2.3678E-05   2.3691E-05   0.99945
FLUX  689  1032.50        2.903559E+14   2.3501E-05   2.3531E-05   0.99873
FLUX  690  1037.50        2.889566E+14   2.3349E-05   2.3372E-05   0.99902
FLUX  691  1042.50        2.875707E+14   2.3204E-05   2.3215E-05   0.99953
FLUX  692  1047.50        2.861981E+14   2.2995E-05   2.3060E-05   0.99718
FLUX  693  1052.50        2.848385E+14   2.2825E-05   2.2905E-05   0.99651
FLUX  694  1057.50        2.834917E+14   2.2721E-05   2.2753E-05   0.99859
FLUX  695  1062.50        2.821576E+14   2.2584E-05   2.2601E-05   0.99925
FLUX  696  1067.50        2.808361E+14   2.2232E-05   2.2451E-05   0.99025
FLUX  697  1072.50        2.795268E+14   2.2205E-05   2.2303E-05   0.99561
FLUX  698  1077.50        2.782297E+14   2.2115E-05   2.2155E-05   0.99819
FLUX  699  1082.50        2.769446E+14   2.1961E-05   2.2010E-05   0.99777
FLUX  700  1087.50        2.756713E+14   2.1822E-05   2.1865E-05   0.99803
FLUX  701  1092.50        2.744096E+14   2.0185E-05   2.1722E-05   0.92924
FLUX  702  1097.50        2.731595E+14   2.1375E-05   2.1580E-05   0.99050
FLUX  703  1102.50        2.719206E+14   2.1430E-05   2.1440E-05   0.99953
FLUX  704  1107.50        2.706930E+14   2.1295E-05   2.1301E-05   0.99972
FLUX  705  1112.50        2.694764E+14   2.1151E-05   2.1163E-05   0.99943
FLUX  706  1117.50        2.682707E+14   2.1017E-05   2.1026E-05   0.99957
FLUX  707  1122.50        2.670757E+14   2.0885E-05   2.0891E-05   0.99971
FLUX  708  1127.50        2.658913E+14   2.0560E-05   2.0757E-05   0.99051
FLUX  709  1132.50        2.647174E+14   2.0472E-05   2.0624E-05   0.99263
FLUX  710  1137.50        2.635538E+14   2.0475E-05   2.0492E-05   0.99917
FLUX  711  1142.50        2.624004E+14   2.0338E-05   2.0362E-05   0.99882
FLUX  712  1147.50        2.612571E+14   2.0228E-05   2.0232E-05   0.99980
FLUX  713  1152.50        2.601236E+14   2.0102E-05   2.0104E-05   0.99990
FLUX  714  1157.50        2.590000E+14   1.9972E-05   1.9977E-05   0.99975
FLUX  715  1162.50        2.578860E+14   1.9791E-05   1.9852E-05   0.99693
FLUX  716  1167.50        2.567816E+14   1.9633E-05   1.9727E-05   0.99523
FLUX  717  1172.50        2.556866E+14   1.9595E-05   1.9603E-05   0.99959
FLUX  718  1177.50        2.546008E+14   1.9343E-05   1.9481E-05   0.99292
FLUX  719  1182.50        2.535243E+14   1.9302E-05   1.9360E-05   0.99700
FLUX  720  1187.50        2.524568E+14   1.9176E-05   1.9240E-05   0.99667
FLUX  721  1192.50        2.513983E+14   1.9119E-05   1.9120E-05   0.99995
FLUX  722  1197.50        2.503486E+14   1.8957E-05   1.9002E-05   0.99763
FLUX  723  1202.50        2.493077E+14   1.8874E-05   1.8885E-05   0.99942
FLUX  724  1207.50        2.482754E+14   1.8752E-05   1.8769E-05   0.99909
FLUX  725  1212.50        2.472515E+14   1.8638E-05   1.8655E-05   0.99909
FLUX  726  1217.50        2.462361E+14   1.8533E-05   1.8541E-05   0.99957
FLUX  727  1222.50        2.452290E+14   1.8417E-05   1.8428E-05   0.99940
FLUX  728  1227.50        2.442301E+14   1.8294E-05   1.8316E-05   0.99880
FLUX  729  1232.50        2.432393E+14   1.8190E-05   1.8205E-05   0.99918
FLUX  730  1237.50        2.422566E+14   1.8083E-05   1.8094E-05   0.99939
FLUX  731  1242.50        2.412817E+14   1.7983E-05   1.7985E-05   0.99989
FLUX  732  1247.50        2.403146E+14   1.7831E-05   1.7877E-05   0.99743
FLUX  733  1252.50        2.393553E+14   1.7764E-05   1.7770E-05   0.99966
FLUX  734  1257.50        2.384036E+14   1.7620E-05   1.7664E-05   0.99751
FLUX  735  1262.50        2.374594E+14   1.7535E-05   1.7558E-05   0.99869
FLUX  736  1267.50        2.365227E+14   1.7449E-05   1.7454E-05   0.99971
FLUX  737  1272.50        2.355933E+14   1.7348E-05   1.7350E-05   0.99988
FLUX  738  1277.50        2.346712E+14   1.7210E-05   1.7248E-05   0.99780
FLUX  739  1282.50        2.337563E+14   1.5964E-05   1.7146E-05   0.93106
FLUX  740  1287.50        2.328485E+14   1.7025E-05   1.7045E-05   0.99883
FLUX  741  1292.50        2.319478E+14   1.6943E-05   1.6945E-05   0.99988
FLUX  742  1297.50        2.310539E+14   1.6843E-05   1.6846E-05   0.99982
FLUX  743  1302.50        2.301670E+14   1.6747E-05   1.6747E-05   1.00000
FLUX  744  1307.50        2.292868E+14   1.6649E-05   1.6650E-05   0.99994
FLUX  745  1312.50        2.284133E+14   1.6551E-05   1.6553E-05   0.99988
FLUX  746  1317.50        2.275465E+14   1.6416E-05   1.6457E-05   0.99751
FLUX  747  1322.50        2.266862E+14   1.6361E-05   1.6362E-05   0.99994
FLUX  748  1327.50        2.258324E+14   1.6267E-05   1.6268E-05   0.99994
FLUX  749  1332.50        2.249850E+14   1.6174E-05   1.6175E-05   0.99994
FLUX  750  1337.50        2.241439E+14   1.6081E-05   1.6082E-05   0.99994
FLUX  751  1342.50        2.233091E+14   1.5983E-05   1.5990E-05   0.99956
FLUX  752  1347.50        2.224805E+14   1.5891E-05   1.5899E-05   0.99950
FLUX  753  1352.50        2.216580E+14   1.5788E-05   1.5809E-05   0.99867
FLUX  754  1357.50        2.208416E+14   1.5707E-05   1.5719E-05   0.99924
FLUX  755  1362.50        2.200312E+14   1.5620E-05   1.5630E-05   0.99936
FLUX  756  1367.50        2.192267E+14   1.5519E-05   1.5542E-05   0.99852
FLUX  757  1372.50        2.184280E+14   1.5424E-05   1.5455E-05   0.99799
FLUX  758  1377.50        2.176352E+14   1.5363E-05   1.5368E-05   0.99967
FLUX  759  1382.50        2.168481E+14   1.5278E-05   1.5282E-05   0.99974
FLUX  760  1387.50        2.160667E+14   1.5196E-05   1.5197E-05   0.99993
FLUX  761  1392.50        2.152908E+14   1.5105E-05   1.5113E-05   0.99947
FLUX  762  1397.50        2.145206E+14   1.5025E-05   1.5029E-05   0.99973
FLUX  763  1402.50        2.137558E+14   1.4944E-05   1.4946E-05   0.99987
FLUX  764  1407.50        2.129964E+14   1.4863E-05   1.4863E-05   1.00000
FLUX  765  1412.50        2.122425E+14   1.4777E-05   1.4781E-05   0.99973
FLUX  766  1417.50        2.114938E+14   1.4699E-05   1.4700E-05   0.99993
FLUX  767  1422.50        2.107504E+14   1.4618E-05   1.4620E-05   0.99986
FLUX  768  1427.50        2.100123E+14   1.4539E-05   1.4540E-05   0.99993
FLUX  769  1432.50        2.092792E+14   1.4459E-05   1.4461E-05   0.99986
FLUX  770  1437.50        2.085513E+14   1.4380E-05   1.4382E-05   0.99986
FLUX  771  1442.50        2.078284E+14   1.4242E-05   1.4304E-05   0.99567
FLUX  772  1447.50        2.071105E+14   1.4224E-05   1.4227E-05   0.99979
FLUX  773  1452.50        2.063976E+14   1.4117E-05   1.4150E-05   0.99767
FLUX  774  1457.00        2.057601E+14   1.4080E-05   1.4082E-05   0.99986
FLUX  775  1462.00        2.050564E+14   1.4024E-05   1.4778E-05   0.94898
FLUX  776  1467.50        2.042879E+14   1.3957E-05   1.4689E-05   0.95017
FLUX  777  1472.50        2.035942E+14   1.3883E-05   1.4609E-05   0.95030
FLUX  778  1477.50        2.029052E+14   1.3791E-05   1.4530E-05   0.94914
FLUX  779  1482.50        2.022209E+14   1.3737E-05   1.4452E-05   0.95053
FLUX  780  1487.50        2.015412E+14   1.3638E-05   1.4374E-05   0.94880
FLUX  781  1492.50        2.008660E+14   1.3574E-05   1.4296E-05   0.94950
FLUX  782  1497.50        2.001953E+14   1.3497E-05   1.4219E-05   0.94922
FLUX  783  1502.50        1.995291E+14   1.3362E-05   1.4143E-05   0.94478
FLUX  784  1507.50        1.988673E+14   1.3309E-05   1.4068E-05   0.94605
FLUX  785  1512.50        1.982099E+14   1.3232E-05   1.3993E-05   0.94562
FLUX  786  1517.50        1.975568E+14   1.3176E-05   1.3918E-05   0.94669
FLUX  787  1522.50        1.969080E+14   1.3297E-05   1.3844E-05   0.96049
FLUX  788  1527.50        1.962635E+14   1.2961E-05   1.3771E-05   0.94118
FLUX  789  1532.50        1.956232E+14   1.2929E-05   1.3698E-05   0.94386
FLUX  790  1537.50        1.949870E+14   1.3144E-05   1.3626E-05   0.96463
FLUX  791  1542.50        1.943549E+14   1.2708E-05   1.3554E-05   0.93758
FLUX  792  1547.50        1.937270E+14   1.3093E-05   1.3483E-05   0.97107
FLUX  793  1552.50        1.931031E+14   1.3086E-05   1.3413E-05   0.97562
FLUX  794  1557.50        1.924831E+14   1.2460E-05   1.3343E-05   0.93382
FLUX  795  1562.50        1.918672E+14   1.3060E-05   1.3273E-05   0.98395
FLUX  796  1567.50        1.912552E+14   1.2843E-05   1.3204E-05   0.97266
FLUX  797  1572.50        1.906471E+14   1.2358E-05   1.3136E-05   0.94077
FLUX  798  1577.50        1.900428E+14   1.2933E-05   1.3068E-05   0.98967
FLUX  799  1582.50        1.894423E+14   1.2895E-05   1.3001E-05   0.99185
FLUX  800  1587.50        1.888457E+14   1.2010E-05   1.2934E-05   0.92856
FLUX  801  1592.50        1.882527E+14   1.2764E-05   1.2868E-05   0.99192
FLUX  802  1597.50        1.876635E+14   1.2789E-05   1.2802E-05   0.99898
FLUX  803  1605.00        1.867866E+14   1.2652E-05   1.2704E-05   0.99591
FLUX  804  1615.00        1.856300E+14   1.2131E-05   1.2575E-05   0.96469
FLUX  805  1625.00        1.844877E+14   1.2447E-05   1.2448E-05   0.99992
FLUX  806  1635.00        1.833593E+14   1.2266E-05   1.2323E-05   0.99537
FLUX  807  1645.00        1.822447E+14   1.1778E-05   1.2200E-05   0.96541
FLUX  808  1655.00        1.811435E+14   1.2077E-05   1.2078E-05   0.99992
FLUX  809  1665.00        1.800555E+14   1.1956E-05   1.1958E-05   0.99983
FLUX  810  1675.00        1.789806E+14   1.1778E-05   1.1841E-05   0.99468
FLUX  811  1685.00        1.779184E+14   1.1311E-05   1.1724E-05   0.96477
FLUX  812  1695.00        1.768687E+14   1.1602E-05   1.1610E-05   0.99931
FLUX  813  1705.00        1.758314E+14   1.1490E-05   1.1497E-05   0.99939
FLUX  814  1715.00        1.748061E+14   1.1383E-05   1.1386E-05   0.99974
FLUX  815  1725.00        1.737927E+14   1.1265E-05   1.1276E-05   0.99902
FLUX  816  1735.00        1.727911E+14   1.0723E-05   1.1168E-05   0.96015
FLUX  817  1745.00        1.718009E+14   1.1029E-05   1.1061E-05   0.99711
FLUX  818  1755.00        1.708219E+14   1.0942E-05   1.0956E-05   0.99872
FLUX  819  1765.00        1.698541E+14   1.0839E-05   1.0852E-05   0.99880
FLUX  820  1775.00        1.688972E+14   1.0740E-05   1.0750E-05   0.99907
FLUX  821  1785.00        1.679510E+14   1.0641E-05   1.0650E-05   0.99915
FLUX  822  1795.00        1.670153E+14   1.0549E-05   1.0550E-05   0.99991
FLUX  823  1805.00        1.660900E+14   1.0423E-05   1.0452E-05   0.99723
FLUX  824  1815.00        1.651749E+14   9.9738E-06   1.0355E-05   0.96319
FLUX  825  1825.00        1.642699E+14   1.0212E-05   1.0260E-05   0.99532
FLUX  826  1835.00        1.633747E+14   1.0162E-05   1.0166E-05   0.99961
FLUX  827  1845.00        1.624892E+14   1.0071E-05   1.0073E-05   0.99980
FLUX  828  1855.00        1.616132E+14   9.9698E-06   9.9817E-06   0.99881
FLUX  829  1865.00        1.607467E+14   9.8833E-06   9.8914E-06   0.99918
FLUX  830  1875.00        1.598893E+14   9.3961E-06   9.8023E-06   0.95856
FLUX  831  1885.00        1.590411E+14   9.6997E-06   9.7143E-06   0.99850
FLUX  832  1895.00        1.582018E+14   9.6200E-06   9.6276E-06   0.99921
FLUX  833  1905.00        1.573714E+14   9.5411E-06   9.5419E-06   0.99992
FLUX  834  1915.00        1.565496E+14   9.4565E-06   9.4574E-06   0.99990
FLUX  835  1925.00        1.557364E+14   9.3724E-06   9.3740E-06   0.99983
FLUX  836  1935.00        1.549315E+14   9.2879E-06   9.2917E-06   0.99959
FLUX  837  1945.00        1.541350E+14   8.8633E-06   9.2105E-06   0.96230
FLUX  838  1955.00        1.533465E+14   9.1267E-06   9.1303E-06   0.99961
FLUX  839  1965.00        1.525662E+14   9.0509E-06   9.0512E-06   0.99997
FLUX  840  1975.00        1.517937E+14   8.9712E-06   8.9730E-06   0.99980
FLUX  841  1985.00        1.510290E+14   8.8954E-06   8.8959E-06   0.99994
FLUX  842  1995.00        1.502719E+14   8.8192E-06   8.8198E-06   0.99993
FLUX  843  2005.00        1.495224E+14   8.7444E-06   8.7446E-06   0.99998
FLUX  844  2015.00        1.487804E+14   8.6702E-06   8.6704E-06   0.99998
FLUX  845  2025.00        1.480457E+14   8.5966E-06   8.5971E-06   0.99994
FLUX  846  2035.00        1.473182E+14   8.5240E-06   8.5248E-06   0.99991
FLUX  847  2045.00        1.465978E+14   8.4531E-06   8.4534E-06   0.99996
FLUX  848  2055.00        1.458844E+14   8.3826E-06   8.3828E-06   0.99998
FLUX  849  2065.00        1.451780E+14   8.3120E-06   8.3131E-06   0.99987
FLUX  850  2075.00        1.444783E+14   8.2436E-06   8.2443E-06   0.99992
FLUX  851  2085.00        1.437854E+14   8.1761E-06   8.1764E-06   0.99996
FLUX  852  2095.00        1.430990E+14   8.1086E-06   8.1092E-06   0.99993
FLUX  853  2105.00        1.424192E+14   8.0419E-06   8.0429E-06   0.99988
FLUX  854  2115.00        1.417459E+14   7.9723E-06   7.9774E-06   0.99936
FLUX  855  2125.00        1.410788E+14   7.9078E-06   7.9127E-06   0.99938
FLUX  856  2135.00        1.404180E+14   7.8424E-06   7.8488E-06   0.99918
FLUX  857  2145.00        1.397634E+14   7.7831E-06   7.7856E-06   0.99968
FLUX  858  2155.00        1.391148E+14   7.7225E-06   7.7233E-06   0.99990
FLUX  859  2165.00        1.384723E+14   7.3729E-06   7.6616E-06   0.96232
FLUX  860  2175.00        1.378356E+14   7.5935E-06   7.6007E-06   0.99905
FLUX  861  2185.00        1.372048E+14   7.5396E-06   7.5405E-06   0.99988
FLUX  862  2195.00        1.365797E+14   7.4807E-06   7.4810E-06   0.99996
FLUX  863  2205.00        1.359603E+14   7.4214E-06   7.4222E-06   0.99989
FLUX  864  2215.00        1.353465E+14   7.3611E-06   7.3641E-06   0.99959
FLUX  865  2225.00        1.347382E+14   7.3065E-06   7.3067E-06   0.99997
FLUX  866  2235.00        1.341353E+14   7.2497E-06   7.2499E-06   0.99997
FLUX  867  2245.00        1.335379E+14   7.1937E-06   7.1938E-06   0.99999
FLUX  868  2255.00        1.329457E+14   7.1372E-06   7.1383E-06   0.99985
FLUX  869  2265.00        1.323587E+14   7.0833E-06   7.0835E-06   0.99997
FLUX  870  2275.00        1.317769E+14   7.0289E-06   7.0292E-06   0.99996
FLUX  871  2285.00        1.312002E+14   6.9828E-06   7.1218E-06   0.98048
FLUX  872  2295.00        1.306285E+14   6.9303E-06   7.0672E-06   0.98063
FLUX  873  2305.00        1.300618E+14   6.8797E-06   7.0133E-06   0.98095
FLUX  874  2315.00        1.295000E+14   6.8286E-06   6.9599E-06   0.98113
FLUX  875  2325.00        1.289430E+14   6.7782E-06   6.9072E-06   0.98132
FLUX  876  2335.00        1.283908E+14   6.7274E-06   6.8551E-06   0.98137
FLUX  877  2345.00        1.278433E+14   6.6763E-06   6.8035E-06   0.98130
FLUX  878  2355.00        1.273004E+14   6.6258E-06   6.7525E-06   0.98124
FLUX  879  2365.00        1.267622E+14   6.5739E-06   6.7021E-06   0.98087
FLUX  880  2375.00        1.262284E+14   6.5279E-06   6.6523E-06   0.98130
FLUX  881  2385.00        1.256992E+14   6.4778E-06   6.6030E-06   0.98104
FLUX  882  2395.00        1.251743E+14   6.4275E-06   6.5543E-06   0.98065
FLUX  883  2405.00        1.246538E+14   6.3705E-06   6.5061E-06   0.97916
FLUX  884  2415.00        1.241377E+14   6.3138E-06   6.4584E-06   0.97761
FLUX  885  2425.00        1.236258E+14   6.3193E-06   6.4113E-06   0.98565
FLUX  886  2435.00        1.231181E+14   6.2227E-06   6.3646E-06   0.97770
FLUX  887  2445.00        1.226145E+14   6.1672E-06   6.3185E-06   0.97605
FLUX  888  2455.00        1.221151E+14   6.1876E-06   6.2729E-06   0.98640
FLUX  889  2465.00        1.216197E+14   6.1033E-06   6.2277E-06   0.98002
FLUX  890  2475.00        1.211283E+14   6.0638E-06   6.1831E-06   0.98071
FLUX  891  2485.00        1.206408E+14   6.0854E-06   6.1389E-06   0.99129
FLUX  892  2495.00        1.201573E+14   5.8943E-06   6.0952E-06   0.96704
FLUX  893  2505.00        1.196776E+14   6.0070E-06   6.0519E-06   0.99258
FLUX  894  2515.00        1.192018E+14   5.9686E-06   6.0091E-06   0.99326
FLUX  895  2525.00        1.187297E+14   5.7542E-06   5.9667E-06   0.96439
FLUX  896  2535.00        1.182613E+14   5.8877E-06   5.9248E-06   0.99374
FLUX  897  2545.00        1.177967E+14   5.8556E-06   5.8834E-06   0.99527
FLUX  898  2555.00        1.173356E+14   5.8099E-06   5.8423E-06   0.99445
FLUX  899  2565.00        1.168782E+14   5.5804E-06   5.8017E-06   0.96186
FLUX  900  2575.00        1.164243E+14   5.7382E-06   5.7615E-06   0.99596
FLUX  901  2585.00        1.159739E+14   5.7057E-06   5.7217E-06   0.99720
FLUX  902  2595.00        1.155270E+14   5.6702E-06   5.6824E-06   0.99785
FLUX  903  2605.00        1.150835E+14   5.6162E-06   5.6434E-06   0.99518
FLUX  904  2615.00        1.146434E+14   5.3837E-06   5.6048E-06   0.96055
FLUX  905  2625.00        1.142067E+14   5.3220E-06   5.5666E-06   0.95606
FLUX  906  2635.00        1.137732E+14   5.5180E-06   5.5289E-06   0.99803
FLUX  907  2645.00        1.133431E+14   5.4911E-06   5.4914E-06   0.99995
FLUX  908  2655.00        1.129162E+14   5.4537E-06   5.4544E-06   0.99987
FLUX  909  2665.00        1.124925E+14   5.4117E-06   5.4178E-06   0.99887
FLUX  910  2675.00        1.120720E+14   5.1616E-06   5.3815E-06   0.95914
FLUX  911  2685.00        1.116546E+14   5.3406E-06   5.3456E-06   0.99906
FLUX  912  2695.00        1.112403E+14   5.3096E-06   5.3100E-06   0.99992
FLUX  913  2705.00        1.108290E+14   5.2742E-06   5.2748E-06   0.99989
FLUX  914  2715.00        1.104208E+14   5.2399E-06   5.2399E-06   1.00000
FLUX  915  2725.00        1.100156E+14   5.2053E-06   5.2054E-06   0.99998
FLUX  916  2735.00        1.096133E+14   5.1711E-06   5.1712E-06   0.99998
FLUX  917  2745.00        1.092140E+14   5.1372E-06   5.1374E-06   0.99996
FLUX  918  2755.00        1.088176E+14   4.9170E-06   5.1039E-06   0.96338
FLUX  919  2765.00        1.084241E+14   5.0335E-06   5.0707E-06   0.99266
FLUX  920  2775.00        1.080333E+14   5.0377E-06   5.0378E-06   0.99998
FLUX  921  2785.00        1.076454E+14   5.0052E-06   5.0053E-06   0.99998
FLUX  922  2795.00        1.072603E+14   4.9730E-06   4.9730E-06   1.00000
FLUX  923  2805.00        1.068779E+14   4.9411E-06   4.9411E-06   1.00000
FLUX  924  2815.00        1.064982E+14   4.9093E-06   4.9095E-06   0.99996
FLUX  925  2825.00        1.061212E+14   4.8779E-06   4.8782E-06   0.99994
FLUX  926  2835.00        1.057469E+14   4.8471E-06   4.8472E-06   0.99998
FLUX  927  2845.00        1.053752E+14   4.8159E-06   4.8165E-06   0.99988
FLUX  928  2855.00        1.050061E+14   4.7860E-06   4.7861E-06   0.99998
FLUX  929  2865.00        1.046396E+14   4.7421E-06   4.7559E-06   0.99710
FLUX  930  2875.00        1.042756E+14   4.5409E-06   4.7261E-06   0.96081
FLUX  931  2885.00        1.039142E+14   4.6955E-06   4.6965E-06   0.99979
FLUX  932  2895.00        1.035553E+14   4.6637E-06   4.6672E-06   0.99925
FLUX  933  2905.00        1.031988E+14   4.6381E-06   4.6382E-06   0.99998
FLUX  934  2915.00        1.028448E+14   4.6078E-06   4.6095E-06   0.99963
FLUX  935  2925.00        1.024932E+14   4.5807E-06   4.5810E-06   0.99993
FLUX  936  2935.00        1.021440E+14   4.5524E-06   4.5528E-06   0.99991
FLUX  937  2945.00        1.017971E+14   4.5246E-06   4.5248E-06   0.99996
FLUX  938  2955.00        1.014526E+14   4.4971E-06   4.4971E-06   1.00000
FLUX  939  2965.00        1.011105E+14   4.4696E-06   4.4696E-06   1.00000
FLUX  940  2975.00        1.007706E+14   4.4424E-06   4.4424E-06   1.00000
FLUX  941  2985.00        1.004330E+14   4.4155E-06   4.4155E-06   1.00000
FLUX  942  2995.00        1.000977E+14   4.3887E-06   4.3888E-06   0.99998
FLUX  943  3005.00        9.976456E+13   4.3621E-06   4.3623E-06   0.99995
FLUX  944  3015.00        9.943366E+13   4.3358E-06   4.3361E-06   0.99993
FLUX  945  3025.00        9.910496E+13   4.3097E-06   4.3101E-06   0.99991
FLUX  946  3035.00        9.877842E+13   4.1532E-06   4.2843E-06   0.96940
FLUX  947  3045.00        9.845402E+13   4.2109E-06   4.2588E-06   0.98875
FLUX  948  3055.00        9.813175E+13   4.2325E-06   4.2334E-06   0.99979
FLUX  949  3065.00        9.781158E+13   4.2083E-06   4.2084E-06   0.99998
FLUX  950  3075.00        9.749349E+13   4.1832E-06   4.1835E-06   0.99993
FLUX  951  3085.00        9.717747E+13   4.1561E-06   4.1589E-06   0.99933
FLUX  952  3095.00        9.686349E+13   4.1341E-06   4.1344E-06   0.99993
FLUX  953  3105.00        9.655153E+13   4.1098E-06   4.1102E-06   0.99990
FLUX  954  3115.00        9.624157E+13   4.0855E-06   4.0862E-06   0.99983
FLUX  955  3125.00        9.593360E+13   4.0618E-06   4.0624E-06   0.99985
FLUX  956  3135.00        9.562759E+13   4.0385E-06   4.0388E-06   0.99993
FLUX  957  3145.00        9.532353E+13   4.0146E-06   4.0154E-06   0.99980
FLUX  958  3155.00        9.502140E+13   3.9921E-06   3.9923E-06   0.99995
FLUX  959  3165.00        9.472117E+13   3.9690E-06   3.9693E-06   0.99992
FLUX  960  3175.00        9.442283E+13   3.9460E-06   3.9465E-06   0.99987
FLUX  961  3185.00        9.412637E+13   3.9239E-06   3.9239E-06   1.00000
FLUX  962  3195.00        9.383176E+13   3.9013E-06   3.9015E-06   0.99995
FLUX  963  3210.00        9.339330E+13   3.8681E-06   3.8683E-06   0.99995
FLUX  964  3230.00        9.281502E+13   3.8246E-06   3.8246E-06   1.00000
FLUX  965  3250.00        9.224384E+13   3.7817E-06   3.7817E-06   1.00000
FLUX  966  3270.00        9.167966E+13   3.7394E-06   3.7395E-06   0.99997
FLUX  967  3290.00        9.112234E+13   3.6100E-06   3.7325E-06   0.96718
FLUX  968  3310.00        9.057175E+13   3.6411E-06   3.6911E-06   0.98645
FLUX  969  3330.00        9.002777E+13   3.6092E-06   3.6504E-06   0.98871
FLUX  970  3350.00        8.949030E+13   3.5707E-06   3.6104E-06   0.98900
FLUX  971  3370.00        8.895920E+13   3.5314E-06   3.5710E-06   0.98891
FLUX  972  3390.00        8.843437E+13   3.4943E-06   3.5323E-06   0.98924
FLUX  973  3410.00        8.791569E+13   3.4571E-06   3.4942E-06   0.98938
FLUX  974  3430.00        8.740306E+13   3.4207E-06   3.4567E-06   0.98959
FLUX  975  3450.00        8.689637E+13   3.3848E-06   3.4198E-06   0.98977
FLUX  976  3470.00        8.639553E+13   3.3496E-06   3.3835E-06   0.98998
FLUX  977  3490.00        8.590043E+13   3.3138E-06   3.3478E-06   0.98984
FLUX  978  3510.00        8.541097E+13   3.2802E-06   3.3127E-06   0.99019
FLUX  979  3530.00        8.492706E+13   3.2461E-06   3.2781E-06   0.99024
FLUX  980  3550.00        8.444859E+13   3.2097E-06   3.2440E-06   0.98943
FLUX  981  3570.00        8.397549E+13   3.1740E-06   3.2104E-06   0.98866
FLUX  982  3590.00        8.350766E+13   3.1561E-06   3.1774E-06   0.99330
FLUX  983  3610.00        8.304501E+13   3.1064E-06   3.1449E-06   0.98776
FLUX  984  3630.00        8.258746E+13   3.0943E-06   3.1129E-06   0.99402
FLUX  985  3650.00        8.213493E+13   3.0399E-06   3.0814E-06   0.98653
FLUX  986  3670.00        8.168733E+13   3.0346E-06   3.0503E-06   0.99485
FLUX  987  3690.00        8.124458E+13   2.9732E-06   3.0197E-06   0.98460
FLUX  988  3710.00        8.080661E+13   2.9754E-06   2.9896E-06   0.99525
FLUX  989  3730.00        8.037333E+13   2.9245E-06   2.9599E-06   0.98804
FLUX  990  3750.00        7.994467E+13   2.8398E-06   2.9307E-06   0.96898
FLUX  991  3770.00        7.952056E+13   2.8909E-06   2.9019E-06   0.99621
FLUX  992  3790.00        7.910092E+13   2.8643E-06   2.8735E-06   0.99680
FLUX  993  3810.00        7.868570E+13   2.8072E-06   2.8455E-06   0.98654
FLUX  994  3830.00        7.827481E+13   2.7937E-06   2.8180E-06   0.99138
FLUX  995  3850.00        7.786818E+13   2.7841E-06   2.7908E-06   0.99760
FLUX  996  3870.00        7.746576E+13   2.7576E-06   2.7640E-06   0.99768
FLUX  997  3890.00        7.706748E+13   2.7304E-06   2.7376E-06   0.99737
FLUX  998  3910.00        7.667327E+13   2.6558E-06   2.7116E-06   0.97942
FLUX  999  3930.00        7.628308E+13   2.6848E-06   2.6860E-06   0.99955
FLUX 1000  3950.00        7.589684E+13   2.6596E-06   2.6607E-06   0.99959
FLUX 1001  3970.00        7.551448E+13   2.6357E-06   2.6357E-06   1.00000
FLUX 1002  3990.00        7.513596E+13   2.6105E-06   2.6111E-06   0.99977
FLUX 1003  4010.00        7.476122E+13   2.5685E-06   2.5869E-06   0.99289
FLUX 1004  4030.00        7.439020E+13   2.5235E-06   2.5630E-06   0.98459
FLUX 1005  4050.00        7.402284E+13   2.4864E-06   2.5394E-06   0.97913
FLUX 1006  4070.00        7.365909E+13   2.5159E-06   2.5162E-06   0.99988
FLUX 1007  4090.00        7.329890E+13   2.4929E-06   2.4932E-06   0.99988
FLUX 1008  4110.00        7.294221E+13   2.4705E-06   2.4706E-06   0.99996
FLUX 1009  4130.00        7.258898E+13   2.4482E-06   2.4483E-06   0.99996
FLUX 1010  4150.00        7.223915E+13   2.4260E-06   2.4262E-06   0.99992
FLUX 1011  4170.00        7.189269E+13   2.3503E-06   2.4045E-06   0.97746
FLUX 1012  4190.00        7.154952E+13   2.3826E-06   2.3831E-06   0.99979
FLUX 1013  4210.00        7.120962E+13   2.3617E-06   2.3619E-06   0.99992
FLUX 1014  4230.00        7.087293E+13   2.3411E-06   2.3411E-06   1.00000
FLUX 1015  4250.00        7.053941E+13   2.3205E-06   2.3205E-06   1.00000
FLUX 1016  4270.00        7.020902E+13   2.3001E-06   2.3001E-06   1.00000
FLUX 1017  4290.00        6.988170E+13   2.2801E-06   2.2801E-06   1.00000
FLUX 1018  4310.00        6.955742E+13   2.2603E-06   2.2603E-06   1.00000
FLUX 1019  4330.00        6.923614E+13   2.2407E-06   2.2408E-06   0.99996
FLUX 1020  4350.00        6.891782E+13   2.2215E-06   2.2215E-06   1.00000
FLUX 1021  4370.00        6.860240E+13   2.1568E-06   2.2024E-06   0.97930
FLUX 1022  4390.00        6.828986E+13   2.1789E-06   2.1836E-06   0.99785
FLUX 1023  4410.00        6.798016E+13   2.1650E-06   2.1651E-06   0.99995
FLUX 1024  4430.00        6.767325E+13   2.1467E-06   2.1468E-06   0.99995
FLUX 1025  4450.00        6.736910E+13   2.1286E-06   2.1287E-06   0.99995
FLUX 1026  4470.00        6.706767E+13   2.1147E-06   2.1206E-06   0.99722
FLUX 1027  4490.00        6.676893E+13   2.0933E-06   2.1028E-06   0.99548
FLUX 1028  4510.00        6.647284E+13   2.0760E-06   2.0853E-06   0.99554
FLUX 1029  4530.00        6.617936E+13   2.0587E-06   2.0680E-06   0.99550
FLUX 1030  4550.00        6.588846E+13   2.0420E-06   2.0509E-06   0.99566
FLUX 1031  4570.00        6.560011E+13   2.0252E-06   2.0340E-06   0.99567
FLUX 1032  4590.00        6.531427E+13   2.0086E-06   2.0173E-06   0.99569
FLUX 1033  4610.00        6.503091E+13   1.9923E-06   2.0008E-06   0.99575
FLUX 1034  4630.00        6.475000E+13   1.9755E-06   1.9845E-06   0.99546
FLUX 1035  4650.00        6.447151E+13   1.9158E-06   1.9685E-06   0.97323
FLUX 1036  4670.00        6.419540E+13   1.8988E-06   1.9526E-06   0.97245
FLUX 1037  4690.00        6.392164E+13   1.9269E-06   1.9369E-06   0.99484
FLUX 1038  4710.00        6.365021E+13   1.9135E-06   1.9214E-06   0.99589
FLUX 1039  4730.00        6.338108E+13   1.8984E-06   1.9061E-06   0.99596
FLUX 1040  4750.00        6.311421E+13   1.8831E-06   1.8909E-06   0.99588
FLUX 1041  4770.00        6.284958E+13   1.8683E-06   1.8760E-06   0.99590
FLUX 1042  4790.00        6.258716E+13   1.8535E-06   1.8612E-06   0.99586
FLUX 1043  4810.00        6.232692E+13   1.8390E-06   1.8466E-06   0.99588
FLUX 1044  4830.00        6.206884E+13   1.8256E-06   1.8321E-06   0.99645
FLUX 1045  4850.00        6.181288E+13   1.8098E-06   1.8179E-06   0.99554
FLUX 1046  4870.00        6.155903E+13   1.7975E-06   1.8038E-06   0.99651
FLUX 1047  4890.00        6.130726E+13   1.7819E-06   1.7898E-06   0.99559
FLUX 1048  4910.00        6.105754E+13   1.7702E-06   1.7761E-06   0.99668
FLUX 1049  4930.00        6.080984E+13   1.7537E-06   1.7624E-06   0.99506
FLUX 1050  4950.00        6.056414E+13   1.7441E-06   1.7490E-06   0.99720
FLUX 1051  4970.00        6.032042E+13   1.7254E-06   1.7357E-06   0.99407
FLUX 1052  4990.00        6.007866E+13   1.7179E-06   1.7225E-06   0.99733
FLUX 1053  5010.00        5.983882E+13   1.7047E-06   1.7095E-06   0.99719
FLUX 1054  5030.00        5.960089E+13   1.6851E-06   1.6966E-06   0.99322
FLUX 1055  5050.00        5.936485E+13   1.6800E-06   1.6839E-06   0.99768
FLUX 1056  5070.00        5.913067E+13   1.6674E-06   1.6713E-06   0.99767
FLUX 1057  5090.00        5.889833E+13   1.6450E-06   1.6589E-06   0.99162
FLUX 1058  5110.00        5.866781E+13   1.6413E-06   1.6466E-06   0.99678
FLUX 1059  5130.00        5.843908E+13   1.5933E-06   1.6344E-06   0.97485
FLUX 1060  5150.00        5.821214E+13   1.6179E-06   1.6224E-06   0.99723
FLUX 1061  5170.00        5.798694E+13   1.5941E-06   1.6105E-06   0.98982
FLUX 1062  5190.00        5.776348E+13   1.5970E-06   1.5987E-06   0.99894
FLUX 1063  5210.00        5.754174E+13   1.5869E-06   1.5871E-06   0.99987
FLUX 1064  5230.00        5.732170E+13   1.5754E-06   1.5756E-06   0.99987
FLUX 1065  5250.00        5.710333E+13   1.5602E-06   1.5642E-06   0.99744
FLUX 1066  5270.00        5.688662E+13   1.5351E-06   1.5529E-06   0.98854
FLUX 1067  5290.00        5.667155E+13   1.5417E-06   1.5418E-06   0.99994
FLUX 1068  5310.00        5.645810E+13   1.5307E-06   1.5307E-06   1.00000
FLUX 1069  5330.00        5.624625E+13   1.5198E-06   1.5198E-06   1.00000
FLUX 1070  5350.00        5.603598E+13   1.5090E-06   1.5090E-06   1.00000
FLUX 1071  5370.00        5.582728E+13   1.4852E-06   1.4984E-06   0.99119
FLUX 1072  5390.00        5.562013E+13   1.4767E-06   1.4878E-06   0.99254
FLUX 1073  5410.00        5.541451E+13   1.4773E-06   1.4774E-06   0.99993
FLUX 1074  5430.00        5.521040E+13   1.4670E-06   1.4670E-06   1.00000
FLUX 1075  5450.00        5.500780E+13   1.4567E-06   1.4568E-06   0.99993
FLUX 1076  5470.00        5.480667E+13   1.4466E-06   1.4466E-06   1.00000
FLUX 1077  5490.00        5.460701E+13   1.4366E-06   1.4366E-06   1.00000
FLUX 1078  5510.00        5.440880E+13   1.4242E-06   1.4267E-06   0.99825
FLUX 1079  5530.00        5.421203E+13   1.3926E-06   1.4169E-06   0.98285
FLUX 1080  5550.00        5.401667E+13   1.4071E-06   1.4072E-06   0.99993
FLUX 1081  5570.00        5.382271E+13   1.3974E-06   1.3976E-06   0.99986
FLUX 1082  5590.00        5.363014E+13   1.3879E-06   1.3880E-06   0.99993
FLUX 1083  5610.00        5.343895E+13   1.3785E-06   1.3786E-06   0.99993
FLUX 1084  5630.00        5.324911E+13   1.3693E-06   1.3693E-06   1.00000
FLUX 1085  5650.00        5.306062E+13   1.3600E-06   1.3600E-06   1.00000
FLUX 1086  5670.00        5.287345E+13   1.3509E-06   1.3509E-06   1.00000
FLUX 1087  5690.00        5.268761E+13   1.3416E-06   1.3419E-06   0.99978
FLUX 1088  5710.00        5.250306E+13   1.3055E-06   1.3329E-06   0.97944
FLUX 1089  5730.00        5.231981E+13   1.3231E-06   1.3240E-06   0.99932
FLUX 1090  5750.00        5.213782E+13   1.3152E-06   1.3153E-06   0.99992
FLUX 1091  5770.00        5.195710E+13   1.3066E-06   1.3066E-06   1.00000
FLUX 1092  5790.00        5.177763E+13   1.2979E-06   1.2980E-06   0.99992
FLUX 1093  5810.00        5.159940E+13   1.2894E-06   1.2894E-06   1.00000
FLUX 1094  5830.00        5.142239E+13   1.2803E-06   1.2810E-06   0.99945
FLUX 1095  5850.00        5.124658E+13   1.2724E-06   1.2758E-06   0.99734
FLUX 1096  5870.00        5.107198E+13   1.2640E-06   1.2675E-06   0.99724
FLUX 1097  5890.00        5.089855E+13   1.2545E-06   1.2593E-06   0.99619
FLUX 1098  5910.00        5.072631E+13   1.2181E-06   1.2512E-06   0.97355
FLUX 1099  5930.00        5.055523E+13   1.2387E-06   1.2431E-06   0.99646
FLUX 1100  5950.00        5.038529E+13   1.2068E-06   1.2351E-06   0.97709
FLUX 1101  5970.00        5.021650E+13   1.2192E-06   1.2272E-06   0.99348
FLUX 1102  5990.00        5.004883E+13   1.2162E-06   1.2194E-06   0.99738
FLUX 1103  6010.00        4.988228E+13   1.2087E-06   1.2116E-06   0.99761
FLUX 1104  6030.00        4.971683E+13   1.2011E-06   1.2039E-06   0.99767
FLUX 1105  6050.00        4.955248E+13   1.1936E-06   1.1963E-06   0.99774
FLUX 1106  6070.00        4.938921E+13   1.1861E-06   1.1887E-06   0.99781
FLUX 1107  6090.00        4.922701E+13   1.1787E-06   1.1813E-06   0.99780
FLUX 1108  6110.00        4.906587E+13   1.1713E-06   1.1739E-06   0.99779
FLUX 1109  6130.00        4.890579E+13   1.1640E-06   1.1665E-06   0.99786
FLUX 1110  6150.00        4.874675E+13   1.1568E-06   1.1593E-06   0.99784
FLUX 1111  6170.00        4.858873E+13   1.1496E-06   1.1521E-06   0.99783
FLUX 1112  6190.00        4.843175E+13   1.1425E-06   1.1449E-06   0.99790
FLUX 1113  6210.00        4.827576E+13   1.1355E-06   1.1379E-06   0.99789
FLUX 1114  6230.00        4.812078E+13   1.1284E-06   1.1309E-06   0.99779
FLUX 1115  6250.00        4.796680E+13   1.1214E-06   1.1239E-06   0.99778
FLUX 1116  6270.00        4.781379E+13   1.1139E-06   1.1171E-06   0.99714
FLUX 1117  6290.00        4.766176E+13   1.0814E-06   1.1102E-06   0.97406
FLUX 1118  6310.00        4.751070E+13   1.0995E-06   1.1035E-06   0.99638
FLUX 1119  6330.00        4.736058E+13   1.0947E-06   1.0968E-06   0.99809
FLUX 1120  6350.00        4.721142E+13   1.0877E-06   1.0902E-06   0.99771
FLUX 1121  6370.00        4.706319E+13   1.0829E-06   1.0836E-06   0.99935
FLUX 1122  6390.00        4.691588E+13   1.0753E-06   1.0771E-06   0.99833
FLUX 1123  6420.00        4.669665E+13   1.0665E-06   1.0674E-06   0.99916
FLUX 1124  6460.00        4.640751E+13   1.0535E-06   1.0548E-06   0.99877
FLUX 1125  6500.00        4.612192E+13   1.0407E-06   1.0423E-06   0.99846
FLUX 1126  6540.00        4.583983E+13   1.0296E-06   1.0301E-06   0.99951
FLUX 1127  6580.00        4.556117E+13   1.0166E-06   1.0181E-06   0.99853
FLUX 1128  6620.00        4.528588E+13   1.0048E-06   1.0063E-06   0.99851
FLUX 1129  6660.00        4.501389E+13   9.9382E-07   9.9465E-07   0.99917
FLUX 1130  6700.00        4.474515E+13   9.8255E-07   9.8325E-07   0.99929
FLUX 1131  6740.00        4.447960E+13   9.6947E-07   9.7203E-07   0.99737
FLUX 1132  6780.00        4.421718E+13   9.4748E-07   9.6101E-07   0.98592
FLUX 1133  6820.00        4.395785E+13   9.4722E-07   9.5017E-07   0.99690
FLUX 1134  6860.00        4.370153E+13   9.3939E-07   9.3952E-07   0.99986
FLUX 1135  6900.00        4.344819E+13   9.2896E-07   9.2904E-07   0.99991
FLUX 1136  6940.00        4.319777E+13   9.1521E-07   9.1874E-07   0.99616
FLUX 1137  6980.00        4.295021E+13   9.0851E-07   9.0860E-07   0.99990
FLUX 1138  7020.00        4.270548E+13   8.9861E-07   8.9863E-07   0.99998
FLUX 1139  7060.00        4.246353E+13   8.8873E-07   8.8883E-07   0.99989
FLUX 1140  7100.00        4.222429E+13   8.7497E-07   8.7918E-07   0.99521
FLUX 1141  7140.00        4.198774E+13   8.6959E-07   8.6970E-07   0.99987
FLUX 1142  7180.00        4.175383E+13   8.6029E-07   8.6036E-07   0.99992
FLUX 1143  7220.00        4.152251E+13   8.5108E-07   8.5117E-07   0.99989
FLUX 1144  7260.00        4.129373E+13   8.3714E-07   8.4213E-07   0.99407
FLUX 1145  7300.00        4.106747E+13   8.3287E-07   8.3323E-07   0.99957
FLUX 1146  7340.00        4.084366E+13   8.2446E-07   8.2448E-07   0.99998
FLUX 1147  7380.00        4.062229E+13   8.1524E-07   8.1586E-07   0.99924
FLUX 1148  7420.00        4.040330E+13   8.0562E-07   8.0740E-07   0.99780
FLUX 1149  7460.00        4.018666E+13   7.8633E-07   7.9907E-07   0.98406
FLUX 1150  7500.00        3.997233E+13   7.6757E-07   7.9087E-07   0.97054
FLUX 1151  7540.00        3.976028E+13   7.8069E-07   7.8280E-07   0.99730
FLUX 1152  7580.00        3.955046E+13   7.7476E-07   7.7485E-07   0.99988
FLUX 1153  7620.00        3.934285E+13   7.6694E-07   7.6701E-07   0.99991
FLUX 1154  7660.00        3.913740E+13   7.5922E-07   7.5930E-07   0.99989
FLUX 1155  7700.00        3.893409E+13   7.5168E-07   7.5170E-07   0.99997
FLUX 1156  7740.00        3.873288E+13   7.4391E-07   7.4421E-07   0.99960
FLUX 1157  7780.00        3.853374E+13   7.2876E-07   7.3684E-07   0.98903
FLUX 1158  7820.00        3.833663E+13   7.2942E-07   7.2957E-07   0.99979
FLUX 1159  7860.00        3.814154E+13   7.2239E-07   7.2241E-07   0.99997
FLUX 1160  7900.00        3.794842E+13   7.1534E-07   7.1536E-07   0.99997
FLUX 1161  7940.00        3.775724E+13   7.0838E-07   7.0840E-07   0.99997
FLUX 1162  7980.00        3.756798E+13   7.0153E-07   7.0155E-07   0.99997
FLUX 1163  8020.00        3.738061E+13   6.9478E-07   6.9479E-07   0.99999
FLUX 1164  8060.00        3.719510E+13   6.8812E-07   6.8814E-07   0.99997
FLUX 1165  8100.00        3.701142E+13   6.8155E-07   6.8157E-07   0.99997
FLUX 1166  8140.00        3.682955E+13   6.6750E-07   6.7510E-07   0.98874
FLUX 1167  8180.00        3.664945E+13   6.6715E-07   6.6872E-07   0.99765
FLUX 1168  8220.00        3.647110E+13   6.6241E-07   6.6243E-07   0.99997
FLUX 1169  8260.00        3.629449E+13   6.5621E-07   6.5623E-07   0.99997
FLUX 1170  8300.00        3.611958E+13   6.5009E-07   6.5011E-07   0.99997
FLUX 1171  8340.00        3.594634E+13   6.4403E-07   6.4408E-07   0.99992
FLUX 1172  8380.00        3.577476E+13   6.3786E-07   6.3813E-07   0.99958
FLUX 1173  8420.00        3.560481E+13   6.3221E-07   6.3226E-07   0.99992
FLUX 1174  8460.00        3.543647E+13   6.2646E-07   6.2648E-07   0.99997
FLUX 1175  8500.00        3.526971E+13   6.2037E-07   6.2077E-07   0.99936
FLUX 1176  8540.00        3.510451E+13   6.1513E-07   6.1514E-07   0.99998
FLUX 1177  8580.00        3.494085E+13   6.0900E-07   6.0958E-07   0.99905
FLUX 1178  8620.00        3.477871E+13   6.0405E-07   6.0410E-07   0.99992
FLUX 1179  8660.00        3.461807E+13   5.9004E-07   5.9870E-07   0.98554
FLUX 1180  8700.00        3.445891E+13   5.9274E-07   5.9336E-07   0.99896
FLUX 1181  8740.00        3.430120E+13   5.8318E-07   5.8810E-07   0.99163
FLUX 1182  8780.00        3.414493E+13   5.7839E-07   5.8290E-07   0.99226
FLUX 1183  8820.00        3.399008E+13   5.7777E-07   5.7778E-07   0.99998
FLUX 1184  8860.00        3.383662E+13   5.7174E-07   5.7272E-07   0.99829
FLUX 1185  8900.00        3.368455E+13   5.6771E-07   5.6772E-07   0.99998
FLUX 1186  8940.00        3.353384E+13   5.6279E-07   5.6280E-07   0.99998
FLUX 1187  8980.00        3.338446E+13   5.5792E-07   5.5793E-07   0.99998
FLUX 1188  9020.00        3.323642E+13   5.5292E-07   5.5313E-07   0.99962
FLUX 1189  9060.00        3.308968E+13   5.4720E-07   5.4839E-07   0.99783
FLUX 1190  9100.00        3.294423E+13   5.4369E-07   5.4371E-07   0.99996
FLUX 1191  9140.00        3.280005E+13   5.3907E-07   5.3908E-07   0.99998
FLUX 1192  9180.00        3.265713E+13   5.3451E-07   5.3452E-07   0.99998
FLUX 1193  9220.00        3.251545E+13   5.3000E-07   5.3002E-07   0.99996
FLUX 1194  9260.00        3.237500E+13   5.2332E-07   5.2557E-07   0.99572
FLUX 1195  9300.00        3.223575E+13   5.2116E-07   5.2117E-07   0.99998
FLUX 1196  9340.00        3.209770E+13   5.1682E-07   5.1683E-07   0.99998
FLUX 1197  9380.00        3.196082E+13   5.0498E-07   5.1255E-07   0.98523
FLUX 1198  9420.00        3.182511E+13   5.0740E-07   5.0832E-07   0.99819
FLUX 1199  9460.00        3.169054E+13   5.0412E-07   5.0414E-07   0.99996
FLUX 1200  9500.00        3.155710E+13   4.9896E-07   5.0001E-07   0.99790
FLUX 1201  9540.00        3.142479E+13   4.9413E-07   4.9593E-07   0.99637
FLUX 1202  9580.00        3.129358E+13   4.9189E-07   4.9190E-07   0.99998
FLUX 1203  9620.00        3.116346E+13   4.8791E-07   4.8792E-07   0.99998
FLUX 1204  9660.00        3.103442E+13   4.8398E-07   4.8399E-07   0.99998
FLUX 1205  9700.00        3.090644E+13   4.8009E-07   4.8010E-07   0.99998
FLUX 1206  9740.00        3.077952E+13   4.7625E-07   4.7626E-07   0.99998
FLUX 1207  9780.00        3.065363E+13   4.7246E-07   4.7247E-07   0.99998
FLUX 1208  9820.00        3.052877E+13   4.6819E-07   4.6872E-07   0.99887
FLUX 1209  9860.00        3.040492E+13   4.6216E-07   4.6501E-07   0.99387
FLUX 1210  9900.00        3.028207E+13   4.6134E-07   4.6135E-07   0.99998
FLUX 1211  9940.00        3.016021E+13   4.5773E-07   4.5773E-07   1.00000
FLUX 1212  9980.00        3.003933E+13   4.5415E-07   4.5416E-07   0.99998
FLUX 1213 10020.00        2.991941E+13   4.5061E-07   4.5062E-07   0.99998
FLUX 1214 20000.00        1.498962E+13   1.1503E-07   1.1503E-07   1.00000
FLUX 1215 40000.00        7.494812E+12   2.8589E-08   2.8590E-08   0.99997
FLUX 1216 60000.00        4.996542E+12   1.2583E-08   1.2583E-08   1.00000
FLUX 1217 80000.00        3.747406E+12   7.0158E-09   7.0158E-09   1.00000
FLUX 1218100000.00        2.997925E+12   4.4557E-09   4.4557E-09   1.00000
FLUX 1219120000.00        2.498271E+12   3.0738E-09   3.0738E-09   1.00000
FLUX 1220140000.00        2.141375E+12   2.2452E-09   2.2452E-09   1.00000
FLUX 1221160000.00        1.873703E+12   1.7102E-09   1.7102E-09   1.00000
FLUX
