TEFF   6000.  GRAVITY 5.00000 LTE 
TITLE  [0.0] VTURB=2  L/H=1.25 NOVER NEW ODF                                    
FLUX    1     9.09        3.298047E+16   2.5000E-39   2.5000E-39   1.00000
FLUX    2     9.35        3.206337E+16   2.5000E-39   2.5000E-39   1.00000
FLUX    3     9.61        3.119589E+16   2.5000E-39   2.5000E-39   1.00000
FLUX    4     9.77        3.068500E+16   2.5000E-39   2.5000E-39   1.00000
FLUX    5     9.96        3.009965E+16   2.5000E-39   2.5000E-39   1.00000
FLUX    6    10.20        2.939142E+16   2.5000E-39   2.5000E-39   1.00000
FLUX    7    10.38        2.888174E+16   2.5000E-39   2.5000E-39   1.00000
FLUX    8    10.56        2.838944E+16   2.5000E-39   2.5000E-39   1.00000
FLUX    9    10.77        2.783589E+16   2.5000E-39   2.5000E-39   1.00000
FLUX   10    11.04        2.715512E+16   2.5000E-39   2.5000E-39   1.00000
FLUX   11    11.40        2.629759E+16   2.5000E-39   2.5000E-39   1.00000
FLUX   12    11.78        2.544928E+16   2.5000E-39   2.5000E-39   1.00000
FLUX   13    12.13        2.471496E+16   2.5000E-39   2.5000E-39   1.00000
FLUX   14    12.48        2.402184E+16   2.5000E-39   2.5000E-39   1.00000
FLUX   15    12.71        2.358714E+16   2.5000E-39   2.5000E-39   1.00000
FLUX   16    12.84        2.334833E+16   2.5000E-39   2.5000E-39   1.00000
FLUX   17    13.05        2.297260E+16   2.5000E-39   2.5000E-39   1.00000
FLUX   18    13.24        2.264294E+16   2.5000E-39   2.5000E-39   1.00000
FLUX   19    13.39        2.238928E+16   2.5000E-39   2.5000E-39   1.00000
FLUX   20    13.66        2.194674E+16   2.5000E-39   2.5000E-39   1.00000
FLUX   21    13.98        2.144439E+16   2.5000E-39   2.5000E-39   1.00000
FLUX   22    14.33        2.092062E+16   2.5000E-39   2.5000E-39   1.00000
FLUX   23    14.72        2.036634E+16   2.5000E-39   2.5000E-39   1.00000
FLUX   24    15.10        1.985381E+16   2.5000E-39   2.5000E-39   1.00000
FLUX   25    15.52        1.931653E+16   2.5000E-39   2.5000E-39   1.00000
FLUX   26    15.88        1.887862E+16   2.5000E-39   2.5000E-39   1.00000
FLUX   27    16.20        1.850571E+16   2.5000E-39   2.5000E-39   1.00000
FLUX   28    16.60        1.805979E+16   2.5000E-39   2.5000E-39   1.00000
FLUX   29    17.03        1.760379E+16   2.5000E-39   2.5000E-39   1.00000
FLUX   30    17.34        1.728907E+16   2.5000E-39   2.5000E-39   1.00000
FLUX   31    17.68        1.695659E+16   2.5000E-39   2.5000E-39   1.00000
FLUX   32    18.02        1.663665E+16   2.5000E-39   2.5000E-39   1.00000
FLUX   33    18.17        1.649931E+16   7.9580E-89   7.9582E-89   0.99998
FLUX   34    18.61        1.610921E+16   8.5383E-87   8.5384E-87   0.99998
FLUX   35    19.10        1.569594E+16   1.2042E-84   1.2042E-84   0.99998
FLUX   36    19.39        1.546119E+16   1.9948E-83   1.9949E-83   0.99998
FLUX   37    19.84        1.511051E+16   1.3192E-81   1.3192E-81   0.99998
FLUX   38    20.18        1.485592E+16   2.7656E-80   2.7656E-80   0.99998
FLUX   39    20.50        1.462402E+16   4.4201E-79   4.4202E-79   0.99998
FLUX   40    21.05        1.424192E+16   4.2214E-77   4.2215E-77   0.99998
FLUX   41    21.62        1.386644E+16   3.7115E-75   3.7116E-75   0.99998
FLUX   42    21.98        1.363933E+16   5.5539E-74   5.5540E-74   0.99998
FLUX   43    22.30        1.344361E+16   5.6993E-73   5.6994E-73   0.99998
FLUX   44    22.68        1.321836E+16   8.3069E-72   8.3070E-72   0.99998
FLUX   45    23.00        1.303446E+16   7.4036E-71   7.4037E-71   0.99998
FLUX   46    23.40        1.281165E+16   1.0440E-69   1.0440E-69   0.99998
FLUX   47    24.00        1.249135E+16   4.6722E-68   4.6722E-68   0.99998
FLUX   48    24.65        1.216197E+16   2.3215E-66   2.3215E-66   0.99998
FLUX   49    25.24        1.187767E+16   6.7362E-65   6.7364E-65   0.99998
FLUX   50    25.68        1.167416E+16   7.4920E-64   7.4921E-64   0.99998
FLUX   51    26.00        1.153048E+16   4.0997E-63   4.0998E-63   0.99998
FLUX   52    26.40        1.135578E+16   3.2342E-62   3.2343E-62   0.99998
FLUX   53    26.85        1.116546E+16   3.0594E-61   3.0594E-61   0.99998
FLUX   54    27.35        1.096133E+16   3.3984E-60   3.3985E-60   0.99998
FLUX   55    27.85        1.076454E+16   3.4607E-59   3.4607E-59   0.99998
FLUX   56    28.40        1.055607E+16   4.0321E-58   4.0321E-58   0.99998
FLUX   57    29.00        1.033767E+16   5.2650E-57   5.2651E-57   0.99998
FLUX   58    29.60        1.012812E+16   6.1694E-56   6.1695E-56   0.99998
FLUX   59    30.10        9.959883E+15   4.4483E-55   4.4490E-55   0.99985
FLUX   60    30.80        9.733523E+15   6.3278E-54   6.3279E-54   0.99998
FLUX   61    31.80        9.427437E+15   2.2794E-52   2.2794E-52   0.99998
FLUX   62    32.80        9.140015E+15   6.5598E-51   6.5599E-51   0.99998
FLUX   63    33.80        8.869601E+15   1.5374E-49   1.5374E-49   0.99998
FLUX   64    34.80        8.614727E+15   2.9912E-48   2.9913E-48   0.99998
FLUX   65    35.70        8.397549E+15   3.7318E-47   3.7319E-47   0.99998
FLUX   66    36.60        8.191052E+15   4.1030E-46   4.1030E-46   0.99998
FLUX   67    37.50        7.994467E+15   4.0017E-45   4.0018E-45   0.99998
FLUX   68    38.50        7.786818E+15   4.4193E-44   4.4194E-44   0.99998
FLUX   69    39.50        7.589683E+15   4.3008E-43   4.3008E-43   0.99998
FLUX   70    40.50        7.402284E+15   3.7264E-42   3.7265E-42   0.99998
FLUX   71    41.40        7.241364E+15   2.3731E-41   2.3731E-41   0.99998
FLUX   72    42.20        7.104087E+15   1.1480E-40   1.1480E-40   0.99998
FLUX   73    43.00        6.971919E+15   5.2258E-40   5.2259E-40   0.99998
FLUX   74    44.10        6.798016E+15   3.8260E-39   3.8260E-39   0.99998
FLUX   75    45.10        6.647284E+15   2.1402E-38   2.1402E-38   0.99998
FLUX   76    46.00        6.517228E+15   9.4310E-38   9.4311E-38   0.99998
FLUX   77    47.00        6.378564E+15   4.5734E-37   4.5735E-37   0.99998
FLUX   78    48.00        6.245677E+15   2.0699E-36   2.0699E-36   0.99998
FLUX   79    49.00        6.118214E+15   8.7893E-36   8.7894E-36   0.99998
FLUX   80    50.00        5.995850E+15   3.5101E-35   3.5102E-35   0.99998
FLUX   81    50.60        5.924753E+15   1.0421E-34   1.1888E-34   0.87665
FLUX   82    51.20        5.855322E+15   2.5601E-34   2.5921E-34   0.98765
FLUX   83    52.00        5.765240E+15   7.0469E-34   7.1166E-34   0.99020
FLUX   84    53.00        5.656462E+15   2.4041E-33   2.4042E-33   0.99998
FLUX   85    54.00        5.551713E+15   7.7007E-33   7.7465E-33   0.99408
FLUX   86    55.00        5.450773E+15   2.3880E-32   2.3880E-32   0.99998
FLUX   87    56.00        5.353437E+15   7.0557E-32   7.0558E-32   0.99998
FLUX   88    57.00        5.259517E+15   2.0027E-31   2.0028E-31   0.99998
FLUX   89    58.00        5.168836E+15   5.4122E-31   5.4745E-31   0.98862
FLUX   90    59.00        5.081229E+15   1.4424E-30   1.4429E-30   0.99964
FLUX   91    60.00        4.996542E+15   3.6732E-30   3.6751E-30   0.99948
FLUX   92    61.00        4.914631E+15   9.0611E-30   9.0613E-30   0.99998
FLUX   93    62.00        4.835363E+15   2.1659E-29   2.1662E-29   0.99986
FLUX   94    63.00        4.758611E+15   5.0278E-29   5.0282E-29   0.99991
FLUX   95    64.00        4.684258E+15   1.1356E-28   1.1356E-28   0.99997
FLUX   96    65.00        4.612192E+15   2.4973E-28   2.4974E-28   0.99997
FLUX   97    65.80        4.556117E+15   4.6054E-28   4.6058E-28   0.99992
FLUX   98    66.50        4.508158E+15   7.7602E-28   7.7678E-28   0.99903
FLUX   99    67.50        4.441370E+15   1.6052E-27   1.6064E-27   0.99928
FLUX  100    68.50        4.376533E+15   3.2474E-27   3.2476E-27   0.99993
FLUX  101    69.50        4.313561E+15   6.4247E-27   6.4249E-27   0.99997
FLUX  102    70.50        4.252376E+15   1.2411E-26   1.2450E-26   0.99687
FLUX  103    71.60        4.187046E+15   2.5189E-26   2.5191E-26   0.99990
FLUX  104    72.60        4.129373E+15   4.6866E-26   4.6867E-26   0.99998
FLUX  105    73.50        4.078809E+15   8.0693E-26   8.0705E-26   0.99985
FLUX  106    74.50        4.024060E+15   1.4514E-25   1.4522E-25   0.99944
FLUX  107    75.50        3.970762E+15   2.5677E-25   2.5698E-25   0.99918
FLUX  108    76.50        3.918856E+15   4.4742E-25   4.4750E-25   0.99984
FLUX  109    77.50        3.868290E+15   7.6673E-25   7.6729E-25   0.99927
FLUX  110    78.50        3.819013E+15   1.2962E-24   1.2962E-24   0.99998
FLUX  111    79.50        3.770975E+15   2.1414E-24   2.1588E-24   0.99194
FLUX  112    80.50        3.724130E+15   3.5346E-24   3.5464E-24   0.99668
FLUX  113    81.50        3.678436E+15   5.7466E-24   5.7495E-24   0.99949
FLUX  114    82.50        3.633848E+15   9.2019E-24   9.2047E-24   0.99969
FLUX  115    83.50        3.590329E+15   1.4558E-23   1.4560E-23   0.99986
FLUX  116    84.50        3.547840E+15   2.2757E-23   2.2760E-23   0.99988
FLUX  117    85.50        3.506345E+15   3.5181E-23   3.5182E-23   0.99998
FLUX  118    86.50        3.465809E+15   5.3776E-23   5.3781E-23   0.99991
FLUX  119    87.50        3.426200E+15   8.1201E-23   8.1347E-23   0.99821
FLUX  120    88.50        3.387486E+15   1.2178E-22   1.2180E-22   0.99984
FLUX  121    89.50        3.349637E+15   1.8058E-22   1.8060E-22   0.99993
FLUX  122    90.50        3.312624E+15   2.6514E-22   2.6523E-22   0.99966
FLUX  123    91.50        3.276421E+15   1.7486E-19   5.1294E-19   0.34089
FLUX  124    92.50        3.241000E+15   6.4726E-19   7.6195E-19   0.84948
FLUX  125    93.50        3.206337E+15   9.3430E-19   1.1174E-18   0.83615
FLUX  126    94.50        3.172407E+15   1.3972E-18   1.6226E-18   0.86108
FLUX  127    95.50        3.139188E+15   2.0803E-18   2.3367E-18   0.89028
FLUX  128    96.50        3.106658E+15   3.0258E-18   3.3343E-18   0.90748
FLUX  129    97.50        3.074795E+15   4.2143E-18   4.7161E-18   0.89359
FLUX  130    98.50        3.043579E+15   5.9455E-18   6.6534E-18   0.89359
FLUX  131    99.50        3.012990E+15   8.2686E-18   9.2946E-18   0.88961
FLUX  132   100.50        2.983010E+15   1.2011E-17   1.2892E-17   0.93171
FLUX  133   101.50        2.953621E+15   1.6498E-17   1.7741E-17   0.92997
FLUX  134   102.50        2.924805E+15   2.1843E-17   2.4357E-17   0.89682
FLUX  135   103.50        2.896546E+15   3.1353E-17   3.3154E-17   0.94567
FLUX  136   104.50        2.868828E+15   4.2860E-17   4.4923E-17   0.95408
FLUX  137   105.50        2.841635E+15   5.7126E-17   6.0554E-17   0.94338
FLUX  138   106.50        2.814953E+15   7.6812E-17   8.1241E-17   0.94549
FLUX  139   107.50        2.788767E+15   1.0360E-16   1.0847E-16   0.95511
FLUX  140   108.50        2.763064E+15   1.3876E-16   1.4406E-16   0.96321
FLUX  141   109.50        2.737831E+15   1.8097E-16   1.9027E-16   0.95112
FLUX  142   110.50        2.713054E+15   5.2906E-16   2.2154E-15   0.23881
FLUX  143   111.50        2.688722E+15   1.3825E-15   2.8295E-15   0.48861
FLUX  144   112.50        2.664822E+15   2.0001E-15   3.5635E-15   0.56127
FLUX  145   113.50        2.641344E+15   2.9911E-15   4.4353E-15   0.67439
FLUX  146   114.50        2.618275E+15   3.9194E-15   5.4654E-15   0.71713
FLUX  147   115.50        2.595606E+15   4.6243E-15   6.6742E-15   0.69286
FLUX  148   116.50        2.573326E+15   6.2431E-15   8.0761E-15   0.77304
FLUX  149   117.50        2.551426E+15   8.0099E-15   9.6654E-15   0.82872
FLUX  150   118.50        2.529894E+15   9.0855E-15   1.2117E-14   0.74981
FLUX  151   119.50        2.508724E+15   7.9986E-15   1.4574E-14   0.54882
FLUX  152   120.50        2.487905E+15   8.8781E-15   1.7467E-14   0.50827
FLUX  153   121.50        2.467428E+15   3.1733E-15   2.0868E-14   0.15206
FLUX  154   122.50        2.447286E+15   1.1828E-14   2.4922E-14   0.47461
FLUX  155   123.50        2.427470E+15   2.1881E-14   2.9621E-14   0.73870
FLUX  156   124.50        2.407972E+15   2.9730E-14   3.4927E-14   0.85120
FLUX  157   125.50        2.388785E+15   3.6436E-14   4.2804E-14   0.85123
FLUX  158   126.50        2.369901E+15   4.0225E-14   5.1346E-14   0.78341
FLUX  159   127.50        2.351314E+15   4.8832E-14   6.0950E-14   0.80118
FLUX  160   128.50        2.333016E+15   5.8221E-14   7.2115E-14   0.80734
FLUX  161   129.50        2.315000E+15   7.0740E-14   8.5007E-14   0.83216
FLUX  162   130.50        2.297261E+15   7.7781E-14   9.9974E-14   0.77801
FLUX  163   131.50        2.279791E+15   9.5528E-14   1.1727E-13   0.81461
FLUX  164   132.50        2.262585E+15   1.0535E-13   1.3721E-13   0.76783
FLUX  165   133.50        2.245637E+15   1.2146E-13   1.6012E-13   0.75852
FLUX  166   134.50        2.228940E+15   1.4174E-13   1.8638E-13   0.76049
FLUX  167   135.50        2.212491E+15   1.6619E-13   2.1734E-13   0.76464
FLUX  168   136.50        2.196282E+15   1.8551E-13   2.5449E-13   0.72895
FLUX  169   137.50        2.180309E+15   2.0944E-13   2.9718E-13   0.70474
FLUX  170   138.50        2.164567E+15   2.3537E-13   3.4615E-13   0.67996
FLUX  171   139.50        2.149050E+15   2.6917E-13   4.0219E-13   0.66927
FLUX  172   140.50        2.133754E+15   3.2448E-13   4.6621E-13   0.69601
FLUX  173   141.50        2.118675E+15   3.7081E-13   5.3919E-13   0.68773
FLUX  174   142.50        2.103807E+15   4.2715E-13   6.2225E-13   0.68646
FLUX  175   143.50        2.089146E+15   5.0068E-13   7.1658E-13   0.69871
FLUX  176   144.20        2.079005E+15   6.0406E-13   7.9003E-13   0.76461
FLUX  177   144.70        2.071821E+15   5.8217E-13   8.4666E-13   0.68760
FLUX  178   145.50        2.060430E+15   6.7601E-13   9.4463E-13   0.71564
FLUX  179   146.50        2.046365E+15   8.0674E-13   1.0812E-12   0.74614
FLUX  180   147.50        2.032492E+15   8.3620E-13   1.2351E-12   0.67702
FLUX  181   148.50        2.018805E+15   9.8543E-13   1.4082E-12   0.69978
FLUX  182   149.50        2.005301E+15   1.2522E-12   1.6025E-12   0.78142
FLUX  183   150.50        1.991977E+15   1.4989E-12   1.8202E-12   0.82345
FLUX  184   151.20        1.982755E+15   1.3451E-12   1.9879E-12   0.67666
FLUX  185   151.70        1.976220E+15   1.6931E-12   2.6144E-12   0.64761
FLUX  186   152.50        1.965852E+15   2.4845E-12   7.5522E-12   0.32898
FLUX  187   153.50        1.953046E+15   6.8216E-12   2.6823E-11   0.25432
FLUX  188   154.50        1.940405E+15   6.8936E-12   3.0171E-11   0.22849
FLUX  189   155.50        1.927926E+15   1.0620E-11   3.3882E-11   0.31344
FLUX  190   156.50        1.915607E+15   1.0303E-11   3.8007E-11   0.27108
FLUX  191   157.50        1.903444E+15   1.7285E-11   4.8611E-11   0.35557
FLUX  192   158.50        1.891435E+15   2.0989E-11   5.4281E-11   0.38667
FLUX  193   159.50        1.879577E+15   2.4502E-11   6.0491E-11   0.40505
FLUX  194   160.50        1.867866E+15   2.7502E-11   6.7256E-11   0.40891
FLUX  195   161.50        1.856300E+15   3.0915E-11   7.4583E-11   0.41451
FLUX  196   162.50        1.844877E+15   3.5236E-11   8.5816E-11   0.41060
FLUX  197   163.50        1.833593E+15   4.1373E-11   9.5006E-11   0.43548
FLUX  198   164.50        1.822447E+15   5.7751E-11   1.0497E-10   0.55014
FLUX  199   165.50        1.811435E+15   3.9881E-11   1.1579E-10   0.34443
FLUX  200   166.50        1.800556E+15   6.7962E-11   1.2753E-10   0.53291
FLUX  201   167.20        1.793017E+15   5.1117E-11   1.3632E-10   0.37498
FLUX  202   167.70        1.787671E+15   7.2994E-11   2.7126E-10   0.26909
FLUX  203   168.50        1.779184E+15   1.1677E-10   1.8528E-09   0.06302
FLUX  204   169.50        1.768687E+15   1.7939E-10   2.0822E-09   0.08615
FLUX  205   170.50        1.758314E+15   2.3787E-10   2.3478E-09   0.10132
FLUX  206   171.50        1.748061E+15   2.4804E-10   7.3644E-09   0.03368
FLUX  207   172.50        1.737928E+15   3.0800E-10   8.2162E-09   0.03749
FLUX  208   173.50        1.727911E+15   3.8769E-10   8.8136E-09   0.04399
FLUX  209   174.50        1.718009E+15   5.3059E-10   9.5386E-09   0.05562
FLUX  210   175.50        1.708219E+15   7.8164E-10   9.9971E-09   0.07819
FLUX  211   176.50        1.698541E+15   5.9855E-10   1.0413E-08   0.05748
FLUX  212   177.50        1.688972E+15   7.5732E-10   1.0780E-08   0.07025
FLUX  213   178.50        1.679510E+15   1.0768E-09   1.1083E-08   0.09717
FLUX  214   179.50        1.670153E+15   1.3895E-09   1.1359E-08   0.12232
FLUX  215   180.50        1.660900E+15   1.3269E-09   1.1643E-08   0.11396
FLUX  216   181.50        1.651749E+15   1.1369E-09   1.1868E-08   0.09580
FLUX  217   182.50        1.642699E+15   1.3512E-09   1.2091E-08   0.11175
FLUX  218   183.50        1.633747E+15   1.5521E-09   1.2258E-08   0.12662
FLUX  219   184.50        1.624892E+15   1.0360E-09   1.2411E-08   0.08347
FLUX  220   185.50        1.616132E+15   1.7306E-09   1.2589E-08   0.13747
FLUX  221   186.50        1.607466E+15   2.3803E-09   1.2662E-08   0.18799
FLUX  222   187.50        1.598893E+15   2.4863E-09   1.4821E-08   0.16775
FLUX  223   188.50        1.590411E+15   2.7271E-09   1.4703E-08   0.18549
FLUX  224   189.50        1.582018E+15   3.4791E-09   1.4538E-08   0.23932
FLUX  225   190.50        1.573714E+15   3.2390E-09   1.4346E-08   0.22578
FLUX  226   191.50        1.565496E+15   3.8145E-09   1.4190E-08   0.26881
FLUX  227   192.50        1.557364E+15   3.3983E-09   1.4038E-08   0.24208
FLUX  228   193.50        1.549315E+15   2.1902E-09   1.3873E-08   0.15787
FLUX  229   194.50        1.541350E+15   4.7337E-09   1.3801E-08   0.34299
FLUX  230   195.50        1.533465E+15   5.0421E-09   1.3773E-08   0.36610
FLUX  231   196.70        1.524110E+15   6.7548E-09   1.3754E-08   0.49113
FLUX  232   197.60        1.517168E+15   6.0994E-09   1.6554E-08   0.36846
FLUX  233   198.40        1.511051E+15   6.1610E-09   1.6703E-08   0.36885
FLUX  234   199.50        1.502719E+15   7.0540E-09   1.8561E-08   0.38005
FLUX  235   200.50        1.495224E+15   6.8258E-09   1.8999E-08   0.35927
FLUX  236   201.50        1.487804E+15   8.0384E-09   1.9616E-08   0.40979
FLUX  237   202.50        1.480457E+15   6.0477E-09   2.0196E-08   0.29946
FLUX  238   203.50        1.473182E+15   9.4874E-09   2.0806E-08   0.45599
FLUX  239   204.50        1.465978E+15   1.1367E-08   2.1564E-08   0.52714
FLUX  240   205.50        1.458844E+15   1.1004E-08   2.2234E-08   0.49490
FLUX  241   206.50        1.451780E+15   1.1147E-08   2.2831E-08   0.48824
FLUX  242   207.40        1.445480E+15   1.1296E-08   2.3338E-08   0.48403
FLUX  243   207.80        1.442697E+15   1.6765E-08   2.5821E-07   0.06493
FLUX  244   208.50        1.437854E+15   1.6021E-08   2.6798E-07   0.05978
FLUX  245   209.50        1.430990E+15   2.2764E-08   2.8117E-07   0.08096
FLUX  246   210.50        1.424192E+15   4.2612E-08   2.9243E-07   0.14572
FLUX  247   211.50        1.417459E+15   6.2587E-08   3.0131E-07   0.20772
FLUX  248   212.50        1.410788E+15   5.2185E-08   3.0997E-07   0.16836
FLUX  249   213.50        1.404180E+15   5.4102E-08   3.1852E-07   0.16985
FLUX  250   214.50        1.397634E+15   8.0324E-08   3.2571E-07   0.24661
FLUX  251   215.50        1.391148E+15   7.6834E-08   3.3250E-07   0.23108
FLUX  252   216.50        1.384723E+15   6.1736E-08   3.3935E-07   0.18192
FLUX  253   217.50        1.378356E+15   6.1934E-08   3.4632E-07   0.17883
FLUX  254   218.50        1.372048E+15   1.0128E-07   3.5419E-07   0.28594
FLUX  255   219.50        1.365797E+15   9.6772E-08   3.6226E-07   0.26713
FLUX  256   220.50        1.359603E+15   9.0612E-08   3.7058E-07   0.24451
FLUX  257   221.50        1.353465E+15   6.1832E-08   3.7927E-07   0.16303
FLUX  258   222.50        1.347382E+15   8.7713E-08   3.9515E-07   0.22198
FLUX  259   223.50        1.341353E+15   1.2874E-07   4.0506E-07   0.31784
FLUX  260   224.50        1.335379E+15   1.2101E-07   4.1513E-07   0.29150
FLUX  261   225.50        1.329457E+15   8.0662E-08   4.6921E-07   0.17191
FLUX  262   226.50        1.323587E+15   6.6144E-08   4.7816E-07   0.13833
FLUX  263   227.50        1.317769E+15   7.5111E-08   4.8700E-07   0.15423
FLUX  264   228.50        1.312002E+15   1.2089E-07   4.9570E-07   0.24388
FLUX  265   229.50        1.306285E+15   8.3769E-08   5.0429E-07   0.16611
FLUX  266   230.50        1.300618E+15   1.2242E-07   5.1241E-07   0.23891
FLUX  267   231.50        1.295000E+15   1.0226E-07   5.2048E-07   0.19648
FLUX  268   232.50        1.289430E+15   9.2970E-08   5.2856E-07   0.17589
FLUX  269   233.50        1.283908E+15   7.0661E-08   5.4716E-07   0.12914
FLUX  270   234.50        1.278433E+15   4.1358E-08   5.5477E-07   0.07455
FLUX  271   235.50        1.273004E+15   1.0241E-07   5.6235E-07   0.18210
FLUX  272   236.50        1.267622E+15   5.0465E-08   5.6994E-07   0.08854
FLUX  273   237.50        1.262284E+15   7.0654E-08   5.7755E-07   0.12233
FLUX  274   238.50        1.256992E+15   3.7381E-08   5.8549E-07   0.06385
FLUX  275   239.50        1.251743E+15   5.1106E-08   5.9321E-07   0.08615
FLUX  276   240.50        1.246538E+15   5.2331E-08   6.0098E-07   0.08708
FLUX  277   241.50        1.241377E+15   6.3151E-08   6.0881E-07   0.10373
FLUX  278   242.50        1.236258E+15   1.3003E-07   6.1669E-07   0.21086
FLUX  279   243.50        1.231181E+15   1.2475E-07   6.2463E-07   0.19973
FLUX  280   244.50        1.226145E+15   1.6236E-07   6.4878E-07   0.25026
FLUX  281   245.50        1.221151E+15   1.7748E-07   6.5607E-07   0.27051
FLUX  282   246.50        1.216197E+15   1.4793E-07   6.6334E-07   0.22301
FLUX  283   247.50        1.211283E+15   1.2388E-07   6.7059E-07   0.18473
FLUX  284   248.50        1.206408E+15   5.5184E-08   6.7786E-07   0.08141
FLUX  285   249.50        1.201573E+15   8.5616E-08   6.8514E-07   0.12496
FLUX  286   250.50        1.196776E+15   1.3614E-07   7.0510E-07   0.19308
FLUX  287   251.30        1.192967E+15   5.9147E-08   7.1037E-07   0.08326
FLUX  288   251.80        1.190598E+15   4.0555E-08   1.5874E-06   0.02555
FLUX  289   252.50        1.187297E+15   4.3444E-08   1.6038E-06   0.02709
FLUX  290   253.50        1.182613E+15   5.5541E-08   1.6273E-06   0.03413
FLUX  291   254.50        1.177967E+15   6.7207E-08   1.6506E-06   0.04072
FLUX  292   255.50        1.173356E+15   1.4233E-07   1.6741E-06   0.08502
FLUX  293   256.50        1.168782E+15   1.3220E-07   1.6977E-06   0.07787
FLUX  294   257.50        1.164243E+15   2.0430E-07   1.7213E-06   0.11869
FLUX  295   258.50        1.159739E+15   1.9195E-07   1.7451E-06   0.10999
FLUX  296   259.50        1.155270E+15   1.7173E-07   1.7690E-06   0.09708
FLUX  297   260.50        1.150835E+15   1.3709E-07   1.7930E-06   0.07646
FLUX  298   261.50        1.146434E+15   1.2512E-07   1.8171E-06   0.06886
FLUX  299   262.50        1.142067E+15   1.8341E-07   1.8414E-06   0.09960
FLUX  300   263.50        1.137732E+15   3.6866E-07   1.8778E-06   0.19633
FLUX  301   264.50        1.133431E+15   4.9440E-07   1.9020E-06   0.25993
FLUX  302   265.50        1.129162E+15   7.0133E-07   1.9264E-06   0.36406
FLUX  303   266.50        1.124925E+15   4.1276E-07   1.9510E-06   0.21157
FLUX  304   267.50        1.120720E+15   4.9708E-07   1.9756E-06   0.25160
FLUX  305   268.50        1.116546E+15   6.0884E-07   2.0004E-06   0.30436
FLUX  306   269.50        1.112403E+15   4.1123E-07   2.0253E-06   0.20305
FLUX  307   270.50        1.108290E+15   5.3119E-07   2.0636E-06   0.25740
FLUX  308   271.50        1.104208E+15   3.5623E-07   2.0879E-06   0.17062
FLUX  309   272.50        1.100156E+15   2.6438E-07   2.1122E-06   0.12517
FLUX  310   273.50        1.096133E+15   3.4874E-07   2.1367E-06   0.16322
FLUX  311   274.50        1.092140E+15   1.8559E-07   2.1612E-06   0.08588
FLUX  312   275.50        1.088176E+15   2.7783E-07   2.1857E-06   0.12711
FLUX  313   276.50        1.084240E+15   3.8802E-07   2.2102E-06   0.17556
FLUX  314   277.50        1.080333E+15   3.9295E-07   2.2347E-06   0.17584
FLUX  315   278.50        1.076454E+15   2.0114E-07   2.2594E-06   0.08903
FLUX  316   279.50        1.072603E+15   8.8674E-08   2.2841E-06   0.03882
FLUX  317   280.50        1.068779E+15   1.1146E-07   2.3090E-06   0.04827
FLUX  318   281.50        1.064982E+15   3.5817E-07   2.3339E-06   0.15346
FLUX  319   282.50        1.061212E+15   5.7178E-07   2.3591E-06   0.24238
FLUX  320   283.50        1.057469E+15   4.9913E-07   2.3844E-06   0.20933
FLUX  321   284.50        1.053752E+15   2.7202E-07   2.4097E-06   0.11289
FLUX  322   285.50        1.050061E+15   1.3196E-07   2.4352E-06   0.05419
FLUX  323   286.50        1.046396E+15   4.1796E-07   2.4607E-06   0.16986
FLUX  324   287.50        1.042757E+15   6.9198E-07   2.4862E-06   0.27833
FLUX  325   288.50        1.039142E+15   6.1454E-07   2.5118E-06   0.24466
FLUX  326   289.50        1.035553E+15   8.1859E-07   2.5373E-06   0.32262
FLUX  327   291.00        1.030215E+15   1.0986E-06   2.5845E-06   0.42507
FLUX  328   293.00        1.023183E+15   9.7068E-07   2.6348E-06   0.36840
FLUX  329   295.00        1.016246E+15   9.4528E-07   2.6870E-06   0.35180
FLUX  330   297.00        1.009402E+15   1.0058E-06   2.7369E-06   0.36750
FLUX  331   299.00        1.002650E+15   1.0014E-06   2.7870E-06   0.35932
FLUX  332   301.00        9.959884E+14   1.0155E-06   2.8374E-06   0.35790
FLUX  333   303.00        9.894142E+14   1.1244E-06   2.8877E-06   0.38938
FLUX  334   305.00        9.829262E+14   1.1833E-06   2.9376E-06   0.40281
FLUX  335   307.00        9.765228E+14   1.2653E-06   2.9874E-06   0.42354
FLUX  336   309.00        9.702023E+14   1.1781E-06   3.0448E-06   0.38692
FLUX  337   311.00        9.639630E+14   1.3580E-06   3.0931E-06   0.43904
FLUX  338   313.00        9.578035E+14   1.3268E-06   3.1430E-06   0.42214
FLUX  339   315.00        9.517222E+14   1.2698E-06   3.1899E-06   0.39808
FLUX  340   317.00        9.457177E+14   1.3861E-06   3.2362E-06   0.42832
FLUX  341   319.00        9.397884E+14   1.2503E-06   3.2825E-06   0.38090
FLUX  342   321.00        9.339330E+14   1.3979E-06   3.3287E-06   0.41995
FLUX  343   323.00        9.281501E+14   1.1779E-06   3.3767E-06   0.34883
FLUX  344   325.00        9.224385E+14   1.6104E-06   3.4215E-06   0.47068
FLUX  345   327.00        9.167966E+14   1.9252E-06   3.4660E-06   0.55545
FLUX  346   329.00        9.112234E+14   1.8805E-06   3.5116E-06   0.53550
FLUX  347   331.00        9.057175E+14   1.8302E-06   3.5554E-06   0.51478
FLUX  348   333.00        9.002778E+14   1.8609E-06   3.5986E-06   0.51713
FLUX  349   335.00        8.949030E+14   1.8382E-06   3.6412E-06   0.50483
FLUX  350   337.00        8.895920E+14   1.4366E-06   3.6845E-06   0.38990
FLUX  351   339.00        8.843436E+14   1.6864E-06   3.7281E-06   0.45234
FLUX  352   341.00        8.791569E+14   1.7123E-06   3.7704E-06   0.45414
FLUX  353   343.00        8.740306E+14   1.8185E-06   3.8122E-06   0.47703
FLUX  354   345.00        8.689638E+14   1.8768E-06   3.8547E-06   0.48689
FLUX  355   347.00        8.639553E+14   1.9800E-06   3.8977E-06   0.50798
FLUX  356   349.00        8.590043E+14   2.1795E-06   3.9405E-06   0.55311
FLUX  357   351.00        8.541097E+14   2.2955E-06   3.9830E-06   0.57631
FLUX  358   353.00        8.492705E+14   2.1406E-06   4.0253E-06   0.53177
FLUX  359   355.00        8.444859E+14   2.5239E-06   4.0686E-06   0.62034
FLUX  360   357.00        8.397549E+14   1.9036E-06   4.1138E-06   0.46274
FLUX  361   359.00        8.350766E+14   1.9160E-06   4.1589E-06   0.46069
FLUX  362   361.00        8.304501E+14   2.1758E-06   4.2038E-06   0.51757
FLUX  363   363.00        8.258746E+14   2.2298E-06   4.2485E-06   0.52485
FLUX  364   364.00        8.236058E+14   2.2786E-06   4.2711E-06   0.53349
FLUX  365   365.00        8.213493E+14   2.6033E-06   5.2164E-06   0.49907
FLUX  366   367.00        8.168733E+14   2.7173E-06   5.2702E-06   0.51560
FLUX  367   369.00        8.124458E+14   2.6078E-06   5.3237E-06   0.48984
FLUX  368   371.00        8.080660E+14   2.7262E-06   5.3775E-06   0.50697
FLUX  369   373.00        8.037332E+14   2.0298E-06   5.4303E-06   0.37379
FLUX  370   375.00        7.994467E+14   2.2776E-06   5.4829E-06   0.41540
FLUX  371   377.00        7.952056E+14   2.7550E-06   5.5601E-06   0.49550
FLUX  372   379.00        7.910092E+14   2.9459E-06   5.6157E-06   0.52458
FLUX  373   381.00        7.868569E+14   2.9441E-06   5.6708E-06   0.51916
FLUX  374   383.00        7.827480E+14   1.7983E-06   5.7255E-06   0.31408
FLUX  375   385.00        7.786818E+14   2.6063E-06   5.7819E-06   0.45077
FLUX  376   387.00        7.746576E+14   2.6192E-06   5.8357E-06   0.44882
FLUX  377   389.00        7.706748E+14   2.7823E-06   5.8918E-06   0.47223
FLUX  378   391.00        7.667327E+14   3.2663E-06   5.9481E-06   0.54913
FLUX  379   393.00        7.628308E+14   1.8102E-06   6.0036E-06   0.30152
FLUX  380   395.00        7.589683E+14   3.0203E-06   6.0585E-06   0.49852
FLUX  381   397.00        7.551448E+14   2.1226E-06   6.1126E-06   0.34726
FLUX  382   399.00        7.513596E+14   4.0659E-06   6.1661E-06   0.65940
FLUX  383   401.00        7.476122E+14   4.3820E-06   6.2226E-06   0.70420
FLUX  384   403.00        7.439020E+14   4.4012E-06   6.2782E-06   0.70102
FLUX  385   405.00        7.402284E+14   4.2519E-06   6.3329E-06   0.67140
FLUX  386   407.00        7.365909E+14   4.1639E-06   6.3867E-06   0.65197
FLUX  387   409.00        7.329890E+14   4.7180E-06   6.4395E-06   0.73266
FLUX  388   411.00        7.294221E+14   4.5048E-06   6.4915E-06   0.69395
FLUX  389   413.00        7.258898E+14   4.7648E-06   6.5427E-06   0.72825
FLUX  390   415.00        7.223916E+14   4.8171E-06   6.5949E-06   0.73042
FLUX  391   417.00        7.189269E+14   4.9281E-06   6.6467E-06   0.74143
FLUX  392   419.00        7.154952E+14   4.6861E-06   6.6970E-06   0.69972
FLUX  393   421.00        7.120962E+14   4.7794E-06   6.7464E-06   0.70844
FLUX  394   423.00        7.087293E+14   4.5310E-06   6.7949E-06   0.66682
FLUX  395   425.00        7.053941E+14   4.7085E-06   6.8426E-06   0.68811
FLUX  396   427.00        7.020902E+14   4.4424E-06   6.8895E-06   0.64481
FLUX  397   429.00        6.988170E+14   4.1238E-06   6.9359E-06   0.59456
FLUX  398   431.00        6.955742E+14   3.5110E-06   6.9816E-06   0.50290
FLUX  399   433.00        6.923614E+14   4.9369E-06   7.0266E-06   0.70261
FLUX  400   435.00        6.891782E+14   4.7231E-06   7.0712E-06   0.66793
FLUX  401   437.00        6.860240E+14   5.3533E-06   7.1148E-06   0.75241
FLUX  402   439.00        6.828986E+14   4.9336E-06   7.1578E-06   0.68925
FLUX  403   441.00        6.798016E+14   5.3090E-06   7.2003E-06   0.73733
FLUX  404   443.00        6.767325E+14   5.6816E-06   7.2421E-06   0.78452
FLUX  405   445.00        6.736910E+14   5.6582E-06   7.2836E-06   0.77684
FLUX  406   447.00        6.706767E+14   5.9760E-06   7.3245E-06   0.81590
FLUX  407   449.00        6.676893E+14   6.0884E-06   7.3649E-06   0.82668
FLUX  408   451.00        6.647284E+14   6.6457E-06   7.4047E-06   0.89749
FLUX  409   453.00        6.617936E+14   6.1234E-06   7.4441E-06   0.82258
FLUX  410   455.00        6.588846E+14   6.3702E-06   7.4831E-06   0.85128
FLUX  411   457.00        6.560011E+14   6.7652E-06   7.5216E-06   0.89944
FLUX  412   459.00        6.531427E+14   6.4718E-06   7.5596E-06   0.85611
FLUX  413   461.00        6.503091E+14   6.6489E-06   7.5972E-06   0.87518
FLUX  414   463.00        6.475000E+14   6.6272E-06   7.6343E-06   0.86808
FLUX  415   465.00        6.447150E+14   6.7269E-06   7.6710E-06   0.87692
FLUX  416   467.00        6.419540E+14   6.9442E-06   7.7073E-06   0.90098
FLUX  417   469.00        6.392164E+14   6.8622E-06   7.7432E-06   0.88622
FLUX  418   471.00        6.365021E+14   6.6396E-06   7.7787E-06   0.85357
FLUX  419   473.00        6.338108E+14   7.0067E-06   7.8138E-06   0.89671
FLUX  420   475.00        6.311421E+14   7.1337E-06   7.8486E-06   0.90892
FLUX  421   477.00        6.284958E+14   7.1966E-06   7.8831E-06   0.91291
FLUX  422   479.00        6.258716E+14   7.2074E-06   7.9171E-06   0.91036
FLUX  423   481.00        6.232692E+14   7.2080E-06   7.9507E-06   0.90658
FLUX  424   483.00        6.206884E+14   7.3252E-06   7.9840E-06   0.91748
FLUX  425   485.00        6.181289E+14   6.9172E-06   8.0288E-06   0.86154
FLUX  426   487.00        6.155903E+14   6.1409E-06   8.0615E-06   0.76176
FLUX  427   489.00        6.130726E+14   7.1173E-06   8.0938E-06   0.87935
FLUX  428   491.00        6.105753E+14   7.1933E-06   8.1258E-06   0.88524
FLUX  429   493.00        6.080984E+14   7.0820E-06   8.1574E-06   0.86816
FLUX  430   495.00        6.056414E+14   7.3762E-06   8.1887E-06   0.90078
FLUX  431   497.00        6.032042E+14   7.5417E-06   8.2197E-06   0.91751
FLUX  432   499.00        6.007866E+14   7.1210E-06   8.2504E-06   0.86311
FLUX  433   501.00        5.983882E+14   6.9005E-06   8.2807E-06   0.83332
FLUX  434   503.00        5.960089E+14   7.3397E-06   8.3108E-06   0.88316
FLUX  435   505.00        5.936485E+14   7.3602E-06   8.3405E-06   0.88247
FLUX  436   507.00        5.913067E+14   7.6776E-06   8.3699E-06   0.91729
FLUX  437   509.00        5.889833E+14   7.4752E-06   8.3989E-06   0.89002
FLUX  438   511.00        5.866781E+14   7.6321E-06   8.4277E-06   0.90560
FLUX  439   513.00        5.843908E+14   7.5259E-06   8.4562E-06   0.88999
FLUX  440   515.00        5.821214E+14   7.3163E-06   8.4843E-06   0.86233
FLUX  441   517.00        5.798694E+14   6.5202E-06   8.5122E-06   0.76598
FLUX  442   519.00        5.776349E+14   6.6467E-06   8.5398E-06   0.77832
FLUX  443   521.00        5.754175E+14   7.4398E-06   8.5670E-06   0.86843
FLUX  444   523.00        5.732170E+14   7.6180E-06   8.5939E-06   0.88644
FLUX  445   525.00        5.710333E+14   7.9191E-06   8.6206E-06   0.91863
FLUX  446   527.00        5.688662E+14   7.0647E-06   8.6468E-06   0.81703
FLUX  447   529.00        5.667155E+14   7.9301E-06   8.6728E-06   0.91436
FLUX  448   531.00        5.645810E+14   8.2126E-06   8.6985E-06   0.94415
FLUX  449   533.00        5.624625E+14   7.5003E-06   8.7238E-06   0.85974
FLUX  450   535.00        5.603598E+14   8.0691E-06   8.7489E-06   0.92230
FLUX  451   537.00        5.582728E+14   8.0861E-06   8.7746E-06   0.92154
FLUX  452   539.00        5.562013E+14   8.0781E-06   8.8039E-06   0.91756
FLUX  453   541.00        5.541451E+14   7.8464E-06   8.8281E-06   0.88879
FLUX  454   543.00        5.521040E+14   8.1292E-06   8.8521E-06   0.91834
FLUX  455   545.00        5.500780E+14   8.3255E-06   8.8757E-06   0.93801
FLUX  456   547.00        5.480667E+14   8.2641E-06   8.8991E-06   0.92864
FLUX  457   549.00        5.460701E+14   8.2765E-06   8.9222E-06   0.92763
FLUX  458   551.00        5.440880E+14   8.3477E-06   8.9451E-06   0.93322
FLUX  459   553.00        5.421202E+14   8.4183E-06   8.9677E-06   0.93874
FLUX  460   555.00        5.401667E+14   8.5749E-06   8.9901E-06   0.95382
FLUX  461   557.00        5.382271E+14   8.3726E-06   9.0122E-06   0.92903
FLUX  462   559.00        5.363014E+14   8.2611E-06   9.0340E-06   0.91445
FLUX  463   561.00        5.343895E+14   8.5216E-06   9.0555E-06   0.94105
FLUX  464   563.00        5.324911E+14   8.6427E-06   9.0824E-06   0.95159
FLUX  465   565.00        5.306062E+14   8.6758E-06   9.1034E-06   0.95303
FLUX  466   567.00        5.287346E+14   8.5413E-06   9.1242E-06   0.93611
FLUX  467   569.00        5.268761E+14   8.6843E-06   9.1447E-06   0.94966
FLUX  468   571.00        5.250306E+14   8.5916E-06   9.1649E-06   0.93744
FLUX  469   573.00        5.231981E+14   9.0606E-06   9.1849E-06   0.98647
FLUX  470   575.00        5.213783E+14   8.8644E-06   9.2046E-06   0.96304
FLUX  471   577.00        5.195711E+14   8.9802E-06   9.2240E-06   0.97357
FLUX  472   579.00        5.177763E+14   8.8381E-06   9.2432E-06   0.95617
FLUX  473   581.00        5.159940E+14   9.0321E-06   9.2620E-06   0.97517
FLUX  474   583.00        5.142238E+14   9.1625E-06   9.2807E-06   0.98727
FLUX  475   585.00        5.124658E+14   9.0285E-06   9.2990E-06   0.97090
FLUX  476   587.00        5.107198E+14   9.0817E-06   9.3171E-06   0.97473
FLUX  477   589.00        5.089856E+14   8.4465E-06   9.3350E-06   0.90482
FLUX  478   591.00        5.072631E+14   9.1019E-06   9.3526E-06   0.97320
FLUX  479   593.00        5.055523E+14   9.1299E-06   9.3700E-06   0.97437
FLUX  480   595.00        5.038529E+14   9.1921E-06   9.3892E-06   0.97901
FLUX  481   597.00        5.021650E+14   9.2374E-06   9.4061E-06   0.98206
FLUX  482   599.00        5.004883E+14   9.2144E-06   9.4228E-06   0.97788
FLUX  483   601.00        4.988228E+14   9.1326E-06   9.4393E-06   0.96751
FLUX  484   603.00        4.971683E+14   9.1688E-06   9.4555E-06   0.96968
FLUX  485   605.00        4.955248E+14   9.3728E-06   9.4719E-06   0.98953
FLUX  486   607.00        4.938921E+14   9.3649E-06   9.4877E-06   0.98706
FLUX  487   609.00        4.922701E+14   9.2557E-06   9.5033E-06   0.97395
FLUX  488   611.00        4.906588E+14   9.2166E-06   9.5186E-06   0.96827
FLUX  489   613.00        4.890579E+14   8.9591E-06   9.5338E-06   0.93972
FLUX  490   615.00        4.874675E+14   9.1193E-06   9.5487E-06   0.95503
FLUX  491   617.00        4.858874E+14   8.8766E-06   9.5634E-06   0.92818
FLUX  492   619.00        4.843174E+14   9.3438E-06   9.5779E-06   0.97555
FLUX  493   621.00        4.827576E+14   9.4060E-06   9.5924E-06   0.98057
FLUX  494   623.00        4.812079E+14   9.2390E-06   9.6064E-06   0.96174
FLUX  495   625.00        4.796680E+14   9.0504E-06   9.6203E-06   0.94076
FLUX  496   627.00        4.781380E+14   9.4226E-06   9.6441E-06   0.97703
FLUX  497   629.00        4.766176E+14   9.4937E-06   9.6575E-06   0.98303
FLUX  498   631.00        4.751070E+14   9.2897E-06   9.6708E-06   0.96059
FLUX  499   633.00        4.736058E+14   9.3605E-06   9.6838E-06   0.96661
FLUX  500   635.00        4.721142E+14   9.4265E-06   9.6975E-06   0.97205
FLUX  501   637.00        4.706319E+14   9.4383E-06   9.7101E-06   0.97200
FLUX  502   639.00        4.691588E+14   9.5171E-06   9.7226E-06   0.97887
FLUX  503   641.00        4.676950E+14   9.3550E-06   9.7348E-06   0.96099
FLUX  504   643.00        4.662403E+14   9.4817E-06   9.7468E-06   0.97280
FLUX  505   645.00        4.647946E+14   9.4008E-06   9.7586E-06   0.96334
FLUX  506   647.00        4.633578E+14   9.4237E-06   9.7702E-06   0.96453
FLUX  507   649.00        4.619299E+14   9.3568E-06   9.7817E-06   0.95656
FLUX  508   651.00        4.605107E+14   9.5767E-06   9.7943E-06   0.97779
FLUX  509   653.00        4.591003E+14   9.5993E-06   9.8053E-06   0.97899
FLUX  510   655.00        4.576985E+14   9.2640E-06   9.8243E-06   0.94297
FLUX  511   657.00        4.563052E+14   8.2435E-06   9.8350E-06   0.83818
FLUX  512   659.00        4.549203E+14   9.5106E-06   9.8454E-06   0.96599
FLUX  513   661.00        4.535439E+14   9.7090E-06   9.8557E-06   0.98512
FLUX  514   663.00        4.521757E+14   9.6916E-06   9.8658E-06   0.98234
FLUX  515   665.00        4.508158E+14   9.7153E-06   9.8757E-06   0.98375
FLUX  516   667.00        4.494640E+14   9.6521E-06   9.8855E-06   0.97640
FLUX  517   669.00        4.481203E+14   9.7977E-06   9.8950E-06   0.99017
FLUX  518   671.00        4.467846E+14   9.6865E-06   9.9044E-06   0.97800
FLUX  519   673.00        4.454569E+14   9.7977E-06   9.9136E-06   0.98831
FLUX  520   675.00        4.441370E+14   9.7495E-06   9.9227E-06   0.98255
FLUX  521   677.00        4.428250E+14   9.7807E-06   9.9315E-06   0.98482
FLUX  522   679.00        4.415206E+14   9.7856E-06   9.9402E-06   0.98444
FLUX  523   681.00        4.402239E+14   9.7649E-06   9.9488E-06   0.98152
FLUX  524   683.00        4.389348E+14   9.8429E-06   9.9572E-06   0.98852
FLUX  525   685.00        4.376533E+14   9.7112E-06   9.9654E-06   0.97449
FLUX  526   687.00        4.363792E+14   9.8180E-06   9.9734E-06   0.98442
FLUX  527   689.00        4.351125E+14   9.8534E-06   9.9813E-06   0.98719
FLUX  528   691.00        4.338531E+14   9.8389E-06   9.9890E-06   0.98497
FLUX  529   693.00        4.326010E+14   9.8481E-06   9.9966E-06   0.98514
FLUX  530   695.00        4.313561E+14   9.8536E-06   1.0004E-05   0.98497
FLUX  531   697.00        4.301184E+14   9.8825E-06   1.0011E-05   0.98714
FLUX  532   699.00        4.288877E+14   9.8921E-06   1.0018E-05   0.98739
FLUX  533   701.00        4.276640E+14   9.6945E-06   1.0025E-05   0.96699
FLUX  534   703.00        4.264474E+14   9.8517E-06   1.0032E-05   0.98201
FLUX  535   705.00        4.252376E+14   9.9095E-06   1.0039E-05   0.98712
FLUX  536   707.00        4.240346E+14   9.8755E-06   1.0045E-05   0.98310
FLUX  537   709.00        4.228385E+14   9.8748E-06   1.0052E-05   0.98240
FLUX  538   711.00        4.216491E+14   9.9120E-06   1.0058E-05   0.98550
FLUX  539   713.00        4.204663E+14   9.8340E-06   1.0064E-05   0.97716
FLUX  540   715.00        4.192902E+14   9.8056E-06   1.0070E-05   0.97377
FLUX  541   717.00        4.181206E+14   9.8278E-06   1.0075E-05   0.97542
FLUX  542   719.00        4.169576E+14   9.6635E-06   1.0081E-05   0.95858
FLUX  543   721.00        4.158010E+14   9.8322E-06   1.0086E-05   0.97479
FLUX  544   723.00        4.146508E+14   9.8728E-06   1.0092E-05   0.97831
FLUX  545   725.00        4.135069E+14   9.9340E-06   1.0102E-05   0.98338
FLUX  546   727.00        4.123693E+14   9.9421E-06   1.0107E-05   0.98370
FLUX  547   729.00        4.112380E+14   9.7547E-06   1.0112E-05   0.96470
FLUX  548   731.00        4.101129E+14   9.9195E-06   1.0127E-05   0.97949
FLUX  549   733.00        4.089939E+14   9.8993E-06   1.0132E-05   0.97706
FLUX  550   735.00        4.078809E+14   9.9736E-06   1.0136E-05   0.98396
FLUX  551   737.00        4.067741E+14   9.9954E-06   1.0141E-05   0.98568
FLUX  552   739.00        4.056732E+14   9.8237E-06   1.0145E-05   0.96836
FLUX  553   741.00        4.045783E+14   9.7345E-06   1.0149E-05   0.95918
FLUX  554   743.00        4.034892E+14   9.8639E-06   1.0153E-05   0.97155
FLUX  555   745.00        4.024060E+14   9.9117E-06   1.0157E-05   0.97590
FLUX  556   747.00        4.013286E+14   1.0003E-05   1.0160E-05   0.98453
FLUX  557   749.00        4.002570E+14   9.9436E-06   1.0164E-05   0.97834
FLUX  558   751.00        3.991911E+14   9.9763E-06   1.0167E-05   0.98122
FLUX  559   753.00        3.981308E+14   1.0011E-05   1.0170E-05   0.98431
FLUX  560   755.00        3.970762E+14   1.0054E-05   1.0174E-05   0.98825
FLUX  561   757.00        3.960271E+14   1.0003E-05   1.0177E-05   0.98291
FLUX  562   759.00        3.949835E+14   1.0015E-05   1.0180E-05   0.98380
FLUX  563   761.00        3.939455E+14   9.9910E-06   1.0183E-05   0.98119
FLUX  564   763.00        3.929128E+14   1.0056E-05   1.0185E-05   0.98734
FLUX  565   765.00        3.918856E+14   1.0044E-05   1.0188E-05   0.98589
FLUX  566   767.00        3.908638E+14   9.8522E-06   1.0190E-05   0.96681
FLUX  567   769.00        3.898472E+14   1.0029E-05   1.0193E-05   0.98398
FLUX  568   771.00        3.888359E+14   9.9812E-06   1.0195E-05   0.97902
FLUX  569   773.00        3.878299E+14   1.0026E-05   1.0197E-05   0.98321
FLUX  570   775.00        3.868290E+14   9.9399E-06   1.0199E-05   0.97457
FLUX  571   777.00        3.858333E+14   1.0058E-05   1.0201E-05   0.98599
FLUX  572   779.00        3.848427E+14   1.0106E-05   1.0203E-05   0.99051
FLUX  573   781.00        3.838572E+14   1.0081E-05   1.0205E-05   0.98790
FLUX  574   783.00        3.828768E+14   1.0011E-05   1.0207E-05   0.98088
FLUX  575   785.00        3.819013E+14   1.0040E-05   1.0208E-05   0.98358
FLUX  576   787.00        3.809307E+14   1.0134E-05   1.0209E-05   0.99256
FLUX  577   789.00        3.799651E+14   1.0122E-05   1.0211E-05   0.99126
FLUX  578   791.00        3.790044E+14   1.0052E-05   1.0212E-05   0.98436
FLUX  579   793.00        3.780485E+14   9.8878E-06   1.0213E-05   0.96814
FLUX  580   795.00        3.770975E+14   9.9439E-06   1.0214E-05   0.97354
FLUX  581   797.00        3.761512E+14   1.0113E-05   1.0216E-05   0.98996
FLUX  582   799.00        3.752096E+14   1.0138E-05   1.0217E-05   0.99227
FLUX  583   801.00        3.742728E+14   1.0046E-05   1.0217E-05   0.98321
FLUX  584   803.00        3.733406E+14   1.0063E-05   1.0218E-05   0.98484
FLUX  585   805.00        3.724130E+14   1.0016E-05   1.0218E-05   0.98017
FLUX  586   807.00        3.714901E+14   1.0116E-05   1.0219E-05   0.98990
FLUX  587   809.00        3.705717E+14   9.9935E-06   1.0219E-05   0.97793
FLUX  588   811.00        3.696578E+14   1.0092E-05   1.0219E-05   0.98750
FLUX  589   813.00        3.687485E+14   1.0149E-05   1.0219E-05   0.99309
FLUX  590   815.00        3.678436E+14   1.0124E-05   1.0219E-05   0.99069
FLUX  591   817.00        3.669431E+14   1.0124E-05   1.0219E-05   0.99065
FLUX  592   819.00        3.660470E+14   9.8588E-06   1.0219E-05   0.96472
FLUX  593   821.00        3.651553E+14   9.9345E-06   1.0262E-05   0.96808
FLUX  594   823.00        3.642679E+14   9.9408E-06   1.0262E-05   0.96871
FLUX  595   825.00        3.633848E+14   1.0045E-05   1.0262E-05   0.97894
FLUX  596   827.00        3.625060E+14   1.0142E-05   1.0261E-05   0.98834
FLUX  597   829.00        3.616315E+14   1.0120E-05   1.0261E-05   0.98627
FLUX  598   831.00        3.607611E+14   9.9886E-06   1.0260E-05   0.97352
FLUX  599   833.00        3.598950E+14   9.9436E-06   1.0260E-05   0.96919
FLUX  600   835.00        3.590329E+14   1.0027E-05   1.0259E-05   0.97739
FLUX  601   837.00        3.581750E+14   1.0102E-05   1.0258E-05   0.98479
FLUX  602   839.00        3.573212E+14   9.9648E-06   1.0257E-05   0.97147
FLUX  603   841.00        3.564715E+14   1.0116E-05   1.0256E-05   0.98631
FLUX  604   843.00        3.556257E+14   9.9858E-06   1.0256E-05   0.97370
FLUX  605   845.00        3.547840E+14   1.0031E-05   1.0254E-05   0.97821
FLUX  606   847.00        3.539463E+14   1.0001E-05   1.0253E-05   0.97542
FLUX  607   849.00        3.531125E+14   9.9035E-06   1.0252E-05   0.96599
FLUX  608   851.00        3.522826E+14   9.5252E-06   1.0251E-05   0.92921
FLUX  609   853.00        3.514566E+14   9.8168E-06   1.0250E-05   0.95778
FLUX  610   855.00        3.506345E+14   8.5310E-06   1.0249E-05   0.83238
FLUX  611   857.00        3.498162E+14   1.0092E-05   1.0247E-05   0.98483
FLUX  612   859.00        3.490017E+14   9.9668E-06   1.0246E-05   0.97277
FLUX  613   861.00        3.481911E+14   9.9747E-06   1.0244E-05   0.97369
FLUX  614   863.00        3.473841E+14   1.0077E-05   1.0243E-05   0.98385
FLUX  615   865.00        3.465809E+14   9.9475E-06   1.0241E-05   0.97136
FLUX  616   867.00        3.457814E+14   8.7154E-06   1.0239E-05   0.85119
FLUX  617   869.00        3.449856E+14   9.8247E-06   1.0237E-05   0.95971
FLUX  618   871.00        3.441935E+14   1.0012E-05   1.0235E-05   0.97816
FLUX  619   873.00        3.434049E+14   9.9808E-06   1.0233E-05   0.97533
FLUX  620   875.00        3.426200E+14   9.8214E-06   1.0231E-05   0.95995
FLUX  621   877.00        3.418387E+14   1.0044E-05   1.0229E-05   0.98192
FLUX  622   879.00        3.410609E+14   1.0029E-05   1.0227E-05   0.98063
FLUX  623   881.00        3.402866E+14   9.8279E-06   1.0225E-05   0.96120
FLUX  624   883.00        3.395159E+14   9.9987E-06   1.0222E-05   0.97812
FLUX  625   885.00        3.387486E+14   9.9766E-06   1.0220E-05   0.97618
FLUX  626   887.00        3.379848E+14   9.7264E-06   1.0218E-05   0.95193
FLUX  627   889.00        3.372244E+14   1.0070E-05   1.0215E-05   0.98577
FLUX  628   891.00        3.364674E+14   1.0110E-05   1.0213E-05   0.98995
FLUX  629   893.00        3.357139E+14   9.9829E-06   1.0210E-05   0.97776
FLUX  630   895.00        3.349637E+14   1.0030E-05   1.0207E-05   0.98257
FLUX  631   897.00        3.342168E+14   1.0058E-05   1.0205E-05   0.98567
FLUX  632   899.00        3.334733E+14   1.0078E-05   1.0202E-05   0.98788
FLUX  633   901.00        3.327331E+14   9.5711E-06   1.0199E-05   0.93843
FLUX  634   903.00        3.319961E+14   9.9261E-06   1.0196E-05   0.97351
FLUX  635   905.00        3.312624E+14   1.0130E-05   1.0193E-05   0.99375
FLUX  636   907.00        3.305320E+14   9.9874E-06   1.0190E-05   0.98009
FLUX  637   909.00        3.298047E+14   9.7779E-06   1.0187E-05   0.95982
FLUX  638   911.00        3.290807E+14   9.9251E-06   1.0184E-05   0.97456
FLUX  639   913.00        3.283598E+14   1.0091E-05   1.0181E-05   0.99117
FLUX  640   915.00        3.276421E+14   1.0060E-05   1.0178E-05   0.98847
FLUX  641   917.00        3.269275E+14   1.0040E-05   1.0175E-05   0.98677
FLUX  642   919.00        3.262160E+14   1.0078E-05   1.0171E-05   0.99079
FLUX  643   921.00        3.255076E+14   9.8428E-06   1.0168E-05   0.96802
FLUX  644   923.00        3.248023E+14   9.5000E-06   1.0165E-05   0.93462
FLUX  645   925.00        3.241000E+14   9.7547E-06   1.0161E-05   0.95999
FLUX  646   927.00        3.234008E+14   9.9500E-06   1.0158E-05   0.97954
FLUX  647   929.00        3.227045E+14   1.0014E-05   1.0154E-05   0.98618
FLUX  648   931.00        3.220113E+14   1.0061E-05   1.0151E-05   0.99116
FLUX  649   933.00        3.213210E+14   1.0031E-05   1.0147E-05   0.98851
FLUX  650   935.00        3.206337E+14   1.0022E-05   1.0144E-05   0.98797
FLUX  651   937.00        3.199493E+14   1.0015E-05   1.0140E-05   0.98765
FLUX  652   939.00        3.192678E+14   1.0022E-05   1.0137E-05   0.98874
FLUX  653   941.00        3.185893E+14   9.6338E-06   1.0133E-05   0.95074
FLUX  654   943.00        3.179136E+14   9.9404E-06   1.0129E-05   0.98136
FLUX  655   945.00        3.172407E+14   9.8696E-06   1.0125E-05   0.97474
FLUX  656   947.00        3.165707E+14   1.0017E-05   1.0122E-05   0.98962
FLUX  657   949.00        3.159036E+14   1.0043E-05   1.0118E-05   0.99265
FLUX  658   951.00        3.152392E+14   9.9924E-06   1.0114E-05   0.98799
FLUX  659   953.00        3.145776E+14   9.9061E-06   1.0110E-05   0.97983
FLUX  660   955.00        3.139188E+14   9.4355E-06   1.0106E-05   0.93365
FLUX  661   957.00        3.132628E+14   9.8923E-06   1.0102E-05   0.97923
FLUX  662   959.00        3.126095E+14   1.0010E-05   1.0098E-05   0.99132
FLUX  663   961.00        3.119589E+14   9.9406E-06   1.0094E-05   0.98481
FLUX  664   963.00        3.113110E+14   9.8923E-06   1.0090E-05   0.98043
FLUX  665   965.00        3.106658E+14   9.8954E-06   1.0086E-05   0.98113
FLUX  666   967.00        3.100233E+14   9.8732E-06   1.0082E-05   0.97934
FLUX  667   969.00        3.093834E+14   9.9648E-06   1.0077E-05   0.98884
FLUX  668   971.00        3.087461E+14   9.9722E-06   1.0073E-05   0.98999
FLUX  669   973.00        3.081115E+14   9.9755E-06   1.0069E-05   0.99074
FLUX  670   975.00        3.074795E+14   9.8974E-06   1.0064E-05   0.98339
FLUX  671   977.00        3.068500E+14   9.9365E-06   1.0060E-05   0.98771
FLUX  672   979.00        3.062232E+14   9.9134E-06   1.0056E-05   0.98584
FLUX  673   981.00        3.055989E+14   9.9689E-06   1.0051E-05   0.99180
FLUX  674   983.00        3.049771E+14   9.9431E-06   1.0047E-05   0.98967
FLUX  675   985.00        3.043579E+14   9.9631E-06   1.0042E-05   0.99210
FLUX  676   987.00        3.037411E+14   9.9102E-06   1.0038E-05   0.98727
FLUX  677   989.00        3.031269E+14   9.8967E-06   1.0033E-05   0.98637
FLUX  678   991.00        3.025151E+14   9.8692E-06   1.0029E-05   0.98407
FLUX  679   993.00        3.019058E+14   9.9687E-06   1.0024E-05   0.99444
FLUX  680   995.00        3.012990E+14   9.9603E-06   1.0020E-05   0.99406
FLUX  681   997.00        3.006946E+14   9.9607E-06   1.0015E-05   0.99455
FLUX  682   999.00        3.000926E+14   9.9403E-06   1.0011E-05   0.99297
FLUX  683  1002.50        2.990449E+14   9.8283E-06   1.0002E-05   0.98259
FLUX  684  1007.50        2.975608E+14   9.6866E-06   9.9907E-06   0.96956
FLUX  685  1012.50        2.960914E+14   9.8928E-06   9.9789E-06   0.99137
FLUX  686  1017.50        2.946364E+14   9.8089E-06   9.9671E-06   0.98413
FLUX  687  1022.50        2.931956E+14   9.8625E-06   9.9552E-06   0.99069
FLUX  688  1027.50        2.917689E+14   9.8962E-06   9.9432E-06   0.99527
FLUX  689  1032.50        2.903559E+14   9.8116E-06   9.9312E-06   0.98796
FLUX  690  1037.50        2.889566E+14   9.8092E-06   9.9190E-06   0.98893
FLUX  691  1042.50        2.875707E+14   9.8472E-06   9.9068E-06   0.99398
FLUX  692  1047.50        2.861981E+14   9.7547E-06   9.8945E-06   0.98587
FLUX  693  1052.50        2.848385E+14   9.8133E-06   9.8820E-06   0.99305
FLUX  694  1057.50        2.834917E+14   9.7529E-06   9.8693E-06   0.98821
FLUX  695  1062.50        2.821576E+14   9.7283E-06   9.8567E-06   0.98697
FLUX  696  1067.50        2.808361E+14   9.5583E-06   9.8439E-06   0.97099
FLUX  697  1072.50        2.795268E+14   9.6682E-06   9.8310E-06   0.98344
FLUX  698  1077.50        2.782297E+14   9.6249E-06   9.8182E-06   0.98031
FLUX  699  1082.50        2.769446E+14   9.4898E-06   9.8055E-06   0.96781
FLUX  700  1087.50        2.756713E+14   9.5308E-06   9.7927E-06   0.97325
FLUX  701  1092.50        2.744096E+14   9.3082E-06   9.7798E-06   0.95178
FLUX  702  1097.50        2.731595E+14   9.4032E-06   9.7670E-06   0.96276
FLUX  703  1102.50        2.719206E+14   9.5649E-06   9.7540E-06   0.98061
FLUX  704  1107.50        2.706930E+14   9.6315E-06   9.7410E-06   0.98876
FLUX  705  1112.50        2.694764E+14   9.5832E-06   9.7279E-06   0.98513
FLUX  706  1117.50        2.682707E+14   9.5610E-06   9.7148E-06   0.98417
FLUX  707  1122.50        2.670757E+14   9.5970E-06   9.7017E-06   0.98921
FLUX  708  1127.50        2.658913E+14   9.4462E-06   9.6887E-06   0.97497
FLUX  709  1132.50        2.647174E+14   9.5077E-06   9.6758E-06   0.98263
FLUX  710  1137.50        2.635538E+14   9.4983E-06   9.6629E-06   0.98297
FLUX  711  1142.50        2.624004E+14   9.4286E-06   9.6498E-06   0.97707
FLUX  712  1147.50        2.612571E+14   9.5589E-06   9.6367E-06   0.99193
FLUX  713  1152.50        2.601236E+14   9.5476E-06   9.6236E-06   0.99211
FLUX  714  1157.50        2.590000E+14   9.4867E-06   9.6104E-06   0.98712
FLUX  715  1162.50        2.578860E+14   9.3909E-06   9.5973E-06   0.97849
FLUX  716  1167.50        2.567816E+14   9.4083E-06   9.5842E-06   0.98166
FLUX  717  1172.50        2.556866E+14   9.5204E-06   9.5711E-06   0.99470
FLUX  718  1177.50        2.546008E+14   9.3507E-06   9.5580E-06   0.97830
FLUX  719  1182.50        2.535243E+14   9.3210E-06   9.5451E-06   0.97653
FLUX  720  1187.50        2.524568E+14   9.3193E-06   9.5327E-06   0.97761
FLUX  721  1192.50        2.513983E+14   9.4871E-06   9.5198E-06   0.99656
FLUX  722  1197.50        2.503486E+14   9.1768E-06   9.5069E-06   0.96527
FLUX  723  1202.50        2.493077E+14   9.3154E-06   9.4940E-06   0.98119
FLUX  724  1207.50        2.482754E+14   9.2600E-06   9.4811E-06   0.97667
FLUX  725  1212.50        2.472515E+14   9.3357E-06   9.4683E-06   0.98600
FLUX  726  1217.50        2.462361E+14   9.4188E-06   9.4555E-06   0.99612
FLUX  727  1222.50        2.452290E+14   9.4024E-06   9.4427E-06   0.99573
FLUX  728  1227.50        2.442301E+14   9.3385E-06   9.4301E-06   0.99029
FLUX  729  1232.50        2.432393E+14   9.3623E-06   9.4175E-06   0.99414
FLUX  730  1237.50        2.422566E+14   9.3458E-06   9.4050E-06   0.99370
FLUX  731  1242.50        2.412817E+14   9.3147E-06   9.3926E-06   0.99171
FLUX  732  1247.50        2.403146E+14   9.3443E-06   9.3802E-06   0.99616
FLUX  733  1252.50        2.393553E+14   9.3049E-06   9.3679E-06   0.99327
FLUX  734  1257.50        2.384036E+14   9.2885E-06   9.3556E-06   0.99283
FLUX  735  1262.50        2.374594E+14   9.2759E-06   9.3434E-06   0.99277
FLUX  736  1267.50        2.365227E+14   9.2391E-06   9.3313E-06   0.99012
FLUX  737  1272.50        2.355933E+14   9.2707E-06   9.3192E-06   0.99479
FLUX  738  1277.50        2.346712E+14   9.2147E-06   9.3073E-06   0.99005
FLUX  739  1282.50        2.337563E+14   8.5961E-06   9.2955E-06   0.92476
FLUX  740  1287.50        2.328485E+14   9.1708E-06   9.2837E-06   0.98784
FLUX  741  1292.50        2.319478E+14   9.1749E-06   9.2719E-06   0.98954
FLUX  742  1297.50        2.310539E+14   9.2203E-06   9.2602E-06   0.99569
FLUX  743  1302.50        2.301670E+14   9.1631E-06   9.2484E-06   0.99078
FLUX  744  1307.50        2.292868E+14   9.2000E-06   9.2368E-06   0.99602
FLUX  745  1312.50        2.284133E+14   9.0835E-06   9.2251E-06   0.98464
FLUX  746  1317.50        2.275465E+14   9.0690E-06   9.2136E-06   0.98431
FLUX  747  1322.50        2.266862E+14   9.1598E-06   9.2020E-06   0.99541
FLUX  748  1327.50        2.258324E+14   9.0690E-06   9.1906E-06   0.98677
FLUX  749  1332.50        2.249850E+14   9.0997E-06   9.1791E-06   0.99135
FLUX  750  1337.50        2.241439E+14   9.0800E-06   9.1678E-06   0.99043
FLUX  751  1342.50        2.233091E+14   9.1157E-06   9.1566E-06   0.99554
FLUX  752  1347.50        2.224805E+14   9.0941E-06   9.1454E-06   0.99440
FLUX  753  1352.50        2.216580E+14   9.0839E-06   9.1343E-06   0.99448
FLUX  754  1357.50        2.208416E+14   8.9945E-06   9.1233E-06   0.98588
FLUX  755  1362.50        2.200312E+14   9.0254E-06   9.1123E-06   0.99046
FLUX  756  1367.50        2.192267E+14   9.0060E-06   9.1013E-06   0.98953
FLUX  757  1372.50        2.184280E+14   8.9895E-06   9.0904E-06   0.98891
FLUX  758  1377.50        2.176352E+14   8.9868E-06   9.0794E-06   0.98980
FLUX  759  1382.50        2.168481E+14   8.9917E-06   9.0684E-06   0.99154
FLUX  760  1387.50        2.160667E+14   8.9985E-06   9.0574E-06   0.99350
FLUX  761  1392.50        2.152908E+14   8.9769E-06   9.0463E-06   0.99232
FLUX  762  1397.50        2.145206E+14   8.9563E-06   9.0357E-06   0.99121
FLUX  763  1402.50        2.137558E+14   8.9032E-06   9.0248E-06   0.98653
FLUX  764  1407.50        2.129964E+14   8.9387E-06   9.0138E-06   0.99166
FLUX  765  1412.50        2.122425E+14   8.8463E-06   9.0028E-06   0.98261
FLUX  766  1417.50        2.114938E+14   8.9201E-06   8.9918E-06   0.99203
FLUX  767  1422.50        2.107504E+14   8.7898E-06   8.9809E-06   0.97871
FLUX  768  1427.50        2.100123E+14   8.6970E-06   8.9698E-06   0.96959
FLUX  769  1432.50        2.092792E+14   8.8485E-06   8.9585E-06   0.98773
FLUX  770  1437.50        2.085513E+14   8.8844E-06   8.9471E-06   0.99299
FLUX  771  1442.50        2.078284E+14   8.6143E-06   8.9357E-06   0.96403
FLUX  772  1447.50        2.071105E+14   8.8348E-06   8.9242E-06   0.98998
FLUX  773  1452.50        2.063976E+14   8.6765E-06   8.9127E-06   0.97350
FLUX  774  1457.00        2.057601E+14   8.7461E-06   8.9023E-06   0.98245
FLUX  775  1462.00        2.050564E+14   8.7496E-06   8.9350E-06   0.97924
FLUX  776  1467.50        2.042879E+14   8.7497E-06   8.9238E-06   0.98049
FLUX  777  1472.50        2.035942E+14   8.6354E-06   8.9127E-06   0.96890
FLUX  778  1477.50        2.029052E+14   8.6441E-06   8.9013E-06   0.97111
FLUX  779  1482.50        2.022209E+14   8.6713E-06   8.8897E-06   0.97544
FLUX  780  1487.50        2.015412E+14   8.4351E-06   8.8780E-06   0.95012
FLUX  781  1492.50        2.008660E+14   8.7314E-06   8.8660E-06   0.98482
FLUX  782  1497.50        2.001953E+14   8.6415E-06   8.8539E-06   0.97601
FLUX  783  1502.50        1.995291E+14   8.3626E-06   8.8415E-06   0.94584
FLUX  784  1507.50        1.988673E+14   8.4484E-06   8.8289E-06   0.95690
FLUX  785  1512.50        1.982099E+14   8.6313E-06   8.8161E-06   0.97903
FLUX  786  1517.50        1.975568E+14   8.6497E-06   8.8030E-06   0.98259
FLUX  787  1522.50        1.969080E+14   8.5382E-06   8.7895E-06   0.97140
FLUX  788  1527.50        1.962635E+14   8.6006E-06   8.7757E-06   0.98005
FLUX  789  1532.50        1.956232E+14   8.5631E-06   8.7615E-06   0.97736
FLUX  790  1537.50        1.949870E+14   8.5511E-06   8.7468E-06   0.97762
FLUX  791  1542.50        1.943549E+14   8.5495E-06   8.7318E-06   0.97913
FLUX  792  1547.50        1.937270E+14   8.5407E-06   8.7163E-06   0.97985
FLUX  793  1552.50        1.931031E+14   8.4762E-06   8.7005E-06   0.97423
FLUX  794  1557.50        1.924831E+14   8.4516E-06   8.6840E-06   0.97323
FLUX  795  1562.50        1.918672E+14   8.5105E-06   8.6671E-06   0.98193
FLUX  796  1567.50        1.912552E+14   8.3768E-06   8.6496E-06   0.96845
FLUX  797  1572.50        1.906471E+14   8.3996E-06   8.6316E-06   0.97312
FLUX  798  1577.50        1.900428E+14   8.1061E-06   8.6131E-06   0.94115
FLUX  799  1582.50        1.894423E+14   8.3011E-06   8.5938E-06   0.96595
FLUX  800  1587.50        1.888457E+14   8.0804E-06   8.5737E-06   0.94246
FLUX  801  1592.50        1.882527E+14   8.2597E-06   8.5530E-06   0.96571
FLUX  802  1597.50        1.876635E+14   8.2636E-06   8.5314E-06   0.96861
FLUX  803  1605.00        1.867866E+14   8.2446E-06   8.4975E-06   0.97023
FLUX  804  1615.00        1.856300E+14   8.1549E-06   8.4486E-06   0.96523
FLUX  805  1625.00        1.844877E+14   8.2105E-06   8.3949E-06   0.97803
FLUX  806  1635.00        1.833593E+14   8.0736E-06   8.3338E-06   0.96878
FLUX  807  1645.00        1.822447E+14   7.9700E-06   8.2628E-06   0.96456
FLUX  808  1655.00        1.811435E+14   8.0576E-06   8.1855E-06   0.98437
FLUX  809  1665.00        1.800556E+14   7.9937E-06   8.1092E-06   0.98576
FLUX  810  1675.00        1.789806E+14   7.7920E-06   8.0341E-06   0.96987
FLUX  811  1685.00        1.779184E+14   7.6448E-06   7.9597E-06   0.96043
FLUX  812  1695.00        1.768687E+14   7.8260E-06   7.8863E-06   0.99236
FLUX  813  1705.00        1.758314E+14   7.6858E-06   7.8138E-06   0.98361
FLUX  814  1715.00        1.748061E+14   7.6140E-06   7.7423E-06   0.98344
FLUX  815  1725.00        1.737928E+14   7.4957E-06   7.6716E-06   0.97706
FLUX  816  1735.00        1.727911E+14   7.1733E-06   7.6019E-06   0.94362
FLUX  817  1745.00        1.718009E+14   7.3312E-06   7.5330E-06   0.97321
FLUX  818  1755.00        1.708219E+14   7.3719E-06   7.4650E-06   0.98752
FLUX  819  1765.00        1.698541E+14   7.2987E-06   7.3979E-06   0.98659
FLUX  820  1775.00        1.688972E+14   7.2410E-06   7.3316E-06   0.98764
FLUX  821  1785.00        1.679510E+14   7.2062E-06   7.2662E-06   0.99174
FLUX  822  1795.00        1.670153E+14   7.1514E-06   7.2016E-06   0.99302
FLUX  823  1805.00        1.660900E+14   7.0460E-06   7.1379E-06   0.98713
FLUX  824  1815.00        1.651749E+14   6.7310E-06   7.0749E-06   0.95139
FLUX  825  1825.00        1.642699E+14   6.8373E-06   7.0127E-06   0.97498
FLUX  826  1835.00        1.633747E+14   6.8606E-06   6.9513E-06   0.98695
FLUX  827  1845.00        1.624892E+14   6.7493E-06   6.8905E-06   0.97951
FLUX  828  1855.00        1.616132E+14   6.7453E-06   6.8305E-06   0.98752
FLUX  829  1865.00        1.607466E+14   6.6263E-06   6.7713E-06   0.97859
FLUX  830  1875.00        1.598893E+14   6.1802E-06   6.7128E-06   0.92067
FLUX  831  1885.00        1.590411E+14   6.5254E-06   6.6550E-06   0.98053
FLUX  832  1895.00        1.582018E+14   6.3785E-06   6.5978E-06   0.96675
FLUX  833  1905.00        1.573714E+14   6.4770E-06   6.5414E-06   0.99016
FLUX  834  1915.00        1.565496E+14   6.4020E-06   6.4856E-06   0.98711
FLUX  835  1925.00        1.557364E+14   6.3514E-06   6.4305E-06   0.98770
FLUX  836  1935.00        1.549315E+14   6.2377E-06   6.3761E-06   0.97830
FLUX  837  1945.00        1.541350E+14   5.8984E-06   6.3223E-06   0.93295
FLUX  838  1955.00        1.533465E+14   6.1672E-06   6.2692E-06   0.98373
FLUX  839  1965.00        1.525662E+14   6.1294E-06   6.2167E-06   0.98596
FLUX  840  1975.00        1.517937E+14   6.0533E-06   6.1649E-06   0.98191
FLUX  841  1985.00        1.510290E+14   6.0428E-06   6.1137E-06   0.98841
FLUX  842  1995.00        1.502719E+14   5.9920E-06   6.0631E-06   0.98829
FLUX  843  2005.00        1.495224E+14   5.9737E-06   6.0131E-06   0.99345
FLUX  844  2015.00        1.487804E+14   5.9493E-06   5.9636E-06   0.99760
FLUX  845  2025.00        1.480457E+14   5.8543E-06   5.9148E-06   0.98977
FLUX  846  2035.00        1.473182E+14   5.7699E-06   5.8666E-06   0.98353
FLUX  847  2045.00        1.465978E+14   5.8012E-06   5.8189E-06   0.99697
FLUX  848  2055.00        1.458844E+14   5.7400E-06   5.7718E-06   0.99449
FLUX  849  2065.00        1.451780E+14   5.6529E-06   5.7252E-06   0.98736
FLUX  850  2075.00        1.444783E+14   5.6389E-06   5.6792E-06   0.99290
FLUX  851  2085.00        1.437854E+14   5.5950E-06   5.6338E-06   0.99313
FLUX  852  2095.00        1.430990E+14   5.5121E-06   5.5888E-06   0.98628
FLUX  853  2105.00        1.424192E+14   5.5177E-06   5.5444E-06   0.99519
FLUX  854  2115.00        1.417459E+14   5.4613E-06   5.5005E-06   0.99288
FLUX  855  2125.00        1.410788E+14   5.4171E-06   5.4570E-06   0.99268
FLUX  856  2135.00        1.404180E+14   5.3821E-06   5.4141E-06   0.99410
FLUX  857  2145.00        1.397634E+14   5.3526E-06   5.3716E-06   0.99646
FLUX  858  2155.00        1.391148E+14   5.2915E-06   5.3297E-06   0.99284
FLUX  859  2165.00        1.384723E+14   4.9817E-06   5.2881E-06   0.94206
FLUX  860  2175.00        1.378356E+14   5.1564E-06   5.2471E-06   0.98273
FLUX  861  2185.00        1.372048E+14   5.1473E-06   5.2065E-06   0.98864
FLUX  862  2195.00        1.365797E+14   5.1543E-06   5.1663E-06   0.99768
FLUX  863  2205.00        1.359603E+14   5.0589E-06   5.1266E-06   0.98679
FLUX  864  2215.00        1.353465E+14   5.0702E-06   5.0874E-06   0.99662
FLUX  865  2225.00        1.347382E+14   5.0270E-06   5.0486E-06   0.99573
FLUX  866  2235.00        1.341353E+14   4.9892E-06   5.0102E-06   0.99582
FLUX  867  2245.00        1.335379E+14   4.9510E-06   4.9722E-06   0.99572
FLUX  868  2255.00        1.329457E+14   4.8981E-06   4.9347E-06   0.99258
FLUX  869  2265.00        1.323587E+14   4.8627E-06   4.8976E-06   0.99287
FLUX  870  2275.00        1.317769E+14   4.8456E-06   4.8608E-06   0.99687
FLUX  871  2285.00        1.312002E+14   4.7759E-06   4.8322E-06   0.98835
FLUX  872  2295.00        1.306285E+14   4.7509E-06   4.7962E-06   0.99055
FLUX  873  2305.00        1.300618E+14   4.7394E-06   4.7607E-06   0.99554
FLUX  874  2315.00        1.295000E+14   4.6926E-06   4.7255E-06   0.99304
FLUX  875  2325.00        1.289430E+14   4.6446E-06   4.6907E-06   0.99019
FLUX  876  2335.00        1.283908E+14   4.6067E-06   4.6562E-06   0.98936
FLUX  877  2345.00        1.278433E+14   4.6021E-06   4.6222E-06   0.99565
FLUX  878  2355.00        1.273004E+14   4.5336E-06   4.5885E-06   0.98804
FLUX  879  2365.00        1.267622E+14   4.5307E-06   4.5551E-06   0.99464
FLUX  880  2375.00        1.262284E+14   4.4662E-06   4.5221E-06   0.98764
FLUX  881  2385.00        1.256992E+14   4.4154E-06   4.4894E-06   0.98351
FLUX  882  2395.00        1.251743E+14   4.4271E-06   4.4571E-06   0.99326
FLUX  883  2405.00        1.246538E+14   4.3921E-06   4.4252E-06   0.99253
FLUX  884  2415.00        1.241377E+14   4.3272E-06   4.3935E-06   0.98491
FLUX  885  2425.00        1.236258E+14   4.3226E-06   4.3622E-06   0.99092
FLUX  886  2435.00        1.231181E+14   4.2863E-06   4.3313E-06   0.98963
FLUX  887  2445.00        1.226145E+14   4.2602E-06   4.3006E-06   0.99061
FLUX  888  2455.00        1.221151E+14   4.1895E-06   4.2703E-06   0.98107
FLUX  889  2465.00        1.216197E+14   4.2082E-06   4.2403E-06   0.99243
FLUX  890  2475.00        1.211283E+14   4.1593E-06   4.2106E-06   0.98783
FLUX  891  2485.00        1.206408E+14   4.0900E-06   4.1812E-06   0.97819
FLUX  892  2495.00        1.201573E+14   4.1146E-06   4.1521E-06   0.99097
FLUX  893  2505.00        1.196776E+14   4.0899E-06   4.1233E-06   0.99191
FLUX  894  2515.00        1.192018E+14   4.0543E-06   4.0948E-06   0.99011
FLUX  895  2525.00        1.187297E+14   4.0428E-06   4.0666E-06   0.99416
FLUX  896  2535.00        1.182613E+14   4.0073E-06   4.0386E-06   0.99225
FLUX  897  2545.00        1.177967E+14   3.9611E-06   4.0110E-06   0.98758
FLUX  898  2555.00        1.173356E+14   3.9380E-06   3.9836E-06   0.98856
FLUX  899  2565.00        1.168782E+14   3.9089E-06   3.9565E-06   0.98796
FLUX  900  2575.00        1.164243E+14   3.9098E-06   3.9296E-06   0.99495
FLUX  901  2585.00        1.159739E+14   3.8350E-06   3.9031E-06   0.98256
FLUX  902  2595.00        1.155270E+14   3.8453E-06   3.8768E-06   0.99188
FLUX  903  2605.00        1.150835E+14   3.8256E-06   3.8508E-06   0.99346
FLUX  904  2615.00        1.146434E+14   3.7811E-06   3.8250E-06   0.98853
FLUX  905  2625.00        1.142067E+14   3.5891E-06   3.7994E-06   0.94465
FLUX  906  2635.00        1.137732E+14   3.7174E-06   3.7742E-06   0.98495
FLUX  907  2645.00        1.133431E+14   3.6986E-06   3.7491E-06   0.98653
FLUX  908  2655.00        1.129162E+14   3.6838E-06   3.7243E-06   0.98913
FLUX  909  2665.00        1.124925E+14   3.6397E-06   3.6998E-06   0.98375
FLUX  910  2675.00        1.120720E+14   3.6441E-06   3.6755E-06   0.99146
FLUX  911  2685.00        1.116546E+14   3.6363E-06   3.6514E-06   0.99586
FLUX  912  2695.00        1.112403E+14   3.6133E-06   3.6275E-06   0.99607
FLUX  913  2705.00        1.108290E+14   3.5918E-06   3.6039E-06   0.99665
FLUX  914  2715.00        1.104208E+14   3.5644E-06   3.5805E-06   0.99549
FLUX  915  2725.00        1.100156E+14   3.5424E-06   3.5574E-06   0.99580
FLUX  916  2735.00        1.096133E+14   3.5204E-06   3.5344E-06   0.99605
FLUX  917  2745.00        1.092140E+14   3.5031E-06   3.5117E-06   0.99755
FLUX  918  2755.00        1.088176E+14   3.4528E-06   3.4892E-06   0.98958
FLUX  919  2765.00        1.084240E+14   3.4364E-06   3.4669E-06   0.99122
FLUX  920  2775.00        1.080333E+14   3.4285E-06   3.4448E-06   0.99529
FLUX  921  2785.00        1.076454E+14   3.4102E-06   3.4229E-06   0.99628
FLUX  922  2795.00        1.072603E+14   3.3951E-06   3.4012E-06   0.99819
FLUX  923  2805.00        1.068779E+14   3.3718E-06   3.3797E-06   0.99765
FLUX  924  2815.00        1.064982E+14   3.3536E-06   3.3585E-06   0.99854
FLUX  925  2825.00        1.061212E+14   3.3305E-06   3.3374E-06   0.99792
FLUX  926  2835.00        1.057469E+14   3.3143E-06   3.3165E-06   0.99932
FLUX  927  2845.00        1.053752E+14   3.2814E-06   3.2958E-06   0.99563
FLUX  928  2855.00        1.050061E+14   3.2679E-06   3.2753E-06   0.99774
FLUX  929  2865.00        1.046396E+14   3.2353E-06   3.2550E-06   0.99396
FLUX  930  2875.00        1.042757E+14   3.1907E-06   3.2349E-06   0.98636
FLUX  931  2885.00        1.039142E+14   3.2023E-06   3.2149E-06   0.99607
FLUX  932  2895.00        1.035553E+14   3.1903E-06   3.1952E-06   0.99848
FLUX  933  2905.00        1.031988E+14   3.1699E-06   3.1756E-06   0.99822
FLUX  934  2915.00        1.028448E+14   3.1510E-06   3.1562E-06   0.99835
FLUX  935  2925.00        1.024932E+14   3.1196E-06   3.1369E-06   0.99448
FLUX  936  2935.00        1.021440E+14   3.1129E-06   3.1179E-06   0.99839
FLUX  937  2945.00        1.017971E+14   3.0887E-06   3.0990E-06   0.99668
FLUX  938  2955.00        1.014526E+14   3.0755E-06   3.0803E-06   0.99845
FLUX  939  2965.00        1.011105E+14   3.0578E-06   3.0618E-06   0.99870
FLUX  940  2975.00        1.007706E+14   3.0388E-06   3.0434E-06   0.99849
FLUX  941  2985.00        1.004330E+14   3.0217E-06   3.0252E-06   0.99887
FLUX  942  2995.00        1.000977E+14   2.9980E-06   3.0071E-06   0.99696
FLUX  943  3005.00        9.976456E+13   2.9809E-06   2.9892E-06   0.99723
FLUX  944  3015.00        9.943366E+13   2.9676E-06   2.9715E-06   0.99869
FLUX  945  3025.00        9.910496E+13   2.9448E-06   2.9539E-06   0.99693
FLUX  946  3035.00        9.877842E+13   2.8900E-06   2.9365E-06   0.98416
FLUX  947  3045.00        9.845402E+13   2.8919E-06   2.9192E-06   0.99066
FLUX  948  3055.00        9.813175E+13   2.8950E-06   2.9020E-06   0.99757
FLUX  949  3065.00        9.781158E+13   2.8739E-06   2.8850E-06   0.99614
FLUX  950  3075.00        9.749349E+13   2.8659E-06   2.8681E-06   0.99923
FLUX  951  3085.00        9.717747E+13   2.8410E-06   2.8514E-06   0.99634
FLUX  952  3095.00        9.686349E+13   2.8257E-06   2.8348E-06   0.99678
FLUX  953  3105.00        9.655153E+13   2.8153E-06   2.8184E-06   0.99891
FLUX  954  3115.00        9.624157E+13   2.7730E-06   2.8021E-06   0.98962
FLUX  955  3125.00        9.593360E+13   2.7802E-06   2.7860E-06   0.99794
FLUX  956  3135.00        9.562759E+13   2.7654E-06   2.7699E-06   0.99836
FLUX  957  3145.00        9.532353E+13   2.7508E-06   2.7540E-06   0.99882
FLUX  958  3155.00        9.502139E+13   2.7234E-06   2.7383E-06   0.99456
FLUX  959  3165.00        9.472117E+13   2.7168E-06   2.7227E-06   0.99786
FLUX  960  3175.00        9.442283E+13   2.6994E-06   2.7072E-06   0.99711
FLUX  961  3185.00        9.412637E+13   2.6867E-06   2.6918E-06   0.99810
FLUX  962  3195.00        9.383177E+13   2.6747E-06   2.6766E-06   0.99930
FLUX  963  3210.00        9.339330E+13   2.6473E-06   2.6540E-06   0.99747
FLUX  964  3230.00        9.281501E+13   2.6196E-06   2.6243E-06   0.99823
FLUX  965  3250.00        9.224385E+13   2.5898E-06   2.5951E-06   0.99797
FLUX  966  3270.00        9.167966E+13   2.5601E-06   2.5664E-06   0.99756
FLUX  967  3290.00        9.112234E+13   2.5002E-06   2.5390E-06   0.98473
FLUX  968  3310.00        9.057175E+13   2.4935E-06   2.5111E-06   0.99298
FLUX  969  3330.00        9.002778E+13   2.4698E-06   2.4838E-06   0.99436
FLUX  970  3350.00        8.949030E+13   2.4505E-06   2.4569E-06   0.99741
FLUX  971  3370.00        8.895920E+13   2.4211E-06   2.4304E-06   0.99620
FLUX  972  3390.00        8.843436E+13   2.3911E-06   2.4043E-06   0.99450
FLUX  973  3410.00        8.791569E+13   2.3629E-06   2.3787E-06   0.99338
FLUX  974  3430.00        8.740306E+13   2.3481E-06   2.3534E-06   0.99775
FLUX  975  3450.00        8.689638E+13   2.3254E-06   2.3286E-06   0.99864
FLUX  976  3470.00        8.639553E+13   2.2998E-06   2.3041E-06   0.99812
FLUX  977  3490.00        8.590043E+13   2.2767E-06   2.2801E-06   0.99854
FLUX  978  3510.00        8.541097E+13   2.2534E-06   2.2564E-06   0.99868
FLUX  979  3530.00        8.492705E+13   2.2267E-06   2.2330E-06   0.99715
FLUX  980  3550.00        8.444859E+13   2.2066E-06   2.2101E-06   0.99843
FLUX  981  3570.00        8.397549E+13   2.1812E-06   2.1874E-06   0.99713
FLUX  982  3590.00        8.350766E+13   2.1587E-06   2.1652E-06   0.99703
FLUX  983  3610.00        8.304501E+13   2.1419E-06   2.1432E-06   0.99940
FLUX  984  3630.00        8.258746E+13   2.1195E-06   2.1216E-06   0.99903
FLUX  985  3650.00        8.213493E+13   2.0905E-06   2.1003E-06   0.99531
FLUX  986  3670.00        8.168733E+13   2.0682E-06   2.0793E-06   0.99465
FLUX  987  3690.00        8.124458E+13   2.0398E-06   2.0587E-06   0.99082
FLUX  988  3710.00        8.080660E+13   2.0205E-06   2.0383E-06   0.99125
FLUX  989  3730.00        8.037332E+13   1.9987E-06   2.0183E-06   0.99032
FLUX  990  3750.00        7.994467E+13   1.9600E-06   1.9985E-06   0.98072
FLUX  991  3770.00        7.952056E+13   1.9692E-06   1.9790E-06   0.99503
FLUX  992  3790.00        7.910092E+13   1.9499E-06   1.9598E-06   0.99492
FLUX  993  3810.00        7.868569E+13   1.9328E-06   1.9409E-06   0.99582
FLUX  994  3830.00        7.827480E+13   1.9179E-06   1.9223E-06   0.99771
FLUX  995  3850.00        7.786818E+13   1.9013E-06   1.9039E-06   0.99863
FLUX  996  3870.00        7.746576E+13   1.8792E-06   1.8858E-06   0.99651
FLUX  997  3890.00        7.706748E+13   1.8603E-06   1.8679E-06   0.99594
FLUX  998  3910.00        7.667327E+13   1.8479E-06   1.8503E-06   0.99872
FLUX  999  3930.00        7.628308E+13   1.8299E-06   1.8329E-06   0.99832
FLUX 1000  3950.00        7.589683E+13   1.8075E-06   1.8158E-06   0.99541
FLUX 1001  3970.00        7.551448E+13   1.7955E-06   1.7989E-06   0.99809
FLUX 1002  3990.00        7.513596E+13   1.7695E-06   1.7823E-06   0.99282
FLUX 1003  4010.00        7.476122E+13   1.7563E-06   1.7659E-06   0.99458
FLUX 1004  4030.00        7.439020E+13   1.7453E-06   1.7497E-06   0.99748
FLUX 1005  4050.00        7.402284E+13   1.7029E-06   1.7337E-06   0.98223
FLUX 1006  4070.00        7.365909E+13   1.7105E-06   1.7179E-06   0.99567
FLUX 1007  4090.00        7.329890E+13   1.6964E-06   1.7024E-06   0.99647
FLUX 1008  4110.00        7.294221E+13   1.6834E-06   1.6871E-06   0.99781
FLUX 1009  4130.00        7.258898E+13   1.6702E-06   1.6719E-06   0.99894
FLUX 1010  4150.00        7.223916E+13   1.6516E-06   1.6570E-06   0.99670
FLUX 1011  4170.00        7.189269E+13   1.6382E-06   1.6423E-06   0.99752
FLUX 1012  4190.00        7.154952E+13   1.6232E-06   1.6278E-06   0.99723
FLUX 1013  4210.00        7.120962E+13   1.6004E-06   1.6134E-06   0.99195
FLUX 1014  4230.00        7.087293E+13   1.5989E-06   1.5993E-06   0.99980
FLUX 1015  4250.00        7.053941E+13   1.5816E-06   1.5853E-06   0.99765
FLUX 1016  4270.00        7.020902E+13   1.5705E-06   1.5715E-06   0.99936
FLUX 1017  4290.00        6.988170E+13   1.5442E-06   1.5579E-06   0.99121
FLUX 1018  4310.00        6.955742E+13   1.5211E-06   1.5445E-06   0.98488
FLUX 1019  4330.00        6.923614E+13   1.5122E-06   1.5312E-06   0.98761
FLUX 1020  4350.00        6.891782E+13   1.4836E-06   1.5181E-06   0.97724
FLUX 1021  4370.00        6.860240E+13   1.4646E-06   1.5052E-06   0.97302
FLUX 1022  4390.00        6.828986E+13   1.4601E-06   1.4924E-06   0.97830
FLUX 1023  4410.00        6.798016E+13   1.4292E-06   1.4799E-06   0.96577
FLUX 1024  4430.00        6.767325E+13   1.4251E-06   1.4674E-06   0.97114
FLUX 1025  4450.00        6.736910E+13   1.4160E-06   1.4551E-06   0.97309
FLUX 1026  4470.00        6.706767E+13   1.3906E-06   1.4431E-06   0.96361
FLUX 1027  4490.00        6.676893E+13   1.3892E-06   1.4311E-06   0.97071
FLUX 1028  4510.00        6.647284E+13   1.3766E-06   1.4193E-06   0.96995
FLUX 1029  4530.00        6.617936E+13   1.3555E-06   1.4076E-06   0.96295
FLUX 1030  4550.00        6.588846E+13   1.3516E-06   1.3961E-06   0.96813
FLUX 1031  4570.00        6.560011E+13   1.3439E-06   1.3847E-06   0.97058
FLUX 1032  4590.00        6.531427E+13   1.3230E-06   1.3734E-06   0.96328
FLUX 1033  4610.00        6.503091E+13   1.3200E-06   1.3622E-06   0.96897
FLUX 1034  4630.00        6.475000E+13   1.3088E-06   1.3513E-06   0.96859
FLUX 1035  4650.00        6.447150E+13   1.2879E-06   1.3404E-06   0.96083
FLUX 1036  4670.00        6.419540E+13   1.2879E-06   1.3296E-06   0.96859
FLUX 1037  4690.00        6.392164E+13   1.2830E-06   1.3190E-06   0.97268
FLUX 1038  4710.00        6.365021E+13   1.2732E-06   1.3086E-06   0.97298
FLUX 1039  4730.00        6.338108E+13   1.2686E-06   1.2982E-06   0.97721
FLUX 1040  4750.00        6.311421E+13   1.2571E-06   1.2880E-06   0.97603
FLUX 1041  4770.00        6.284958E+13   1.2469E-06   1.2779E-06   0.97577
FLUX 1042  4790.00        6.258716E+13   1.2390E-06   1.2679E-06   0.97720
FLUX 1043  4810.00        6.232692E+13   1.2262E-06   1.2580E-06   0.97471
FLUX 1044  4830.00        6.206884E+13   1.2228E-06   1.2482E-06   0.97966
FLUX 1045  4850.00        6.181289E+13   1.2113E-06   1.2386E-06   0.97797
FLUX 1046  4870.00        6.155903E+13   1.2020E-06   1.2290E-06   0.97804
FLUX 1047  4890.00        6.130726E+13   1.1939E-06   1.2196E-06   0.97892
FLUX 1048  4910.00        6.105753E+13   1.1857E-06   1.2103E-06   0.97965
FLUX 1049  4930.00        6.080984E+13   1.1766E-06   1.2011E-06   0.97964
FLUX 1050  4950.00        6.056414E+13   1.1672E-06   1.1920E-06   0.97923
FLUX 1051  4970.00        6.032042E+13   1.1587E-06   1.1830E-06   0.97946
FLUX 1052  4990.00        6.007866E+13   1.1530E-06   1.1741E-06   0.98205
FLUX 1053  5010.00        5.983882E+13   1.1410E-06   1.1653E-06   0.97922
FLUX 1054  5030.00        5.960089E+13   1.1365E-06   1.1565E-06   0.98267
FLUX 1055  5050.00        5.936485E+13   1.1243E-06   1.1479E-06   0.97938
FLUX 1056  5070.00        5.913067E+13   1.1178E-06   1.1394E-06   0.98103
FLUX 1057  5090.00        5.889833E+13   1.1117E-06   1.1310E-06   0.98294
FLUX 1058  5110.00        5.866781E+13   1.1005E-06   1.1227E-06   0.98020
FLUX 1059  5130.00        5.843908E+13   1.0910E-06   1.1144E-06   0.97893
FLUX 1060  5150.00        5.821214E+13   1.0864E-06   1.1063E-06   0.98204
FLUX 1061  5170.00        5.798694E+13   1.0825E-06   1.0982E-06   0.98568
FLUX 1062  5190.00        5.776349E+13   1.0718E-06   1.0903E-06   0.98302
FLUX 1063  5210.00        5.754175E+13   1.0632E-06   1.0824E-06   0.98231
FLUX 1064  5230.00        5.732170E+13   1.0557E-06   1.0746E-06   0.98244
FLUX 1065  5250.00        5.710333E+13   1.0507E-06   1.0669E-06   0.98484
FLUX 1066  5270.00        5.688662E+13   1.0448E-06   1.0592E-06   0.98641
FLUX 1067  5290.00        5.667155E+13   1.0338E-06   1.0517E-06   0.98299
FLUX 1068  5310.00        5.645810E+13   1.0291E-06   1.0442E-06   0.98550
FLUX 1069  5330.00        5.624625E+13   1.0211E-06   1.0368E-06   0.98481
FLUX 1070  5350.00        5.603598E+13   1.0151E-06   1.0295E-06   0.98601
FLUX 1071  5370.00        5.582728E+13   1.0071E-06   1.0223E-06   0.98519
FLUX 1072  5390.00        5.562013E+13   1.0018E-06   1.0151E-06   0.98685
FLUX 1073  5410.00        5.541451E+13   9.9528E-07   1.0080E-06   0.98734
FLUX 1074  5430.00        5.521040E+13   9.8548E-07   1.0010E-06   0.98446
FLUX 1075  5450.00        5.500780E+13   9.8206E-07   9.9409E-07   0.98789
FLUX 1076  5470.00        5.480667E+13   9.7420E-07   9.8723E-07   0.98681
FLUX 1077  5490.00        5.460701E+13   9.6755E-07   9.8043E-07   0.98686
FLUX 1078  5510.00        5.440880E+13   9.6289E-07   9.7370E-07   0.98889
FLUX 1079  5530.00        5.421202E+13   9.5779E-07   9.6705E-07   0.99043
FLUX 1080  5550.00        5.401667E+13   9.4899E-07   9.6046E-07   0.98805
FLUX 1081  5570.00        5.382271E+13   9.4569E-07   9.5394E-07   0.99136
FLUX 1082  5590.00        5.363014E+13   9.3566E-07   9.4748E-07   0.98752
FLUX 1083  5610.00        5.343895E+13   9.3168E-07   9.4109E-07   0.99000
FLUX 1084  5630.00        5.324911E+13   9.2509E-07   9.3477E-07   0.98965
FLUX 1085  5650.00        5.306062E+13   9.2132E-07   9.2850E-07   0.99226
FLUX 1086  5670.00        5.287346E+13   9.1543E-07   9.2230E-07   0.99255
FLUX 1087  5690.00        5.268761E+13   9.0739E-07   9.1617E-07   0.99042
FLUX 1088  5710.00        5.250306E+13   9.0348E-07   9.1009E-07   0.99274
FLUX 1089  5730.00        5.231981E+13   8.9790E-07   9.0407E-07   0.99317
FLUX 1090  5750.00        5.213783E+13   8.9191E-07   8.9811E-07   0.99309
FLUX 1091  5770.00        5.195711E+13   8.8603E-07   8.9222E-07   0.99306
FLUX 1092  5790.00        5.177763E+13   8.8096E-07   8.8638E-07   0.99389
FLUX 1093  5810.00        5.159940E+13   8.7493E-07   8.8059E-07   0.99357
FLUX 1094  5830.00        5.142238E+13   8.6989E-07   8.7487E-07   0.99432
FLUX 1095  5850.00        5.124658E+13   8.6494E-07   8.6921E-07   0.99509
FLUX 1096  5870.00        5.107198E+13   8.5852E-07   8.6360E-07   0.99412
FLUX 1097  5890.00        5.089856E+13   8.5186E-07   8.5804E-07   0.99281
FLUX 1098  5910.00        5.072631E+13   8.4500E-07   8.5253E-07   0.99117
FLUX 1099  5930.00        5.055523E+13   8.4312E-07   8.4707E-07   0.99534
FLUX 1100  5950.00        5.038529E+13   8.3582E-07   8.4167E-07   0.99305
FLUX 1101  5970.00        5.021650E+13   8.3295E-07   8.3632E-07   0.99597
FLUX 1102  5990.00        5.004883E+13   8.2788E-07   8.3101E-07   0.99622
FLUX 1103  6010.00        4.988228E+13   8.2216E-07   8.2576E-07   0.99564
FLUX 1104  6030.00        4.971683E+13   8.1783E-07   8.2056E-07   0.99667
FLUX 1105  6050.00        4.955248E+13   8.1271E-07   8.1540E-07   0.99670
FLUX 1106  6070.00        4.938921E+13   8.0736E-07   8.1030E-07   0.99637
FLUX 1107  6090.00        4.922701E+13   8.0174E-07   8.0524E-07   0.99565
FLUX 1108  6110.00        4.906588E+13   7.9564E-07   8.0023E-07   0.99426
FLUX 1109  6130.00        4.890579E+13   7.9274E-07   7.9527E-07   0.99683
FLUX 1110  6150.00        4.874675E+13   7.8844E-07   7.9035E-07   0.99758
FLUX 1111  6170.00        4.858874E+13   7.8360E-07   7.8548E-07   0.99761
FLUX 1112  6190.00        4.843174E+13   7.7900E-07   7.8065E-07   0.99789
FLUX 1113  6210.00        4.827576E+13   7.7440E-07   7.7587E-07   0.99810
FLUX 1114  6230.00        4.812079E+13   7.6744E-07   7.7113E-07   0.99521
FLUX 1115  6250.00        4.796680E+13   7.6383E-07   7.6643E-07   0.99661
FLUX 1116  6270.00        4.781380E+13   7.5949E-07   7.6178E-07   0.99700
FLUX 1117  6290.00        4.766176E+13   7.5552E-07   7.5717E-07   0.99783
FLUX 1118  6310.00        4.751070E+13   7.4995E-07   7.5260E-07   0.99648
FLUX 1119  6330.00        4.736058E+13   7.4719E-07   7.4807E-07   0.99883
FLUX 1120  6350.00        4.721142E+13   7.4242E-07   7.4358E-07   0.99844
FLUX 1121  6370.00        4.706319E+13   7.3787E-07   7.3913E-07   0.99829
FLUX 1122  6390.00        4.691588E+13   7.3339E-07   7.3472E-07   0.99819
FLUX 1123  6420.00        4.669665E+13   7.2737E-07   7.2819E-07   0.99889
FLUX 1124  6460.00        4.640751E+13   7.1821E-07   7.1960E-07   0.99807
FLUX 1125  6500.00        4.612192E+13   7.0962E-07   7.1117E-07   0.99781
FLUX 1126  6540.00        4.583983E+13   7.0231E-07   7.0288E-07   0.99918
FLUX 1127  6580.00        4.556117E+13   6.9434E-07   6.9474E-07   0.99942
FLUX 1128  6620.00        4.528588E+13   6.8616E-07   6.8674E-07   0.99915
FLUX 1129  6660.00        4.501389E+13   6.7854E-07   6.7888E-07   0.99950
FLUX 1130  6700.00        4.474515E+13   6.7061E-07   6.7115E-07   0.99919
FLUX 1131  6740.00        4.447960E+13   6.6270E-07   6.6355E-07   0.99872
FLUX 1132  6780.00        4.421718E+13   6.5552E-07   6.5608E-07   0.99914
FLUX 1133  6820.00        4.395784E+13   6.4839E-07   6.4874E-07   0.99946
FLUX 1134  6860.00        4.370153E+13   6.4122E-07   6.4152E-07   0.99954
FLUX 1135  6900.00        4.344819E+13   6.3415E-07   6.3442E-07   0.99958
FLUX 1136  6940.00        4.319777E+13   6.2693E-07   6.2743E-07   0.99920
FLUX 1137  6980.00        4.295021E+13   6.2042E-07   6.2056E-07   0.99977
FLUX 1138  7020.00        4.270548E+13   6.1297E-07   6.1380E-07   0.99863
FLUX 1139  7060.00        4.246353E+13   6.0697E-07   6.0715E-07   0.99970
FLUX 1140  7100.00        4.222430E+13   6.0050E-07   6.0061E-07   0.99982
FLUX 1141  7140.00        4.198774E+13   5.9401E-07   5.9418E-07   0.99972
FLUX 1142  7180.00        4.175383E+13   5.8769E-07   5.8784E-07   0.99974
FLUX 1143  7220.00        4.152251E+13   5.8136E-07   5.8161E-07   0.99958
FLUX 1144  7260.00        4.129373E+13   5.7521E-07   5.7547E-07   0.99955
FLUX 1145  7300.00        4.106747E+13   5.6939E-07   5.6943E-07   0.99993
FLUX 1146  7340.00        4.084366E+13   5.6304E-07   5.6349E-07   0.99921
FLUX 1147  7380.00        4.062229E+13   5.5758E-07   5.5764E-07   0.99989
FLUX 1148  7420.00        4.040330E+13   5.5158E-07   5.5187E-07   0.99946
FLUX 1149  7460.00        4.018666E+13   5.4338E-07   5.4620E-07   0.99483
FLUX 1150  7500.00        3.997233E+13   5.3893E-07   5.4062E-07   0.99688
FLUX 1151  7540.00        3.976028E+13   5.3488E-07   5.3512E-07   0.99956
FLUX 1152  7580.00        3.955046E+13   5.2962E-07   5.2970E-07   0.99985
FLUX 1153  7620.00        3.934285E+13   5.2425E-07   5.2436E-07   0.99979
FLUX 1154  7660.00        3.913740E+13   5.1906E-07   5.1911E-07   0.99991
FLUX 1155  7700.00        3.893409E+13   5.1366E-07   5.1393E-07   0.99947
FLUX 1156  7740.00        3.873288E+13   5.0879E-07   5.0883E-07   0.99991
FLUX 1157  7780.00        3.853374E+13   5.0380E-07   5.0381E-07   0.99998
FLUX 1158  7820.00        3.833664E+13   4.9885E-07   4.9886E-07   0.99998
FLUX 1159  7860.00        3.814154E+13   4.9397E-07   4.9398E-07   0.99997
FLUX 1160  7900.00        3.794842E+13   4.8916E-07   4.8917E-07   0.99997
FLUX 1161  7940.00        3.775724E+13   4.8440E-07   4.8444E-07   0.99992
FLUX 1162  7980.00        3.756798E+13   4.7973E-07   4.7977E-07   0.99992
FLUX 1163  8020.00        3.738061E+13   4.7502E-07   4.7517E-07   0.99970
FLUX 1164  8060.00        3.719510E+13   4.7037E-07   4.7063E-07   0.99943
FLUX 1165  8100.00        3.701142E+13   4.6613E-07   4.6616E-07   0.99993
FLUX 1166  8140.00        3.682955E+13   4.6136E-07   4.6175E-07   0.99915
FLUX 1167  8180.00        3.664945E+13   4.5719E-07   4.5741E-07   0.99952
FLUX 1168  8220.00        3.647111E+13   4.5309E-07   4.5312E-07   0.99993
FLUX 1169  8260.00        3.629449E+13   4.4885E-07   4.4890E-07   0.99990
FLUX 1170  8300.00        3.611958E+13   4.4469E-07   4.4473E-07   0.99991
FLUX 1171  8340.00        3.594634E+13   4.4033E-07   4.4062E-07   0.99935
FLUX 1172  8380.00        3.577476E+13   4.3642E-07   4.3657E-07   0.99965
FLUX 1173  8420.00        3.560481E+13   4.3253E-07   4.3257E-07   0.99991
FLUX 1174  8460.00        3.543647E+13   4.2859E-07   4.2863E-07   0.99991
FLUX 1175  8500.00        3.526971E+13   4.2471E-07   4.2474E-07   0.99992
FLUX 1176  8540.00        3.510451E+13   4.2087E-07   4.2090E-07   0.99991
FLUX 1177  8580.00        3.494085E+13   4.1708E-07   4.1712E-07   0.99991
FLUX 1178  8620.00        3.477871E+13   4.1331E-07   4.1339E-07   0.99982
FLUX 1179  8660.00        3.461807E+13   4.0969E-07   4.0970E-07   0.99997
FLUX 1180  8700.00        3.445891E+13   4.0606E-07   4.0607E-07   0.99998
FLUX 1181  8740.00        3.430120E+13   4.0229E-07   4.0248E-07   0.99954
FLUX 1182  8780.00        3.414493E+13   3.9876E-07   3.9894E-07   0.99956
FLUX 1183  8820.00        3.399008E+13   3.9525E-07   3.9545E-07   0.99949
FLUX 1184  8860.00        3.383662E+13   3.9178E-07   3.9200E-07   0.99943
FLUX 1185  8900.00        3.368455E+13   3.8836E-07   3.8860E-07   0.99940
FLUX 1186  8940.00        3.353384E+13   3.8514E-07   3.8524E-07   0.99976
FLUX 1187  8980.00        3.338447E+13   3.8162E-07   3.8192E-07   0.99920
FLUX 1188  9020.00        3.323642E+13   3.7852E-07   3.7865E-07   0.99966
FLUX 1189  9060.00        3.308968E+13   3.7541E-07   3.7542E-07   0.99998
FLUX 1190  9100.00        3.294423E+13   3.7200E-07   3.7223E-07   0.99938
FLUX 1191  9140.00        3.280005E+13   3.6889E-07   3.6908E-07   0.99950
FLUX 1192  9180.00        3.265713E+13   3.6590E-07   3.6597E-07   0.99980
FLUX 1193  9220.00        3.251546E+13   3.6287E-07   3.6290E-07   0.99993
FLUX 1194  9260.00        3.237500E+13   3.5982E-07   3.5987E-07   0.99987
FLUX 1195  9300.00        3.223575E+13   3.5686E-07   3.5687E-07   0.99998
FLUX 1196  9340.00        3.209770E+13   3.5384E-07   3.5391E-07   0.99978
FLUX 1197  9380.00        3.196082E+13   3.5091E-07   3.5099E-07   0.99976
FLUX 1198  9420.00        3.182511E+13   3.4810E-07   3.4811E-07   0.99998
FLUX 1199  9460.00        3.169054E+13   3.4517E-07   3.4526E-07   0.99974
FLUX 1200  9500.00        3.155710E+13   3.4243E-07   3.4245E-07   0.99997
FLUX 1201  9540.00        3.142479E+13   3.3958E-07   3.3966E-07   0.99975
FLUX 1202  9580.00        3.129358E+13   3.3683E-07   3.3692E-07   0.99973
FLUX 1203  9620.00        3.116346E+13   3.3410E-07   3.3420E-07   0.99968
FLUX 1204  9660.00        3.103442E+13   3.3142E-07   3.3152E-07   0.99968
FLUX 1205  9700.00        3.090644E+13   3.2886E-07   3.2887E-07   0.99997
FLUX 1206  9740.00        3.077952E+13   3.2594E-07   3.2626E-07   0.99904
FLUX 1207  9780.00        3.065363E+13   3.2343E-07   3.2367E-07   0.99927
FLUX 1208  9820.00        3.052877E+13   3.2106E-07   3.2111E-07   0.99984
FLUX 1209  9860.00        3.040492E+13   3.1855E-07   3.1859E-07   0.99988
FLUX 1210  9900.00        3.028207E+13   3.1603E-07   3.1609E-07   0.99982
FLUX 1211  9940.00        3.016021E+13   3.1347E-07   3.1362E-07   0.99951
FLUX 1212  9980.00        3.003933E+13   3.1114E-07   3.1119E-07   0.99987
FLUX 1213 10020.00        2.991941E+13   3.0873E-07   3.0878E-07   0.99987
FLUX 1214 20000.00        1.498962E+13   7.9423E-08   7.9424E-08   0.99998
FLUX 1215 40000.00        7.494812E+12   1.9921E-08   1.9921E-08   0.99999
FLUX 1216 60000.00        4.996542E+12   8.8092E-09   8.8092E-09   1.00000
FLUX 1217 80000.00        3.747406E+12   4.9262E-09   4.9262E-09   1.00000
FLUX 1218100000.00        2.997925E+12   3.1352E-09   3.1352E-09   1.00000
FLUX 1219120000.00        2.498271E+12   2.1661E-09   2.1661E-09   1.00000
FLUX 1220140000.00        2.141375E+12   1.5841E-09   1.5841E-09   1.00000
FLUX 1221160000.00        1.873703E+12   1.2077E-09   1.2077E-09   1.00000
FLUX
