TEFF   6500.  GRAVITY 5.00000 LTE 
TITLE  [0.0] VTURB=2  L/H=1.25 NOVER NEW ODF                                    
FLUX    1     9.09        3.298047E+16   1.0000E-50   0.0000E+00   1.00000
FLUX    2     9.35        3.206337E+16   1.0000E-50   0.0000E+00   1.00000
FLUX    3     9.61        3.119589E+16   1.0000E-50   0.0000E+00   1.00000
FLUX    4     9.77        3.068501E+16   1.0000E-50   0.0000E+00   1.00000
FLUX    5     9.96        3.009965E+16   1.0000E-50   0.0000E+00   1.00000
FLUX    6    10.20        2.939142E+16   1.0000E-50   0.0000E+00   1.00000
FLUX    7    10.38        2.888174E+16   1.0000E-50   0.0000E+00   1.00000
FLUX    8    10.56        2.838944E+16   1.0000E-50   0.0000E+00   1.00000
FLUX    9    10.77        2.783589E+16   1.0000E-50   0.0000E+00   1.00000
FLUX   10    11.04        2.715512E+16   1.0000E-50   0.0000E+00   1.00000
FLUX   11    11.40        2.629759E+16   1.0000E-50   0.0000E+00   1.00000
FLUX   12    11.78        2.544928E+16   1.0000E-50   0.0000E+00   1.00000
FLUX   13    12.13        2.471496E+16   1.0000E-50   0.0000E+00   1.00000
FLUX   14    12.48        2.402183E+16   1.0000E-50   0.0000E+00   1.00000
FLUX   15    12.71        2.358714E+16   1.0000E-50   0.0000E+00   1.00000
FLUX   16    12.84        2.334833E+16   1.0000E-50   0.0000E+00   1.00000
FLUX   17    13.05        2.297261E+16   1.0000E-50   0.0000E+00   1.00000
FLUX   18    13.24        2.264294E+16   1.0000E-50   0.0000E+00   1.00000
FLUX   19    13.39        2.238928E+16   1.0000E-50   0.0000E+00   1.00000
FLUX   20    13.66        2.194674E+16   1.0000E-50   0.0000E+00   1.00000
FLUX   21    13.98        2.144438E+16   1.0000E-50   0.0000E+00   1.00000
FLUX   22    14.33        2.092062E+16   1.0000E-50   0.0000E+00   1.00000
FLUX   23    14.72        2.036634E+16   1.0000E-50   0.0000E+00   1.00000
FLUX   24    15.10        1.985381E+16   1.0000E-50   0.0000E+00   1.00000
FLUX   25    15.52        1.931653E+16   1.0000E-50   0.0000E+00   1.00000
FLUX   26    15.88        1.887862E+16   1.0000E-50   0.0000E+00   1.00000
FLUX   27    16.20        1.850571E+16   1.0000E-50   0.0000E+00   1.00000
FLUX   28    16.60        1.805979E+16   1.0000E-50   0.0000E+00   1.00000
FLUX   29    17.03        1.760379E+16   1.0000E-50   0.0000E+00   1.00000
FLUX   30    17.34        1.728907E+16   1.0000E-50   0.0000E+00   1.00000
FLUX   31    17.68        1.695659E+16   1.1590E-83   1.1590E-83   0.99998
FLUX   32    18.02        1.663665E+16   3.8333E-82   3.8333E-82   0.99998
FLUX   33    18.17        1.649931E+16   1.7200E-81   1.7200E-81   0.99998
FLUX   34    18.61        1.610922E+16   1.2207E-79   1.2207E-79   0.99998
FLUX   35    19.10        1.569594E+16   1.1111E-77   1.1112E-77   0.99998
FLUX   36    19.39        1.546119E+16   1.4354E-76   1.4354E-76   0.99998
FLUX   37    19.84        1.511051E+16   6.5457E-75   6.5458E-75   0.99998
FLUX   38    20.18        1.485592E+16   1.0478E-73   1.0478E-73   0.99998
FLUX   39    20.50        1.462402E+16   1.3097E-72   1.3097E-72   0.99998
FLUX   40    21.05        1.424192E+16   8.3429E-71   8.3430E-71   0.99998
FLUX   41    21.62        1.386644E+16   4.9265E-69   4.9266E-69   0.99998
FLUX   42    21.98        1.363933E+16   5.7947E-68   5.7947E-68   0.99998
FLUX   43    22.30        1.344361E+16   4.8321E-67   4.8322E-67   0.99998
FLUX   44    22.68        1.321836E+16   5.5466E-66   5.5467E-66   0.99998
FLUX   45    23.00        1.303446E+16   4.0677E-65   4.0677E-65   0.99998
FLUX   46    23.40        1.281165E+16   4.5290E-64   4.5291E-64   0.99998
FLUX   47    24.00        1.249135E+16   1.4431E-62   1.4431E-62   0.99998
FLUX   48    24.65        1.216197E+16   5.0563E-61   5.0564E-61   0.99998
FLUX   49    25.24        1.187767E+16   1.0852E-59   1.0853E-59   0.99998
FLUX   50    25.68        1.167416E+16   9.7264E-59   9.7265E-59   0.99998
FLUX   51    26.00        1.153048E+16   4.5700E-58   4.5701E-58   0.99998
FLUX   52    26.40        1.135578E+16   2.9953E-57   2.9954E-57   0.99998
FLUX   53    26.85        1.116546E+16   2.3153E-56   2.3154E-56   0.99998
FLUX   54    27.35        1.096133E+16   2.0711E-55   2.0712E-55   0.99998
FLUX   55    27.85        1.076454E+16   1.7116E-54   1.7117E-54   0.99998
FLUX   56    28.40        1.055607E+16   1.5985E-53   1.5985E-53   0.99998
FLUX   57    29.00        1.033767E+16   1.6555E-52   1.6555E-52   0.99998
FLUX   58    29.60        1.012813E+16   1.5531E-51   1.5531E-51   0.99998
FLUX   59    30.10        9.959884E+15   9.3672E-51   9.3686E-51   0.99985
FLUX   60    30.80        9.733523E+15   1.0479E-49   1.0479E-49   0.99998
FLUX   61    31.80        9.427437E+15   2.7277E-48   2.7277E-48   0.99998
FLUX   62    32.80        9.140015E+15   5.7859E-47   5.7860E-47   0.99998
FLUX   63    33.80        8.869601E+15   1.0176E-45   1.0176E-45   0.99998
FLUX   64    34.80        8.614727E+15   1.5105E-44   1.5106E-44   0.99998
FLUX   65    35.70        8.397549E+15   1.4964E-43   1.4965E-43   0.99998
FLUX   66    36.60        8.191052E+15   1.3213E-42   1.3214E-42   0.99998
FLUX   67    37.50        7.994467E+15   1.0459E-41   1.0460E-41   0.99998
FLUX   68    38.50        7.786818E+15   9.2650E-41   9.2651E-41   0.99998
FLUX   69    39.50        7.589684E+15   7.3133E-40   7.3134E-40   0.99998
FLUX   70    40.50        7.402284E+15   5.1930E-39   5.1931E-39   0.99998
FLUX   71    41.40        7.241365E+15   2.7875E-38   2.7875E-38   0.99998
FLUX   72    42.20        7.104088E+15   1.1655E-37   1.1655E-37   0.99998
FLUX   73    43.00        6.971919E+15   4.6106E-37   4.6107E-37   0.99998
FLUX   74    44.10        6.798016E+15   2.8062E-36   2.8063E-36   0.99998
FLUX   75    45.10        6.647284E+15   1.3375E-35   1.3375E-35   0.99998
FLUX   76    46.00        6.517228E+15   5.1332E-35   5.1333E-35   0.99998
FLUX   77    47.00        6.378564E+15   2.1483E-34   2.1483E-34   0.99998
FLUX   78    48.00        6.245677E+15   8.4427E-34   8.4428E-34   0.99998
FLUX   79    49.00        6.118214E+15   3.1309E-33   3.1310E-33   0.99998
FLUX   80    50.00        5.995850E+15   1.0979E-32   1.0980E-32   0.99998
FLUX   81    50.60        5.924753E+15   3.0173E-32   3.4476E-32   0.87518
FLUX   82    51.20        5.855322E+15   6.8939E-32   6.9827E-32   0.98727
FLUX   83    52.00        5.765240E+15   1.7245E-31   1.7421E-31   0.98989
FLUX   84    53.00        5.656462E+15   5.2428E-31   5.2429E-31   0.99998
FLUX   85    54.00        5.551713E+15   1.5022E-30   1.5114E-30   0.99392
FLUX   86    55.00        5.450773E+15   4.1851E-30   4.1852E-30   0.99997
FLUX   87    56.00        5.353438E+15   1.1151E-29   1.1151E-29   0.99998
FLUX   88    57.00        5.259518E+15   2.8644E-29   2.8644E-29   0.99998
FLUX   89    58.00        5.168836E+15   7.0279E-29   7.1104E-29   0.98839
FLUX   90    59.00        5.081229E+15   1.7068E-28   1.7075E-28   0.99957
FLUX   91    60.00        4.996542E+15   3.9725E-28   3.9747E-28   0.99945
FLUX   92    61.00        4.914631E+15   8.9826E-28   8.9828E-28   0.99998
FLUX   93    62.00        4.835363E+15   1.9736E-27   1.9739E-27   0.99986
FLUX   94    63.00        4.758611E+15   4.2225E-27   4.2229E-27   0.99991
FLUX   95    64.00        4.684258E+15   8.8118E-27   8.8126E-27   0.99991
FLUX   96    65.00        4.612192E+15   1.7950E-26   1.7951E-26   0.99997
FLUX   97    65.80        4.556117E+15   3.1188E-26   3.1190E-26   0.99991
FLUX   98    66.50        4.508158E+15   4.9934E-26   4.9989E-26   0.99889
FLUX   99    67.50        4.441370E+15   9.6215E-26   9.6294E-26   0.99918
FLUX  100    68.50        4.376533E+15   1.8169E-25   1.8171E-25   0.99990
FLUX  101    69.50        4.313561E+15   3.3618E-25   3.3620E-25   0.99993
FLUX  102    70.50        4.252376E+15   6.0829E-25   6.1045E-25   0.99646
FLUX  103    71.60        4.187046E+15   1.1522E-24   1.1523E-24   0.99989
FLUX  104    72.60        4.129373E+15   2.0163E-24   2.0164E-24   0.99998
FLUX  105    73.50        4.078810E+15   3.2899E-24   3.2904E-24   0.99984
FLUX  106    74.50        4.024060E+15   5.5826E-24   5.5862E-24   0.99936
FLUX  107    75.50        3.970762E+15   9.3317E-24   9.3404E-24   0.99907
FLUX  108    76.50        3.918856E+15   1.5388E-23   1.5392E-23   0.99973
FLUX  109    77.50        3.868290E+15   2.4989E-23   2.5010E-23   0.99917
FLUX  110    78.50        3.819013E+15   4.0094E-23   4.0095E-23   0.99998
FLUX  111    79.50        3.770975E+15   6.2891E-23   6.3450E-23   0.99118
FLUX  112    80.50        3.724130E+15   9.8796E-23   9.9169E-23   0.99624
FLUX  113    81.50        3.678436E+15   1.5306E-22   1.5315E-22   0.99943
FLUX  114    82.50        3.633848E+15   2.3376E-22   2.3383E-22   0.99967
FLUX  115    83.50        3.590329E+15   3.5309E-22   3.5314E-22   0.99985
FLUX  116    84.50        3.547840E+15   5.2758E-22   5.2765E-22   0.99987
FLUX  117    85.50        3.506345E+15   7.8041E-22   7.8043E-22   0.99997
FLUX  118    86.50        3.465809E+15   1.1426E-21   1.1427E-21   0.99991
FLUX  119    87.50        3.426200E+15   1.6536E-21   1.6571E-21   0.99792
FLUX  120    88.50        3.387486E+15   2.3808E-21   2.3812E-21   0.99983
FLUX  121    89.50        3.349637E+15   3.3910E-21   3.3912E-21   0.99992
FLUX  122    90.50        3.312624E+15   4.7861E-21   4.7882E-21   0.99955
FLUX  123    91.50        3.276421E+15   4.3791E-18   1.1454E-17   0.38233
FLUX  124    92.50        3.241000E+15   1.5246E-17   1.6535E-17   0.92209
FLUX  125    93.50        3.206337E+15   2.1720E-17   2.3617E-17   0.91969
FLUX  126    94.50        3.172407E+15   3.0807E-17   3.3440E-17   0.92128
FLUX  127    95.50        3.139188E+15   4.5206E-17   4.6980E-17   0.96224
FLUX  128    96.50        3.106658E+15   6.3373E-17   6.5473E-17   0.96793
FLUX  129    97.50        3.074795E+15   8.7124E-17   9.0547E-17   0.96220
FLUX  130    98.50        3.043579E+15   1.1995E-16   1.2461E-16   0.96255
FLUX  131    99.50        3.012990E+15   1.6319E-16   1.7012E-16   0.95921
FLUX  132   100.50        2.983010E+15   2.2764E-16   2.3072E-16   0.98664
FLUX  133   101.50        2.953621E+15   3.0646E-16   3.1076E-16   0.98616
FLUX  134   102.50        2.924805E+15   4.0102E-16   4.1688E-16   0.96196
FLUX  135   103.50        2.896546E+15   5.4965E-16   5.5535E-16   0.98975
FLUX  136   104.50        2.868828E+15   7.2985E-16   7.3614E-16   0.99145
FLUX  137   105.50        2.841635E+15   9.6125E-16   9.7083E-16   0.99013
FLUX  138   106.50        2.814953E+15   1.2588E-15   1.2742E-15   0.98786
FLUX  139   107.50        2.788767E+15   1.6495E-15   1.6645E-15   0.99103
FLUX  140   108.50        2.763065E+15   2.1482E-15   2.1634E-15   0.99300
FLUX  141   109.50        2.737831E+15   2.7664E-15   2.7973E-15   0.98894
FLUX  142   110.50        2.713054E+15   7.9267E-15   4.2967E-14   0.18448
FLUX  143   111.50        2.688722E+15   2.5584E-14   5.7654E-14   0.44374
FLUX  144   112.50        2.664822E+15   3.8857E-14   7.5246E-14   0.51640
FLUX  145   113.50        2.641344E+15   5.9153E-14   9.5792E-14   0.61751
FLUX  146   114.50        2.618275E+15   7.7686E-14   1.1932E-13   0.65110
FLUX  147   115.50        2.595606E+15   8.9907E-14   1.4579E-13   0.61670
FLUX  148   116.50        2.573326E+15   1.2178E-13   1.7479E-13   0.69673
FLUX  149   117.50        2.551426E+15   1.5470E-13   2.0494E-13   0.75484
FLUX  150   118.50        2.529895E+15   1.6836E-13   2.6650E-13   0.63174
FLUX  151   119.50        2.508724E+15   1.1972E-13   3.1751E-13   0.37706
FLUX  152   120.50        2.487905E+15   1.2147E-13   3.7631E-13   0.32280
FLUX  153   121.50        2.467428E+15   4.1310E-14   4.4408E-13   0.09302
FLUX  154   122.50        2.447286E+15   1.5387E-13   5.2692E-13   0.29202
FLUX  155   123.50        2.427470E+15   3.4679E-13   6.1752E-13   0.56158
FLUX  156   124.50        2.407972E+15   5.6570E-13   8.4386E-13   0.67038
FLUX  157   125.50        2.388785E+15   8.0456E-13   1.0863E-12   0.74066
FLUX  158   126.50        2.369901E+15   8.5273E-13   1.3200E-12   0.64600
FLUX  159   127.50        2.351314E+15   1.1006E-12   1.5572E-12   0.70678
FLUX  160   128.50        2.333016E+15   1.3848E-12   1.8242E-12   0.75911
FLUX  161   129.50        2.315000E+15   1.6661E-12   2.1188E-12   0.78635
FLUX  162   130.50        2.297261E+15   1.7893E-12   2.4526E-12   0.72955
FLUX  163   131.50        2.279791E+15   2.2437E-12   2.8275E-12   0.79353
FLUX  164   132.50        2.262585E+15   2.5442E-12   3.2502E-12   0.78278
FLUX  165   133.50        2.245637E+15   2.8731E-12   3.7246E-12   0.77138
FLUX  166   134.50        2.228941E+15   3.3834E-12   4.2564E-12   0.79488
FLUX  167   135.50        2.212491E+15   3.8158E-12   4.8697E-12   0.78357
FLUX  168   136.50        2.196282E+15   4.3278E-12   5.5899E-12   0.77422
FLUX  169   137.50        2.180309E+15   4.7548E-12   6.3999E-12   0.74295
FLUX  170   138.50        2.164567E+15   5.2289E-12   7.3091E-12   0.71539
FLUX  171   139.50        2.149050E+15   5.9300E-12   8.3277E-12   0.71208
FLUX  172   140.50        2.133754E+15   6.9794E-12   9.4673E-12   0.73721
FLUX  173   141.50        2.118675E+15   7.7792E-12   1.0740E-11   0.72433
FLUX  174   142.50        2.103807E+15   8.7249E-12   1.2160E-11   0.71752
FLUX  175   143.50        2.089146E+15   9.8940E-12   1.3740E-11   0.72010
FLUX  176   144.20        2.079005E+15   1.1818E-11   1.4950E-11   0.79052
FLUX  177   144.70        2.071821E+15   1.1433E-11   1.5897E-11   0.71920
FLUX  178   145.50        2.060430E+15   1.3121E-11   1.7473E-11   0.75095
FLUX  179   146.50        2.046365E+15   1.5048E-11   1.9632E-11   0.76647
FLUX  180   147.50        2.032492E+15   1.5594E-11   2.2018E-11   0.70821
FLUX  181   148.50        2.018805E+15   1.7894E-11   2.4651E-11   0.72590
FLUX  182   149.50        2.005301E+15   2.2263E-11   2.7551E-11   0.80808
FLUX  183   150.50        1.991977E+15   2.6031E-11   3.0740E-11   0.84680
FLUX  184   151.20        1.982755E+15   2.3931E-11   3.3158E-11   0.72172
FLUX  185   151.70        1.976220E+15   2.8538E-11   4.3478E-11   0.65639
FLUX  186   152.50        1.965852E+15   3.5571E-11   9.9128E-11   0.35884
FLUX  187   153.50        1.953046E+15   7.7321E-11   2.6481E-10   0.29199
FLUX  188   154.50        1.940405E+15   9.0253E-11   2.9359E-10   0.30741
FLUX  189   155.50        1.927926E+15   1.1928E-10   3.2492E-10   0.36709
FLUX  190   156.50        1.915607E+15   1.1627E-10   3.5912E-10   0.32375
FLUX  191   157.50        1.903444E+15   1.7270E-10   4.2822E-10   0.40329
FLUX  192   158.50        1.891435E+15   2.0192E-10   4.7249E-10   0.42735
FLUX  193   159.50        1.879577E+15   2.3203E-10   5.2057E-10   0.44572
FLUX  194   160.50        1.867866E+15   2.5159E-10   5.7233E-10   0.43959
FLUX  195   161.50        1.856300E+15   2.8629E-10   6.2753E-10   0.45622
FLUX  196   162.50        1.844877E+15   3.1439E-10   7.0303E-10   0.44719
FLUX  197   163.50        1.833593E+15   3.8767E-10   7.6884E-10   0.50422
FLUX  198   164.50        1.822447E+15   5.1237E-10   8.3916E-10   0.61058
FLUX  199   165.50        1.811435E+15   3.6491E-10   9.1452E-10   0.39902
FLUX  200   166.50        1.800556E+15   5.9666E-10   9.9544E-10   0.59939
FLUX  201   167.20        1.793017E+15   4.5736E-10   1.0554E-09   0.43336
FLUX  202   167.70        1.787671E+15   6.6717E-10   2.2445E-09   0.29724
FLUX  203   168.50        1.779184E+15   9.9311E-10   5.3557E-08   0.01854
FLUX  204   169.50        1.768687E+15   1.2862E-09   5.7240E-08   0.02247
FLUX  205   170.50        1.758314E+15   1.8589E-09   6.1308E-08   0.03032
FLUX  206   171.50        1.748061E+15   3.3548E-09   1.0805E-07   0.03105
FLUX  207   172.50        1.737928E+15   4.5185E-09   1.1472E-07   0.03939
FLUX  208   173.50        1.727911E+15   7.5273E-09   1.1930E-07   0.06310
FLUX  209   174.50        1.718009E+15   8.9269E-09   1.2494E-07   0.07145
FLUX  210   175.50        1.708219E+15   1.5507E-08   1.2856E-07   0.12062
FLUX  211   176.50        1.698541E+15   7.9129E-09   1.3188E-07   0.06000
FLUX  212   177.50        1.688972E+15   1.2703E-08   1.3489E-07   0.09417
FLUX  213   178.50        1.679510E+15   1.8895E-08   1.3754E-07   0.13738
FLUX  214   179.50        1.670153E+15   2.8828E-08   1.4000E-07   0.20592
FLUX  215   180.50        1.660900E+15   2.0426E-08   1.4256E-07   0.14328
FLUX  216   181.50        1.651749E+15   1.6241E-08   1.4466E-07   0.11227
FLUX  217   182.50        1.642699E+15   1.7201E-08   1.4672E-07   0.11724
FLUX  218   183.50        1.633747E+15   2.0280E-08   1.4837E-07   0.13668
FLUX  219   184.50        1.624892E+15   9.5962E-09   1.4986E-07   0.06403
FLUX  220   185.50        1.616132E+15   2.3248E-08   1.5156E-07   0.15339
FLUX  221   186.50        1.607466E+15   3.8216E-08   1.5240E-07   0.25076
FLUX  222   187.50        1.598893E+15   3.6243E-08   1.6615E-07   0.21813
FLUX  223   188.50        1.590411E+15   3.9457E-08   1.6585E-07   0.23790
FLUX  224   189.50        1.582018E+15   4.7915E-08   1.6513E-07   0.29017
FLUX  225   190.50        1.573714E+15   4.2348E-08   1.6407E-07   0.25811
FLUX  226   191.50        1.565496E+15   5.1487E-08   1.6302E-07   0.31584
FLUX  227   192.50        1.557364E+15   3.7558E-08   1.6178E-07   0.23216
FLUX  228   193.50        1.549315E+15   1.5786E-08   1.6033E-07   0.09846
FLUX  229   194.50        1.541350E+15   5.6065E-08   1.5937E-07   0.35180
FLUX  230   195.50        1.533465E+15   6.2631E-08   1.5848E-07   0.39519
FLUX  231   196.70        1.524110E+15   8.0107E-08   1.5730E-07   0.50927
FLUX  232   197.60        1.517169E+15   6.4786E-08   1.8114E-07   0.35766
FLUX  233   198.40        1.511051E+15   6.0044E-08   1.8161E-07   0.33063
FLUX  234   199.50        1.502719E+15   7.2023E-08   1.9577E-07   0.36789
FLUX  235   200.50        1.495224E+15   6.5519E-08   1.9783E-07   0.33119
FLUX  236   201.50        1.487804E+15   7.6391E-08   2.0089E-07   0.38026
FLUX  237   202.50        1.480457E+15   5.5021E-08   2.0366E-07   0.27016
FLUX  238   203.50        1.473182E+15   9.3858E-08   2.0655E-07   0.45441
FLUX  239   204.50        1.465978E+15   1.0988E-07   2.1025E-07   0.52264
FLUX  240   205.50        1.458844E+15   9.9685E-08   2.1334E-07   0.46726
FLUX  241   206.50        1.451780E+15   9.7574E-08   2.1589E-07   0.45197
FLUX  242   207.40        1.445480E+15   1.0889E-07   2.1791E-07   0.49971
FLUX  243   207.80        1.442697E+15   1.7260E-07   7.8725E-07   0.21924
FLUX  244   208.50        1.437854E+15   1.5690E-07   8.0434E-07   0.19506
FLUX  245   209.50        1.430990E+15   1.6402E-07   8.2774E-07   0.19816
FLUX  246   210.50        1.424192E+15   2.1656E-07   8.4884E-07   0.25513
FLUX  247   211.50        1.417459E+15   2.8596E-07   8.6720E-07   0.32975
FLUX  248   212.50        1.410788E+15   2.5434E-07   8.8531E-07   0.28729
FLUX  249   213.50        1.404180E+15   2.3694E-07   9.0336E-07   0.26228
FLUX  250   214.50        1.397634E+15   3.3431E-07   9.1984E-07   0.36344
FLUX  251   215.50        1.391148E+15   3.3345E-07   9.3592E-07   0.35628
FLUX  252   216.50        1.384723E+15   2.7564E-07   9.5216E-07   0.28948
FLUX  253   217.50        1.378356E+15   2.8356E-07   9.6860E-07   0.29275
FLUX  254   218.50        1.372048E+15   3.9800E-07   9.8603E-07   0.40364
FLUX  255   219.50        1.365797E+15   4.0523E-07   1.0038E-06   0.40370
FLUX  256   220.50        1.359603E+15   3.7293E-07   1.0219E-06   0.36494
FLUX  257   221.50        1.353465E+15   2.7199E-07   1.0405E-06   0.26141
FLUX  258   222.50        1.347382E+15   3.3468E-07   1.0681E-06   0.31335
FLUX  259   223.50        1.341353E+15   4.5853E-07   1.0880E-06   0.42142
FLUX  260   224.50        1.335379E+15   4.2919E-07   1.1083E-06   0.38726
FLUX  261   225.50        1.329457E+15   3.0830E-07   1.1822E-06   0.26080
FLUX  262   226.50        1.323587E+15   2.7833E-07   1.2008E-06   0.23178
FLUX  263   227.50        1.317769E+15   3.2307E-07   1.2194E-06   0.26493
FLUX  264   228.50        1.312002E+15   4.4040E-07   1.2379E-06   0.35576
FLUX  265   229.50        1.306285E+15   3.3506E-07   1.2563E-06   0.26672
FLUX  266   230.50        1.300618E+15   4.4272E-07   1.2742E-06   0.34745
FLUX  267   231.50        1.295000E+15   3.8927E-07   1.2922E-06   0.30126
FLUX  268   232.50        1.289430E+15   3.6552E-07   1.3101E-06   0.27899
FLUX  269   233.50        1.283908E+15   2.5602E-07   1.3406E-06   0.19097
FLUX  270   234.50        1.278433E+15   1.5141E-07   1.3581E-06   0.11148
FLUX  271   235.50        1.273004E+15   3.6218E-07   1.3755E-06   0.26330
FLUX  272   236.50        1.267622E+15   1.7778E-07   1.3930E-06   0.12762
FLUX  273   237.50        1.262284E+15   2.5874E-07   1.4107E-06   0.18342
FLUX  274   238.50        1.256992E+15   1.2651E-07   1.4289E-06   0.08854
FLUX  275   239.50        1.251743E+15   1.7827E-07   1.4466E-06   0.12323
FLUX  276   240.50        1.246538E+15   1.7884E-07   1.4644E-06   0.12212
FLUX  277   241.50        1.241377E+15   2.2133E-07   1.4823E-06   0.14931
FLUX  278   242.50        1.236258E+15   4.3022E-07   1.5003E-06   0.28675
FLUX  279   243.50        1.231181E+15   4.0902E-07   1.5184E-06   0.26938
FLUX  280   244.50        1.226145E+15   5.1272E-07   1.5559E-06   0.32954
FLUX  281   245.50        1.221151E+15   5.4984E-07   1.5732E-06   0.34950
FLUX  282   246.50        1.216197E+15   4.9053E-07   1.5905E-06   0.30841
FLUX  283   247.50        1.211283E+15   4.2340E-07   1.6078E-06   0.26334
FLUX  284   248.50        1.206408E+15   2.6182E-07   1.6251E-06   0.16111
FLUX  285   249.50        1.201573E+15   3.2401E-07   1.6425E-06   0.19727
FLUX  286   250.50        1.196776E+15   5.1064E-07   1.6751E-06   0.30484
FLUX  287   251.30        1.192967E+15   2.4135E-07   1.6883E-06   0.14295
FLUX  288   251.80        1.190598E+15   1.5685E-07   2.5580E-06   0.06132
FLUX  289   252.50        1.187297E+15   1.7478E-07   2.5803E-06   0.06774
FLUX  290   253.50        1.182613E+15   1.9215E-07   2.6123E-06   0.07356
FLUX  291   254.50        1.177967E+15   2.1444E-07   2.6442E-06   0.08110
FLUX  292   255.50        1.173356E+15   3.8974E-07   2.6762E-06   0.14563
FLUX  293   256.50        1.168782E+15   3.6873E-07   2.7083E-06   0.13615
FLUX  294   257.50        1.164243E+15   5.3644E-07   2.7405E-06   0.19574
FLUX  295   258.50        1.159739E+15   5.1089E-07   2.7728E-06   0.18425
FLUX  296   259.50        1.155270E+15   4.6439E-07   2.8051E-06   0.16555
FLUX  297   260.50        1.150835E+15   3.8362E-07   2.8373E-06   0.13521
FLUX  298   261.50        1.146434E+15   3.4645E-07   2.8696E-06   0.12073
FLUX  299   262.50        1.142067E+15   5.0730E-07   2.9020E-06   0.17481
FLUX  300   263.50        1.137732E+15   8.4333E-07   2.9436E-06   0.28649
FLUX  301   264.50        1.133431E+15   1.1404E-06   2.9759E-06   0.38322
FLUX  302   265.50        1.129162E+15   1.4459E-06   3.0083E-06   0.48065
FLUX  303   266.50        1.124925E+15   9.4301E-07   3.0408E-06   0.31012
FLUX  304   267.50        1.120720E+15   1.1190E-06   3.0734E-06   0.36411
FLUX  305   268.50        1.116546E+15   1.2834E-06   3.1060E-06   0.41321
FLUX  306   269.50        1.112403E+15   9.6078E-07   3.1387E-06   0.30611
FLUX  307   270.50        1.108290E+15   1.1776E-06   3.1816E-06   0.37012
FLUX  308   271.50        1.104208E+15   8.6085E-07   3.2138E-06   0.26786
FLUX  309   272.50        1.100156E+15   7.7799E-07   3.2461E-06   0.23967
FLUX  310   273.50        1.096133E+15   9.1796E-07   3.2784E-06   0.28000
FLUX  311   274.50        1.092140E+15   4.8475E-07   3.3108E-06   0.14642
FLUX  312   275.50        1.088176E+15   6.8357E-07   3.3432E-06   0.20447
FLUX  313   276.50        1.084241E+15   9.1202E-07   3.3755E-06   0.27019
FLUX  314   277.50        1.080333E+15   9.9043E-07   3.4078E-06   0.29063
FLUX  315   278.50        1.076454E+15   5.3310E-07   3.4402E-06   0.15496
FLUX  316   279.50        1.072603E+15   2.0866E-07   3.4727E-06   0.06009
FLUX  317   280.50        1.068779E+15   2.6879E-07   3.5053E-06   0.07668
FLUX  318   281.50        1.064982E+15   9.4209E-07   3.5379E-06   0.26629
FLUX  319   282.50        1.061212E+15   1.4383E-06   3.5706E-06   0.40281
FLUX  320   283.50        1.057469E+15   1.3436E-06   3.6034E-06   0.37288
FLUX  321   284.50        1.053752E+15   9.5003E-07   3.6363E-06   0.26126
FLUX  322   285.50        1.050061E+15   4.6600E-07   3.6691E-06   0.12701
FLUX  323   286.50        1.046396E+15   1.3047E-06   3.7020E-06   0.35244
FLUX  324   287.50        1.042757E+15   1.6278E-06   3.7349E-06   0.43583
FLUX  325   288.50        1.039142E+15   1.4361E-06   3.7678E-06   0.38115
FLUX  326   289.50        1.035553E+15   1.6659E-06   3.8005E-06   0.43833
FLUX  327   291.00        1.030215E+15   2.1506E-06   3.8563E-06   0.55768
FLUX  328   293.00        1.023183E+15   1.9240E-06   3.9211E-06   0.49068
FLUX  329   295.00        1.016246E+15   1.9187E-06   3.9871E-06   0.48122
FLUX  330   297.00        1.009402E+15   2.0965E-06   4.0513E-06   0.51749
FLUX  331   299.00        1.002651E+15   2.0837E-06   4.1154E-06   0.50632
FLUX  332   301.00        9.959884E+14   2.1993E-06   4.1796E-06   0.52621
FLUX  333   303.00        9.894142E+14   2.2786E-06   4.2436E-06   0.53694
FLUX  334   305.00        9.829262E+14   2.3943E-06   4.3073E-06   0.55586
FLUX  335   307.00        9.765228E+14   2.4680E-06   4.3708E-06   0.56464
FLUX  336   309.00        9.702023E+14   2.4377E-06   4.4402E-06   0.54902
FLUX  337   311.00        9.639630E+14   2.5610E-06   4.5025E-06   0.56880
FLUX  338   313.00        9.578035E+14   2.5764E-06   4.5660E-06   0.56424
FLUX  339   315.00        9.517222E+14   2.5023E-06   4.6271E-06   0.54079
FLUX  340   317.00        9.457177E+14   2.6594E-06   4.6879E-06   0.56730
FLUX  341   319.00        9.397884E+14   2.4275E-06   4.7484E-06   0.51123
FLUX  342   321.00        9.339330E+14   2.6899E-06   4.8087E-06   0.55939
FLUX  343   323.00        9.281502E+14   2.3401E-06   4.8704E-06   0.48047
FLUX  344   325.00        9.224385E+14   2.8932E-06   4.9295E-06   0.58691
FLUX  345   327.00        9.167966E+14   3.3050E-06   4.9882E-06   0.66255
FLUX  346   329.00        9.112234E+14   3.2505E-06   5.0477E-06   0.64395
FLUX  347   331.00        9.057175E+14   3.3059E-06   5.1057E-06   0.64749
FLUX  348   333.00        9.002778E+14   3.3204E-06   5.1632E-06   0.64309
FLUX  349   335.00        8.949030E+14   3.2920E-06   5.2202E-06   0.63062
FLUX  350   337.00        8.895920E+14   2.8698E-06   5.2774E-06   0.54379
FLUX  351   339.00        8.843437E+14   3.2028E-06   5.3347E-06   0.60037
FLUX  352   341.00        8.791569E+14   3.2314E-06   5.3907E-06   0.59944
FLUX  353   343.00        8.740306E+14   3.3313E-06   5.4463E-06   0.61165
FLUX  354   345.00        8.689638E+14   3.4365E-06   5.5023E-06   0.62457
FLUX  355   347.00        8.639553E+14   3.5388E-06   5.5580E-06   0.63670
FLUX  356   349.00        8.590043E+14   3.7431E-06   5.6134E-06   0.66681
FLUX  357   351.00        8.541097E+14   3.8912E-06   5.6685E-06   0.68647
FLUX  358   353.00        8.492705E+14   3.7189E-06   5.7232E-06   0.64978
FLUX  359   355.00        8.444859E+14   4.2254E-06   5.7783E-06   0.73125
FLUX  360   357.00        8.397549E+14   3.5585E-06   5.8340E-06   0.60997
FLUX  361   359.00        8.350766E+14   3.5485E-06   5.8894E-06   0.60252
FLUX  362   361.00        8.304501E+14   3.7744E-06   5.9446E-06   0.63494
FLUX  363   363.00        8.258747E+14   3.8434E-06   5.9992E-06   0.64066
FLUX  364   364.00        8.236058E+14   3.8898E-06   6.0267E-06   0.64543
FLUX  365   365.00        8.213493E+14   4.3574E-06   8.3378E-06   0.52261
FLUX  366   367.00        8.168733E+14   4.4185E-06   8.4051E-06   0.52569
FLUX  367   369.00        8.124458E+14   4.3318E-06   8.4718E-06   0.51131
FLUX  368   371.00        8.080660E+14   4.4664E-06   8.5385E-06   0.52309
FLUX  369   373.00        8.037332E+14   3.8172E-06   8.6039E-06   0.44366
FLUX  370   375.00        7.994467E+14   4.1597E-06   8.6688E-06   0.47985
FLUX  371   377.00        7.952056E+14   4.6716E-06   8.7584E-06   0.53338
FLUX  372   379.00        7.910092E+14   5.1365E-06   8.8243E-06   0.58209
FLUX  373   381.00        7.868570E+14   5.4750E-06   8.8895E-06   0.61589
FLUX  374   383.00        7.827480E+14   3.8734E-06   8.9540E-06   0.43259
FLUX  375   385.00        7.786818E+14   5.4517E-06   9.0204E-06   0.60438
FLUX  376   387.00        7.746576E+14   5.6645E-06   9.0835E-06   0.62360
FLUX  377   389.00        7.706748E+14   5.0126E-06   9.1478E-06   0.54796
FLUX  378   391.00        7.667327E+14   5.9918E-06   9.2117E-06   0.65046
FLUX  379   393.00        7.628308E+14   3.6327E-06   9.2749E-06   0.39167
FLUX  380   395.00        7.589684E+14   5.6235E-06   9.3373E-06   0.60227
FLUX  381   397.00        7.551448E+14   3.9068E-06   9.3988E-06   0.41567
FLUX  382   399.00        7.513596E+14   6.8897E-06   9.4596E-06   0.72834
FLUX  383   401.00        7.476122E+14   7.3792E-06   9.5226E-06   0.77491
FLUX  384   403.00        7.439020E+14   7.4679E-06   9.5838E-06   0.77922
FLUX  385   405.00        7.402284E+14   7.2945E-06   9.6439E-06   0.75638
FLUX  386   407.00        7.365909E+14   7.2140E-06   9.7031E-06   0.74347
FLUX  387   409.00        7.329890E+14   7.5121E-06   9.7615E-06   0.76957
FLUX  388   411.00        7.294221E+14   6.8237E-06   9.8189E-06   0.69496
FLUX  389   413.00        7.258898E+14   7.8900E-06   9.8754E-06   0.79895
FLUX  390   415.00        7.223916E+14   8.1154E-06   9.9322E-06   0.81708
FLUX  391   417.00        7.189269E+14   8.1891E-06   9.9885E-06   0.81986
FLUX  392   419.00        7.154952E+14   7.9834E-06   1.0043E-05   0.79489
FLUX  393   421.00        7.120962E+14   8.0649E-06   1.0097E-05   0.79870
FLUX  394   423.00        7.087293E+14   7.7108E-06   1.0151E-05   0.75964
FLUX  395   425.00        7.053941E+14   8.0512E-06   1.0203E-05   0.78911
FLUX  396   427.00        7.020902E+14   7.7678E-06   1.0254E-05   0.75752
FLUX  397   429.00        6.988170E+14   7.4066E-06   1.0305E-05   0.71875
FLUX  398   431.00        6.955742E+14   6.5743E-06   1.0355E-05   0.63490
FLUX  399   433.00        6.923614E+14   7.8395E-06   1.0404E-05   0.75350
FLUX  400   435.00        6.891782E+14   7.3030E-06   1.0453E-05   0.69866
FLUX  401   437.00        6.860240E+14   8.7774E-06   1.0500E-05   0.83591
FLUX  402   439.00        6.828986E+14   8.3610E-06   1.0547E-05   0.79271
FLUX  403   441.00        6.798016E+14   8.6869E-06   1.0594E-05   0.82001
FLUX  404   443.00        6.767325E+14   8.9487E-06   1.0639E-05   0.84111
FLUX  405   445.00        6.736910E+14   8.9587E-06   1.0684E-05   0.83852
FLUX  406   447.00        6.706767E+14   9.2813E-06   1.0728E-05   0.86514
FLUX  407   449.00        6.676893E+14   9.3777E-06   1.0772E-05   0.87059
FLUX  408   451.00        6.647284E+14   1.0031E-05   1.0815E-05   0.92753
FLUX  409   453.00        6.617936E+14   9.4116E-06   1.0857E-05   0.86687
FLUX  410   455.00        6.588846E+14   9.6567E-06   1.0899E-05   0.88603
FLUX  411   457.00        6.560011E+14   1.0179E-05   1.0940E-05   0.93043
FLUX  412   459.00        6.531427E+14   9.7900E-06   1.0981E-05   0.89156
FLUX  413   461.00        6.503091E+14   1.0034E-05   1.1021E-05   0.91047
FLUX  414   463.00        6.475000E+14   9.9669E-06   1.1060E-05   0.90114
FLUX  415   465.00        6.447151E+14   1.0118E-05   1.1099E-05   0.91163
FLUX  416   467.00        6.419540E+14   1.0378E-05   1.1138E-05   0.93182
FLUX  417   469.00        6.392164E+14   1.0222E-05   1.1176E-05   0.91470
FLUX  418   471.00        6.365021E+14   9.8684E-06   1.1213E-05   0.88007
FLUX  419   473.00        6.338108E+14   1.0430E-05   1.1250E-05   0.92714
FLUX  420   475.00        6.311421E+14   1.0558E-05   1.1286E-05   0.93545
FLUX  421   477.00        6.284958E+14   1.0609E-05   1.1322E-05   0.93703
FLUX  422   479.00        6.258716E+14   1.0613E-05   1.1358E-05   0.93441
FLUX  423   481.00        6.232692E+14   1.0605E-05   1.1392E-05   0.93086
FLUX  424   483.00        6.206884E+14   1.0674E-05   1.1427E-05   0.93411
FLUX  425   485.00        6.181289E+14   9.8010E-06   1.1461E-05   0.85517
FLUX  426   487.00        6.155903E+14   8.5030E-06   1.1494E-05   0.73976
FLUX  427   489.00        6.130726E+14   1.0389E-05   1.1527E-05   0.90126
FLUX  428   491.00        6.105754E+14   1.0539E-05   1.1560E-05   0.91173
FLUX  429   493.00        6.080984E+14   1.0415E-05   1.1592E-05   0.89848
FLUX  430   495.00        6.056414E+14   1.0771E-05   1.1623E-05   0.92666
FLUX  431   497.00        6.032042E+14   1.0989E-05   1.1655E-05   0.94287
FLUX  432   499.00        6.007866E+14   1.0465E-05   1.1685E-05   0.89557
FLUX  433   501.00        5.983882E+14   1.0195E-05   1.1715E-05   0.87022
FLUX  434   503.00        5.960089E+14   1.0758E-05   1.1745E-05   0.91593
FLUX  435   505.00        5.936485E+14   1.0756E-05   1.1775E-05   0.91349
FLUX  436   507.00        5.913067E+14   1.1136E-05   1.1804E-05   0.94342
FLUX  437   509.00        5.889833E+14   1.0919E-05   1.1832E-05   0.92280
FLUX  438   511.00        5.866781E+14   1.1110E-05   1.1860E-05   0.93672
FLUX  439   513.00        5.843908E+14   1.0969E-05   1.1888E-05   0.92269
FLUX  440   515.00        5.821214E+14   1.0743E-05   1.1915E-05   0.90163
FLUX  441   517.00        5.798694E+14   1.0014E-05   1.1942E-05   0.83859
FLUX  442   519.00        5.776349E+14   1.0081E-05   1.1968E-05   0.84235
FLUX  443   521.00        5.754175E+14   1.0844E-05   1.1994E-05   0.90414
FLUX  444   523.00        5.732170E+14   1.1007E-05   1.2019E-05   0.91574
FLUX  445   525.00        5.710333E+14   1.1341E-05   1.2044E-05   0.94160
FLUX  446   527.00        5.688662E+14   1.0345E-05   1.2069E-05   0.85716
FLUX  447   529.00        5.667155E+14   1.1318E-05   1.2093E-05   0.93590
FLUX  448   531.00        5.645810E+14   1.1577E-05   1.2117E-05   0.95541
FLUX  449   533.00        5.624625E+14   1.0793E-05   1.2141E-05   0.88902
FLUX  450   535.00        5.603598E+14   1.1444E-05   1.2164E-05   0.94081
FLUX  451   537.00        5.582728E+14   1.1458E-05   1.2186E-05   0.94024
FLUX  452   539.00        5.562013E+14   1.1457E-05   1.2209E-05   0.93839
FLUX  453   541.00        5.541451E+14   1.1168E-05   1.2231E-05   0.91313
FLUX  454   543.00        5.521041E+14   1.1521E-05   1.2252E-05   0.94027
FLUX  455   545.00        5.500780E+14   1.1716E-05   1.2274E-05   0.95458
FLUX  456   547.00        5.480667E+14   1.1641E-05   1.2294E-05   0.94686
FLUX  457   549.00        5.460701E+14   1.1646E-05   1.2315E-05   0.94573
FLUX  458   551.00        5.440880E+14   1.1755E-05   1.2335E-05   0.95297
FLUX  459   553.00        5.421203E+14   1.1786E-05   1.2355E-05   0.95399
FLUX  460   555.00        5.401667E+14   1.1962E-05   1.2374E-05   0.96669
FLUX  461   557.00        5.382271E+14   1.1735E-05   1.2393E-05   0.94692
FLUX  462   559.00        5.363014E+14   1.1636E-05   1.2412E-05   0.93745
FLUX  463   561.00        5.343895E+14   1.1875E-05   1.2430E-05   0.95530
FLUX  464   563.00        5.324911E+14   1.2027E-05   1.2455E-05   0.96564
FLUX  465   565.00        5.306062E+14   1.2038E-05   1.2473E-05   0.96512
FLUX  466   567.00        5.287346E+14   1.1875E-05   1.2490E-05   0.95072
FLUX  467   569.00        5.268761E+14   1.2038E-05   1.2507E-05   0.96245
FLUX  468   571.00        5.250306E+14   1.1958E-05   1.2524E-05   0.95482
FLUX  469   573.00        5.231981E+14   1.2434E-05   1.2540E-05   0.99150
FLUX  470   575.00        5.213783E+14   1.2213E-05   1.2557E-05   0.97268
FLUX  471   577.00        5.195711E+14   1.2337E-05   1.2572E-05   0.98127
FLUX  472   579.00        5.177763E+14   1.2218E-05   1.2588E-05   0.97062
FLUX  473   581.00        5.159940E+14   1.2387E-05   1.2603E-05   0.98291
FLUX  474   583.00        5.142238E+14   1.2505E-05   1.2617E-05   0.99106
FLUX  475   585.00        5.124658E+14   1.2364E-05   1.2632E-05   0.97882
FLUX  476   587.00        5.107198E+14   1.2417E-05   1.2646E-05   0.98190
FLUX  477   589.00        5.089856E+14   1.1879E-05   1.2660E-05   0.93830
FLUX  478   591.00        5.072631E+14   1.2443E-05   1.2673E-05   0.98181
FLUX  479   593.00        5.055523E+14   1.2455E-05   1.2687E-05   0.98173
FLUX  480   595.00        5.038529E+14   1.2520E-05   1.2699E-05   0.98587
FLUX  481   597.00        5.021650E+14   1.2550E-05   1.2712E-05   0.98722
FLUX  482   599.00        5.004883E+14   1.2520E-05   1.2724E-05   0.98395
FLUX  483   601.00        4.988228E+14   1.2434E-05   1.2737E-05   0.97625
FLUX  484   603.00        4.971683E+14   1.2444E-05   1.2748E-05   0.97612
FLUX  485   605.00        4.955248E+14   1.2656E-05   1.2760E-05   0.99184
FLUX  486   607.00        4.938921E+14   1.2671E-05   1.2771E-05   0.99212
FLUX  487   609.00        4.922701E+14   1.2558E-05   1.2782E-05   0.98246
FLUX  488   611.00        4.906588E+14   1.2498E-05   1.2793E-05   0.97690
FLUX  489   613.00        4.890579E+14   1.2225E-05   1.2804E-05   0.95478
FLUX  490   615.00        4.874675E+14   1.2338E-05   1.2814E-05   0.96286
FLUX  491   617.00        4.858874E+14   1.2140E-05   1.2824E-05   0.94669
FLUX  492   619.00        4.843174E+14   1.2613E-05   1.2833E-05   0.98284
FLUX  493   621.00        4.827576E+14   1.2675E-05   1.2843E-05   0.98694
FLUX  494   623.00        4.812079E+14   1.2502E-05   1.2852E-05   0.97275
FLUX  495   625.00        4.796680E+14   1.2253E-05   1.2861E-05   0.95273
FLUX  496   627.00        4.781380E+14   1.2681E-05   1.2870E-05   0.98535
FLUX  497   629.00        4.766176E+14   1.2743E-05   1.2878E-05   0.98947
FLUX  498   631.00        4.751070E+14   1.2511E-05   1.2886E-05   0.97088
FLUX  499   633.00        4.736058E+14   1.2584E-05   1.2894E-05   0.97590
FLUX  500   635.00        4.721142E+14   1.2622E-05   1.2902E-05   0.97833
FLUX  501   637.00        4.706319E+14   1.2632E-05   1.2910E-05   0.97849
FLUX  502   639.00        4.691588E+14   1.2720E-05   1.2917E-05   0.98480
FLUX  503   641.00        4.676950E+14   1.2536E-05   1.2924E-05   0.97003
FLUX  504   643.00        4.662403E+14   1.2667E-05   1.2930E-05   0.97966
FLUX  505   645.00        4.647946E+14   1.2559E-05   1.2937E-05   0.97082
FLUX  506   647.00        4.633578E+14   1.2598E-05   1.2943E-05   0.97332
FLUX  507   649.00        4.619299E+14   1.2501E-05   1.2949E-05   0.96540
FLUX  508   651.00        4.605108E+14   1.2697E-05   1.2955E-05   0.98010
FLUX  509   653.00        4.591003E+14   1.2650E-05   1.2960E-05   0.97602
FLUX  510   655.00        4.576985E+14   1.1954E-05   1.2974E-05   0.92137
FLUX  511   657.00        4.563052E+14   1.0293E-05   1.2979E-05   0.79306
FLUX  512   659.00        4.549203E+14   1.2462E-05   1.2984E-05   0.95975
FLUX  513   661.00        4.535439E+14   1.2792E-05   1.2989E-05   0.98486
FLUX  514   663.00        4.521757E+14   1.2809E-05   1.2993E-05   0.98582
FLUX  515   665.00        4.508158E+14   1.2840E-05   1.2998E-05   0.98790
FLUX  516   667.00        4.494640E+14   1.2771E-05   1.3002E-05   0.98226
FLUX  517   669.00        4.481203E+14   1.2915E-05   1.3006E-05   0.99302
FLUX  518   671.00        4.467846E+14   1.2821E-05   1.3009E-05   0.98553
FLUX  519   673.00        4.454569E+14   1.2906E-05   1.3013E-05   0.99182
FLUX  520   675.00        4.441370E+14   1.2839E-05   1.3016E-05   0.98639
FLUX  521   677.00        4.428250E+14   1.2889E-05   1.3019E-05   0.99004
FLUX  522   679.00        4.415206E+14   1.2885E-05   1.3022E-05   0.98949
FLUX  523   681.00        4.402239E+14   1.2860E-05   1.3024E-05   0.98739
FLUX  524   683.00        4.389348E+14   1.2917E-05   1.3027E-05   0.99153
FLUX  525   685.00        4.376533E+14   1.2796E-05   1.3029E-05   0.98207
FLUX  526   687.00        4.363792E+14   1.2896E-05   1.3031E-05   0.98961
FLUX  527   689.00        4.351125E+14   1.2921E-05   1.3033E-05   0.99137
FLUX  528   691.00        4.338531E+14   1.2903E-05   1.3035E-05   0.98986
FLUX  529   693.00        4.326010E+14   1.2907E-05   1.3037E-05   0.99002
FLUX  530   695.00        4.313561E+14   1.2914E-05   1.3038E-05   0.99048
FLUX  531   697.00        4.301184E+14   1.2927E-05   1.3039E-05   0.99142
FLUX  532   699.00        4.288877E+14   1.2943E-05   1.3040E-05   0.99254
FLUX  533   701.00        4.276641E+14   1.2718E-05   1.3041E-05   0.97517
FLUX  534   703.00        4.264474E+14   1.2879E-05   1.3042E-05   0.98750
FLUX  535   705.00        4.252376E+14   1.2933E-05   1.3043E-05   0.99158
FLUX  536   707.00        4.240347E+14   1.2900E-05   1.3043E-05   0.98906
FLUX  537   709.00        4.228385E+14   1.2898E-05   1.3043E-05   0.98887
FLUX  538   711.00        4.216491E+14   1.2863E-05   1.3043E-05   0.98619
FLUX  539   713.00        4.204663E+14   1.2832E-05   1.3043E-05   0.98383
FLUX  540   715.00        4.192902E+14   1.2809E-05   1.3043E-05   0.98204
FLUX  541   717.00        4.181206E+14   1.2803E-05   1.3043E-05   0.98162
FLUX  542   719.00        4.169576E+14   1.2658E-05   1.3042E-05   0.97054
FLUX  543   721.00        4.158010E+14   1.2810E-05   1.3041E-05   0.98226
FLUX  544   723.00        4.146508E+14   1.2830E-05   1.3040E-05   0.98383
FLUX  545   725.00        4.135069E+14   1.2882E-05   1.3045E-05   0.98750
FLUX  546   727.00        4.123693E+14   1.2897E-05   1.3043E-05   0.98880
FLUX  547   729.00        4.112380E+14   1.2701E-05   1.3042E-05   0.97385
FLUX  548   731.00        4.101129E+14   1.2858E-05   1.3052E-05   0.98516
FLUX  549   733.00        4.089939E+14   1.2837E-05   1.3050E-05   0.98363
FLUX  550   735.00        4.078810E+14   1.2915E-05   1.3049E-05   0.98975
FLUX  551   737.00        4.067741E+14   1.2921E-05   1.3047E-05   0.99036
FLUX  552   739.00        4.056732E+14   1.2739E-05   1.3045E-05   0.97659
FLUX  553   741.00        4.045783E+14   1.2628E-05   1.3042E-05   0.96824
FLUX  554   743.00        4.034892E+14   1.2749E-05   1.3040E-05   0.97767
FLUX  555   745.00        4.024060E+14   1.2800E-05   1.3038E-05   0.98174
FLUX  556   747.00        4.013286E+14   1.2877E-05   1.3035E-05   0.98785
FLUX  557   749.00        4.002570E+14   1.2814E-05   1.3032E-05   0.98326
FLUX  558   751.00        3.991911E+14   1.2849E-05   1.3029E-05   0.98619
FLUX  559   753.00        3.981308E+14   1.2877E-05   1.3026E-05   0.98855
FLUX  560   755.00        3.970762E+14   1.2922E-05   1.3023E-05   0.99221
FLUX  561   757.00        3.960271E+14   1.2863E-05   1.3020E-05   0.98790
FLUX  562   759.00        3.949835E+14   1.2873E-05   1.3017E-05   0.98894
FLUX  563   761.00        3.939455E+14   1.2839E-05   1.3013E-05   0.98660
FLUX  564   763.00        3.929128E+14   1.2897E-05   1.3010E-05   0.99133
FLUX  565   765.00        3.918856E+14   1.2868E-05   1.3006E-05   0.98939
FLUX  566   767.00        3.908638E+14   1.2678E-05   1.3002E-05   0.97504
FLUX  567   769.00        3.898472E+14   1.2827E-05   1.2998E-05   0.98683
FLUX  568   771.00        3.888359E+14   1.2793E-05   1.2994E-05   0.98452
FLUX  569   773.00        3.878299E+14   1.2840E-05   1.2990E-05   0.98848
FLUX  570   775.00        3.868290E+14   1.2739E-05   1.2986E-05   0.98098
FLUX  571   777.00        3.858333E+14   1.2770E-05   1.2981E-05   0.98369
FLUX  572   779.00        3.848427E+14   1.2897E-05   1.2977E-05   0.99384
FLUX  573   781.00        3.838572E+14   1.2858E-05   1.2972E-05   0.99122
FLUX  574   783.00        3.828768E+14   1.2775E-05   1.2968E-05   0.98517
FLUX  575   785.00        3.819013E+14   1.2790E-05   1.2963E-05   0.98667
FLUX  576   787.00        3.809307E+14   1.2876E-05   1.2958E-05   0.99366
FLUX  577   789.00        3.799651E+14   1.2865E-05   1.2953E-05   0.99321
FLUX  578   791.00        3.790044E+14   1.2806E-05   1.2948E-05   0.98905
FLUX  579   793.00        3.780485E+14   1.2618E-05   1.2943E-05   0.97489
FLUX  580   795.00        3.770975E+14   1.2688E-05   1.2937E-05   0.98076
FLUX  581   797.00        3.761512E+14   1.2852E-05   1.2932E-05   0.99380
FLUX  582   799.00        3.752096E+14   1.2861E-05   1.2926E-05   0.99491
FLUX  583   801.00        3.742728E+14   1.2771E-05   1.2921E-05   0.98844
FLUX  584   803.00        3.733406E+14   1.2773E-05   1.2915E-05   0.98902
FLUX  585   805.00        3.724130E+14   1.2732E-05   1.2909E-05   0.98629
FLUX  586   807.00        3.714901E+14   1.2819E-05   1.2903E-05   0.99348
FLUX  587   809.00        3.705717E+14   1.2709E-05   1.2897E-05   0.98538
FLUX  588   811.00        3.696578E+14   1.2802E-05   1.2891E-05   0.99309
FLUX  589   813.00        3.687485E+14   1.2847E-05   1.2885E-05   0.99703
FLUX  590   815.00        3.678436E+14   1.2818E-05   1.2879E-05   0.99531
FLUX  591   817.00        3.669431E+14   1.2807E-05   1.2872E-05   0.99490
FLUX  592   819.00        3.660470E+14   1.2527E-05   1.2866E-05   0.97366
FLUX  593   821.00        3.651553E+14   1.2593E-05   1.3000E-05   0.96865
FLUX  594   823.00        3.642679E+14   1.2592E-05   1.2994E-05   0.96906
FLUX  595   825.00        3.633848E+14   1.2672E-05   1.2987E-05   0.97569
FLUX  596   827.00        3.625060E+14   1.2789E-05   1.2981E-05   0.98521
FLUX  597   829.00        3.616315E+14   1.2762E-05   1.2974E-05   0.98363
FLUX  598   831.00        3.607611E+14   1.2628E-05   1.2968E-05   0.97379
FLUX  599   833.00        3.598950E+14   1.2557E-05   1.2961E-05   0.96888
FLUX  600   835.00        3.590329E+14   1.2658E-05   1.2954E-05   0.97712
FLUX  601   837.00        3.581750E+14   1.2736E-05   1.2947E-05   0.98370
FLUX  602   839.00        3.573212E+14   1.2610E-05   1.2940E-05   0.97450
FLUX  603   841.00        3.564715E+14   1.2729E-05   1.2933E-05   0.98426
FLUX  604   843.00        3.556257E+14   1.2611E-05   1.2926E-05   0.97563
FLUX  605   845.00        3.547840E+14   1.2579E-05   1.2919E-05   0.97374
FLUX  606   847.00        3.539463E+14   1.2587E-05   1.2911E-05   0.97487
FLUX  607   849.00        3.531125E+14   1.2469E-05   1.2904E-05   0.96632
FLUX  608   851.00        3.522826E+14   1.2029E-05   1.2897E-05   0.93271
FLUX  609   853.00        3.514566E+14   1.2387E-05   1.2889E-05   0.96101
FLUX  610   855.00        3.506345E+14   1.0862E-05   1.2882E-05   0.84322
FLUX  611   857.00        3.498162E+14   1.2654E-05   1.2874E-05   0.98290
FLUX  612   859.00        3.490017E+14   1.2486E-05   1.2867E-05   0.97046
FLUX  613   861.00        3.481911E+14   1.2474E-05   1.2859E-05   0.97010
FLUX  614   863.00        3.473841E+14   1.2627E-05   1.2851E-05   0.98259
FLUX  615   865.00        3.465809E+14   1.2463E-05   1.2843E-05   0.97042
FLUX  616   867.00        3.457814E+14   1.0991E-05   1.2835E-05   0.85631
FLUX  617   869.00        3.449856E+14   1.2328E-05   1.2827E-05   0.96105
FLUX  618   871.00        3.441935E+14   1.2555E-05   1.2820E-05   0.97938
FLUX  619   873.00        3.434049E+14   1.2475E-05   1.2811E-05   0.97377
FLUX  620   875.00        3.426200E+14   1.2085E-05   1.2803E-05   0.94391
FLUX  621   877.00        3.418387E+14   1.2500E-05   1.2795E-05   0.97694
FLUX  622   879.00        3.410609E+14   1.2550E-05   1.2787E-05   0.98143
FLUX  623   881.00        3.402866E+14   1.2388E-05   1.2779E-05   0.96937
FLUX  624   883.00        3.395159E+14   1.2487E-05   1.2771E-05   0.97783
FLUX  625   885.00        3.387486E+14   1.2329E-05   1.2762E-05   0.96608
FLUX  626   887.00        3.379848E+14   1.1865E-05   1.2754E-05   0.93027
FLUX  627   889.00        3.372244E+14   1.2504E-05   1.2745E-05   0.98104
FLUX  628   891.00        3.364675E+14   1.2572E-05   1.2737E-05   0.98708
FLUX  629   893.00        3.357139E+14   1.2456E-05   1.2728E-05   0.97863
FLUX  630   895.00        3.349637E+14   1.2539E-05   1.2720E-05   0.98575
FLUX  631   897.00        3.342168E+14   1.2540E-05   1.2711E-05   0.98650
FLUX  632   899.00        3.334733E+14   1.2499E-05   1.2703E-05   0.98399
FLUX  633   901.00        3.327331E+14   1.1639E-05   1.2694E-05   0.91690
FLUX  634   903.00        3.319961E+14   1.2161E-05   1.2685E-05   0.95870
FLUX  635   905.00        3.312624E+14   1.2548E-05   1.2676E-05   0.98986
FLUX  636   907.00        3.305320E+14   1.2363E-05   1.2667E-05   0.97595
FLUX  637   909.00        3.298047E+14   1.2136E-05   1.2658E-05   0.95873
FLUX  638   911.00        3.290807E+14   1.2363E-05   1.2649E-05   0.97734
FLUX  639   913.00        3.283598E+14   1.2554E-05   1.2640E-05   0.99316
FLUX  640   915.00        3.276421E+14   1.2542E-05   1.2631E-05   0.99295
FLUX  641   917.00        3.269275E+14   1.2511E-05   1.2622E-05   0.99120
FLUX  642   919.00        3.262160E+14   1.2507E-05   1.2613E-05   0.99159
FLUX  643   921.00        3.255076E+14   1.2161E-05   1.2604E-05   0.96485
FLUX  644   923.00        3.248023E+14   1.1299E-05   1.2595E-05   0.89712
FLUX  645   925.00        3.241000E+14   1.2008E-05   1.2586E-05   0.95410
FLUX  646   927.00        3.234008E+14   1.2309E-05   1.2576E-05   0.97872
FLUX  647   929.00        3.227045E+14   1.2453E-05   1.2567E-05   0.99094
FLUX  648   931.00        3.220113E+14   1.2495E-05   1.2558E-05   0.99498
FLUX  649   933.00        3.213210E+14   1.2457E-05   1.2549E-05   0.99273
FLUX  650   935.00        3.206337E+14   1.2456E-05   1.2539E-05   0.99338
FLUX  651   937.00        3.199493E+14   1.2455E-05   1.2530E-05   0.99397
FLUX  652   939.00        3.192678E+14   1.2442E-05   1.2521E-05   0.99370
FLUX  653   941.00        3.185893E+14   1.1956E-05   1.2511E-05   0.95561
FLUX  654   943.00        3.179136E+14   1.2325E-05   1.2502E-05   0.98584
FLUX  655   945.00        3.172407E+14   1.2276E-05   1.2492E-05   0.98266
FLUX  656   947.00        3.165707E+14   1.2409E-05   1.2483E-05   0.99407
FLUX  657   949.00        3.159036E+14   1.2412E-05   1.2473E-05   0.99507
FLUX  658   951.00        3.152392E+14   1.2315E-05   1.2464E-05   0.98809
FLUX  659   953.00        3.145776E+14   1.2095E-05   1.2454E-05   0.97112
FLUX  660   955.00        3.139188E+14   1.1105E-05   1.2445E-05   0.89232
FLUX  661   957.00        3.132628E+14   1.2105E-05   1.2435E-05   0.97349
FLUX  662   959.00        3.126095E+14   1.2312E-05   1.2425E-05   0.99085
FLUX  663   961.00        3.119589E+14   1.2238E-05   1.2416E-05   0.98572
FLUX  664   963.00        3.113110E+14   1.2180E-05   1.2406E-05   0.98179
FLUX  665   965.00        3.106658E+14   1.2233E-05   1.2396E-05   0.98680
FLUX  666   967.00        3.100233E+14   1.2167E-05   1.2386E-05   0.98226
FLUX  667   969.00        3.093834E+14   1.2253E-05   1.2377E-05   0.98997
FLUX  668   971.00        3.087461E+14   1.2300E-05   1.2367E-05   0.99463
FLUX  669   973.00        3.081115E+14   1.2299E-05   1.2357E-05   0.99533
FLUX  670   975.00        3.074795E+14   1.2194E-05   1.2347E-05   0.98764
FLUX  671   977.00        3.068501E+14   1.2244E-05   1.2337E-05   0.99241
FLUX  672   979.00        3.062232E+14   1.2227E-05   1.2327E-05   0.99184
FLUX  673   981.00        3.055989E+14   1.2258E-05   1.2317E-05   0.99521
FLUX  674   983.00        3.049771E+14   1.2227E-05   1.2307E-05   0.99347
FLUX  675   985.00        3.043579E+14   1.2220E-05   1.2297E-05   0.99368
FLUX  676   987.00        3.037411E+14   1.2165E-05   1.2287E-05   0.99006
FLUX  677   989.00        3.031269E+14   1.2124E-05   1.2277E-05   0.98754
FLUX  678   991.00        3.025151E+14   1.2097E-05   1.2267E-05   0.98608
FLUX  679   993.00        3.019058E+14   1.2200E-05   1.2257E-05   0.99532
FLUX  680   995.00        3.012990E+14   1.2190E-05   1.2247E-05   0.99534
FLUX  681   997.00        3.006946E+14   1.2179E-05   1.2237E-05   0.99522
FLUX  682   999.00        3.000926E+14   1.2140E-05   1.2227E-05   0.99286
FLUX  683  1002.50        2.990449E+14   1.1847E-05   1.2210E-05   0.97031
FLUX  684  1007.50        2.975608E+14   1.1588E-05   1.2184E-05   0.95107
FLUX  685  1012.50        2.960914E+14   1.2043E-05   1.2159E-05   0.99048
FLUX  686  1017.50        2.946364E+14   1.1972E-05   1.2134E-05   0.98662
FLUX  687  1022.50        2.931956E+14   1.2027E-05   1.2109E-05   0.99328
FLUX  688  1027.50        2.917689E+14   1.2046E-05   1.2084E-05   0.99688
FLUX  689  1032.50        2.903559E+14   1.1946E-05   1.2058E-05   0.99064
FLUX  690  1037.50        2.889566E+14   1.1937E-05   1.2033E-05   0.99202
FLUX  691  1042.50        2.875707E+14   1.1952E-05   1.2008E-05   0.99533
FLUX  692  1047.50        2.861981E+14   1.1809E-05   1.1982E-05   0.98551
FLUX  693  1052.50        2.848385E+14   1.1879E-05   1.1957E-05   0.99344
FLUX  694  1057.50        2.834917E+14   1.1812E-05   1.1931E-05   0.98999
FLUX  695  1062.50        2.821576E+14   1.1772E-05   1.1906E-05   0.98878
FLUX  696  1067.50        2.808361E+14   1.1527E-05   1.1880E-05   0.97026
FLUX  697  1072.50        2.795268E+14   1.1661E-05   1.1855E-05   0.98366
FLUX  698  1077.50        2.782297E+14   1.1627E-05   1.1829E-05   0.98295
FLUX  699  1082.50        2.769446E+14   1.1480E-05   1.1804E-05   0.97260
FLUX  700  1087.50        2.756713E+14   1.1485E-05   1.1778E-05   0.97514
FLUX  701  1092.50        2.744096E+14   1.0880E-05   1.1753E-05   0.92572
FLUX  702  1097.50        2.731595E+14   1.1260E-05   1.1728E-05   0.96012
FLUX  703  1102.50        2.719206E+14   1.1543E-05   1.1702E-05   0.98636
FLUX  704  1107.50        2.706930E+14   1.1610E-05   1.1677E-05   0.99429
FLUX  705  1112.50        2.694764E+14   1.1545E-05   1.1651E-05   0.99085
FLUX  706  1117.50        2.682707E+14   1.1503E-05   1.1626E-05   0.98944
FLUX  707  1122.50        2.670757E+14   1.1532E-05   1.1601E-05   0.99412
FLUX  708  1127.50        2.658914E+14   1.1340E-05   1.1575E-05   0.97963
FLUX  709  1132.50        2.647174E+14   1.1368E-05   1.1550E-05   0.98423
FLUX  710  1137.50        2.635538E+14   1.1388E-05   1.1525E-05   0.98808
FLUX  711  1142.50        2.624004E+14   1.1283E-05   1.1500E-05   0.98117
FLUX  712  1147.50        2.612571E+14   1.1419E-05   1.1475E-05   0.99515
FLUX  713  1152.50        2.601236E+14   1.1394E-05   1.1449E-05   0.99516
FLUX  714  1157.50        2.590000E+14   1.1326E-05   1.1424E-05   0.99137
FLUX  715  1162.50        2.578860E+14   1.1189E-05   1.1399E-05   0.98158
FLUX  716  1167.50        2.567816E+14   1.1164E-05   1.1374E-05   0.98153
FLUX  717  1172.50        2.556866E+14   1.1309E-05   1.1349E-05   0.99646
FLUX  718  1177.50        2.546008E+14   1.1072E-05   1.1324E-05   0.97769
FLUX  719  1182.50        2.535243E+14   1.1083E-05   1.1300E-05   0.98086
FLUX  720  1187.50        2.524568E+14   1.1043E-05   1.1275E-05   0.97939
FLUX  721  1192.50        2.513983E+14   1.1229E-05   1.1250E-05   0.99807
FLUX  722  1197.50        2.503486E+14   1.0920E-05   1.1226E-05   0.97274
FLUX  723  1202.50        2.493077E+14   1.1040E-05   1.1201E-05   0.98560
FLUX  724  1207.50        2.482754E+14   1.0976E-05   1.1177E-05   0.98202
FLUX  725  1212.50        2.472515E+14   1.1021E-05   1.1152E-05   0.98829
FLUX  726  1217.50        2.462361E+14   1.1096E-05   1.1128E-05   0.99718
FLUX  727  1222.50        2.452290E+14   1.1066E-05   1.1103E-05   0.99666
FLUX  728  1227.50        2.442301E+14   1.0987E-05   1.1079E-05   0.99174
FLUX  729  1232.50        2.432394E+14   1.0999E-05   1.1055E-05   0.99495
FLUX  730  1237.50        2.422566E+14   1.0976E-05   1.1031E-05   0.99500
FLUX  731  1242.50        2.412817E+14   1.0943E-05   1.1007E-05   0.99424
FLUX  732  1247.50        2.403146E+14   1.0948E-05   1.0983E-05   0.99682
FLUX  733  1252.50        2.393553E+14   1.0895E-05   1.0959E-05   0.99413
FLUX  734  1257.50        2.384036E+14   1.0847E-05   1.0935E-05   0.99195
FLUX  735  1262.50        2.374594E+14   1.0832E-05   1.0912E-05   0.99271
FLUX  736  1267.50        2.365227E+14   1.0801E-05   1.0888E-05   0.99198
FLUX  737  1272.50        2.355933E+14   1.0793E-05   1.0865E-05   0.99340
FLUX  738  1277.50        2.346712E+14   1.0635E-05   1.0841E-05   0.98101
FLUX  739  1282.50        2.337563E+14   9.6608E-06   1.0818E-05   0.89302
FLUX  740  1287.50        2.328485E+14   1.0600E-05   1.0795E-05   0.98195
FLUX  741  1292.50        2.319478E+14   1.0665E-05   1.0772E-05   0.99009
FLUX  742  1297.50        2.310539E+14   1.0704E-05   1.0749E-05   0.99581
FLUX  743  1302.50        2.301670E+14   1.0647E-05   1.0726E-05   0.99263
FLUX  744  1307.50        2.292868E+14   1.0671E-05   1.0703E-05   0.99705
FLUX  745  1312.50        2.284133E+14   1.0557E-05   1.0680E-05   0.98846
FLUX  746  1317.50        2.275465E+14   1.0521E-05   1.0657E-05   0.98727
FLUX  747  1322.50        2.266862E+14   1.0600E-05   1.0634E-05   0.99682
FLUX  748  1327.50        2.258324E+14   1.0511E-05   1.0612E-05   0.99057
FLUX  749  1332.50        2.249850E+14   1.0525E-05   1.0589E-05   0.99394
FLUX  750  1337.50        2.241439E+14   1.0493E-05   1.0566E-05   0.99308
FLUX  751  1342.50        2.233091E+14   1.0508E-05   1.0543E-05   0.99663
FLUX  752  1347.50        2.224805E+14   1.0479E-05   1.0521E-05   0.99599
FLUX  753  1352.50        2.216580E+14   1.0447E-05   1.0498E-05   0.99506
FLUX  754  1357.50        2.208416E+14   1.0360E-05   1.0476E-05   0.98893
FLUX  755  1362.50        2.200312E+14   1.0388E-05   1.0454E-05   0.99373
FLUX  756  1367.50        2.192267E+14   1.0347E-05   1.0431E-05   0.99190
FLUX  757  1372.50        2.184281E+14   1.0285E-05   1.0409E-05   0.98810
FLUX  758  1377.50        2.176352E+14   1.0294E-05   1.0387E-05   0.99104
FLUX  759  1382.50        2.168481E+14   1.0285E-05   1.0364E-05   0.99229
FLUX  760  1387.50        2.160667E+14   1.0303E-05   1.0342E-05   0.99622
FLUX  761  1392.50        2.152908E+14   1.0249E-05   1.0320E-05   0.99318
FLUX  762  1397.50        2.145206E+14   1.0224E-05   1.0297E-05   0.99287
FLUX  763  1402.50        2.137558E+14   1.0172E-05   1.0275E-05   0.98999
FLUX  764  1407.50        2.129964E+14   1.0196E-05   1.0253E-05   0.99444
FLUX  765  1412.50        2.122425E+14   1.0102E-05   1.0231E-05   0.98739
FLUX  766  1417.50        2.114938E+14   1.0158E-05   1.0208E-05   0.99507
FLUX  767  1422.50        2.107504E+14   1.0031E-05   1.0186E-05   0.98479
FLUX  768  1427.50        2.100123E+14   9.9432E-06   1.0164E-05   0.97831
FLUX  769  1432.50        2.092792E+14   1.0060E-05   1.0141E-05   0.99204
FLUX  770  1437.50        2.085513E+14   1.0080E-05   1.0119E-05   0.99619
FLUX  771  1442.50        2.078284E+14   9.7690E-06   1.0096E-05   0.96762
FLUX  772  1447.50        2.071105E+14   1.0007E-05   1.0073E-05   0.99342
FLUX  773  1452.50        2.063976E+14   9.8289E-06   1.0050E-05   0.97796
FLUX  774  1457.00        2.057601E+14   9.9119E-06   1.0030E-05   0.98824
FLUX  775  1462.00        2.050564E+14   9.8846E-06   1.0103E-05   0.97843
FLUX  776  1467.50        2.042879E+14   9.8856E-06   1.0078E-05   0.98088
FLUX  777  1472.50        2.035942E+14   9.7683E-06   1.0056E-05   0.97137
FLUX  778  1477.50        2.029052E+14   9.7487E-06   1.0034E-05   0.97158
FLUX  779  1482.50        2.022209E+14   9.7728E-06   1.0011E-05   0.97616
FLUX  780  1487.50        2.015412E+14   9.5545E-06   9.9889E-06   0.95652
FLUX  781  1492.50        2.008660E+14   9.8108E-06   9.9661E-06   0.98442
FLUX  782  1497.50        2.001953E+14   9.7160E-06   9.9432E-06   0.97715
FLUX  783  1502.50        1.995291E+14   9.4911E-06   9.9201E-06   0.95676
FLUX  784  1507.50        1.988673E+14   9.5299E-06   9.8968E-06   0.96293
FLUX  785  1512.50        1.982099E+14   9.6759E-06   9.8732E-06   0.98001
FLUX  786  1517.50        1.975568E+14   9.6790E-06   9.8495E-06   0.98269
FLUX  787  1522.50        1.969080E+14   9.5667E-06   9.8255E-06   0.97366
FLUX  788  1527.50        1.962635E+14   9.6087E-06   9.8011E-06   0.98037
FLUX  789  1532.50        1.956232E+14   9.5623E-06   9.7765E-06   0.97809
FLUX  790  1537.50        1.949870E+14   9.5361E-06   9.7516E-06   0.97791
FLUX  791  1542.50        1.943549E+14   9.4969E-06   9.7263E-06   0.97641
FLUX  792  1547.50        1.937270E+14   9.4908E-06   9.7008E-06   0.97835
FLUX  793  1552.50        1.931031E+14   9.4401E-06   9.6748E-06   0.97574
FLUX  794  1557.50        1.924831E+14   9.3984E-06   9.6485E-06   0.97408
FLUX  795  1562.50        1.918672E+14   9.4452E-06   9.6217E-06   0.98165
FLUX  796  1567.50        1.912552E+14   9.3140E-06   9.5946E-06   0.97076
FLUX  797  1572.50        1.906471E+14   9.3093E-06   9.5669E-06   0.97307
FLUX  798  1577.50        1.900428E+14   9.0745E-06   9.5389E-06   0.95131
FLUX  799  1582.50        1.894423E+14   9.2185E-06   9.5103E-06   0.96931
FLUX  800  1587.50        1.888457E+14   8.9733E-06   9.4811E-06   0.94643
FLUX  801  1592.50        1.882527E+14   9.1539E-06   9.4514E-06   0.96852
FLUX  802  1597.50        1.876635E+14   9.1554E-06   9.4212E-06   0.97179
FLUX  803  1605.00        1.867866E+14   9.0986E-06   9.3745E-06   0.97057
FLUX  804  1615.00        1.856300E+14   8.9742E-06   9.3095E-06   0.96398
FLUX  805  1625.00        1.844877E+14   9.0603E-06   9.2408E-06   0.98046
FLUX  806  1635.00        1.833593E+14   8.8707E-06   9.1665E-06   0.96774
FLUX  807  1645.00        1.822447E+14   8.7049E-06   9.0844E-06   0.95822
FLUX  808  1655.00        1.811435E+14   8.8638E-06   8.9976E-06   0.98513
FLUX  809  1665.00        1.800556E+14   8.7954E-06   8.9119E-06   0.98693
FLUX  810  1675.00        1.789806E+14   8.5279E-06   8.8273E-06   0.96608
FLUX  811  1685.00        1.779184E+14   8.3015E-06   8.7439E-06   0.94940
FLUX  812  1695.00        1.768687E+14   8.5858E-06   8.6615E-06   0.99126
FLUX  813  1705.00        1.758314E+14   8.4581E-06   8.5803E-06   0.98576
FLUX  814  1715.00        1.748061E+14   8.3866E-06   8.5001E-06   0.98665
FLUX  815  1725.00        1.737928E+14   8.2244E-06   8.4210E-06   0.97666
FLUX  816  1735.00        1.727911E+14   7.7288E-06   8.3430E-06   0.92638
FLUX  817  1745.00        1.718009E+14   8.0134E-06   8.2660E-06   0.96944
FLUX  818  1755.00        1.708219E+14   8.0834E-06   8.1900E-06   0.98698
FLUX  819  1765.00        1.698541E+14   8.0110E-06   8.1150E-06   0.98718
FLUX  820  1775.00        1.688972E+14   7.9588E-06   8.0409E-06   0.98979
FLUX  821  1785.00        1.679510E+14   7.9055E-06   7.9679E-06   0.99217
FLUX  822  1795.00        1.670153E+14   7.8481E-06   7.8958E-06   0.99397
FLUX  823  1805.00        1.660900E+14   7.7133E-06   7.8246E-06   0.98577
FLUX  824  1815.00        1.651749E+14   7.2207E-06   7.7543E-06   0.93118
FLUX  825  1825.00        1.642699E+14   7.4429E-06   7.6850E-06   0.96850
FLUX  826  1835.00        1.633747E+14   7.5237E-06   7.6165E-06   0.98782
FLUX  827  1845.00        1.624892E+14   7.4267E-06   7.5488E-06   0.98382
FLUX  828  1855.00        1.616132E+14   7.3939E-06   7.4820E-06   0.98822
FLUX  829  1865.00        1.607466E+14   7.2571E-06   7.4160E-06   0.97857
FLUX  830  1875.00        1.598893E+14   6.6315E-06   7.3509E-06   0.90213
FLUX  831  1885.00        1.590411E+14   7.1214E-06   7.2866E-06   0.97732
FLUX  832  1895.00        1.582018E+14   7.0156E-06   7.2231E-06   0.97128
FLUX  833  1905.00        1.573714E+14   7.1057E-06   7.1603E-06   0.99237
FLUX  834  1915.00        1.565496E+14   7.0268E-06   7.0984E-06   0.98991
FLUX  835  1925.00        1.557364E+14   6.9612E-06   7.0372E-06   0.98920
FLUX  836  1935.00        1.549315E+14   6.8228E-06   6.9768E-06   0.97793
FLUX  837  1945.00        1.541350E+14   6.3202E-06   6.9171E-06   0.91371
FLUX  838  1955.00        1.533465E+14   6.7325E-06   6.8582E-06   0.98168
FLUX  839  1965.00        1.525662E+14   6.7213E-06   6.8000E-06   0.98842
FLUX  840  1975.00        1.517937E+14   6.6503E-06   6.7425E-06   0.98632
FLUX  841  1985.00        1.510290E+14   6.6318E-06   6.6857E-06   0.99194
FLUX  842  1995.00        1.502719E+14   6.5752E-06   6.6296E-06   0.99178
FLUX  843  2005.00        1.495224E+14   6.5422E-06   6.5742E-06   0.99513
FLUX  844  2015.00        1.487804E+14   6.5085E-06   6.5194E-06   0.99833
FLUX  845  2025.00        1.480457E+14   6.4172E-06   6.4653E-06   0.99255
FLUX  846  2035.00        1.473182E+14   6.3300E-06   6.4119E-06   0.98724
FLUX  847  2045.00        1.465978E+14   6.3462E-06   6.3591E-06   0.99799
FLUX  848  2055.00        1.458844E+14   6.2833E-06   6.3069E-06   0.99627
FLUX  849  2065.00        1.451780E+14   6.1965E-06   6.2553E-06   0.99061
FLUX  850  2075.00        1.444783E+14   6.1716E-06   6.2043E-06   0.99472
FLUX  851  2085.00        1.437854E+14   6.1239E-06   6.1539E-06   0.99511
FLUX  852  2095.00        1.430990E+14   6.0430E-06   6.1042E-06   0.98997
FLUX  853  2105.00        1.424192E+14   6.0314E-06   6.0550E-06   0.99609
FLUX  854  2115.00        1.417459E+14   5.9692E-06   6.0064E-06   0.99380
FLUX  855  2125.00        1.410788E+14   5.9180E-06   5.9584E-06   0.99322
FLUX  856  2135.00        1.404180E+14   5.8798E-06   5.9109E-06   0.99473
FLUX  857  2145.00        1.397634E+14   5.8420E-06   5.8640E-06   0.99624
FLUX  858  2155.00        1.391148E+14   5.7556E-06   5.8177E-06   0.98933
FLUX  859  2165.00        1.384723E+14   5.3143E-06   5.7719E-06   0.92072
FLUX  860  2175.00        1.378356E+14   5.6070E-06   5.7266E-06   0.97912
FLUX  861  2185.00        1.372048E+14   5.6218E-06   5.6818E-06   0.98945
FLUX  862  2195.00        1.365797E+14   5.6287E-06   5.6375E-06   0.99844
FLUX  863  2205.00        1.359603E+14   5.5386E-06   5.5937E-06   0.99015
FLUX  864  2215.00        1.353465E+14   5.5299E-06   5.5504E-06   0.99630
FLUX  865  2225.00        1.347382E+14   5.4933E-06   5.5076E-06   0.99739
FLUX  866  2235.00        1.341353E+14   5.4513E-06   5.4653E-06   0.99743
FLUX  867  2245.00        1.335379E+14   5.4086E-06   5.4235E-06   0.99725
FLUX  868  2255.00        1.329457E+14   5.3442E-06   5.3821E-06   0.99295
FLUX  869  2265.00        1.323587E+14   5.3136E-06   5.3412E-06   0.99484
FLUX  870  2275.00        1.317769E+14   5.2867E-06   5.3008E-06   0.99733
FLUX  871  2285.00        1.312002E+14   5.2217E-06   5.2771E-06   0.98949
FLUX  872  2295.00        1.306285E+14   5.1975E-06   5.2374E-06   0.99239
FLUX  873  2305.00        1.300618E+14   5.1747E-06   5.1981E-06   0.99551
FLUX  874  2315.00        1.295000E+14   5.1254E-06   5.1592E-06   0.99344
FLUX  875  2325.00        1.289430E+14   5.0936E-06   5.1208E-06   0.99468
FLUX  876  2335.00        1.283908E+14   5.0440E-06   5.0828E-06   0.99238
FLUX  877  2345.00        1.278433E+14   5.0243E-06   5.0452E-06   0.99586
FLUX  878  2355.00        1.273004E+14   4.9789E-06   5.0080E-06   0.99421
FLUX  879  2365.00        1.267622E+14   4.9519E-06   4.9712E-06   0.99614
FLUX  880  2375.00        1.262284E+14   4.8888E-06   4.9347E-06   0.99068
FLUX  881  2385.00        1.256992E+14   4.8525E-06   4.8987E-06   0.99055
FLUX  882  2395.00        1.251743E+14   4.8405E-06   4.8631E-06   0.99536
FLUX  883  2405.00        1.246538E+14   4.7994E-06   4.8278E-06   0.99411
FLUX  884  2415.00        1.241377E+14   4.7510E-06   4.7929E-06   0.99124
FLUX  885  2425.00        1.236258E+14   4.7298E-06   4.7584E-06   0.99399
FLUX  886  2435.00        1.231181E+14   4.6871E-06   4.7243E-06   0.99214
FLUX  887  2445.00        1.226145E+14   4.6645E-06   4.6905E-06   0.99447
FLUX  888  2455.00        1.221151E+14   4.5978E-06   4.6570E-06   0.98727
FLUX  889  2465.00        1.216197E+14   4.5977E-06   4.6240E-06   0.99431
FLUX  890  2475.00        1.211283E+14   4.5532E-06   4.5912E-06   0.99171
FLUX  891  2485.00        1.206408E+14   4.4916E-06   4.5588E-06   0.98526
FLUX  892  2495.00        1.201573E+14   4.4949E-06   4.5268E-06   0.99295
FLUX  893  2505.00        1.196776E+14   4.4681E-06   4.4951E-06   0.99400
FLUX  894  2515.00        1.192018E+14   4.4362E-06   4.4637E-06   0.99384
FLUX  895  2525.00        1.187297E+14   4.4117E-06   4.4326E-06   0.99529
FLUX  896  2535.00        1.182613E+14   4.3760E-06   4.4019E-06   0.99413
FLUX  897  2545.00        1.177967E+14   4.3332E-06   4.3714E-06   0.99125
FLUX  898  2555.00        1.173356E+14   4.3031E-06   4.3413E-06   0.99121
FLUX  899  2565.00        1.168782E+14   4.2660E-06   4.3115E-06   0.98945
FLUX  900  2575.00        1.164243E+14   4.2613E-06   4.2820E-06   0.99517
FLUX  901  2585.00        1.159739E+14   4.1984E-06   4.2527E-06   0.98721
FLUX  902  2595.00        1.155270E+14   4.1968E-06   4.2238E-06   0.99360
FLUX  903  2605.00        1.150835E+14   4.1650E-06   4.1952E-06   0.99281
FLUX  904  2615.00        1.146434E+14   4.1009E-06   4.1668E-06   0.98419
FLUX  905  2625.00        1.142067E+14   3.8374E-06   4.1388E-06   0.92719
FLUX  906  2635.00        1.137732E+14   4.0388E-06   4.1110E-06   0.98244
FLUX  907  2645.00        1.133431E+14   4.0374E-06   4.0835E-06   0.98872
FLUX  908  2655.00        1.129162E+14   4.0213E-06   4.0562E-06   0.99138
FLUX  909  2665.00        1.124925E+14   3.9740E-06   4.0293E-06   0.98628
FLUX  910  2675.00        1.120720E+14   3.9547E-06   4.0026E-06   0.98805
FLUX  911  2685.00        1.116546E+14   3.9568E-06   3.9761E-06   0.99514
FLUX  912  2695.00        1.112403E+14   3.9407E-06   3.9499E-06   0.99766
FLUX  913  2705.00        1.108290E+14   3.9154E-06   3.9240E-06   0.99781
FLUX  914  2715.00        1.104208E+14   3.8871E-06   3.8984E-06   0.99711
FLUX  915  2725.00        1.100156E+14   3.8626E-06   3.8729E-06   0.99733
FLUX  916  2735.00        1.096133E+14   3.8376E-06   3.8478E-06   0.99735
FLUX  917  2745.00        1.092140E+14   3.8102E-06   3.8229E-06   0.99670
FLUX  918  2755.00        1.088176E+14   3.7373E-06   3.7982E-06   0.98397
FLUX  919  2765.00        1.084241E+14   3.7325E-06   3.7737E-06   0.98908
FLUX  920  2775.00        1.080333E+14   3.7348E-06   3.7495E-06   0.99608
FLUX  921  2785.00        1.076454E+14   3.7162E-06   3.7255E-06   0.99750
FLUX  922  2795.00        1.072603E+14   3.6983E-06   3.7017E-06   0.99907
FLUX  923  2805.00        1.068779E+14   3.6739E-06   3.6782E-06   0.99883
FLUX  924  2815.00        1.064982E+14   3.6522E-06   3.6548E-06   0.99927
FLUX  925  2825.00        1.061212E+14   3.6277E-06   3.6317E-06   0.99890
FLUX  926  2835.00        1.057469E+14   3.6080E-06   3.6088E-06   0.99976
FLUX  927  2845.00        1.053752E+14   3.5741E-06   3.5862E-06   0.99664
FLUX  928  2855.00        1.050061E+14   3.5551E-06   3.5637E-06   0.99758
FLUX  929  2865.00        1.046396E+14   3.5090E-06   3.5414E-06   0.99086
FLUX  930  2875.00        1.042757E+14   3.4371E-06   3.5194E-06   0.97662
FLUX  931  2885.00        1.039142E+14   3.4773E-06   3.4975E-06   0.99422
FLUX  932  2895.00        1.035553E+14   3.4705E-06   3.4759E-06   0.99847
FLUX  933  2905.00        1.031988E+14   3.4502E-06   3.4544E-06   0.99878
FLUX  934  2915.00        1.028448E+14   3.4277E-06   3.4332E-06   0.99839
FLUX  935  2925.00        1.024932E+14   3.3996E-06   3.4121E-06   0.99633
FLUX  936  2935.00        1.021440E+14   3.3882E-06   3.3913E-06   0.99909
FLUX  937  2945.00        1.017971E+14   3.3633E-06   3.3706E-06   0.99784
FLUX  938  2955.00        1.014526E+14   3.3471E-06   3.3501E-06   0.99911
FLUX  939  2965.00        1.011105E+14   3.3275E-06   3.3298E-06   0.99930
FLUX  940  2975.00        1.007706E+14   3.3063E-06   3.3097E-06   0.99898
FLUX  941  2985.00        1.004330E+14   3.2875E-06   3.2897E-06   0.99934
FLUX  942  2995.00        1.000977E+14   3.2630E-06   3.2700E-06   0.99786
FLUX  943  3005.00        9.976456E+13   3.2440E-06   3.2504E-06   0.99803
FLUX  944  3015.00        9.943367E+13   3.2266E-06   3.2310E-06   0.99864
FLUX  945  3025.00        9.910496E+13   3.1967E-06   3.2117E-06   0.99533
FLUX  946  3035.00        9.877842E+13   3.1103E-06   3.1927E-06   0.97419
FLUX  947  3045.00        9.845402E+13   3.1230E-06   3.1737E-06   0.98401
FLUX  948  3055.00        9.813175E+13   3.1432E-06   3.1550E-06   0.99628
FLUX  949  3065.00        9.781158E+13   3.1266E-06   3.1364E-06   0.99689
FLUX  950  3075.00        9.749350E+13   3.1159E-06   3.1179E-06   0.99936
FLUX  951  3085.00        9.717747E+13   3.0905E-06   3.0996E-06   0.99704
FLUX  952  3095.00        9.686349E+13   3.0738E-06   3.0815E-06   0.99748
FLUX  953  3105.00        9.655153E+13   3.0598E-06   3.0636E-06   0.99877
FLUX  954  3115.00        9.624157E+13   3.0206E-06   3.0457E-06   0.99175
FLUX  955  3125.00        9.593360E+13   3.0222E-06   3.0281E-06   0.99804
FLUX  956  3135.00        9.562759E+13   3.0066E-06   3.0106E-06   0.99868
FLUX  957  3145.00        9.532353E+13   2.9893E-06   2.9932E-06   0.99869
FLUX  958  3155.00        9.502139E+13   2.9640E-06   2.9760E-06   0.99595
FLUX  959  3165.00        9.472117E+13   2.9551E-06   2.9590E-06   0.99868
FLUX  960  3175.00        9.442283E+13   2.9351E-06   2.9421E-06   0.99763
FLUX  961  3185.00        9.412637E+13   2.9216E-06   2.9253E-06   0.99873
FLUX  962  3195.00        9.383177E+13   2.9075E-06   2.9087E-06   0.99960
FLUX  963  3210.00        9.339330E+13   2.8782E-06   2.8840E-06   0.99799
FLUX  964  3230.00        9.281502E+13   2.8488E-06   2.8516E-06   0.99902
FLUX  965  3250.00        9.224385E+13   2.8155E-06   2.8197E-06   0.99852
FLUX  966  3270.00        9.167966E+13   2.7824E-06   2.7884E-06   0.99784
FLUX  967  3290.00        9.112234E+13   2.6902E-06   2.7597E-06   0.97483
FLUX  968  3310.00        9.057175E+13   2.7025E-06   2.7293E-06   0.99019
FLUX  969  3330.00        9.002778E+13   2.6858E-06   2.6994E-06   0.99495
FLUX  970  3350.00        8.949030E+13   2.6635E-06   2.6700E-06   0.99754
FLUX  971  3370.00        8.895920E+13   2.6302E-06   2.6411E-06   0.99586
FLUX  972  3390.00        8.843437E+13   2.6007E-06   2.6127E-06   0.99539
FLUX  973  3410.00        8.791569E+13   2.5701E-06   2.5847E-06   0.99435
FLUX  974  3430.00        8.740306E+13   2.5510E-06   2.5572E-06   0.99760
FLUX  975  3450.00        8.689638E+13   2.5276E-06   2.5301E-06   0.99904
FLUX  976  3470.00        8.639553E+13   2.4993E-06   2.5034E-06   0.99836
FLUX  977  3490.00        8.590043E+13   2.4740E-06   2.4771E-06   0.99875
FLUX  978  3510.00        8.541097E+13   2.4486E-06   2.4512E-06   0.99892
FLUX  979  3530.00        8.492705E+13   2.4206E-06   2.4258E-06   0.99787
FLUX  980  3550.00        8.444859E+13   2.3979E-06   2.4007E-06   0.99882
FLUX  981  3570.00        8.397549E+13   2.3707E-06   2.3761E-06   0.99775
FLUX  982  3590.00        8.350766E+13   2.3467E-06   2.3518E-06   0.99782
FLUX  983  3610.00        8.304501E+13   2.3264E-06   2.3279E-06   0.99939
FLUX  984  3630.00        8.258747E+13   2.3025E-06   2.3043E-06   0.99922
FLUX  985  3650.00        8.213493E+13   2.2725E-06   2.2811E-06   0.99625
FLUX  986  3670.00        8.168733E+13   2.2488E-06   2.2582E-06   0.99583
FLUX  987  3690.00        8.124458E+13   2.2183E-06   2.2357E-06   0.99222
FLUX  988  3710.00        8.080660E+13   2.1975E-06   2.2135E-06   0.99274
FLUX  989  3730.00        8.037332E+13   2.1598E-06   2.1917E-06   0.98544
FLUX  990  3750.00        7.994467E+13   2.1172E-06   2.1701E-06   0.97559
FLUX  991  3770.00        7.952056E+13   2.1391E-06   2.1489E-06   0.99541
FLUX  992  3790.00        7.910092E+13   2.1190E-06   2.1280E-06   0.99578
FLUX  993  3810.00        7.868570E+13   2.0996E-06   2.1074E-06   0.99631
FLUX  994  3830.00        7.827480E+13   2.0829E-06   2.0871E-06   0.99796
FLUX  995  3850.00        7.786818E+13   2.0646E-06   2.0671E-06   0.99881
FLUX  996  3870.00        7.746576E+13   2.0413E-06   2.0474E-06   0.99703
FLUX  997  3890.00        7.706748E+13   2.0209E-06   2.0279E-06   0.99655
FLUX  998  3910.00        7.667327E+13   2.0051E-06   2.0088E-06   0.99816
FLUX  999  3930.00        7.628308E+13   1.9870E-06   1.9899E-06   0.99855
FLUX 1000  3950.00        7.589684E+13   1.9641E-06   1.9712E-06   0.99641
FLUX 1001  3970.00        7.551448E+13   1.9499E-06   1.9528E-06   0.99851
FLUX 1002  3990.00        7.513596E+13   1.9235E-06   1.9347E-06   0.99418
FLUX 1003  4010.00        7.476122E+13   1.9066E-06   1.9168E-06   0.99465
FLUX 1004  4030.00        7.439020E+13   1.8923E-06   1.8992E-06   0.99638
FLUX 1005  4050.00        7.402284E+13   1.8339E-06   1.8818E-06   0.97453
FLUX 1006  4070.00        7.365909E+13   1.8570E-06   1.8647E-06   0.99588
FLUX 1007  4090.00        7.329890E+13   1.8421E-06   1.8478E-06   0.99695
FLUX 1008  4110.00        7.294221E+13   1.8281E-06   1.8311E-06   0.99840
FLUX 1009  4130.00        7.258898E+13   1.8131E-06   1.8146E-06   0.99916
FLUX 1010  4150.00        7.223916E+13   1.7930E-06   1.7984E-06   0.99703
FLUX 1011  4170.00        7.189269E+13   1.7740E-06   1.7824E-06   0.99532
FLUX 1012  4190.00        7.154952E+13   1.7624E-06   1.7665E-06   0.99766
FLUX 1013  4210.00        7.120962E+13   1.7406E-06   1.7509E-06   0.99410
FLUX 1014  4230.00        7.087293E+13   1.7353E-06   1.7355E-06   0.99988
FLUX 1015  4250.00        7.053941E+13   1.7178E-06   1.7203E-06   0.99849
FLUX 1016  4270.00        7.020902E+13   1.7047E-06   1.7054E-06   0.99964
FLUX 1017  4290.00        6.988170E+13   1.6873E-06   1.6906E-06   0.99809
FLUX 1018  4310.00        6.955742E+13   1.6698E-06   1.6759E-06   0.99631
FLUX 1019  4330.00        6.923614E+13   1.6542E-06   1.6615E-06   0.99558
FLUX 1020  4350.00        6.891782E+13   1.6358E-06   1.6473E-06   0.99301
FLUX 1021  4370.00        6.860240E+13   1.6116E-06   1.6332E-06   0.98677
FLUX 1022  4390.00        6.828986E+13   1.6050E-06   1.6194E-06   0.99112
FLUX 1023  4410.00        6.798016E+13   1.5868E-06   1.6057E-06   0.98822
FLUX 1024  4430.00        6.767325E+13   1.5765E-06   1.5921E-06   0.99018
FLUX 1025  4450.00        6.736910E+13   1.5643E-06   1.5788E-06   0.99084
FLUX 1026  4470.00        6.706767E+13   1.5487E-06   1.5659E-06   0.98899
FLUX 1027  4490.00        6.676893E+13   1.5381E-06   1.5529E-06   0.99049
FLUX 1028  4510.00        6.647284E+13   1.5245E-06   1.5400E-06   0.98992
FLUX 1029  4530.00        6.617936E+13   1.5104E-06   1.5273E-06   0.98893
FLUX 1030  4550.00        6.588846E+13   1.4998E-06   1.5148E-06   0.99012
FLUX 1031  4570.00        6.560011E+13   1.4881E-06   1.5024E-06   0.99046
FLUX 1032  4590.00        6.531427E+13   1.4740E-06   1.4901E-06   0.98915
FLUX 1033  4610.00        6.503091E+13   1.4650E-06   1.4780E-06   0.99117
FLUX 1034  4630.00        6.475000E+13   1.4522E-06   1.4661E-06   0.99053
FLUX 1035  4650.00        6.447151E+13   1.4108E-06   1.4543E-06   0.97009
FLUX 1036  4670.00        6.419540E+13   1.4181E-06   1.4426E-06   0.98304
FLUX 1037  4690.00        6.392164E+13   1.4195E-06   1.4311E-06   0.99194
FLUX 1038  4710.00        6.365021E+13   1.4096E-06   1.4197E-06   0.99288
FLUX 1039  4730.00        6.338108E+13   1.4002E-06   1.4084E-06   0.99418
FLUX 1040  4750.00        6.311421E+13   1.3888E-06   1.3973E-06   0.99394
FLUX 1041  4770.00        6.284958E+13   1.3779E-06   1.3863E-06   0.99396
FLUX 1042  4790.00        6.258716E+13   1.3680E-06   1.3754E-06   0.99460
FLUX 1043  4810.00        6.232692E+13   1.3563E-06   1.3647E-06   0.99387
FLUX 1044  4830.00        6.206884E+13   1.3472E-06   1.3541E-06   0.99493
FLUX 1045  4850.00        6.181289E+13   1.3358E-06   1.3436E-06   0.99423
FLUX 1046  4870.00        6.155903E+13   1.3257E-06   1.3332E-06   0.99439
FLUX 1047  4890.00        6.130726E+13   1.3158E-06   1.3230E-06   0.99457
FLUX 1048  4910.00        6.105754E+13   1.3059E-06   1.3128E-06   0.99468
FLUX 1049  4930.00        6.080984E+13   1.2958E-06   1.3028E-06   0.99459
FLUX 1050  4950.00        6.056414E+13   1.2854E-06   1.2929E-06   0.99417
FLUX 1051  4970.00        6.032042E+13   1.2757E-06   1.2831E-06   0.99419
FLUX 1052  4990.00        6.007866E+13   1.2679E-06   1.2735E-06   0.99563
FLUX 1053  5010.00        5.983882E+13   1.2567E-06   1.2639E-06   0.99428
FLUX 1054  5030.00        5.960089E+13   1.2487E-06   1.2544E-06   0.99544
FLUX 1055  5050.00        5.936485E+13   1.2379E-06   1.2451E-06   0.99424
FLUX 1056  5070.00        5.913067E+13   1.2294E-06   1.2358E-06   0.99478
FLUX 1057  5090.00        5.889833E+13   1.2207E-06   1.2267E-06   0.99511
FLUX 1058  5110.00        5.866781E+13   1.2091E-06   1.2176E-06   0.99297
FLUX 1059  5130.00        5.843908E+13   1.1906E-06   1.2087E-06   0.98506
FLUX 1060  5150.00        5.821214E+13   1.1934E-06   1.1998E-06   0.99462
FLUX 1061  5170.00        5.798694E+13   1.1863E-06   1.1911E-06   0.99599
FLUX 1062  5190.00        5.776349E+13   1.1770E-06   1.1824E-06   0.99544
FLUX 1063  5210.00        5.754175E+13   1.1677E-06   1.1739E-06   0.99472
FLUX 1064  5230.00        5.732170E+13   1.1596E-06   1.1654E-06   0.99500
FLUX 1065  5250.00        5.710333E+13   1.1524E-06   1.1570E-06   0.99602
FLUX 1066  5270.00        5.688662E+13   1.1445E-06   1.1487E-06   0.99634
FLUX 1067  5290.00        5.667155E+13   1.1354E-06   1.1405E-06   0.99552
FLUX 1068  5310.00        5.645810E+13   1.1282E-06   1.1324E-06   0.99623
FLUX 1069  5330.00        5.624625E+13   1.1199E-06   1.1244E-06   0.99600
FLUX 1070  5350.00        5.603598E+13   1.1123E-06   1.1165E-06   0.99627
FLUX 1071  5370.00        5.582728E+13   1.1033E-06   1.1086E-06   0.99524
FLUX 1072  5390.00        5.562013E+13   1.0968E-06   1.1008E-06   0.99631
FLUX 1073  5410.00        5.541451E+13   1.0898E-06   1.0931E-06   0.99690
FLUX 1074  5430.00        5.521041E+13   1.0806E-06   1.0855E-06   0.99551
FLUX 1075  5450.00        5.500780E+13   1.0747E-06   1.0780E-06   0.99698
FLUX 1076  5470.00        5.480667E+13   1.0657E-06   1.0705E-06   0.99552
FLUX 1077  5490.00        5.460701E+13   1.0594E-06   1.0632E-06   0.99648
FLUX 1078  5510.00        5.440880E+13   1.0530E-06   1.0558E-06   0.99730
FLUX 1079  5530.00        5.421203E+13   1.0457E-06   1.0486E-06   0.99720
FLUX 1080  5550.00        5.401667E+13   1.0386E-06   1.0415E-06   0.99722
FLUX 1081  5570.00        5.382271E+13   1.0323E-06   1.0344E-06   0.99799
FLUX 1082  5590.00        5.363014E+13   1.0228E-06   1.0274E-06   0.99550
FLUX 1083  5610.00        5.343895E+13   1.0180E-06   1.0204E-06   0.99763
FLUX 1084  5630.00        5.324911E+13   1.0107E-06   1.0136E-06   0.99718
FLUX 1085  5650.00        5.306062E+13   1.0051E-06   1.0068E-06   0.99833
FLUX 1086  5670.00        5.287346E+13   9.9843E-07   1.0000E-06   0.99839
FLUX 1087  5690.00        5.268761E+13   9.9095E-07   9.9337E-07   0.99756
FLUX 1088  5710.00        5.250306E+13   9.8483E-07   9.8677E-07   0.99803
FLUX 1089  5730.00        5.231981E+13   9.7881E-07   9.8024E-07   0.99854
FLUX 1090  5750.00        5.213783E+13   9.7230E-07   9.7377E-07   0.99849
FLUX 1091  5770.00        5.195711E+13   9.6573E-07   9.6737E-07   0.99831
FLUX 1092  5790.00        5.177763E+13   9.5940E-07   9.6103E-07   0.99830
FLUX 1093  5810.00        5.159940E+13   9.5331E-07   9.5475E-07   0.99850
FLUX 1094  5830.00        5.142238E+13   9.4743E-07   9.4853E-07   0.99884
FLUX 1095  5850.00        5.124658E+13   9.4143E-07   9.4244E-07   0.99892
FLUX 1096  5870.00        5.107198E+13   9.3484E-07   9.3634E-07   0.99840
FLUX 1097  5890.00        5.089856E+13   9.2681E-07   9.3030E-07   0.99625
FLUX 1098  5910.00        5.072631E+13   9.1213E-07   9.2432E-07   0.98681
FLUX 1099  5930.00        5.055523E+13   9.1695E-07   9.1840E-07   0.99842
FLUX 1100  5950.00        5.038529E+13   9.0861E-07   9.1253E-07   0.99570
FLUX 1101  5970.00        5.021650E+13   9.0541E-07   9.0672E-07   0.99855
FLUX 1102  5990.00        5.004883E+13   9.0003E-07   9.0097E-07   0.99897
FLUX 1103  6010.00        4.988228E+13   8.9375E-07   8.9526E-07   0.99831
FLUX 1104  6030.00        4.971683E+13   8.8891E-07   8.8962E-07   0.99921
FLUX 1105  6050.00        4.955248E+13   8.8342E-07   8.8402E-07   0.99932
FLUX 1106  6070.00        4.938921E+13   8.7752E-07   8.7848E-07   0.99890
FLUX 1107  6090.00        4.922701E+13   8.7146E-07   8.7299E-07   0.99825
FLUX 1108  6110.00        4.906588E+13   8.6500E-07   8.6756E-07   0.99706
FLUX 1109  6130.00        4.890579E+13   8.6128E-07   8.6217E-07   0.99897
FLUX 1110  6150.00        4.874675E+13   8.5636E-07   8.5683E-07   0.99945
FLUX 1111  6170.00        4.858874E+13   8.5099E-07   8.5154E-07   0.99935
FLUX 1112  6190.00        4.843174E+13   8.4576E-07   8.4630E-07   0.99935
FLUX 1113  6210.00        4.827576E+13   8.4073E-07   8.4111E-07   0.99955
FLUX 1114  6230.00        4.812079E+13   8.3361E-07   8.3597E-07   0.99718
FLUX 1115  6250.00        4.796680E+13   8.2965E-07   8.3087E-07   0.99853
FLUX 1116  6270.00        4.781380E+13   8.2467E-07   8.2582E-07   0.99860
FLUX 1117  6290.00        4.766176E+13   8.1880E-07   8.2082E-07   0.99753
FLUX 1118  6310.00        4.751070E+13   8.1408E-07   8.1586E-07   0.99782
FLUX 1119  6330.00        4.736058E+13   8.1071E-07   8.1095E-07   0.99970
FLUX 1120  6350.00        4.721142E+13   8.0569E-07   8.0608E-07   0.99952
FLUX 1121  6370.00        4.706319E+13   8.0065E-07   8.0125E-07   0.99925
FLUX 1122  6390.00        4.691588E+13   7.9592E-07   7.9647E-07   0.99931
FLUX 1123  6420.00        4.669665E+13   7.8913E-07   7.8937E-07   0.99969
FLUX 1124  6460.00        4.640751E+13   7.7930E-07   7.8006E-07   0.99903
FLUX 1125  6500.00        4.612192E+13   7.6994E-07   7.7091E-07   0.99875
FLUX 1126  6540.00        4.583983E+13   7.6174E-07   7.6191E-07   0.99977
FLUX 1127  6580.00        4.556117E+13   7.5299E-07   7.5308E-07   0.99987
FLUX 1128  6620.00        4.528588E+13   7.4414E-07   7.4440E-07   0.99966
FLUX 1129  6660.00        4.501389E+13   7.3578E-07   7.3587E-07   0.99989
FLUX 1130  6700.00        4.474515E+13   7.2719E-07   7.2748E-07   0.99960
FLUX 1131  6740.00        4.447960E+13   7.1863E-07   7.1923E-07   0.99916
FLUX 1132  6780.00        4.421718E+13   7.0982E-07   7.1113E-07   0.99816
FLUX 1133  6820.00        4.395784E+13   7.0298E-07   7.0316E-07   0.99975
FLUX 1134  6860.00        4.370153E+13   6.9515E-07   6.9532E-07   0.99975
FLUX 1135  6900.00        4.344819E+13   6.8746E-07   6.8761E-07   0.99978
FLUX 1136  6940.00        4.319777E+13   6.7970E-07   6.8004E-07   0.99950
FLUX 1137  6980.00        4.295021E+13   6.7250E-07   6.7258E-07   0.99988
FLUX 1138  7020.00        4.270548E+13   6.6464E-07   6.6525E-07   0.99908
FLUX 1139  7060.00        4.246353E+13   6.5791E-07   6.5804E-07   0.99981
FLUX 1140  7100.00        4.222430E+13   6.5089E-07   6.5094E-07   0.99992
FLUX 1141  7140.00        4.198775E+13   6.4385E-07   6.4396E-07   0.99983
FLUX 1142  7180.00        4.175383E+13   6.3697E-07   6.3709E-07   0.99983
FLUX 1143  7220.00        4.152251E+13   6.3005E-07   6.3032E-07   0.99956
FLUX 1144  7260.00        4.129373E+13   6.2343E-07   6.2367E-07   0.99961
FLUX 1145  7300.00        4.106747E+13   6.1710E-07   6.1712E-07   0.99997
FLUX 1146  7340.00        4.084366E+13   6.1030E-07   6.1067E-07   0.99939
FLUX 1147  7380.00        4.062229E+13   6.0427E-07   6.0433E-07   0.99991
FLUX 1148  7420.00        4.040330E+13   5.9779E-07   5.9808E-07   0.99952
FLUX 1149  7460.00        4.018666E+13   5.8617E-07   5.9193E-07   0.99027
FLUX 1150  7500.00        3.997233E+13   5.8055E-07   5.8587E-07   0.99092
FLUX 1151  7540.00        3.976028E+13   5.7956E-07   5.7990E-07   0.99941
FLUX 1152  7580.00        3.955046E+13   5.7395E-07   5.7403E-07   0.99986
FLUX 1153  7620.00        3.934285E+13   5.6814E-07   5.6824E-07   0.99982
FLUX 1154  7660.00        3.913740E+13   5.6250E-07   5.6254E-07   0.99993
FLUX 1155  7700.00        3.893409E+13   5.5674E-07   5.5692E-07   0.99968
FLUX 1156  7740.00        3.873288E+13   5.5135E-07   5.5139E-07   0.99992
FLUX 1157  7780.00        3.853374E+13   5.4593E-07   5.4594E-07   0.99998
FLUX 1158  7820.00        3.833664E+13   5.4056E-07   5.4057E-07   0.99998
FLUX 1159  7860.00        3.814154E+13   5.3527E-07   5.3528E-07   0.99998
FLUX 1160  7900.00        3.794842E+13   5.3006E-07   5.3007E-07   0.99997
FLUX 1161  7940.00        3.775724E+13   5.2490E-07   5.2493E-07   0.99993
FLUX 1162  7980.00        3.756798E+13   5.1983E-07   5.1987E-07   0.99992
FLUX 1163  8020.00        3.738061E+13   5.1475E-07   5.1488E-07   0.99975
FLUX 1164  8060.00        3.719510E+13   5.0974E-07   5.0996E-07   0.99957
FLUX 1165  8100.00        3.701142E+13   5.0510E-07   5.0511E-07   0.99997
FLUX 1166  8140.00        3.682955E+13   4.9996E-07   5.0033E-07   0.99926
FLUX 1167  8180.00        3.664945E+13   4.9539E-07   4.9562E-07   0.99954
FLUX 1168  8220.00        3.647111E+13   4.9094E-07   4.9097E-07   0.99994
FLUX 1169  8260.00        3.629449E+13   4.8635E-07   4.8639E-07   0.99991
FLUX 1170  8300.00        3.611958E+13   4.8184E-07   4.8187E-07   0.99993
FLUX 1171  8340.00        3.594634E+13   4.7719E-07   4.7742E-07   0.99954
FLUX 1172  8380.00        3.577476E+13   4.7288E-07   4.7302E-07   0.99969
FLUX 1173  8420.00        3.560481E+13   4.6865E-07   4.6869E-07   0.99991
FLUX 1174  8460.00        3.543647E+13   4.6438E-07   4.6441E-07   0.99993
FLUX 1175  8500.00        3.526971E+13   4.6018E-07   4.6020E-07   0.99997
FLUX 1176  8540.00        3.510451E+13   4.5600E-07   4.5604E-07   0.99992
FLUX 1177  8580.00        3.494085E+13   4.5190E-07   4.5194E-07   0.99992
FLUX 1178  8620.00        3.477871E+13   4.4781E-07   4.4789E-07   0.99983
FLUX 1179  8660.00        3.461807E+13   4.4386E-07   4.4389E-07   0.99992
FLUX 1180  8700.00        3.445891E+13   4.3994E-07   4.3995E-07   0.99998
FLUX 1181  8740.00        3.430120E+13   4.3529E-07   4.3606E-07   0.99822
FLUX 1182  8780.00        3.414493E+13   4.3152E-07   4.3222E-07   0.99836
FLUX 1183  8820.00        3.399008E+13   4.2830E-07   4.2844E-07   0.99968
FLUX 1184  8860.00        3.383663E+13   4.2452E-07   4.2470E-07   0.99958
FLUX 1185  8900.00        3.368455E+13   4.2082E-07   4.2101E-07   0.99956
FLUX 1186  8940.00        3.353384E+13   4.1728E-07   4.1737E-07   0.99979
FLUX 1187  8980.00        3.338447E+13   4.1352E-07   4.1377E-07   0.99940
FLUX 1188  9020.00        3.323642E+13   4.1011E-07   4.1022E-07   0.99972
FLUX 1189  9060.00        3.308968E+13   4.0671E-07   4.0672E-07   0.99999
FLUX 1190  9100.00        3.294423E+13   4.0306E-07   4.0326E-07   0.99952
FLUX 1191  9140.00        3.280005E+13   3.9968E-07   3.9984E-07   0.99959
FLUX 1192  9180.00        3.265714E+13   3.9643E-07   3.9647E-07   0.99989
FLUX 1193  9220.00        3.251546E+13   3.9313E-07   3.9314E-07   0.99998
FLUX 1194  9260.00        3.237500E+13   3.8982E-07   3.8986E-07   0.99991
FLUX 1195  9300.00        3.223575E+13   3.8660E-07   3.8661E-07   0.99999
FLUX 1196  9340.00        3.209770E+13   3.8336E-07   3.8340E-07   0.99989
FLUX 1197  9380.00        3.196082E+13   3.8004E-07   3.8024E-07   0.99949
FLUX 1198  9420.00        3.182511E+13   3.7710E-07   3.7711E-07   0.99997
FLUX 1199  9460.00        3.169054E+13   3.7397E-07   3.7402E-07   0.99988
FLUX 1200  9500.00        3.155711E+13   3.7096E-07   3.7097E-07   0.99997
FLUX 1201  9540.00        3.142479E+13   3.6785E-07   3.6795E-07   0.99973
FLUX 1202  9580.00        3.129358E+13   3.6493E-07   3.6498E-07   0.99987
FLUX 1203  9620.00        3.116346E+13   3.6192E-07   3.6203E-07   0.99969
FLUX 1204  9660.00        3.103442E+13   3.5908E-07   3.5913E-07   0.99987
FLUX 1205  9700.00        3.090644E+13   3.5625E-07   3.5625E-07   0.99998
FLUX 1206  9740.00        3.077952E+13   3.5316E-07   3.5342E-07   0.99928
FLUX 1207  9780.00        3.065363E+13   3.5047E-07   3.5061E-07   0.99960
FLUX 1208  9820.00        3.052877E+13   3.4779E-07   3.4784E-07   0.99985
FLUX 1209  9860.00        3.040492E+13   3.4507E-07   3.4510E-07   0.99991
FLUX 1210  9900.00        3.028207E+13   3.4237E-07   3.4240E-07   0.99992
FLUX 1211  9940.00        3.016021E+13   3.3962E-07   3.3972E-07   0.99968
FLUX 1212  9980.00        3.003933E+13   3.3704E-07   3.3708E-07   0.99987
FLUX 1213 10020.00        2.991941E+13   3.3442E-07   3.3447E-07   0.99987
FLUX 1214 20000.00        1.498963E+13   8.5938E-08   8.5939E-08   0.99998
FLUX 1215 40000.00        7.494813E+12   2.1526E-08   2.1526E-08   0.99999
FLUX 1216 60000.00        4.996542E+12   9.5120E-09   9.5120E-09   1.00000
FLUX 1217 80000.00        3.747406E+12   5.3173E-09   5.3173E-09   1.00000
FLUX 1218100000.00        2.997925E+12   3.3837E-09   3.3837E-09   1.00000
FLUX 1219120000.00        2.498271E+12   2.3378E-09   2.3378E-09   1.00000
FLUX 1220140000.00        2.141375E+12   1.7097E-09   1.7097E-09   1.00000
FLUX 1221160000.00        1.873703E+12   1.3037E-09   1.3037E-09   1.00000
FLUX
