TEFF   5750.  GRAVITY 1.00000 LTE 
TITLE  [0.0] VTURB=2  L/H=1.25 NOVER NEW ODF                                    
FLUX    1     9.09        3.298047E+16   2.5000E-39   2.5000E-39   1.00000
FLUX    2     9.35        3.206337E+16   9.8719-191   9.8721-191   0.99998
FLUX    3     9.61        3.119589E+16   1.2545-185   1.2545-185   0.99998
FLUX    4     9.77        3.068500E+16   1.2694-182   1.2694-182   0.99998
FLUX    5     9.96        3.009965E+16   3.5169-179   3.5170-179   0.99998
FLUX    6    10.20        2.939142E+16   5.1239-175   5.1240-175   0.99998
FLUX    7    10.38        2.888174E+16   5.0708-172   5.0709-172   0.99998
FLUX    8    10.56        2.838944E+16   3.9597-169   3.9598-169   0.99998
FLUX    9    10.77        2.783589E+16   7.0625-166   7.0627-166   0.99998
FLUX   10    11.04        2.715512E+16   7.0195-162   7.0196-162   0.99998
FLUX   11    11.40        2.629759E+16   7.5662-157   7.5664-157   0.99998
FLUX   12    11.78        2.544928E+16   7.1603-152   7.1604-152   0.99998
FLUX   13    12.13        2.471496E+16   1.4451-147   1.4451-147   0.99998
FLUX   14    12.48        2.402184E+16   1.6632-143   1.6632-143   0.99998
FLUX   15    12.71        2.358714E+16   5.8462-141   5.8463-141   0.99998
FLUX   16    12.84        2.334833E+16   1.4631-139   1.4631-139   0.99998
FLUX   17    13.05        2.297260E+16   2.3165-137   2.3165-137   0.99998
FLUX   18    13.24        2.264294E+16   1.9679-135   1.9680-135   0.99998
FLUX   19    13.39        2.238928E+16   5.9993-134   5.9994-134   0.99998
FLUX   20    13.66        2.194674E+16   2.3255-131   2.3255-131   0.99998
FLUX   21    13.98        2.144439E+16   2.0120-128   2.0121-128   0.99998
FLUX   22    14.33        2.092062E+16   2.3110-125   2.3111-125   0.99998
FLUX   23    14.72        2.036634E+16   3.9869-122   3.9869-122   0.99998
FLUX   24    15.10        1.985381E+16   3.9086-119   3.9087-119   0.99998
FLUX   25    15.52        1.931653E+16   5.3218-116   5.3218-116   0.99998
FLUX   26    15.88        1.887862E+16   1.8987-113   1.8988-113   0.99998
FLUX   27    16.20        1.850571E+16   2.8248-111   2.8249-111   0.99998
FLUX   28    16.60        1.805979E+16   1.1157-108   1.1157-108   0.99998
FLUX   29    17.03        1.760379E+16   5.0251-106   5.0252-106   0.99998
FLUX   30    17.34        1.728907E+16   3.3992-104   3.3992-104   0.99998
FLUX   31    17.68        1.695659E+16   2.9108-102   2.9109-102   0.99998
FLUX   32    18.02        1.663665E+16   2.1029-100   2.1029-100   0.99998
FLUX   33    18.17        1.649931E+16   1.3196E-99   1.3196E-99   0.99998
FLUX   34    18.61        1.610921E+16   2.4279E-97   2.4280E-97   0.99998
FLUX   35    19.10        1.569594E+16   6.0633E-95   6.0634E-95   0.99998
FLUX   36    19.39        1.546119E+16   1.3896E-93   1.3896E-93   0.99998
FLUX   37    19.84        1.511051E+16   1.4922E-91   1.4922E-91   0.99998
FLUX   38    20.18        1.485592E+16   4.4480E-90   4.4481E-90   0.99998
FLUX   39    20.50        1.462402E+16   9.7958E-89   9.7960E-89   0.99998
FLUX   40    21.05        1.424192E+16   1.5866E-86   1.5866E-86   0.99998
FLUX   41    21.62        1.386644E+16   2.3441E-84   2.3441E-84   0.99998
FLUX   42    21.98        1.363933E+16   4.8013E-83   4.8014E-83   0.99998
FLUX   43    22.30        1.344361E+16   6.4577E-82   6.4578E-82   0.99998
FLUX   44    22.68        1.321836E+16   1.2850E-80   1.2850E-80   0.99998
FLUX   45    23.00        1.303446E+16   1.4768E-79   1.4768E-79   0.99998
FLUX   46    23.40        1.281165E+16   2.8335E-78   2.8335E-78   0.99998
FLUX   47    24.00        1.249135E+16   1.9742E-76   1.9742E-76   0.99998
FLUX   48    24.65        1.216197E+16   1.5465E-74   1.5465E-74   0.99998
FLUX   49    25.24        1.187767E+16   6.6472E-73   6.6473E-73   0.99998
FLUX   50    25.68        1.167416E+16   9.7940E-72   9.7942E-72   0.99998
FLUX   51    26.00        1.153048E+16   6.5367E-71   6.5368E-71   0.99998
FLUX   52    26.40        1.135578E+16   6.5648E-70   6.5649E-70   0.99998
FLUX   53    26.85        1.116546E+16   8.0781E-69   8.0782E-69   0.99998
FLUX   54    27.35        1.096133E+16   1.1898E-67   1.1898E-67   0.99998
FLUX   55    27.85        1.076454E+16   1.5902E-66   1.5902E-66   0.99998
FLUX   56    28.40        1.055607E+16   2.4713E-65   2.4713E-65   0.99998
FLUX   57    29.00        1.033767E+16   4.3637E-64   4.3638E-64   0.99998
FLUX   58    29.60        1.012812E+16   6.8305E-63   6.8306E-63   0.99998
FLUX   59    30.10        9.959883E+15   6.2139E-62   6.2148E-62   0.99986
FLUX   60    30.80        9.733523E+15   1.2085E-60   1.2085E-60   0.99998
FLUX   61    31.80        9.427437E+15   6.6448E-59   6.6449E-59   0.99998
FLUX   62    32.80        9.140015E+15   2.8446E-57   2.8447E-57   0.99998
FLUX   63    33.80        8.869601E+15   9.6864E-56   9.6865E-56   0.99998
FLUX   64    34.80        8.614727E+15   2.6801E-54   2.6802E-54   0.99998
FLUX   65    35.70        8.397549E+15   4.5137E-53   4.5138E-53   0.99998
FLUX   66    36.60        8.191052E+15   6.6009E-52   6.6010E-52   0.99998
FLUX   67    37.50        7.994467E+15   8.4469E-51   8.4471E-51   0.99998
FLUX   68    38.50        7.786818E+15   1.2427E-49   1.2428E-49   0.99998
FLUX   69    39.50        7.589683E+15   1.5879E-48   1.5880E-48   0.99998
FLUX   70    40.50        7.402284E+15   1.7824E-47   1.7824E-47   0.99998
FLUX   71    41.40        7.241364E+15   1.4176E-46   1.4177E-46   0.99998
FLUX   72    42.20        7.104087E+15   8.2897E-46   8.2899E-46   0.99998
FLUX   73    43.00        6.971919E+15   4.5294E-45   4.5295E-45   0.99998
FLUX   74    44.10        6.798016E+15   4.2165E-44   4.2166E-44   0.99998
FLUX   75    45.10        6.647284E+15   2.9046E-43   2.9046E-43   0.99998
FLUX   76    46.00        6.517228E+15   1.5318E-42   1.5318E-42   0.99998
FLUX   77    47.00        6.378564E+15   8.9962E-42   8.9964E-42   0.99998
FLUX   78    48.00        6.245677E+15   4.8919E-41   4.8919E-41   0.99998
FLUX   79    49.00        6.118214E+15   2.4771E-40   2.4771E-40   0.99998
FLUX   80    50.00        5.995850E+15   1.1714E-39   1.1714E-39   0.99998
FLUX   81    50.60        5.924753E+15   3.8391E-39   4.3761E-39   0.87729
FLUX   82    51.20        5.855322E+15   1.0377E-38   1.0502E-38   0.98810
FLUX   83    52.00        5.765240E+15   3.2346E-38   3.2655E-38   0.99055
FLUX   84    53.00        5.656462E+15   1.2820E-37   1.2820E-37   0.99998
FLUX   85    54.00        5.551713E+15   4.7461E-37   4.7737E-37   0.99423
FLUX   86    55.00        5.450773E+15   1.6917E-36   1.6917E-36   0.99997
FLUX   87    56.00        5.353437E+15   5.7175E-36   5.7176E-36   0.99998
FLUX   88    57.00        5.259517E+15   1.8477E-35   1.8477E-35   0.99998
FLUX   89    58.00        5.168836E+15   5.6604E-35   5.7244E-35   0.98881
FLUX   90    59.00        5.081229E+15   1.7021E-34   1.7028E-34   0.99956
FLUX   91    60.00        4.996542E+15   4.8725E-34   4.8753E-34   0.99943
FLUX   92    61.00        4.914631E+15   1.3460E-33   1.3460E-33   0.99998
FLUX   93    62.00        4.835363E+15   3.5894E-33   3.5899E-33   0.99986
FLUX   94    63.00        4.758611E+15   9.2640E-33   9.2649E-33   0.99991
FLUX   95    64.00        4.684258E+15   2.3184E-32   2.3187E-32   0.99989
FLUX   96    65.00        4.612192E+15   5.6325E-32   5.6327E-32   0.99997
FLUX   97    65.80        4.556117E+15   1.1224E-31   1.1225E-31   0.99991
FLUX   98    66.50        4.508158E+15   2.0204E-31   2.0227E-31   0.99888
FLUX   99    67.50        4.441370E+15   4.5833E-31   4.5871E-31   0.99918
FLUX  100    68.50        4.376533E+15   1.0141E-30   1.0142E-30   0.99989
FLUX  101    69.50        4.313561E+15   2.1886E-30   2.1888E-30   0.99993
FLUX  102    70.50        4.252376E+15   4.5988E-30   4.6151E-30   0.99646
FLUX  103    71.60        4.187046E+15   1.0219E-29   1.0220E-29   0.99988
FLUX  104    72.60        4.129373E+15   2.0590E-29   2.0590E-29   0.99998
FLUX  105    73.50        4.078809E+15   3.8014E-29   3.8020E-29   0.99984
FLUX  106    74.50        4.024060E+15   7.3741E-29   7.3788E-29   0.99936
FLUX  107    75.50        3.970762E+15   1.4041E-28   1.4054E-28   0.99905
FLUX  108    76.50        3.918856E+15   2.6283E-28   2.6292E-28   0.99965
FLUX  109    77.50        3.868290E+15   4.8301E-28   4.8342E-28   0.99917
FLUX  110    78.50        3.819013E+15   8.7416E-28   8.7418E-28   0.99998
FLUX  111    79.50        3.770975E+15   1.5424E-27   1.5557E-27   0.99144
FLUX  112    80.50        3.724130E+15   2.7163E-27   2.7265E-27   0.99625
FLUX  113    81.50        3.678436E+15   4.7054E-27   4.7081E-27   0.99944
FLUX  114    82.50        3.633848E+15   8.0134E-27   8.0160E-27   0.99968
FLUX  115    83.50        3.590329E+15   1.3463E-26   1.3465E-26   0.99985
FLUX  116    84.50        3.547840E+15   2.2317E-26   2.2320E-26   0.99987
FLUX  117    85.50        3.506345E+15   3.6535E-26   3.6536E-26   0.99997
FLUX  118    86.50        3.465809E+15   5.9061E-26   5.9066E-26   0.99991
FLUX  119    87.50        3.426200E+15   9.4161E-26   9.4364E-26   0.99785
FLUX  120    88.50        3.387486E+15   1.4903E-25   1.4905E-25   0.99983
FLUX  121    89.50        3.349637E+15   2.3284E-25   2.3286E-25   0.99992
FLUX  122    90.50        3.312624E+15   3.5972E-25   3.5991E-25   0.99947
FLUX  123    91.50        3.276421E+15   1.2035E-21   3.0049E-21   0.40052
FLUX  124    92.50        3.241000E+15   4.5042E-21   4.7415E-21   0.94995
FLUX  125    93.50        3.206337E+15   7.0365E-21   7.4065E-21   0.95004
FLUX  126    94.50        3.172407E+15   1.0887E-20   1.1457E-20   0.95023
FLUX  127    95.50        3.139188E+15   1.7264E-20   1.7556E-20   0.98338
FLUX  128    96.50        3.106658E+15   2.6208E-20   2.6650E-20   0.98341
FLUX  129    97.50        3.074795E+15   3.9420E-20   4.0089E-20   0.98331
FLUX  130    98.50        3.043579E+15   5.8850E-20   5.9847E-20   0.98335
FLUX  131    99.50        3.012990E+15   8.7069E-20   8.8544E-20   0.98333
FLUX  132   100.50        2.983010E+15   1.2994E-19   1.2994E-19   0.99999
FLUX  133   101.50        2.953621E+15   1.8913E-19   1.8913E-19   0.99999
FLUX  134   102.50        2.924805E+15   2.5999E-19   2.7347E-19   0.95070
FLUX  135   103.50        2.896546E+15   3.9223E-19   3.9223E-19   0.99999
FLUX  136   104.50        2.868828E+15   5.5866E-19   5.5867E-19   0.99999
FLUX  137   105.50        2.841635E+15   7.9014E-19   7.9015E-19   0.99999
FLUX  138   106.50        2.814953E+15   1.0918E-18   1.1100E-18   0.98360
FLUX  139   107.50        2.788767E+15   1.5240E-18   1.5490E-18   0.98383
FLUX  140   108.50        2.763064E+15   2.1479E-18   2.1479E-18   0.99999
FLUX  141   109.50        2.737831E+15   2.9114E-18   2.9598E-18   0.98366
FLUX  142   110.50        2.713054E+15   6.6759E-18   2.7818E-17   0.23998
FLUX  143   111.50        2.688722E+15   2.5075E-17   4.1114E-17   0.60989
FLUX  144   112.50        2.664822E+15   4.0955E-17   5.8784E-17   0.69671
FLUX  145   113.50        2.641344E+15   6.2930E-17   8.1256E-17   0.77446
FLUX  146   114.50        2.618275E+15   8.9017E-17   1.0876E-16   0.81849
FLUX  147   115.50        2.595606E+15   1.0468E-16   1.4084E-16   0.74324
FLUX  148   116.50        2.573326E+15   1.5840E-16   1.7568E-16   0.90161
FLUX  149   117.50        2.551426E+15   1.9579E-16   2.0865E-16   0.93839
FLUX  150   118.50        2.529894E+15   2.2821E-16   3.4791E-16   0.65594
FLUX  151   119.50        2.508724E+15   1.0867E-16   4.4387E-16   0.24483
FLUX  152   120.50        2.487905E+15   1.1223E-16   5.6207E-16   0.19968
FLUX  153   121.50        2.467428E+15   6.4308E-17   7.0721E-16   0.09093
FLUX  154   122.50        2.447286E+15   1.6891E-16   8.9607E-16   0.18850
FLUX  155   123.50        2.427470E+15   4.0767E-16   1.1156E-15   0.36542
FLUX  156   124.50        2.407972E+15   9.3844E-16   1.3081E-15   0.71739
FLUX  157   125.50        2.388785E+15   1.8633E-15   2.2716E-15   0.82027
FLUX  158   126.50        2.369901E+15   2.0148E-15   3.4244E-15   0.58837
FLUX  159   127.50        2.351314E+15   3.2756E-15   4.6274E-15   0.70787
FLUX  160   128.50        2.333016E+15   4.6148E-15   6.1008E-15   0.75642
FLUX  161   129.50        2.315000E+15   6.2705E-15   7.7255E-15   0.81167
FLUX  162   130.50        2.297261E+15   5.5620E-15   9.6544E-15   0.57611
FLUX  163   131.50        2.279791E+15   8.8087E-15   1.1865E-14   0.74239
FLUX  164   132.50        2.262585E+15   1.0230E-14   1.4453E-14   0.70785
FLUX  165   133.50        2.245637E+15   1.2666E-14   1.7448E-14   0.72591
FLUX  166   134.50        2.228940E+15   1.4911E-14   2.0932E-14   0.71238
FLUX  167   135.50        2.212491E+15   1.7442E-14   2.5067E-14   0.69583
FLUX  168   136.50        2.196282E+15   1.9622E-14   3.0064E-14   0.65269
FLUX  169   137.50        2.180309E+15   2.2489E-14   3.5896E-14   0.62651
FLUX  170   138.50        2.164567E+15   2.6502E-14   4.2697E-14   0.62069
FLUX  171   139.50        2.149050E+15   3.1048E-14   5.0597E-14   0.61363
FLUX  172   140.50        2.133754E+15   3.7935E-14   5.9771E-14   0.63468
FLUX  173   141.50        2.118675E+15   4.3190E-14   7.0379E-14   0.61368
FLUX  174   142.50        2.103807E+15   4.9025E-14   8.2650E-14   0.59316
FLUX  175   143.50        2.089146E+15   5.7290E-14   9.6774E-14   0.59200
FLUX  176   144.20        2.079005E+15   7.4650E-14   1.0792E-13   0.69175
FLUX  177   144.70        2.071821E+15   7.0025E-14   1.1689E-13   0.59907
FLUX  178   145.50        2.060430E+15   8.4403E-14   1.3204E-13   0.63921
FLUX  179   146.50        2.046365E+15   1.0175E-13   1.5346E-13   0.66305
FLUX  180   147.50        2.032492E+15   1.0505E-13   1.7792E-13   0.59044
FLUX  181   148.50        2.018805E+15   1.2789E-13   2.0582E-13   0.62138
FLUX  182   149.50        2.005301E+15   1.7047E-13   2.3757E-13   0.71754
FLUX  183   150.50        1.991977E+15   2.1157E-13   2.7362E-13   0.77324
FLUX  184   151.20        1.982755E+15   1.7798E-13   3.0170E-13   0.58992
FLUX  185   151.70        1.976220E+15   2.3391E-13   3.9783E-13   0.58798
FLUX  186   152.50        1.965852E+15   3.3427E-13   1.1789E-12   0.28355
FLUX  187   153.50        1.953046E+15   9.2398E-13   4.4035E-12   0.20983
FLUX  188   154.50        1.940405E+15   1.0287E-12   5.0693E-12   0.20292
FLUX  189   155.50        1.927926E+15   1.5101E-12   5.8160E-12   0.25965
FLUX  190   156.50        1.915607E+15   1.4025E-12   6.6606E-12   0.21057
FLUX  191   157.50        1.903444E+15   2.6470E-12   8.4146E-12   0.31457
FLUX  192   158.50        1.891435E+15   3.4677E-12   9.5759E-12   0.36213
FLUX  193   159.50        1.879577E+15   4.3588E-12   1.0870E-11   0.40099
FLUX  194   160.50        1.867866E+15   4.6409E-12   1.2302E-11   0.37726
FLUX  195   161.50        1.856300E+15   5.0434E-12   1.3882E-11   0.36331
FLUX  196   162.50        1.844877E+15   5.8453E-12   1.6041E-11   0.36439
FLUX  197   163.50        1.833593E+15   6.5854E-12   1.8044E-11   0.36496
FLUX  198   164.50        1.822447E+15   9.6434E-12   2.0252E-11   0.47618
FLUX  199   165.50        1.811435E+15   4.5209E-12   2.2683E-11   0.19931
FLUX  200   166.50        1.800556E+15   1.0377E-11   2.5347E-11   0.40941
FLUX  201   167.20        1.793017E+15   5.8823E-12   2.7364E-11   0.21496
FLUX  202   167.70        1.787671E+15   1.1640E-11   5.2770E-11   0.22058
FLUX  203   168.50        1.779184E+15   2.1608E-11   1.4323E-10   0.15086
FLUX  204   169.50        1.768687E+15   3.5667E-11   1.6107E-10   0.22143
FLUX  205   170.50        1.758314E+15   3.7093E-11   1.8101E-10   0.20493
FLUX  206   171.50        1.748061E+15   4.3428E-11   2.6669E-10   0.16284
FLUX  207   172.50        1.737928E+15   5.5999E-11   2.9998E-10   0.18667
FLUX  208   173.50        1.727911E+15   7.1378E-11   3.3454E-10   0.21336
FLUX  209   174.50        1.718009E+15   8.5338E-11   3.7380E-10   0.22830
FLUX  210   175.50        1.708219E+15   1.2366E-10   4.1485E-10   0.29808
FLUX  211   176.50        1.698541E+15   1.2946E-10   4.5861E-10   0.28229
FLUX  212   177.50        1.688972E+15   1.3287E-10   5.0600E-10   0.26259
FLUX  213   178.50        1.679510E+15   1.6094E-10   5.5741E-10   0.28872
FLUX  214   179.50        1.670153E+15   2.2274E-10   6.1159E-10   0.36420
FLUX  215   180.50        1.660900E+15   1.7726E-10   6.7003E-10   0.26456
FLUX  216   181.50        1.651749E+15   2.0357E-10   7.3231E-10   0.27798
FLUX  217   182.50        1.642699E+15   2.1137E-10   7.9910E-10   0.26451
FLUX  218   183.50        1.633747E+15   3.0452E-10   8.6882E-10   0.35049
FLUX  219   184.50        1.624892E+15   2.6419E-10   9.4331E-10   0.28007
FLUX  220   185.50        1.616132E+15   3.6007E-10   1.0240E-09   0.35164
FLUX  221   186.50        1.607466E+15   4.2288E-10   1.1076E-09   0.38179
FLUX  222   187.50        1.598893E+15   4.7267E-10   1.2656E-09   0.37346
FLUX  223   188.50        1.590411E+15   5.3699E-10   1.3597E-09   0.39494
FLUX  224   189.50        1.582018E+15   6.6707E-10   1.4586E-09   0.45734
FLUX  225   190.50        1.573714E+15   6.2853E-10   1.5610E-09   0.40264
FLUX  226   191.50        1.565496E+15   7.3969E-10   1.6682E-09   0.44340
FLUX  227   192.50        1.557364E+15   7.4784E-10   1.7808E-09   0.41994
FLUX  228   193.50        1.549315E+15   5.5519E-10   1.8989E-09   0.29237
FLUX  229   194.50        1.541350E+15   1.0781E-09   2.0226E-09   0.53304
FLUX  230   195.50        1.533465E+15   1.1647E-09   2.1518E-09   0.54128
FLUX  231   196.70        1.524110E+15   1.4741E-09   2.3152E-09   0.63671
FLUX  232   197.60        1.517168E+15   1.4845E-09   2.6790E-09   0.55412
FLUX  233   198.40        1.511051E+15   1.5829E-09   2.8107E-09   0.56318
FLUX  234   199.50        1.502719E+15   1.7072E-09   3.1620E-09   0.53991
FLUX  235   200.50        1.495224E+15   1.7830E-09   3.3538E-09   0.53163
FLUX  236   201.50        1.487804E+15   1.8038E-09   3.5580E-09   0.50697
FLUX  237   202.50        1.480457E+15   1.6070E-09   3.7707E-09   0.42619
FLUX  238   203.50        1.473182E+15   2.2684E-09   3.9900E-09   0.56853
FLUX  239   204.50        1.465978E+15   2.6365E-09   4.2215E-09   0.62455
FLUX  240   205.50        1.458844E+15   2.3690E-09   4.4609E-09   0.53106
FLUX  241   206.50        1.451780E+15   2.2837E-09   4.7084E-09   0.48502
FLUX  242   207.40        1.445480E+15   3.1744E-09   4.9378E-09   0.64286
FLUX  243   207.80        1.442697E+15   4.0900E-09   2.7884E-08   0.14668
FLUX  244   208.50        1.437854E+15   4.5535E-09   2.9017E-08   0.15692
FLUX  245   209.50        1.430990E+15   6.2778E-09   3.0658E-08   0.20477
FLUX  246   210.50        1.424192E+15   8.1823E-09   3.2296E-08   0.25335
FLUX  247   211.50        1.417459E+15   8.6299E-09   3.3921E-08   0.25441
FLUX  248   212.50        1.410788E+15   7.0850E-09   3.5560E-08   0.19924
FLUX  249   213.50        1.404180E+15   6.2836E-09   3.7231E-08   0.16878
FLUX  250   214.50        1.397634E+15   9.5763E-09   3.8914E-08   0.24609
FLUX  251   215.50        1.391148E+15   1.1154E-08   4.0651E-08   0.27439
FLUX  252   216.50        1.384723E+15   8.4248E-09   4.2461E-08   0.19841
FLUX  253   217.50        1.378356E+15   9.8852E-09   4.4323E-08   0.22303
FLUX  254   218.50        1.372048E+15   1.2473E-08   4.6269E-08   0.26957
FLUX  255   219.50        1.365797E+15   1.5148E-08   4.8310E-08   0.31356
FLUX  256   220.50        1.359603E+15   1.3243E-08   5.0456E-08   0.26247
FLUX  257   221.50        1.353465E+15   8.5338E-09   5.2713E-08   0.16189
FLUX  258   222.50        1.347382E+15   1.0042E-08   5.6045E-08   0.17918
FLUX  259   223.50        1.341353E+15   1.7929E-08   5.8485E-08   0.30656
FLUX  260   224.50        1.335379E+15   1.5621E-08   6.1036E-08   0.25593
FLUX  261   225.50        1.329457E+15   9.5999E-09   7.1017E-08   0.13518
FLUX  262   226.50        1.323587E+15   7.7654E-09   7.3613E-08   0.10549
FLUX  263   227.50        1.317769E+15   1.4581E-08   7.6275E-08   0.19116
FLUX  264   228.50        1.312002E+15   1.6659E-08   7.8948E-08   0.21101
FLUX  265   229.50        1.306285E+15   1.6854E-08   8.1666E-08   0.20638
FLUX  266   230.50        1.300618E+15   1.9570E-08   8.4435E-08   0.23177
FLUX  267   231.50        1.295000E+15   1.5555E-08   8.7271E-08   0.17824
FLUX  268   232.50        1.289430E+15   1.3144E-08   9.0178E-08   0.14576
FLUX  269   233.50        1.283908E+15   5.6995E-09   9.5073E-08   0.05995
FLUX  270   234.50        1.278433E+15   4.1184E-09   9.7998E-08   0.04203
FLUX  271   235.50        1.273004E+15   8.8017E-09   1.0098E-07   0.08717
FLUX  272   236.50        1.267622E+15   4.4680E-09   1.0402E-07   0.04295
FLUX  273   237.50        1.262284E+15   6.6232E-09   1.0714E-07   0.06182
FLUX  274   238.50        1.256992E+15   3.3522E-09   1.1037E-07   0.03037
FLUX  275   239.50        1.251743E+15   4.8685E-09   1.1364E-07   0.04284
FLUX  276   240.50        1.246538E+15   4.8305E-09   1.1693E-07   0.04131
FLUX  277   241.50        1.241377E+15   8.3078E-09   1.2028E-07   0.06907
FLUX  278   242.50        1.236258E+15   2.2345E-08   1.2371E-07   0.18063
FLUX  279   243.50        1.231181E+15   2.6045E-08   1.2721E-07   0.20475
FLUX  280   244.50        1.226145E+15   3.3064E-08   1.3398E-07   0.24678
FLUX  281   245.50        1.221151E+15   3.5460E-08   1.3752E-07   0.25785
FLUX  282   246.50        1.216197E+15   2.9656E-08   1.4110E-07   0.21018
FLUX  283   247.50        1.211283E+15   2.6490E-08   1.4468E-07   0.18310
FLUX  284   248.50        1.206408E+15   1.9337E-08   1.4832E-07   0.13037
FLUX  285   249.50        1.201573E+15   2.5670E-08   1.5203E-07   0.16885
FLUX  286   250.50        1.196776E+15   4.0433E-08   1.5843E-07   0.25521
FLUX  287   251.30        1.192967E+15   2.1501E-08   1.6139E-07   0.13323
FLUX  288   251.80        1.190598E+15   1.8726E-08   3.4481E-07   0.05431
FLUX  289   252.50        1.187297E+15   1.6456E-08   3.5083E-07   0.04691
FLUX  290   253.50        1.182613E+15   2.2375E-08   3.5950E-07   0.06224
FLUX  291   254.50        1.177967E+15   2.8208E-08   3.6820E-07   0.07661
FLUX  292   255.50        1.173356E+15   4.8726E-08   3.7705E-07   0.12923
FLUX  293   256.50        1.168782E+15   2.5427E-08   3.8603E-07   0.06587
FLUX  294   257.50        1.164243E+15   3.3828E-08   3.9516E-07   0.08560
FLUX  295   258.50        1.159739E+15   2.1247E-08   4.0444E-07   0.05254
FLUX  296   259.50        1.155270E+15   1.7071E-08   4.1386E-07   0.04125
FLUX  297   260.50        1.150835E+15   1.3220E-08   4.2341E-07   0.03122
FLUX  298   261.50        1.146434E+15   1.2728E-08   4.3295E-07   0.02940
FLUX  299   262.50        1.142067E+15   1.7825E-08   4.4265E-07   0.04027
FLUX  300   263.50        1.137732E+15   4.1560E-08   4.5544E-07   0.09125
FLUX  301   264.50        1.133431E+15   1.0133E-07   4.6532E-07   0.21776
FLUX  302   265.50        1.129162E+15   1.3808E-07   4.7535E-07   0.29048
FLUX  303   266.50        1.124925E+15   8.3437E-08   4.8551E-07   0.17185
FLUX  304   267.50        1.120720E+15   9.8701E-08   4.9582E-07   0.19907
FLUX  305   268.50        1.116546E+15   1.1364E-07   5.0619E-07   0.22450
FLUX  306   269.50        1.112403E+15   9.1972E-08   5.1660E-07   0.17803
FLUX  307   270.50        1.108290E+15   1.1494E-07   5.3056E-07   0.21664
FLUX  308   271.50        1.104208E+15   6.4901E-08   5.4110E-07   0.11994
FLUX  309   272.50        1.100156E+15   6.0905E-08   5.5176E-07   0.11038
FLUX  310   273.50        1.096133E+15   6.0677E-08   5.6254E-07   0.10786
FLUX  311   274.50        1.092140E+15   2.6085E-08   5.7344E-07   0.04549
FLUX  312   275.50        1.088176E+15   3.6995E-08   5.8447E-07   0.06330
FLUX  313   276.50        1.084240E+15   5.0543E-08   5.9555E-07   0.08487
FLUX  314   277.50        1.080333E+15   5.4110E-08   6.0665E-07   0.08919
FLUX  315   278.50        1.076454E+15   3.4303E-08   6.1787E-07   0.05552
FLUX  316   279.50        1.072603E+15   1.0768E-08   6.2922E-07   0.01711
FLUX  317   280.50        1.068779E+15   1.4195E-08   6.4067E-07   0.02216
FLUX  318   281.50        1.064982E+15   4.8138E-08   6.5224E-07   0.07380
FLUX  319   282.50        1.061212E+15   8.2928E-08   6.6393E-07   0.12490
FLUX  320   283.50        1.057469E+15   1.0316E-07   6.7576E-07   0.15266
FLUX  321   284.50        1.053752E+15   1.1276E-07   6.8770E-07   0.16396
FLUX  322   285.50        1.050061E+15   7.4463E-08   6.9964E-07   0.10643
FLUX  323   286.50        1.046396E+15   1.3894E-07   7.1165E-07   0.19523
FLUX  324   287.50        1.042757E+15   1.7675E-07   7.2376E-07   0.24421
FLUX  325   288.50        1.039142E+15   1.8056E-07   7.3599E-07   0.24532
FLUX  326   289.50        1.035553E+15   1.9605E-07   7.4831E-07   0.26199
FLUX  327   291.00        1.030215E+15   2.7414E-07   7.6933E-07   0.35633
FLUX  328   293.00        1.023183E+15   2.5139E-07   7.9440E-07   0.31645
FLUX  329   295.00        1.016246E+15   2.4106E-07   8.2015E-07   0.29392
FLUX  330   297.00        1.009402E+15   3.1267E-07   8.4562E-07   0.36976
FLUX  331   299.00        1.002650E+15   3.1470E-07   8.7149E-07   0.36110
FLUX  332   301.00        9.959884E+14   3.6375E-07   8.9776E-07   0.40517
FLUX  333   303.00        9.894142E+14   3.7616E-07   9.2440E-07   0.40692
FLUX  334   305.00        9.829262E+14   4.0344E-07   9.5119E-07   0.42414
FLUX  335   307.00        9.765228E+14   3.6889E-07   9.7819E-07   0.37711
FLUX  336   309.00        9.702023E+14   4.4144E-07   1.0076E-06   0.43812
FLUX  337   311.00        9.639630E+14   4.4451E-07   1.0350E-06   0.42950
FLUX  338   313.00        9.578035E+14   4.3988E-07   1.0632E-06   0.41374
FLUX  339   315.00        9.517222E+14   4.6047E-07   1.0909E-06   0.42210
FLUX  340   317.00        9.457177E+14   4.7144E-07   1.1187E-06   0.42141
FLUX  341   319.00        9.397884E+14   4.2602E-07   1.1468E-06   0.37149
FLUX  342   321.00        9.339330E+14   5.1130E-07   1.1751E-06   0.43509
FLUX  343   323.00        9.281501E+14   3.8241E-07   1.2043E-06   0.31753
FLUX  344   325.00        9.224385E+14   5.3433E-07   1.2330E-06   0.43334
FLUX  345   327.00        9.167966E+14   6.4282E-07   1.2617E-06   0.50947
FLUX  346   329.00        9.112234E+14   6.3319E-07   1.2909E-06   0.49049
FLUX  347   331.00        9.057175E+14   6.6624E-07   1.3200E-06   0.50475
FLUX  348   333.00        9.002778E+14   6.4391E-07   1.3491E-06   0.47727
FLUX  349   335.00        8.949030E+14   6.2654E-07   1.3785E-06   0.45452
FLUX  350   337.00        8.895920E+14   5.8803E-07   1.4081E-06   0.41761
FLUX  351   339.00        8.843436E+14   6.6149E-07   1.4379E-06   0.46004
FLUX  352   341.00        8.791569E+14   7.4512E-07   1.4675E-06   0.50774
FLUX  353   343.00        8.740306E+14   7.8619E-07   1.4973E-06   0.52508
FLUX  354   345.00        8.689638E+14   8.3522E-07   1.5274E-06   0.54683
FLUX  355   347.00        8.639553E+14   8.1726E-07   1.5576E-06   0.52470
FLUX  356   349.00        8.590043E+14   8.4048E-07   1.5879E-06   0.52929
FLUX  357   351.00        8.541097E+14   9.2160E-07   1.6183E-06   0.56947
FLUX  358   353.00        8.492705E+14   9.0141E-07   1.6487E-06   0.54674
FLUX  359   355.00        8.444859E+14   1.0419E-06   1.6793E-06   0.62044
FLUX  360   357.00        8.397549E+14   8.8270E-07   1.7102E-06   0.51613
FLUX  361   359.00        8.350766E+14   9.1026E-07   1.7413E-06   0.52275
FLUX  362   361.00        8.304501E+14   9.4555E-07   1.7725E-06   0.53347
FLUX  363   363.00        8.258746E+14   1.0131E-06   1.8037E-06   0.56166
FLUX  364   364.00        8.236058E+14   1.0096E-06   1.8195E-06   0.55487
FLUX  365   365.00        8.213493E+14   1.1023E-06   4.8596E-06   0.22683
FLUX  366   367.00        8.168733E+14   1.1321E-06   4.9075E-06   0.23068
FLUX  367   369.00        8.124458E+14   1.2341E-06   4.9551E-06   0.24905
FLUX  368   371.00        8.080660E+14   1.4978E-06   5.0030E-06   0.29938
FLUX  369   373.00        8.037332E+14   1.6202E-06   5.0499E-06   0.32084
FLUX  370   375.00        7.994467E+14   1.9095E-06   5.0964E-06   0.37468
FLUX  371   377.00        7.952056E+14   2.0244E-06   5.1697E-06   0.39159
FLUX  372   379.00        7.910092E+14   2.2580E-06   5.2167E-06   0.43284
FLUX  373   381.00        7.868569E+14   2.4928E-06   5.2625E-06   0.47369
FLUX  374   383.00        7.827480E+14   1.9525E-06   5.3073E-06   0.36789
FLUX  375   385.00        7.786818E+14   2.2684E-06   5.3549E-06   0.42361
FLUX  376   387.00        7.746576E+14   2.3800E-06   5.3991E-06   0.44081
FLUX  377   389.00        7.706748E+14   2.1992E-06   5.4437E-06   0.40400
FLUX  378   391.00        7.667327E+14   2.1004E-06   5.4881E-06   0.38271
FLUX  379   393.00        7.628308E+14   6.4908E-07   5.5321E-06   0.11733
FLUX  380   395.00        7.589683E+14   1.3016E-06   5.5757E-06   0.23344
FLUX  381   397.00        7.551448E+14   7.6471E-07   5.6187E-06   0.13610
FLUX  382   399.00        7.513596E+14   2.5137E-06   5.6611E-06   0.44403
FLUX  383   401.00        7.476122E+14   3.1615E-06   5.7062E-06   0.55405
FLUX  384   403.00        7.439020E+14   3.2903E-06   5.7488E-06   0.57235
FLUX  385   405.00        7.402284E+14   3.2624E-06   5.7910E-06   0.56336
FLUX  386   407.00        7.365909E+14   3.2517E-06   5.8327E-06   0.55749
FLUX  387   409.00        7.329890E+14   3.7220E-06   5.8740E-06   0.63364
FLUX  388   411.00        7.294221E+14   3.5822E-06   5.9149E-06   0.60562
FLUX  389   413.00        7.258898E+14   3.7232E-06   5.9553E-06   0.62518
FLUX  390   415.00        7.223916E+14   3.9890E-06   5.9957E-06   0.66531
FLUX  391   417.00        7.189269E+14   3.8303E-06   6.0357E-06   0.63460
FLUX  392   419.00        7.154952E+14   3.8920E-06   6.0748E-06   0.64068
FLUX  393   421.00        7.120962E+14   3.9133E-06   6.1134E-06   0.64012
FLUX  394   423.00        7.087293E+14   3.8673E-06   6.1515E-06   0.62867
FLUX  395   425.00        7.053941E+14   4.0436E-06   6.1894E-06   0.65331
FLUX  396   427.00        7.020902E+14   3.9912E-06   6.2269E-06   0.64097
FLUX  397   429.00        6.988170E+14   3.7751E-06   6.2641E-06   0.60266
FLUX  398   431.00        6.955742E+14   3.3254E-06   6.3009E-06   0.52776
FLUX  399   433.00        6.923614E+14   4.2532E-06   6.3374E-06   0.67113
FLUX  400   435.00        6.891782E+14   4.0553E-06   6.3736E-06   0.63626
FLUX  401   437.00        6.860240E+14   4.6412E-06   6.4089E-06   0.72418
FLUX  402   439.00        6.828986E+14   4.4195E-06   6.4439E-06   0.68583
FLUX  403   441.00        6.798016E+14   4.4928E-06   6.4780E-06   0.69355
FLUX  404   443.00        6.767325E+14   4.5738E-06   6.5117E-06   0.70240
FLUX  405   445.00        6.736910E+14   4.6575E-06   6.5451E-06   0.71160
FLUX  406   447.00        6.706767E+14   4.9119E-06   6.5782E-06   0.74670
FLUX  407   449.00        6.676893E+14   5.0133E-06   6.6110E-06   0.75832
FLUX  408   451.00        6.647284E+14   5.5294E-06   6.6436E-06   0.83230
FLUX  409   453.00        6.617936E+14   5.0406E-06   6.6758E-06   0.75506
FLUX  410   455.00        6.588846E+14   5.1157E-06   6.7078E-06   0.76265
FLUX  411   457.00        6.560011E+14   5.5462E-06   6.7393E-06   0.82297
FLUX  412   459.00        6.531427E+14   5.2513E-06   6.7704E-06   0.77563
FLUX  413   461.00        6.503091E+14   5.6027E-06   6.8012E-06   0.82378
FLUX  414   463.00        6.475000E+14   5.5196E-06   6.8317E-06   0.80794
FLUX  415   465.00        6.447150E+14   5.6976E-06   6.8619E-06   0.83032
FLUX  416   467.00        6.419540E+14   5.8160E-06   6.8919E-06   0.84388
FLUX  417   469.00        6.392164E+14   5.7201E-06   6.9216E-06   0.82640
FLUX  418   471.00        6.365021E+14   5.5484E-06   6.9511E-06   0.79820
FLUX  419   473.00        6.338108E+14   5.9077E-06   6.9803E-06   0.84633
FLUX  420   475.00        6.311421E+14   6.0932E-06   7.0092E-06   0.86931
FLUX  421   477.00        6.284958E+14   6.1103E-06   7.0381E-06   0.86818
FLUX  422   479.00        6.258716E+14   6.1704E-06   7.0665E-06   0.87319
FLUX  423   481.00        6.232692E+14   6.1127E-06   7.0945E-06   0.86161
FLUX  424   483.00        6.206884E+14   6.2546E-06   7.1222E-06   0.87819
FLUX  425   485.00        6.181289E+14   5.8673E-06   7.1655E-06   0.81883
FLUX  426   487.00        6.155903E+14   5.1908E-06   7.1928E-06   0.72167
FLUX  427   489.00        6.130726E+14   6.2001E-06   7.2196E-06   0.85878
FLUX  428   491.00        6.105753E+14   6.2353E-06   7.2461E-06   0.86051
FLUX  429   493.00        6.080984E+14   6.0922E-06   7.2723E-06   0.83772
FLUX  430   495.00        6.056414E+14   6.4803E-06   7.2983E-06   0.88792
FLUX  431   497.00        6.032042E+14   6.5310E-06   7.3241E-06   0.89173
FLUX  432   499.00        6.007866E+14   6.0690E-06   7.3496E-06   0.82576
FLUX  433   501.00        5.983882E+14   5.8308E-06   7.3749E-06   0.79063
FLUX  434   503.00        5.960089E+14   6.2400E-06   7.4000E-06   0.84324
FLUX  435   505.00        5.936485E+14   6.3800E-06   7.4248E-06   0.85928
FLUX  436   507.00        5.913067E+14   6.6375E-06   7.4494E-06   0.89102
FLUX  437   509.00        5.889833E+14   6.4747E-06   7.4735E-06   0.86636
FLUX  438   511.00        5.866781E+14   6.5775E-06   7.4975E-06   0.87729
FLUX  439   513.00        5.843908E+14   6.3274E-06   7.5212E-06   0.84128
FLUX  440   515.00        5.821214E+14   6.3052E-06   7.5449E-06   0.83570
FLUX  441   517.00        5.798694E+14   6.2807E-06   7.5682E-06   0.82988
FLUX  442   519.00        5.776349E+14   6.2470E-06   7.5914E-06   0.82291
FLUX  443   521.00        5.754175E+14   6.4330E-06   7.6143E-06   0.84485
FLUX  444   523.00        5.732170E+14   6.5428E-06   7.6370E-06   0.85672
FLUX  445   525.00        5.710333E+14   6.6658E-06   7.6595E-06   0.87026
FLUX  446   527.00        5.688662E+14   6.1121E-06   7.6817E-06   0.79567
FLUX  447   529.00        5.667155E+14   6.7408E-06   7.7038E-06   0.87500
FLUX  448   531.00        5.645810E+14   6.8143E-06   7.7256E-06   0.88205
FLUX  449   533.00        5.624625E+14   6.4929E-06   7.7471E-06   0.83812
FLUX  450   535.00        5.603598E+14   6.9470E-06   7.7683E-06   0.89428
FLUX  451   537.00        5.582728E+14   7.0879E-06   7.7904E-06   0.90983
FLUX  452   539.00        5.562013E+14   6.9660E-06   7.8172E-06   0.89111
FLUX  453   541.00        5.541451E+14   6.8402E-06   7.8376E-06   0.87274
FLUX  454   543.00        5.521040E+14   6.9817E-06   7.8578E-06   0.88851
FLUX  455   545.00        5.500780E+14   7.3079E-06   7.8778E-06   0.92766
FLUX  456   547.00        5.480667E+14   7.1494E-06   7.8975E-06   0.90527
FLUX  457   549.00        5.460701E+14   7.1209E-06   7.9171E-06   0.89943
FLUX  458   551.00        5.440880E+14   7.1448E-06   7.9365E-06   0.90024
FLUX  459   553.00        5.421202E+14   7.2905E-06   7.9558E-06   0.91639
FLUX  460   555.00        5.401667E+14   7.3951E-06   7.9748E-06   0.92730
FLUX  461   557.00        5.382271E+14   7.3636E-06   7.9936E-06   0.92118
FLUX  462   559.00        5.363014E+14   7.2625E-06   8.0123E-06   0.90642
FLUX  463   561.00        5.343895E+14   7.5028E-06   8.0307E-06   0.93426
FLUX  464   563.00        5.324911E+14   7.5221E-06   8.0562E-06   0.93370
FLUX  465   565.00        5.306062E+14   7.4964E-06   8.0743E-06   0.92842
FLUX  466   567.00        5.287346E+14   7.3431E-06   8.0922E-06   0.90743
FLUX  467   569.00        5.268761E+14   7.5498E-06   8.1099E-06   0.93093
FLUX  468   571.00        5.250306E+14   7.4359E-06   8.1273E-06   0.91493
FLUX  469   573.00        5.231981E+14   7.9164E-06   8.1445E-06   0.97199
FLUX  470   575.00        5.213783E+14   7.7199E-06   8.1614E-06   0.94590
FLUX  471   577.00        5.195711E+14   7.8535E-06   8.1782E-06   0.96030
FLUX  472   579.00        5.177763E+14   7.6699E-06   8.1947E-06   0.93596
FLUX  473   581.00        5.159940E+14   7.8367E-06   8.2111E-06   0.95440
FLUX  474   583.00        5.142238E+14   7.9888E-06   8.2272E-06   0.97101
FLUX  475   585.00        5.124658E+14   7.9084E-06   8.2432E-06   0.95938
FLUX  476   587.00        5.107198E+14   7.9769E-06   8.2590E-06   0.96584
FLUX  477   589.00        5.089856E+14   7.7183E-06   8.2745E-06   0.93278
FLUX  478   591.00        5.072631E+14   7.9811E-06   8.2898E-06   0.96276
FLUX  479   593.00        5.055523E+14   7.9902E-06   8.3049E-06   0.96211
FLUX  480   595.00        5.038529E+14   8.0348E-06   8.3225E-06   0.96543
FLUX  481   597.00        5.021650E+14   8.1241E-06   8.3372E-06   0.97443
FLUX  482   599.00        5.004883E+14   8.0499E-06   8.3518E-06   0.96386
FLUX  483   601.00        4.988228E+14   7.9635E-06   8.3662E-06   0.95187
FLUX  484   603.00        4.971683E+14   8.0645E-06   8.3804E-06   0.96231
FLUX  485   605.00        4.955248E+14   8.1690E-06   8.3949E-06   0.97309
FLUX  486   607.00        4.938921E+14   8.2515E-06   8.4088E-06   0.98129
FLUX  487   609.00        4.922701E+14   8.0570E-06   8.4225E-06   0.95660
FLUX  488   611.00        4.906588E+14   7.9837E-06   8.4361E-06   0.94638
FLUX  489   613.00        4.890579E+14   7.8478E-06   8.4494E-06   0.92880
FLUX  490   615.00        4.874675E+14   7.8835E-06   8.4626E-06   0.93158
FLUX  491   617.00        4.858874E+14   7.7999E-06   8.4756E-06   0.92029
FLUX  492   619.00        4.843174E+14   8.1907E-06   8.4884E-06   0.96493
FLUX  493   621.00        4.827576E+14   8.2584E-06   8.5011E-06   0.97145
FLUX  494   623.00        4.812079E+14   8.0401E-06   8.5136E-06   0.94439
FLUX  495   625.00        4.796680E+14   7.7435E-06   8.5259E-06   0.90822
FLUX  496   627.00        4.781380E+14   8.2414E-06   8.5506E-06   0.96383
FLUX  497   629.00        4.766176E+14   8.3027E-06   8.5627E-06   0.96965
FLUX  498   631.00        4.751070E+14   8.0426E-06   8.5745E-06   0.93797
FLUX  499   633.00        4.736058E+14   8.1913E-06   8.5862E-06   0.95400
FLUX  500   635.00        4.721142E+14   8.2437E-06   8.5988E-06   0.95870
FLUX  501   637.00        4.706319E+14   8.2222E-06   8.6102E-06   0.95493
FLUX  502   639.00        4.691588E+14   8.3217E-06   8.6214E-06   0.96523
FLUX  503   641.00        4.676950E+14   8.2058E-06   8.6325E-06   0.95057
FLUX  504   643.00        4.662403E+14   8.3107E-06   8.6434E-06   0.96151
FLUX  505   645.00        4.647946E+14   8.2569E-06   8.6541E-06   0.95410
FLUX  506   647.00        4.633578E+14   8.3533E-06   8.6647E-06   0.96407
FLUX  507   649.00        4.619299E+14   8.1822E-06   8.6751E-06   0.94318
FLUX  508   651.00        4.605107E+14   8.3932E-06   8.6870E-06   0.96618
FLUX  509   653.00        4.591003E+14   8.4628E-06   8.6970E-06   0.97307
FLUX  510   655.00        4.576985E+14   8.2382E-06   8.7146E-06   0.94534
FLUX  511   657.00        4.563052E+14   7.1762E-06   8.7242E-06   0.82256
FLUX  512   659.00        4.549203E+14   8.3976E-06   8.7337E-06   0.96151
FLUX  513   661.00        4.535439E+14   8.4605E-06   8.7430E-06   0.96768
FLUX  514   663.00        4.521757E+14   8.5527E-06   8.7522E-06   0.97720
FLUX  515   665.00        4.508158E+14   8.5348E-06   8.7613E-06   0.97415
FLUX  516   667.00        4.494640E+14   8.4939E-06   8.7701E-06   0.96850
FLUX  517   669.00        4.481203E+14   8.6296E-06   8.7789E-06   0.98300
FLUX  518   671.00        4.467846E+14   8.5317E-06   8.7875E-06   0.97089
FLUX  519   673.00        4.454569E+14   8.6430E-06   8.7959E-06   0.98262
FLUX  520   675.00        4.441370E+14   8.5128E-06   8.8042E-06   0.96689
FLUX  521   677.00        4.428250E+14   8.6320E-06   8.8124E-06   0.97952
FLUX  522   679.00        4.415206E+14   8.5748E-06   8.8204E-06   0.97215
FLUX  523   681.00        4.402239E+14   8.6225E-06   8.8283E-06   0.97668
FLUX  524   683.00        4.389348E+14   8.6375E-06   8.8361E-06   0.97752
FLUX  525   685.00        4.376533E+14   8.5513E-06   8.8437E-06   0.96694
FLUX  526   687.00        4.363792E+14   8.6701E-06   8.8512E-06   0.97954
FLUX  527   689.00        4.351125E+14   8.7129E-06   8.8586E-06   0.98356
FLUX  528   691.00        4.338531E+14   8.6900E-06   8.8658E-06   0.98018
FLUX  529   693.00        4.326010E+14   8.6914E-06   8.8728E-06   0.97955
FLUX  530   695.00        4.313561E+14   8.6865E-06   8.8798E-06   0.97823
FLUX  531   697.00        4.301184E+14   8.7282E-06   8.8866E-06   0.98217
FLUX  532   699.00        4.288877E+14   8.7304E-06   8.8934E-06   0.98166
FLUX  533   701.00        4.276640E+14   8.5123E-06   8.9000E-06   0.95643
FLUX  534   703.00        4.264474E+14   8.6757E-06   8.9064E-06   0.97410
FLUX  535   705.00        4.252376E+14   8.7478E-06   8.9127E-06   0.98151
FLUX  536   707.00        4.240346E+14   8.7102E-06   8.9188E-06   0.97661
FLUX  537   709.00        4.228385E+14   8.7301E-06   8.9248E-06   0.97819
FLUX  538   711.00        4.216491E+14   8.6336E-06   8.9306E-06   0.96674
FLUX  539   713.00        4.204663E+14   8.6670E-06   8.9364E-06   0.96985
FLUX  540   715.00        4.192902E+14   8.6928E-06   8.9420E-06   0.97213
FLUX  541   717.00        4.181206E+14   8.6854E-06   8.9474E-06   0.97071
FLUX  542   719.00        4.169576E+14   8.4993E-06   8.9528E-06   0.94934
FLUX  543   721.00        4.158010E+14   8.6618E-06   8.9580E-06   0.96694
FLUX  544   723.00        4.146508E+14   8.6593E-06   8.9631E-06   0.96611
FLUX  545   725.00        4.135069E+14   8.7372E-06   8.9726E-06   0.97376
FLUX  546   727.00        4.123693E+14   8.7704E-06   8.9774E-06   0.97694
FLUX  547   729.00        4.112380E+14   8.5969E-06   8.9821E-06   0.95711
FLUX  548   731.00        4.101129E+14   8.6713E-06   8.9965E-06   0.96385
FLUX  549   733.00        4.089939E+14   8.7390E-06   9.0010E-06   0.97090
FLUX  550   735.00        4.078809E+14   8.7600E-06   9.0053E-06   0.97276
FLUX  551   737.00        4.067741E+14   8.8424E-06   9.0095E-06   0.98144
FLUX  552   739.00        4.056732E+14   8.6806E-06   9.0137E-06   0.96305
FLUX  553   741.00        4.045783E+14   8.5981E-06   9.0176E-06   0.95348
FLUX  554   743.00        4.034892E+14   8.6433E-06   9.0215E-06   0.95808
FLUX  555   745.00        4.024060E+14   8.7120E-06   9.0253E-06   0.96529
FLUX  556   747.00        4.013286E+14   8.7693E-06   9.0289E-06   0.97124
FLUX  557   749.00        4.002570E+14   8.7525E-06   9.0325E-06   0.96900
FLUX  558   751.00        3.991911E+14   8.8012E-06   9.0359E-06   0.97402
FLUX  559   753.00        3.981308E+14   8.8245E-06   9.0393E-06   0.97624
FLUX  560   755.00        3.970762E+14   8.9190E-06   9.0425E-06   0.98634
FLUX  561   757.00        3.960271E+14   8.8378E-06   9.0456E-06   0.97702
FLUX  562   759.00        3.949835E+14   8.8782E-06   9.0487E-06   0.98116
FLUX  563   761.00        3.939455E+14   8.8783E-06   9.0516E-06   0.98086
FLUX  564   763.00        3.929128E+14   8.9261E-06   9.0543E-06   0.98584
FLUX  565   765.00        3.918856E+14   8.8838E-06   9.0570E-06   0.98088
FLUX  566   767.00        3.908638E+14   8.7409E-06   9.0596E-06   0.96483
FLUX  567   769.00        3.898472E+14   8.8892E-06   9.0621E-06   0.98092
FLUX  568   771.00        3.888359E+14   8.8072E-06   9.0644E-06   0.97162
FLUX  569   773.00        3.878299E+14   8.8521E-06   9.0667E-06   0.97633
FLUX  570   775.00        3.868290E+14   8.8270E-06   9.0689E-06   0.97332
FLUX  571   777.00        3.858333E+14   8.8230E-06   9.0710E-06   0.97266
FLUX  572   779.00        3.848427E+14   8.9687E-06   9.0730E-06   0.98850
FLUX  573   781.00        3.838572E+14   8.9541E-06   9.0748E-06   0.98670
FLUX  574   783.00        3.828768E+14   8.8807E-06   9.0766E-06   0.97841
FLUX  575   785.00        3.819013E+14   8.8439E-06   9.0783E-06   0.97418
FLUX  576   787.00        3.809307E+14   8.9557E-06   9.0800E-06   0.98632
FLUX  577   789.00        3.799651E+14   8.9174E-06   9.0815E-06   0.98193
FLUX  578   791.00        3.790044E+14   8.8465E-06   9.0829E-06   0.97397
FLUX  579   793.00        3.780485E+14   8.7896E-06   9.0842E-06   0.96756
FLUX  580   795.00        3.770975E+14   8.8130E-06   9.0854E-06   0.97002
FLUX  581   797.00        3.761512E+14   8.9836E-06   9.0873E-06   0.98859
FLUX  582   799.00        3.752096E+14   8.9658E-06   9.0883E-06   0.98651
FLUX  583   801.00        3.742728E+14   8.9289E-06   9.0893E-06   0.98235
FLUX  584   803.00        3.733406E+14   8.8980E-06   9.0901E-06   0.97887
FLUX  585   805.00        3.724130E+14   8.9095E-06   9.0909E-06   0.98005
FLUX  586   807.00        3.714901E+14   8.9478E-06   9.0916E-06   0.98419
FLUX  587   809.00        3.705717E+14   8.8654E-06   9.0922E-06   0.97506
FLUX  588   811.00        3.696578E+14   8.9894E-06   9.0927E-06   0.98864
FLUX  589   813.00        3.687485E+14   9.0236E-06   9.0931E-06   0.99236
FLUX  590   815.00        3.678436E+14   8.9943E-06   9.0934E-06   0.98910
FLUX  591   817.00        3.669431E+14   9.0002E-06   9.0936E-06   0.98972
FLUX  592   819.00        3.660470E+14   8.7801E-06   9.0938E-06   0.96551
FLUX  593   821.00        3.651553E+14   8.8174E-06   9.5456E-06   0.92372
FLUX  594   823.00        3.642679E+14   8.8485E-06   9.5453E-06   0.92700
FLUX  595   825.00        3.633848E+14   8.8587E-06   9.5450E-06   0.92810
FLUX  596   827.00        3.625060E+14   9.0111E-06   9.5446E-06   0.94410
FLUX  597   829.00        3.616315E+14   8.9885E-06   9.5442E-06   0.94178
FLUX  598   831.00        3.607611E+14   8.8696E-06   9.5436E-06   0.92938
FLUX  599   833.00        3.598950E+14   8.7960E-06   9.5430E-06   0.92172
FLUX  600   835.00        3.590329E+14   8.9272E-06   9.5423E-06   0.93554
FLUX  601   837.00        3.581750E+14   8.9035E-06   9.5415E-06   0.93314
FLUX  602   839.00        3.573212E+14   8.8377E-06   9.5407E-06   0.92632
FLUX  603   841.00        3.564715E+14   8.9271E-06   9.5398E-06   0.93577
FLUX  604   843.00        3.556257E+14   8.8743E-06   9.5389E-06   0.93033
FLUX  605   845.00        3.547840E+14   8.8352E-06   9.5379E-06   0.92633
FLUX  606   847.00        3.539463E+14   8.7882E-06   9.5368E-06   0.92150
FLUX  607   849.00        3.531125E+14   8.6346E-06   9.5356E-06   0.90551
FLUX  608   851.00        3.522826E+14   8.0203E-06   9.5344E-06   0.84119
FLUX  609   853.00        3.514566E+14   8.4186E-06   9.5332E-06   0.88309
FLUX  610   855.00        3.506345E+14   6.4293E-06   9.5329E-06   0.67444
FLUX  611   857.00        3.498162E+14   9.1033E-06   9.5314E-06   0.95508
FLUX  612   859.00        3.490017E+14   8.9728E-06   9.5300E-06   0.94153
FLUX  613   861.00        3.481911E+14   8.8708E-06   9.5284E-06   0.93098
FLUX  614   863.00        3.473841E+14   9.2244E-06   9.5268E-06   0.96825
FLUX  615   865.00        3.465809E+14   8.8391E-06   9.5252E-06   0.92797
FLUX  616   867.00        3.457814E+14   6.7684E-06   9.5235E-06   0.71071
FLUX  617   869.00        3.449856E+14   8.9106E-06   9.5218E-06   0.93582
FLUX  618   871.00        3.441935E+14   9.2533E-06   9.5199E-06   0.97199
FLUX  619   873.00        3.434049E+14   9.2454E-06   9.5181E-06   0.97135
FLUX  620   875.00        3.426200E+14   8.7168E-06   9.5161E-06   0.91600
FLUX  621   877.00        3.418387E+14   9.3114E-06   9.5142E-06   0.97869
FLUX  622   879.00        3.410609E+14   9.3064E-06   9.5122E-06   0.97836
FLUX  623   881.00        3.402866E+14   9.2154E-06   9.5101E-06   0.96901
FLUX  624   883.00        3.395159E+14   9.2024E-06   9.5080E-06   0.96786
FLUX  625   885.00        3.387486E+14   9.1617E-06   9.5058E-06   0.96380
FLUX  626   887.00        3.379848E+14   8.6928E-06   9.5036E-06   0.91468
FLUX  627   889.00        3.372244E+14   9.2751E-06   9.5014E-06   0.97619
FLUX  628   891.00        3.364674E+14   9.3486E-06   9.4990E-06   0.98416
FLUX  629   893.00        3.357139E+14   9.2136E-06   9.4967E-06   0.97019
FLUX  630   895.00        3.349637E+14   9.2799E-06   9.4943E-06   0.97742
FLUX  631   897.00        3.342168E+14   9.2870E-06   9.4918E-06   0.97842
FLUX  632   899.00        3.334733E+14   9.2858E-06   9.4893E-06   0.97855
FLUX  633   901.00        3.327331E+14   8.6781E-06   9.4867E-06   0.91477
FLUX  634   903.00        3.319961E+14   9.1259E-06   9.4841E-06   0.96223
FLUX  635   905.00        3.312624E+14   9.3966E-06   9.4814E-06   0.99105
FLUX  636   907.00        3.305320E+14   9.1546E-06   9.4787E-06   0.96581
FLUX  637   909.00        3.298047E+14   8.9487E-06   9.4759E-06   0.94436
FLUX  638   911.00        3.290807E+14   9.1312E-06   9.4731E-06   0.96391
FLUX  639   913.00        3.283598E+14   9.3379E-06   9.4702E-06   0.98603
FLUX  640   915.00        3.276421E+14   9.3353E-06   9.4673E-06   0.98606
FLUX  641   917.00        3.269275E+14   9.2946E-06   9.4643E-06   0.98207
FLUX  642   919.00        3.262160E+14   9.3342E-06   9.4613E-06   0.98657
FLUX  643   921.00        3.255076E+14   9.1068E-06   9.4582E-06   0.96285
FLUX  644   923.00        3.248023E+14   8.5810E-06   9.4551E-06   0.90755
FLUX  645   925.00        3.241000E+14   8.9829E-06   9.4519E-06   0.95037
FLUX  646   927.00        3.234008E+14   9.1538E-06   9.4488E-06   0.96878
FLUX  647   929.00        3.227045E+14   9.2886E-06   9.4456E-06   0.98338
FLUX  648   931.00        3.220113E+14   9.3272E-06   9.4424E-06   0.98780
FLUX  649   933.00        3.213210E+14   9.2960E-06   9.4392E-06   0.98483
FLUX  650   935.00        3.206337E+14   9.3032E-06   9.4359E-06   0.98594
FLUX  651   937.00        3.199493E+14   9.2929E-06   9.4326E-06   0.98519
FLUX  652   939.00        3.192678E+14   9.2828E-06   9.4292E-06   0.98447
FLUX  653   941.00        3.185893E+14   8.9083E-06   9.4258E-06   0.94509
FLUX  654   943.00        3.179136E+14   9.1791E-06   9.4224E-06   0.97417
FLUX  655   945.00        3.172407E+14   9.1310E-06   9.4189E-06   0.96943
FLUX  656   947.00        3.165707E+14   9.2964E-06   9.4154E-06   0.98736
FLUX  657   949.00        3.159036E+14   9.3361E-06   9.4119E-06   0.99195
FLUX  658   951.00        3.152392E+14   9.2803E-06   9.4083E-06   0.98639
FLUX  659   953.00        3.145776E+14   9.2105E-06   9.4047E-06   0.97935
FLUX  660   955.00        3.139188E+14   8.6603E-06   9.4010E-06   0.92121
FLUX  661   957.00        3.132628E+14   9.1715E-06   9.3973E-06   0.97598
FLUX  662   959.00        3.126095E+14   9.2925E-06   9.3936E-06   0.98924
FLUX  663   961.00        3.119589E+14   9.1816E-06   9.3898E-06   0.97783
FLUX  664   963.00        3.113110E+14   9.0972E-06   9.3860E-06   0.96923
FLUX  665   965.00        3.106658E+14   9.1472E-06   9.3821E-06   0.97496
FLUX  666   967.00        3.100233E+14   9.0592E-06   9.3782E-06   0.96598
FLUX  667   969.00        3.093834E+14   9.1104E-06   9.3743E-06   0.97184
FLUX  668   971.00        3.087461E+14   9.2536E-06   9.3704E-06   0.98754
FLUX  669   973.00        3.081115E+14   9.2441E-06   9.3664E-06   0.98694
FLUX  670   975.00        3.074795E+14   9.0816E-06   9.3624E-06   0.97001
FLUX  671   977.00        3.068500E+14   9.2241E-06   9.3583E-06   0.98566
FLUX  672   979.00        3.062232E+14   9.1696E-06   9.3542E-06   0.98026
FLUX  673   981.00        3.055989E+14   9.2546E-06   9.3501E-06   0.98978
FLUX  674   983.00        3.049771E+14   9.2397E-06   9.3460E-06   0.98863
FLUX  675   985.00        3.043579E+14   9.1827E-06   9.3418E-06   0.98296
FLUX  676   987.00        3.037411E+14   9.1754E-06   9.3376E-06   0.98263
FLUX  677   989.00        3.031269E+14   9.1450E-06   9.3334E-06   0.97982
FLUX  678   991.00        3.025151E+14   9.1366E-06   9.3291E-06   0.97937
FLUX  679   993.00        3.019058E+14   9.2202E-06   9.3248E-06   0.98878
FLUX  680   995.00        3.012990E+14   9.2068E-06   9.3205E-06   0.98780
FLUX  681   997.00        3.006946E+14   9.2266E-06   9.3162E-06   0.99038
FLUX  682   999.00        3.000926E+14   9.2289E-06   9.3119E-06   0.99110
FLUX  683  1002.50        2.990449E+14   9.1106E-06   9.3042E-06   0.97920
FLUX  684  1007.50        2.975608E+14   8.9664E-06   9.2931E-06   0.96484
FLUX  685  1012.50        2.960914E+14   9.1230E-06   9.2820E-06   0.98287
FLUX  686  1017.50        2.946364E+14   9.1008E-06   9.2707E-06   0.98168
FLUX  687  1022.50        2.931956E+14   9.1398E-06   9.2593E-06   0.98709
FLUX  688  1027.50        2.917689E+14   9.1932E-06   9.2479E-06   0.99409
FLUX  689  1032.50        2.903559E+14   9.0722E-06   9.2364E-06   0.98223
FLUX  690  1037.50        2.889566E+14   9.0979E-06   9.2247E-06   0.98625
FLUX  691  1042.50        2.875707E+14   9.1273E-06   9.2129E-06   0.99071
FLUX  692  1047.50        2.861981E+14   8.9536E-06   9.2010E-06   0.97312
FLUX  693  1052.50        2.848385E+14   9.0388E-06   9.1889E-06   0.98367
FLUX  694  1057.50        2.834917E+14   9.0455E-06   9.1766E-06   0.98572
FLUX  695  1062.50        2.821576E+14   9.0241E-06   9.1643E-06   0.98470
FLUX  696  1067.50        2.808361E+14   8.8536E-06   9.1518E-06   0.96741
FLUX  697  1072.50        2.795268E+14   8.9397E-06   9.1392E-06   0.97817
FLUX  698  1077.50        2.782297E+14   8.9241E-06   9.1266E-06   0.97780
FLUX  699  1082.50        2.769446E+14   8.8576E-06   9.1140E-06   0.97187
FLUX  700  1087.50        2.756713E+14   8.8811E-06   9.1014E-06   0.97580
FLUX  701  1092.50        2.744096E+14   8.6373E-06   9.0886E-06   0.95035
FLUX  702  1097.50        2.731595E+14   8.7852E-06   9.0758E-06   0.96798
FLUX  703  1102.50        2.719206E+14   8.9169E-06   9.0628E-06   0.98389
FLUX  704  1107.50        2.706930E+14   8.9413E-06   9.0498E-06   0.98802
FLUX  705  1112.50        2.694764E+14   8.8729E-06   9.0366E-06   0.98188
FLUX  706  1117.50        2.682707E+14   8.8553E-06   9.0235E-06   0.98136
FLUX  707  1122.50        2.670757E+14   8.9023E-06   9.0102E-06   0.98803
FLUX  708  1127.50        2.658913E+14   8.7244E-06   8.9970E-06   0.96970
FLUX  709  1132.50        2.647174E+14   8.7348E-06   8.9838E-06   0.97228
FLUX  710  1137.50        2.635538E+14   8.7820E-06   8.9706E-06   0.97898
FLUX  711  1142.50        2.624004E+14   8.6760E-06   8.9572E-06   0.96861
FLUX  712  1147.50        2.612571E+14   8.8614E-06   8.9437E-06   0.99079
FLUX  713  1152.50        2.601236E+14   8.8550E-06   8.9302E-06   0.99158
FLUX  714  1157.50        2.590000E+14   8.7827E-06   8.9166E-06   0.98499
FLUX  715  1162.50        2.578860E+14   8.6411E-06   8.9030E-06   0.97059
FLUX  716  1167.50        2.567816E+14   8.6147E-06   8.8893E-06   0.96911
FLUX  717  1172.50        2.556866E+14   8.8080E-06   8.8756E-06   0.99238
FLUX  718  1177.50        2.546008E+14   8.6058E-06   8.8620E-06   0.97109
FLUX  719  1182.50        2.535243E+14   8.6496E-06   8.8483E-06   0.97754
FLUX  720  1187.50        2.524568E+14   8.5548E-06   8.8353E-06   0.96825
FLUX  721  1192.50        2.513983E+14   8.7901E-06   8.8215E-06   0.99644
FLUX  722  1197.50        2.503486E+14   8.5682E-06   8.8077E-06   0.97280
FLUX  723  1202.50        2.493077E+14   8.6864E-06   8.7939E-06   0.98777
FLUX  724  1207.50        2.482754E+14   8.6308E-06   8.7800E-06   0.98300
FLUX  725  1212.50        2.472515E+14   8.6356E-06   8.7661E-06   0.98512
FLUX  726  1217.50        2.462361E+14   8.6918E-06   8.7521E-06   0.99311
FLUX  727  1222.50        2.452290E+14   8.6604E-06   8.7382E-06   0.99110
FLUX  728  1227.50        2.442301E+14   8.6355E-06   8.7242E-06   0.98984
FLUX  729  1232.50        2.432393E+14   8.6253E-06   8.7103E-06   0.99025
FLUX  730  1237.50        2.422566E+14   8.6184E-06   8.6963E-06   0.99104
FLUX  731  1242.50        2.412817E+14   8.6154E-06   8.6823E-06   0.99229
FLUX  732  1247.50        2.403146E+14   8.6122E-06   8.6684E-06   0.99352
FLUX  733  1252.50        2.393553E+14   8.5441E-06   8.6544E-06   0.98726
FLUX  734  1257.50        2.384036E+14   8.5052E-06   8.6404E-06   0.98435
FLUX  735  1262.50        2.374594E+14   8.5294E-06   8.6264E-06   0.98876
FLUX  736  1267.50        2.365227E+14   8.5238E-06   8.6124E-06   0.98971
FLUX  737  1272.50        2.355933E+14   8.5575E-06   8.5984E-06   0.99524
FLUX  738  1277.50        2.346712E+14   8.5407E-06   8.5845E-06   0.99490
FLUX  739  1282.50        2.337563E+14   8.0533E-06   8.5705E-06   0.93965
FLUX  740  1287.50        2.328485E+14   8.4778E-06   8.5566E-06   0.99079
FLUX  741  1292.50        2.319478E+14   8.4347E-06   8.5426E-06   0.98736
FLUX  742  1297.50        2.310539E+14   8.4644E-06   8.5287E-06   0.99247
FLUX  743  1302.50        2.301670E+14   8.4328E-06   8.5146E-06   0.99039
FLUX  744  1307.50        2.292868E+14   8.4574E-06   8.5006E-06   0.99492
FLUX  745  1312.50        2.284133E+14   8.3884E-06   8.4865E-06   0.98844
FLUX  746  1317.50        2.275465E+14   8.3494E-06   8.4724E-06   0.98548
FLUX  747  1322.50        2.266862E+14   8.4022E-06   8.4583E-06   0.99337
FLUX  748  1327.50        2.258324E+14   8.3253E-06   8.4442E-06   0.98593
FLUX  749  1332.50        2.249850E+14   8.3558E-06   8.4300E-06   0.99119
FLUX  750  1337.50        2.241439E+14   8.3356E-06   8.4158E-06   0.99046
FLUX  751  1342.50        2.233091E+14   8.3469E-06   8.4017E-06   0.99348
FLUX  752  1347.50        2.224805E+14   8.3340E-06   8.3875E-06   0.99363
FLUX  753  1352.50        2.216580E+14   8.2982E-06   8.3733E-06   0.99103
FLUX  754  1357.50        2.208416E+14   8.2195E-06   8.3592E-06   0.98330
FLUX  755  1362.50        2.200312E+14   8.2533E-06   8.3450E-06   0.98902
FLUX  756  1367.50        2.192267E+14   8.2306E-06   8.3307E-06   0.98798
FLUX  757  1372.50        2.184280E+14   8.1319E-06   8.3164E-06   0.97781
FLUX  758  1377.50        2.176352E+14   8.1798E-06   8.3020E-06   0.98528
FLUX  759  1382.50        2.168481E+14   8.1858E-06   8.2876E-06   0.98772
FLUX  760  1387.50        2.160667E+14   8.2102E-06   8.2731E-06   0.99240
FLUX  761  1392.50        2.152908E+14   8.1584E-06   8.2585E-06   0.98788
FLUX  762  1397.50        2.145206E+14   8.1631E-06   8.2442E-06   0.99016
FLUX  763  1402.50        2.137558E+14   8.1110E-06   8.2296E-06   0.98559
FLUX  764  1407.50        2.129964E+14   8.1470E-06   8.2149E-06   0.99173
FLUX  765  1412.50        2.122425E+14   8.0746E-06   8.2002E-06   0.98469
FLUX  766  1417.50        2.114938E+14   8.1043E-06   8.1853E-06   0.99010
FLUX  767  1422.50        2.107504E+14   8.0173E-06   8.1705E-06   0.98124
FLUX  768  1427.50        2.100123E+14   7.9651E-06   8.1555E-06   0.97666
FLUX  769  1432.50        2.092792E+14   8.0378E-06   8.1403E-06   0.98741
FLUX  770  1437.50        2.085513E+14   8.0736E-06   8.1250E-06   0.99367
FLUX  771  1442.50        2.078284E+14   7.7800E-06   8.1096E-06   0.95936
FLUX  772  1447.50        2.071105E+14   8.0044E-06   8.0942E-06   0.98891
FLUX  773  1452.50        2.063976E+14   7.8439E-06   8.0786E-06   0.97095
FLUX  774  1457.00        2.057601E+14   7.9486E-06   8.0645E-06   0.98562
FLUX  775  1462.00        2.050564E+14   7.8917E-06   8.3187E-06   0.94866
FLUX  776  1467.50        2.042879E+14   7.9313E-06   8.3044E-06   0.95507
FLUX  777  1472.50        2.035942E+14   7.8259E-06   8.2904E-06   0.94396
FLUX  778  1477.50        2.029052E+14   7.8072E-06   8.2763E-06   0.94333
FLUX  779  1482.50        2.022209E+14   7.8214E-06   8.2619E-06   0.94669
FLUX  780  1487.50        2.015412E+14   7.7570E-06   8.2473E-06   0.94055
FLUX  781  1492.50        2.008660E+14   7.8819E-06   8.2325E-06   0.95742
FLUX  782  1497.50        2.001953E+14   7.8003E-06   8.2175E-06   0.94922
FLUX  783  1502.50        1.995291E+14   7.7328E-06   8.2023E-06   0.94276
FLUX  784  1507.50        1.988673E+14   7.6699E-06   8.1869E-06   0.93685
FLUX  785  1512.50        1.982099E+14   7.7445E-06   8.1712E-06   0.94777
FLUX  786  1517.50        1.975568E+14   7.7576E-06   8.1553E-06   0.95123
FLUX  787  1522.50        1.969080E+14   7.7377E-06   8.1390E-06   0.95069
FLUX  788  1527.50        1.962635E+14   7.6827E-06   8.1225E-06   0.94586
FLUX  789  1532.50        1.956232E+14   7.6481E-06   8.1056E-06   0.94356
FLUX  790  1537.50        1.949870E+14   7.7450E-06   8.0884E-06   0.95755
FLUX  791  1542.50        1.943549E+14   7.5199E-06   8.0709E-06   0.93174
FLUX  792  1547.50        1.937270E+14   7.7065E-06   8.0530E-06   0.95697
FLUX  793  1552.50        1.931031E+14   7.7124E-06   8.0348E-06   0.95988
FLUX  794  1557.50        1.924831E+14   7.4393E-06   8.0162E-06   0.92803
FLUX  795  1562.50        1.918672E+14   7.7806E-06   7.9971E-06   0.97292
FLUX  796  1567.50        1.912552E+14   7.6058E-06   7.9777E-06   0.95338
FLUX  797  1572.50        1.906471E+14   7.4045E-06   7.9578E-06   0.93047
FLUX  798  1577.50        1.900428E+14   7.5739E-06   7.9375E-06   0.95419
FLUX  799  1582.50        1.894423E+14   7.6526E-06   7.9166E-06   0.96665
FLUX  800  1587.50        1.888457E+14   7.1049E-06   7.8952E-06   0.89990
FLUX  801  1592.50        1.882527E+14   7.5923E-06   7.8733E-06   0.96432
FLUX  802  1597.50        1.876635E+14   7.6666E-06   7.8508E-06   0.97654
FLUX  803  1605.00        1.867866E+14   7.5855E-06   7.8159E-06   0.97053
FLUX  804  1615.00        1.856300E+14   7.3479E-06   7.7666E-06   0.94609
FLUX  805  1625.00        1.844877E+14   7.5840E-06   7.7139E-06   0.98316
FLUX  806  1635.00        1.833593E+14   7.4520E-06   7.6559E-06   0.97337
FLUX  807  1645.00        1.822447E+14   7.1787E-06   7.5907E-06   0.94573
FLUX  808  1655.00        1.811435E+14   7.3948E-06   7.5210E-06   0.98322
FLUX  809  1665.00        1.800556E+14   7.3558E-06   7.4522E-06   0.98706
FLUX  810  1675.00        1.789806E+14   7.2290E-06   7.3846E-06   0.97894
FLUX  811  1685.00        1.779184E+14   6.9556E-06   7.3175E-06   0.95053
FLUX  812  1695.00        1.768687E+14   7.1984E-06   7.2514E-06   0.99269
FLUX  813  1705.00        1.758314E+14   7.0439E-06   7.1860E-06   0.98023
FLUX  814  1715.00        1.748061E+14   7.0487E-06   7.1216E-06   0.98976
FLUX  815  1725.00        1.737928E+14   6.9069E-06   7.0579E-06   0.97859
FLUX  816  1735.00        1.727911E+14   6.5876E-06   6.9951E-06   0.94174
FLUX  817  1745.00        1.718009E+14   6.7665E-06   6.9331E-06   0.97597
FLUX  818  1755.00        1.708219E+14   6.7547E-06   6.8719E-06   0.98294
FLUX  819  1765.00        1.698541E+14   6.6887E-06   6.8115E-06   0.98196
FLUX  820  1775.00        1.688972E+14   6.6434E-06   6.7519E-06   0.98392
FLUX  821  1785.00        1.679510E+14   6.5930E-06   6.6931E-06   0.98505
FLUX  822  1795.00        1.670153E+14   6.5824E-06   6.6350E-06   0.99207
FLUX  823  1805.00        1.660900E+14   6.4763E-06   6.5776E-06   0.98461
FLUX  824  1815.00        1.651749E+14   6.2272E-06   6.5209E-06   0.95497
FLUX  825  1825.00        1.642699E+14   6.3463E-06   6.4649E-06   0.98165
FLUX  826  1835.00        1.633747E+14   6.3383E-06   6.4096E-06   0.98887
FLUX  827  1845.00        1.624892E+14   6.2624E-06   6.3550E-06   0.98542
FLUX  828  1855.00        1.616132E+14   6.2129E-06   6.3011E-06   0.98600
FLUX  829  1865.00        1.607466E+14   6.1471E-06   6.2478E-06   0.98387
FLUX  830  1875.00        1.598893E+14   5.8455E-06   6.1952E-06   0.94355
FLUX  831  1885.00        1.590411E+14   6.0471E-06   6.1432E-06   0.98435
FLUX  832  1895.00        1.582018E+14   5.8936E-06   6.0919E-06   0.96746
FLUX  833  1905.00        1.573714E+14   5.9932E-06   6.0411E-06   0.99207
FLUX  834  1915.00        1.565496E+14   5.9281E-06   5.9909E-06   0.98952
FLUX  835  1925.00        1.557364E+14   5.8843E-06   5.9414E-06   0.99038
FLUX  836  1935.00        1.549315E+14   5.8032E-06   5.8924E-06   0.98486
FLUX  837  1945.00        1.541350E+14   5.5553E-06   5.8441E-06   0.95059
FLUX  838  1955.00        1.533465E+14   5.7352E-06   5.7963E-06   0.98945
FLUX  839  1965.00        1.525662E+14   5.6878E-06   5.7491E-06   0.98934
FLUX  840  1975.00        1.517937E+14   5.6177E-06   5.7024E-06   0.98515
FLUX  841  1985.00        1.510290E+14   5.5976E-06   5.6563E-06   0.98961
FLUX  842  1995.00        1.502719E+14   5.5537E-06   5.6108E-06   0.98983
FLUX  843  2005.00        1.495224E+14   5.5314E-06   5.5658E-06   0.99381
FLUX  844  2015.00        1.487804E+14   5.5063E-06   5.5213E-06   0.99727
FLUX  845  2025.00        1.480457E+14   5.4269E-06   5.4774E-06   0.99079
FLUX  846  2035.00        1.473182E+14   5.3585E-06   5.4340E-06   0.98612
FLUX  847  2045.00        1.465978E+14   5.3759E-06   5.3910E-06   0.99720
FLUX  848  2055.00        1.458844E+14   5.3216E-06   5.3486E-06   0.99496
FLUX  849  2065.00        1.451780E+14   5.2598E-06   5.3066E-06   0.99118
FLUX  850  2075.00        1.444783E+14   5.2249E-06   5.2652E-06   0.99235
FLUX  851  2085.00        1.437854E+14   5.1887E-06   5.2242E-06   0.99320
FLUX  852  2095.00        1.430990E+14   5.1334E-06   5.1836E-06   0.99031
FLUX  853  2105.00        1.424192E+14   5.1143E-06   5.1436E-06   0.99432
FLUX  854  2115.00        1.417459E+14   5.0566E-06   5.1039E-06   0.99072
FLUX  855  2125.00        1.410788E+14   5.0204E-06   5.0647E-06   0.99124
FLUX  856  2135.00        1.404180E+14   4.9896E-06   5.0260E-06   0.99275
FLUX  857  2145.00        1.397634E+14   4.9699E-06   4.9877E-06   0.99643
FLUX  858  2155.00        1.391148E+14   4.9332E-06   4.9498E-06   0.99664
FLUX  859  2165.00        1.384723E+14   4.7151E-06   4.9124E-06   0.95984
FLUX  860  2175.00        1.378356E+14   4.8307E-06   4.8753E-06   0.99083
FLUX  861  2185.00        1.372048E+14   4.8052E-06   4.8387E-06   0.99307
FLUX  862  2195.00        1.365797E+14   4.7922E-06   4.8025E-06   0.99786
FLUX  863  2205.00        1.359603E+14   4.7204E-06   4.7667E-06   0.99029
FLUX  864  2215.00        1.353465E+14   4.6965E-06   4.7313E-06   0.99266
FLUX  865  2225.00        1.347382E+14   4.6767E-06   4.6962E-06   0.99586
FLUX  866  2235.00        1.341353E+14   4.6414E-06   4.6615E-06   0.99569
FLUX  867  2245.00        1.335379E+14   4.6104E-06   4.6272E-06   0.99635
FLUX  868  2255.00        1.329457E+14   4.5372E-06   4.5933E-06   0.98778
FLUX  869  2265.00        1.323587E+14   4.5217E-06   4.5598E-06   0.99164
FLUX  870  2275.00        1.317769E+14   4.5075E-06   4.5266E-06   0.99580
FLUX  871  2285.00        1.312002E+14   4.4636E-06   4.5448E-06   0.98213
FLUX  872  2295.00        1.306285E+14   4.4077E-06   4.5116E-06   0.97697
FLUX  873  2305.00        1.300618E+14   4.4106E-06   4.4788E-06   0.98476
FLUX  874  2315.00        1.295000E+14   4.3707E-06   4.4464E-06   0.98298
FLUX  875  2325.00        1.289430E+14   4.3236E-06   4.4143E-06   0.97945
FLUX  876  2335.00        1.283908E+14   4.3017E-06   4.3826E-06   0.98154
FLUX  877  2345.00        1.278433E+14   4.2879E-06   4.3511E-06   0.98546
FLUX  878  2355.00        1.273004E+14   4.2240E-06   4.3200E-06   0.97777
FLUX  879  2365.00        1.267622E+14   4.2211E-06   4.2893E-06   0.98411
FLUX  880  2375.00        1.262284E+14   4.1855E-06   4.2588E-06   0.98278
FLUX  881  2385.00        1.256992E+14   4.1272E-06   4.2287E-06   0.97600
FLUX  882  2395.00        1.251743E+14   4.1227E-06   4.1989E-06   0.98186
FLUX  883  2405.00        1.246538E+14   4.0914E-06   4.1694E-06   0.98130
FLUX  884  2415.00        1.241377E+14   4.0448E-06   4.1402E-06   0.97697
FLUX  885  2425.00        1.236258E+14   4.0414E-06   4.1113E-06   0.98300
FLUX  886  2435.00        1.231181E+14   3.9871E-06   4.0827E-06   0.97659
FLUX  887  2445.00        1.226145E+14   3.9616E-06   4.0544E-06   0.97711
FLUX  888  2455.00        1.221151E+14   3.9404E-06   4.0264E-06   0.97865
FLUX  889  2465.00        1.216197E+14   3.9296E-06   3.9986E-06   0.98273
FLUX  890  2475.00        1.211283E+14   3.8923E-06   3.9712E-06   0.98013
FLUX  891  2485.00        1.206408E+14   3.8669E-06   3.9440E-06   0.98044
FLUX  892  2495.00        1.201573E+14   3.8008E-06   3.9171E-06   0.97032
FLUX  893  2505.00        1.196776E+14   3.8480E-06   3.8905E-06   0.98909
FLUX  894  2515.00        1.192018E+14   3.8102E-06   3.8641E-06   0.98606
FLUX  895  2525.00        1.187297E+14   3.7340E-06   3.8380E-06   0.97289
FLUX  896  2535.00        1.182613E+14   3.7711E-06   3.8122E-06   0.98923
FLUX  897  2545.00        1.177967E+14   3.7412E-06   3.7866E-06   0.98801
FLUX  898  2555.00        1.173356E+14   3.7076E-06   3.7613E-06   0.98573
FLUX  899  2565.00        1.168782E+14   3.6038E-06   3.7362E-06   0.96457
FLUX  900  2575.00        1.164243E+14   3.6773E-06   3.7114E-06   0.99082
FLUX  901  2585.00        1.159739E+14   3.6249E-06   3.6868E-06   0.98322
FLUX  902  2595.00        1.155270E+14   3.6344E-06   3.6624E-06   0.99234
FLUX  903  2605.00        1.150835E+14   3.6089E-06   3.6383E-06   0.99190
FLUX  904  2615.00        1.146434E+14   3.4994E-06   3.6145E-06   0.96818
FLUX  905  2625.00        1.142067E+14   3.4418E-06   3.5908E-06   0.95851
FLUX  906  2635.00        1.137732E+14   3.5342E-06   3.5674E-06   0.99069
FLUX  907  2645.00        1.133431E+14   3.5092E-06   3.5443E-06   0.99011
FLUX  908  2655.00        1.129162E+14   3.4879E-06   3.5213E-06   0.99051
FLUX  909  2665.00        1.124925E+14   3.4430E-06   3.4986E-06   0.98412
FLUX  910  2675.00        1.120720E+14   3.3654E-06   3.4761E-06   0.96816
FLUX  911  2685.00        1.116546E+14   3.4371E-06   3.4538E-06   0.99517
FLUX  912  2695.00        1.112403E+14   3.4188E-06   3.4317E-06   0.99624
FLUX  913  2705.00        1.108290E+14   3.3911E-06   3.4098E-06   0.99453
FLUX  914  2715.00        1.104208E+14   3.3742E-06   3.3881E-06   0.99590
FLUX  915  2725.00        1.100156E+14   3.3534E-06   3.3666E-06   0.99607
FLUX  916  2735.00        1.096133E+14   3.3335E-06   3.3454E-06   0.99645
FLUX  917  2745.00        1.092140E+14   3.3179E-06   3.3243E-06   0.99808
FLUX  918  2755.00        1.088176E+14   3.2082E-06   3.3034E-06   0.97118
FLUX  919  2765.00        1.084240E+14   3.2524E-06   3.2827E-06   0.99077
FLUX  920  2775.00        1.080333E+14   3.2488E-06   3.2622E-06   0.99588
FLUX  921  2785.00        1.076454E+14   3.2307E-06   3.2419E-06   0.99655
FLUX  922  2795.00        1.072603E+14   3.2164E-06   3.2218E-06   0.99833
FLUX  923  2805.00        1.068779E+14   3.1946E-06   3.2018E-06   0.99775
FLUX  924  2815.00        1.064982E+14   3.1757E-06   3.1821E-06   0.99800
FLUX  925  2825.00        1.061212E+14   3.1551E-06   3.1625E-06   0.99767
FLUX  926  2835.00        1.057469E+14   3.1405E-06   3.1431E-06   0.99916
FLUX  927  2845.00        1.053752E+14   3.1107E-06   3.1239E-06   0.99578
FLUX  928  2855.00        1.050061E+14   3.0989E-06   3.1048E-06   0.99808
FLUX  929  2865.00        1.046396E+14   3.0747E-06   3.0860E-06   0.99636
FLUX  930  2875.00        1.042757E+14   2.9769E-06   3.0673E-06   0.97053
FLUX  931  2885.00        1.039142E+14   3.0384E-06   3.0487E-06   0.99660
FLUX  932  2895.00        1.035553E+14   3.0237E-06   3.0303E-06   0.99782
FLUX  933  2905.00        1.031988E+14   3.0071E-06   3.0121E-06   0.99833
FLUX  934  2915.00        1.028448E+14   2.9833E-06   2.9941E-06   0.99639
FLUX  935  2925.00        1.024932E+14   2.9623E-06   2.9762E-06   0.99532
FLUX  936  2935.00        1.021440E+14   2.9533E-06   2.9585E-06   0.99825
FLUX  937  2945.00        1.017971E+14   2.9313E-06   2.9409E-06   0.99673
FLUX  938  2955.00        1.014526E+14   2.9185E-06   2.9235E-06   0.99828
FLUX  939  2965.00        1.011105E+14   2.9025E-06   2.9062E-06   0.99872
FLUX  940  2975.00        1.007706E+14   2.8843E-06   2.8891E-06   0.99832
FLUX  941  2985.00        1.004330E+14   2.8690E-06   2.8722E-06   0.99890
FLUX  942  2995.00        1.000977E+14   2.8464E-06   2.8553E-06   0.99686
FLUX  943  3005.00        9.976456E+13   2.8306E-06   2.8387E-06   0.99716
FLUX  944  3015.00        9.943366E+13   2.8157E-06   2.8221E-06   0.99771
FLUX  945  3025.00        9.910496E+13   2.8000E-06   2.8057E-06   0.99797
FLUX  946  3035.00        9.877842E+13   2.7215E-06   2.7895E-06   0.97563
FLUX  947  3045.00        9.845402E+13   2.7533E-06   2.7734E-06   0.99277
FLUX  948  3055.00        9.813175E+13   2.7504E-06   2.7573E-06   0.99747
FLUX  949  3065.00        9.781158E+13   2.7315E-06   2.7415E-06   0.99637
FLUX  950  3075.00        9.749349E+13   2.7217E-06   2.7257E-06   0.99852
FLUX  951  3085.00        9.717747E+13   2.6954E-06   2.7101E-06   0.99457
FLUX  952  3095.00        9.686349E+13   2.6838E-06   2.6947E-06   0.99596
FLUX  953  3105.00        9.655153E+13   2.6710E-06   2.6793E-06   0.99689
FLUX  954  3115.00        9.624157E+13   2.6396E-06   2.6641E-06   0.99077
FLUX  955  3125.00        9.593360E+13   2.6388E-06   2.6491E-06   0.99613
FLUX  956  3135.00        9.562759E+13   2.6230E-06   2.6341E-06   0.99580
FLUX  957  3145.00        9.532353E+13   2.6108E-06   2.6193E-06   0.99676
FLUX  958  3155.00        9.502139E+13   2.5948E-06   2.6046E-06   0.99625
FLUX  959  3165.00        9.472117E+13   2.5846E-06   2.5900E-06   0.99790
FLUX  960  3175.00        9.442283E+13   2.5666E-06   2.5756E-06   0.99653
FLUX  961  3185.00        9.412637E+13   2.5563E-06   2.5612E-06   0.99808
FLUX  962  3195.00        9.383177E+13   2.5439E-06   2.5470E-06   0.99878
FLUX  963  3210.00        9.339330E+13   2.5197E-06   2.5259E-06   0.99755
FLUX  964  3230.00        9.281501E+13   2.4945E-06   2.4981E-06   0.99855
FLUX  965  3250.00        9.224385E+13   2.4660E-06   2.4709E-06   0.99805
FLUX  966  3270.00        9.167966E+13   2.4380E-06   2.4440E-06   0.99756
FLUX  967  3290.00        9.112234E+13   2.3745E-06   2.4252E-06   0.97911
FLUX  968  3310.00        9.057175E+13   2.3778E-06   2.3990E-06   0.99115
FLUX  969  3330.00        9.002778E+13   2.3525E-06   2.3732E-06   0.99128
FLUX  970  3350.00        8.949030E+13   2.3326E-06   2.3479E-06   0.99348
FLUX  971  3370.00        8.895920E+13   2.3023E-06   2.3230E-06   0.99108
FLUX  972  3390.00        8.843436E+13   2.2767E-06   2.2984E-06   0.99054
FLUX  973  3410.00        8.791569E+13   2.2523E-06   2.2743E-06   0.99035
FLUX  974  3430.00        8.740306E+13   2.2350E-06   2.2505E-06   0.99310
FLUX  975  3450.00        8.689638E+13   2.2176E-06   2.2271E-06   0.99574
FLUX  976  3470.00        8.639553E+13   2.1922E-06   2.2040E-06   0.99462
FLUX  977  3490.00        8.590043E+13   2.1717E-06   2.1813E-06   0.99558
FLUX  978  3510.00        8.541097E+13   2.1498E-06   2.1589E-06   0.99579
FLUX  979  3530.00        8.492705E+13   2.1256E-06   2.1369E-06   0.99469
FLUX  980  3550.00        8.444859E+13   2.1055E-06   2.1152E-06   0.99541
FLUX  981  3570.00        8.397549E+13   2.0811E-06   2.0939E-06   0.99390
FLUX  982  3590.00        8.350766E+13   2.0641E-06   2.0728E-06   0.99580
FLUX  983  3610.00        8.304501E+13   2.0418E-06   2.0521E-06   0.99496
FLUX  984  3630.00        8.258746E+13   2.0275E-06   2.0317E-06   0.99796
FLUX  985  3650.00        8.213493E+13   1.9957E-06   2.0116E-06   0.99212
FLUX  986  3670.00        8.168733E+13   1.9825E-06   1.9918E-06   0.99534
FLUX  987  3690.00        8.124458E+13   1.9461E-06   1.9722E-06   0.98676
FLUX  988  3710.00        8.080660E+13   1.9359E-06   1.9530E-06   0.99128
FLUX  989  3730.00        8.037332E+13   1.9128E-06   1.9340E-06   0.98904
FLUX  990  3750.00        7.994467E+13   1.8664E-06   1.9153E-06   0.97448
FLUX  991  3770.00        7.952056E+13   1.8848E-06   1.8969E-06   0.99365
FLUX  992  3790.00        7.910092E+13   1.8676E-06   1.8787E-06   0.99409
FLUX  993  3810.00        7.868569E+13   1.8426E-06   1.8608E-06   0.99020
FLUX  994  3830.00        7.827480E+13   1.8341E-06   1.8432E-06   0.99509
FLUX  995  3850.00        7.786818E+13   1.8213E-06   1.8258E-06   0.99757
FLUX  996  3870.00        7.746576E+13   1.7993E-06   1.8086E-06   0.99488
FLUX  997  3890.00        7.706748E+13   1.7829E-06   1.7917E-06   0.99508
FLUX  998  3910.00        7.667327E+13   1.7562E-06   1.7750E-06   0.98939
FLUX  999  3930.00        7.628308E+13   1.7541E-06   1.7585E-06   0.99746
FLUX 1000  3950.00        7.589683E+13   1.7342E-06   1.7423E-06   0.99534
FLUX 1001  3970.00        7.551448E+13   1.7214E-06   1.7263E-06   0.99713
FLUX 1002  3990.00        7.513596E+13   1.6956E-06   1.7105E-06   0.99130
FLUX 1003  4010.00        7.476122E+13   1.6810E-06   1.6950E-06   0.99175
FLUX 1004  4030.00        7.439020E+13   1.6632E-06   1.6796E-06   0.99025
FLUX 1005  4050.00        7.402284E+13   1.6387E-06   1.6644E-06   0.98451
FLUX 1006  4070.00        7.365909E+13   1.6432E-06   1.6495E-06   0.99621
FLUX 1007  4090.00        7.329890E+13   1.6274E-06   1.6347E-06   0.99549
FLUX 1008  4110.00        7.294221E+13   1.6175E-06   1.6202E-06   0.99837
FLUX 1009  4130.00        7.258898E+13   1.6038E-06   1.6058E-06   0.99875
FLUX 1010  4150.00        7.223916E+13   1.5863E-06   1.5916E-06   0.99664
FLUX 1011  4170.00        7.189269E+13   1.5596E-06   1.5776E-06   0.98857
FLUX 1012  4190.00        7.154952E+13   1.5590E-06   1.5638E-06   0.99693
FLUX 1013  4210.00        7.120962E+13   1.5412E-06   1.5502E-06   0.99420
FLUX 1014  4230.00        7.087293E+13   1.5361E-06   1.5367E-06   0.99960
FLUX 1015  4250.00        7.053941E+13   1.5198E-06   1.5235E-06   0.99759
FLUX 1016  4270.00        7.020902E+13   1.5090E-06   1.5104E-06   0.99909
FLUX 1017  4290.00        6.988170E+13   1.4817E-06   1.4974E-06   0.98949
FLUX 1018  4310.00        6.955742E+13   1.4579E-06   1.4846E-06   0.98196
FLUX 1019  4330.00        6.923614E+13   1.4507E-06   1.4720E-06   0.98553
FLUX 1020  4350.00        6.891782E+13   1.4222E-06   1.4596E-06   0.97438
FLUX 1021  4370.00        6.860240E+13   1.3970E-06   1.4473E-06   0.96529
FLUX 1022  4390.00        6.828986E+13   1.3998E-06   1.4351E-06   0.97540
FLUX 1023  4410.00        6.798016E+13   1.3686E-06   1.4231E-06   0.96169
FLUX 1024  4430.00        6.767325E+13   1.3652E-06   1.4113E-06   0.96735
FLUX 1025  4450.00        6.736910E+13   1.3556E-06   1.3996E-06   0.96858
FLUX 1026  4470.00        6.706767E+13   1.3294E-06   1.3894E-06   0.95680
FLUX 1027  4490.00        6.676893E+13   1.3292E-06   1.3780E-06   0.96458
FLUX 1028  4510.00        6.647284E+13   1.3176E-06   1.3667E-06   0.96412
FLUX 1029  4530.00        6.617936E+13   1.2957E-06   1.3555E-06   0.95587
FLUX 1030  4550.00        6.588846E+13   1.2928E-06   1.3445E-06   0.96152
FLUX 1031  4570.00        6.560011E+13   1.2860E-06   1.3336E-06   0.96430
FLUX 1032  4590.00        6.531427E+13   1.2638E-06   1.3229E-06   0.95537
FLUX 1033  4610.00        6.503091E+13   1.2626E-06   1.3122E-06   0.96217
FLUX 1034  4630.00        6.475000E+13   1.2512E-06   1.3017E-06   0.96117
FLUX 1035  4650.00        6.447150E+13   1.2351E-06   1.2913E-06   0.95643
FLUX 1036  4670.00        6.419540E+13   1.2291E-06   1.2811E-06   0.95941
FLUX 1037  4690.00        6.392164E+13   1.2272E-06   1.2710E-06   0.96560
FLUX 1038  4710.00        6.365021E+13   1.2187E-06   1.2609E-06   0.96649
FLUX 1039  4730.00        6.338108E+13   1.2153E-06   1.2511E-06   0.97144
FLUX 1040  4750.00        6.311421E+13   1.2029E-06   1.2413E-06   0.96910
FLUX 1041  4770.00        6.284958E+13   1.1936E-06   1.2316E-06   0.96916
FLUX 1042  4790.00        6.258716E+13   1.1871E-06   1.2221E-06   0.97143
FLUX 1043  4810.00        6.232692E+13   1.1737E-06   1.2126E-06   0.96789
FLUX 1044  4830.00        6.206884E+13   1.1721E-06   1.2033E-06   0.97406
FLUX 1045  4850.00        6.181289E+13   1.1613E-06   1.1940E-06   0.97259
FLUX 1046  4870.00        6.155903E+13   1.1522E-06   1.1849E-06   0.97239
FLUX 1047  4890.00        6.130726E+13   1.1442E-06   1.1759E-06   0.97304
FLUX 1048  4910.00        6.105753E+13   1.1370E-06   1.1670E-06   0.97428
FLUX 1049  4930.00        6.080984E+13   1.1279E-06   1.1582E-06   0.97388
FLUX 1050  4950.00        6.056414E+13   1.1199E-06   1.1494E-06   0.97432
FLUX 1051  4970.00        6.032042E+13   1.1109E-06   1.1408E-06   0.97380
FLUX 1052  4990.00        6.007866E+13   1.1065E-06   1.1323E-06   0.97722
FLUX 1053  5010.00        5.983882E+13   1.0950E-06   1.1239E-06   0.97429
FLUX 1054  5030.00        5.960089E+13   1.0899E-06   1.1155E-06   0.97703
FLUX 1055  5050.00        5.936485E+13   1.0788E-06   1.1073E-06   0.97426
FLUX 1056  5070.00        5.913067E+13   1.0732E-06   1.0991E-06   0.97641
FLUX 1057  5090.00        5.889833E+13   1.0665E-06   1.0911E-06   0.97747
FLUX 1058  5110.00        5.866781E+13   1.0579E-06   1.0831E-06   0.97676
FLUX 1059  5130.00        5.843908E+13   1.0446E-06   1.0752E-06   0.97157
FLUX 1060  5150.00        5.821214E+13   1.0439E-06   1.0674E-06   0.97795
FLUX 1061  5170.00        5.798694E+13   1.0387E-06   1.0597E-06   0.98020
FLUX 1062  5190.00        5.776349E+13   1.0295E-06   1.0520E-06   0.97860
FLUX 1063  5210.00        5.754175E+13   1.0217E-06   1.0445E-06   0.97818
FLUX 1064  5230.00        5.732170E+13   1.0145E-06   1.0370E-06   0.97825
FLUX 1065  5250.00        5.710333E+13   1.0098E-06   1.0296E-06   0.98073
FLUX 1066  5270.00        5.688662E+13   1.0022E-06   1.0223E-06   0.98037
FLUX 1067  5290.00        5.667155E+13   9.9342E-07   1.0151E-06   0.97867
FLUX 1068  5310.00        5.645810E+13   9.8958E-07   1.0079E-06   0.98181
FLUX 1069  5330.00        5.624625E+13   9.8164E-07   1.0008E-06   0.98083
FLUX 1070  5350.00        5.603598E+13   9.7653E-07   9.9381E-07   0.98260
FLUX 1071  5370.00        5.582728E+13   9.6808E-07   9.8688E-07   0.98096
FLUX 1072  5390.00        5.562013E+13   9.6296E-07   9.8001E-07   0.98260
FLUX 1073  5410.00        5.541451E+13   9.5777E-07   9.7322E-07   0.98413
FLUX 1074  5430.00        5.521040E+13   9.4805E-07   9.6649E-07   0.98092
FLUX 1075  5450.00        5.500780E+13   9.4515E-07   9.5984E-07   0.98470
FLUX 1076  5470.00        5.480667E+13   9.3782E-07   9.5325E-07   0.98381
FLUX 1077  5490.00        5.460701E+13   9.3122E-07   9.4673E-07   0.98362
FLUX 1078  5510.00        5.440880E+13   9.2705E-07   9.4028E-07   0.98593
FLUX 1079  5530.00        5.421202E+13   9.1898E-07   9.3389E-07   0.98404
FLUX 1080  5550.00        5.401667E+13   9.1326E-07   9.2757E-07   0.98458
FLUX 1081  5570.00        5.382271E+13   9.1086E-07   9.2131E-07   0.98866
FLUX 1082  5590.00        5.363014E+13   9.0155E-07   9.1511E-07   0.98519
FLUX 1083  5610.00        5.343895E+13   8.9740E-07   9.0898E-07   0.98726
FLUX 1084  5630.00        5.324911E+13   8.9109E-07   9.0291E-07   0.98691
FLUX 1085  5650.00        5.306062E+13   8.8806E-07   8.9689E-07   0.99015
FLUX 1086  5670.00        5.287346E+13   8.8243E-07   8.9094E-07   0.99045
FLUX 1087  5690.00        5.268761E+13   8.7472E-07   8.8505E-07   0.98834
FLUX 1088  5710.00        5.250306E+13   8.6695E-07   8.7921E-07   0.98605
FLUX 1089  5730.00        5.231981E+13   8.6575E-07   8.7343E-07   0.99121
FLUX 1090  5750.00        5.213783E+13   8.6004E-07   8.6771E-07   0.99116
FLUX 1091  5770.00        5.195711E+13   8.5466E-07   8.6204E-07   0.99144
FLUX 1092  5790.00        5.177763E+13   8.4961E-07   8.5643E-07   0.99204
FLUX 1093  5810.00        5.159940E+13   8.4404E-07   8.5087E-07   0.99197
FLUX 1094  5830.00        5.142238E+13   8.3918E-07   8.4537E-07   0.99268
FLUX 1095  5850.00        5.124658E+13   8.3492E-07   8.4022E-07   0.99369
FLUX 1096  5870.00        5.107198E+13   8.2862E-07   8.3482E-07   0.99257
FLUX 1097  5890.00        5.089856E+13   8.2278E-07   8.2947E-07   0.99194
FLUX 1098  5910.00        5.072631E+13   8.1323E-07   8.2417E-07   0.98673
FLUX 1099  5930.00        5.055523E+13   8.1374E-07   8.1892E-07   0.99368
FLUX 1100  5950.00        5.038529E+13   8.0112E-07   8.1372E-07   0.98452
FLUX 1101  5970.00        5.021650E+13   8.0410E-07   8.0857E-07   0.99447
FLUX 1102  5990.00        5.004883E+13   7.9942E-07   8.0347E-07   0.99496
FLUX 1103  6010.00        4.988228E+13   7.9449E-07   7.9842E-07   0.99508
FLUX 1104  6030.00        4.971683E+13   7.9000E-07   7.9341E-07   0.99569
FLUX 1105  6050.00        4.955248E+13   7.8502E-07   7.8845E-07   0.99565
FLUX 1106  6070.00        4.938921E+13   7.7977E-07   7.8354E-07   0.99519
FLUX 1107  6090.00        4.922701E+13   7.7502E-07   7.7867E-07   0.99531
FLUX 1108  6110.00        4.906588E+13   7.6913E-07   7.7385E-07   0.99390
FLUX 1109  6130.00        4.890579E+13   7.6614E-07   7.6907E-07   0.99619
FLUX 1110  6150.00        4.874675E+13   7.6186E-07   7.6434E-07   0.99676
FLUX 1111  6170.00        4.858874E+13   7.5729E-07   7.5965E-07   0.99690
FLUX 1112  6190.00        4.843174E+13   7.5278E-07   7.5500E-07   0.99705
FLUX 1113  6210.00        4.827576E+13   7.4849E-07   7.5040E-07   0.99746
FLUX 1114  6230.00        4.812079E+13   7.4235E-07   7.4584E-07   0.99532
FLUX 1115  6250.00        4.796680E+13   7.3890E-07   7.4132E-07   0.99674
FLUX 1116  6270.00        4.781380E+13   7.3452E-07   7.3684E-07   0.99686
FLUX 1117  6290.00        4.766176E+13   7.2573E-07   7.3240E-07   0.99090
FLUX 1118  6310.00        4.751070E+13   7.2506E-07   7.2800E-07   0.99597
FLUX 1119  6330.00        4.736058E+13   7.2228E-07   7.2364E-07   0.99812
FLUX 1120  6350.00        4.721142E+13   7.1767E-07   7.1932E-07   0.99770
FLUX 1121  6370.00        4.706319E+13   7.1380E-07   7.1503E-07   0.99828
FLUX 1122  6390.00        4.691588E+13   7.0902E-07   7.1079E-07   0.99751
FLUX 1123  6420.00        4.669665E+13   7.0346E-07   7.0449E-07   0.99853
FLUX 1124  6460.00        4.640751E+13   6.9479E-07   6.9623E-07   0.99794
FLUX 1125  6500.00        4.612192E+13   6.8639E-07   6.8810E-07   0.99751
FLUX 1126  6540.00        4.583983E+13   6.7921E-07   6.8012E-07   0.99866
FLUX 1127  6580.00        4.556117E+13   6.7155E-07   6.7228E-07   0.99891
FLUX 1128  6620.00        4.528588E+13   6.6359E-07   6.6457E-07   0.99853
FLUX 1129  6660.00        4.501389E+13   6.5644E-07   6.5699E-07   0.99916
FLUX 1130  6700.00        4.474515E+13   6.4890E-07   6.4954E-07   0.99901
FLUX 1131  6740.00        4.447960E+13   6.4116E-07   6.4222E-07   0.99835
FLUX 1132  6780.00        4.421718E+13   6.3236E-07   6.3502E-07   0.99581
FLUX 1133  6820.00        4.395784E+13   6.2719E-07   6.2794E-07   0.99881
FLUX 1134  6860.00        4.370153E+13   6.2043E-07   6.2097E-07   0.99913
FLUX 1135  6900.00        4.344819E+13   6.1343E-07   6.1412E-07   0.99887
FLUX 1136  6940.00        4.319777E+13   6.0631E-07   6.0739E-07   0.99823
FLUX 1137  6980.00        4.295021E+13   6.0029E-07   6.0076E-07   0.99922
FLUX 1138  7020.00        4.270548E+13   5.9343E-07   5.9424E-07   0.99864
FLUX 1139  7060.00        4.246353E+13   5.8728E-07   5.8783E-07   0.99908
FLUX 1140  7100.00        4.222430E+13   5.8091E-07   5.8151E-07   0.99895
FLUX 1141  7140.00        4.198774E+13   5.7501E-07   5.7530E-07   0.99949
FLUX 1142  7180.00        4.175383E+13   5.6875E-07   5.6919E-07   0.99923
FLUX 1143  7220.00        4.152251E+13   5.6238E-07   5.6318E-07   0.99859
FLUX 1144  7260.00        4.129373E+13   5.5627E-07   5.5726E-07   0.99823
FLUX 1145  7300.00        4.106747E+13   5.5128E-07   5.5143E-07   0.99972
FLUX 1146  7340.00        4.084366E+13   5.4523E-07   5.4569E-07   0.99916
FLUX 1147  7380.00        4.062229E+13   5.3986E-07   5.4004E-07   0.99966
FLUX 1148  7420.00        4.040330E+13   5.3392E-07   5.3448E-07   0.99895
FLUX 1149  7460.00        4.018666E+13   5.2598E-07   5.2901E-07   0.99426
FLUX 1150  7500.00        3.997233E+13   5.1912E-07   5.2362E-07   0.99142
FLUX 1151  7540.00        3.976028E+13   5.1791E-07   5.1831E-07   0.99923
FLUX 1152  7580.00        3.955046E+13   5.1284E-07   5.1308E-07   0.99953
FLUX 1153  7620.00        3.934285E+13   5.0773E-07   5.0793E-07   0.99959
FLUX 1154  7660.00        3.913740E+13   5.0272E-07   5.0286E-07   0.99971
FLUX 1155  7700.00        3.893409E+13   4.9759E-07   4.9786E-07   0.99944
FLUX 1156  7740.00        3.873288E+13   4.9281E-07   4.9294E-07   0.99974
FLUX 1157  7780.00        3.853374E+13   4.8728E-07   4.8809E-07   0.99835
FLUX 1158  7820.00        3.833664E+13   4.8325E-07   4.8331E-07   0.99988
FLUX 1159  7860.00        3.814154E+13   4.7855E-07   4.7860E-07   0.99989
FLUX 1160  7900.00        3.794842E+13   4.7390E-07   4.7395E-07   0.99988
FLUX 1161  7940.00        3.775724E+13   4.6930E-07   4.6938E-07   0.99982
FLUX 1162  7980.00        3.756798E+13   4.6478E-07   4.6487E-07   0.99982
FLUX 1163  8020.00        3.738061E+13   4.6015E-07   4.6042E-07   0.99940
FLUX 1164  8060.00        3.719510E+13   4.5576E-07   4.5604E-07   0.99937
FLUX 1165  8100.00        3.701142E+13   4.5166E-07   4.5172E-07   0.99985
FLUX 1166  8140.00        3.682955E+13   4.4623E-07   4.4746E-07   0.99725
FLUX 1167  8180.00        3.664945E+13   4.4298E-07   4.4326E-07   0.99935
FLUX 1168  8220.00        3.647111E+13   4.3905E-07   4.3912E-07   0.99985
FLUX 1169  8260.00        3.629449E+13   4.3491E-07   4.3504E-07   0.99970
FLUX 1170  8300.00        3.611958E+13   4.3088E-07   4.3101E-07   0.99969
FLUX 1171  8340.00        3.594634E+13   4.2661E-07   4.2704E-07   0.99900
FLUX 1172  8380.00        3.577476E+13   4.2272E-07   4.2312E-07   0.99905
FLUX 1173  8420.00        3.560481E+13   4.1907E-07   4.1926E-07   0.99954
FLUX 1174  8460.00        3.543647E+13   4.1533E-07   4.1545E-07   0.99973
FLUX 1175  8500.00        3.526971E+13   4.1162E-07   4.1169E-07   0.99985
FLUX 1176  8540.00        3.510451E+13   4.0785E-07   4.0798E-07   0.99968
FLUX 1177  8580.00        3.494085E+13   4.0421E-07   4.0432E-07   0.99973
FLUX 1178  8620.00        3.477871E+13   4.0054E-07   4.0071E-07   0.99957
FLUX 1179  8660.00        3.461807E+13   3.9617E-07   3.9715E-07   0.99754
FLUX 1180  8700.00        3.445891E+13   3.9359E-07   3.9363E-07   0.99991
FLUX 1181  8740.00        3.430120E+13   3.8949E-07   3.9016E-07   0.99828
FLUX 1182  8780.00        3.414493E+13   3.8607E-07   3.8674E-07   0.99826
FLUX 1183  8820.00        3.399008E+13   3.8312E-07   3.8336E-07   0.99937
FLUX 1184  8860.00        3.383662E+13   3.7981E-07   3.8003E-07   0.99942
FLUX 1185  8900.00        3.368455E+13   3.7651E-07   3.7674E-07   0.99939
FLUX 1186  8940.00        3.353384E+13   3.7336E-07   3.7349E-07   0.99965
FLUX 1187  8980.00        3.338447E+13   3.6994E-07   3.7028E-07   0.99907
FLUX 1188  9020.00        3.323642E+13   3.6692E-07   3.6711E-07   0.99946
FLUX 1189  9060.00        3.308968E+13   3.6395E-07   3.6399E-07   0.99989
FLUX 1190  9100.00        3.294423E+13   3.6059E-07   3.6090E-07   0.99912
FLUX 1191  9140.00        3.280005E+13   3.5760E-07   3.5786E-07   0.99930
FLUX 1192  9180.00        3.265713E+13   3.5476E-07   3.5485E-07   0.99974
FLUX 1193  9220.00        3.251546E+13   3.5184E-07   3.5188E-07   0.99991
FLUX 1194  9260.00        3.237500E+13   3.4878E-07   3.4894E-07   0.99953
FLUX 1195  9300.00        3.223575E+13   3.4602E-07   3.4604E-07   0.99994
FLUX 1196  9340.00        3.209770E+13   3.4309E-07   3.4318E-07   0.99972
FLUX 1197  9380.00        3.196082E+13   3.3942E-07   3.4036E-07   0.99726
FLUX 1198  9420.00        3.182511E+13   3.3751E-07   3.3756E-07   0.99984
FLUX 1199  9460.00        3.169054E+13   3.3470E-07   3.3481E-07   0.99968
FLUX 1200  9500.00        3.155710E+13   3.3197E-07   3.3208E-07   0.99966
FLUX 1201  9540.00        3.142479E+13   3.2911E-07   3.2939E-07   0.99914
FLUX 1202  9580.00        3.129358E+13   3.2665E-07   3.2673E-07   0.99975
FLUX 1203  9620.00        3.116346E+13   3.2396E-07   3.2410E-07   0.99955
FLUX 1204  9660.00        3.103442E+13   3.2143E-07   3.2151E-07   0.99974
FLUX 1205  9700.00        3.090644E+13   3.1892E-07   3.1894E-07   0.99991
FLUX 1206  9740.00        3.077952E+13   3.1611E-07   3.1641E-07   0.99907
FLUX 1207  9780.00        3.065363E+13   3.1371E-07   3.1390E-07   0.99939
FLUX 1208  9820.00        3.052877E+13   3.1133E-07   3.1143E-07   0.99967
FLUX 1209  9860.00        3.040492E+13   3.0876E-07   3.0898E-07   0.99928
FLUX 1210  9900.00        3.028207E+13   3.0653E-07   3.0657E-07   0.99987
FLUX 1211  9940.00        3.016021E+13   3.0402E-07   3.0418E-07   0.99948
FLUX 1212  9980.00        3.003933E+13   3.0171E-07   3.0182E-07   0.99966
FLUX 1213 10020.00        2.991941E+13   2.9938E-07   2.9948E-07   0.99966
FLUX 1214 20000.00        1.498962E+13   7.7052E-08   7.7057E-08   0.99994
FLUX 1215 40000.00        7.494812E+12   1.9289E-08   1.9290E-08   0.99999
FLUX 1216 60000.00        4.996542E+12   8.5184E-09   8.5185E-09   0.99999
FLUX 1217 80000.00        3.747406E+12   4.7598E-09   4.7598E-09   1.00000
FLUX 1218100000.00        2.997925E+12   3.0280E-09   3.0280E-09   1.00000
FLUX 1219120000.00        2.498271E+12   2.0915E-09   2.0915E-09   1.00000
FLUX 1220140000.00        2.141375E+12   1.5293E-09   1.5293E-09   1.00000
FLUX 1221160000.00        1.873703E+12   1.1659E-09   1.1659E-09   1.00000
FLUX
