TEFF   5500.  GRAVITY 1.50000 LTE 
TITLE  [0.0] VTURB=2  L/H=1.25 NOVER NEW ODF                                    
FLUX    1     9.09        3.298047E+16   6.4299-218   6.4300-218   0.99998
FLUX    2     9.35        3.206337E+16   6.5379-212   6.5380-212   0.99998
FLUX    3     9.61        3.119589E+16   3.1397-206   3.1398-206   0.99998
FLUX    4     9.77        3.068501E+16   6.9548-203   6.9550-203   0.99998
FLUX    5     9.96        3.009965E+16   4.7308-199   4.7308-199   0.99998
FLUX    6    10.20        2.939142E+16   2.0442-194   2.0442-194   0.99998
FLUX    7    10.38        2.888174E+16   4.4250-191   4.4251-191   0.99998
FLUX    8    10.56        2.838944E+16   7.3607-188   7.3609-188   0.99998
FLUX    9    10.77        2.783589E+16   3.0734-184   3.0734-184   0.99998
FLUX   10    11.04        2.715512E+16   8.6977-180   8.6978-180   0.99998
FLUX   11    11.40        2.629759E+16   3.5046-174   3.5047-174   0.99998
FLUX   12    11.78        2.544928E+16   1.2230-168   1.2231-168   0.99998
FLUX   13    12.13        2.471496E+16   7.6421-164   7.6422-164   0.99998
FLUX   14    12.48        2.402183E+16   2.5569-159   2.5570-159   0.99998
FLUX   15    12.71        2.358714E+16   1.7555-156   1.7555-156   0.99998
FLUX   16    12.84        2.334833E+16   6.3469-155   6.3470-155   0.99998
FLUX   17    13.05        2.297261E+16   1.7927-152   1.7927-152   0.99998
FLUX   18    13.24        2.264294E+16   2.5312-150   2.5313-150   0.99998
FLUX   19    13.39        2.238928E+16   1.1408-148   1.1408-148   0.99998
FLUX   20    13.66        2.194674E+16   8.7478-146   8.7480-146   0.99998
FLUX   21    13.98        2.144438E+16   1.6423-142   1.6424-142   0.99998
FLUX   22    14.33        2.092062E+16   4.2317-139   4.2318-139   0.99998
FLUX   23    14.72        2.036634E+16   1.7171-135   1.7171-135   0.99998
FLUX   24    15.10        1.985381E+16   3.7136-132   3.7136-132   0.99998
FLUX   25    15.52        1.931653E+16   1.1592-128   1.1592-128   0.99998
FLUX   26    15.88        1.887862E+16   8.1346-126   8.1347-126   0.99998
FLUX   27    16.20        1.850571E+16   2.1533-123   2.1534-123   0.99998
FLUX   28    16.60        1.805979E+16   1.6943-120   1.6943-120   0.99998
FLUX   29    17.03        1.760379E+16   1.5446-117   1.5446-117   0.99998
FLUX   30    17.34        1.728907E+16   1.6999-115   1.6999-115   0.99998
FLUX   31    17.68        1.695659E+16   2.4347-113   2.4348-113   0.99998
FLUX   32    18.02        1.663665E+16   2.8857-111   2.8858-111   0.99998
FLUX   33    18.17        1.649931E+16   2.2396-110   2.2397-110   0.99998
FLUX   34    18.61        1.610922E+16   7.5378-108   7.5379-108   0.99998
FLUX   35    19.10        1.569594E+16   3.5699-105   3.5699-105   0.99998
FLUX   36    19.39        1.546119E+16   1.1769-103   1.1769-103   0.99998
FLUX   37    19.84        1.511051E+16   2.1759-101   2.1759-101   0.99998
FLUX   38    20.18        1.485592E+16   9.6231-100   9.6232-100   0.99998
FLUX   39    20.50        1.462402E+16   3.0359E-98   3.0360E-98   0.99998
FLUX   40    21.05        1.424192E+16   8.8920E-96   8.8922E-96   0.99998
FLUX   41    21.62        1.386644E+16   2.3518E-93   2.3519E-93   0.99998
FLUX   42    21.98        1.363933E+16   6.8519E-92   6.8521E-92   0.99998
FLUX   43    22.30        1.344361E+16   1.2486E-90   1.2486E-90   0.99998
FLUX   44    22.68        1.321836E+16   3.5242E-89   3.5242E-89   0.99998
FLUX   45    23.00        1.303446E+16   5.3881E-88   5.3882E-88   0.99998
FLUX   46    23.40        1.281165E+16   1.4611E-86   1.4611E-86   0.99998
FLUX   47    24.00        1.249135E+16   1.6739E-84   1.6740E-84   0.99998
FLUX   48    24.65        1.216197E+16   2.1872E-82   2.1873E-82   0.99998
FLUX   49    25.24        1.187767E+16   1.4622E-80   1.4623E-80   0.99998
FLUX   50    25.68        1.167416E+16   2.9560E-79   2.9560E-79   0.99998
FLUX   51    26.00        1.153048E+16   2.4665E-78   2.4666E-78   0.99998
FLUX   52    26.40        1.135578E+16   3.2502E-77   3.2502E-77   0.99998
FLUX   53    26.85        1.116546E+16   5.3766E-76   5.3767E-76   0.99998
FLUX   54    27.35        1.096133E+16   1.0877E-74   1.0877E-74   0.99998
FLUX   55    27.85        1.076454E+16   1.9744E-73   1.9745E-73   0.99998
FLUX   56    28.40        1.055607E+16   4.2439E-72   4.2440E-72   0.99998
FLUX   57    29.00        1.033767E+16   1.0527E-70   1.0527E-70   0.99998
FLUX   58    29.60        1.012813E+16   2.2831E-69   2.2832E-69   0.99998
FLUX   59    30.10        9.959884E+15   2.6989E-68   2.6993E-68   0.99986
FLUX   60    30.80        9.733523E+15   7.4669E-67   7.4670E-67   0.99998
FLUX   61    31.80        9.427437E+15   6.6129E-65   6.6130E-65   0.99998
FLUX   62    32.80        9.140015E+15   4.4299E-63   4.4300E-63   0.99998
FLUX   63    33.80        8.869601E+15   2.2990E-61   2.2990E-61   0.99998
FLUX   64    34.80        8.614727E+15   9.4638E-60   9.4639E-60   0.99998
FLUX   65    35.70        8.397549E+15   2.2361E-58   2.2361E-58   0.99998
FLUX   66    36.60        8.191052E+15   4.5124E-57   4.5125E-57   0.99998
FLUX   67    37.50        7.994467E+15   7.8464E-56   7.8465E-56   0.99998
FLUX   68    38.50        7.786818E+15   1.5960E-54   1.5960E-54   0.99998
FLUX   69    39.50        7.589684E+15   2.7739E-53   2.7739E-53   0.99998
FLUX   70    40.50        7.402284E+15   4.1714E-52   4.1714E-52   0.99998
FLUX   71    41.40        7.241365E+15   4.2650E-51   4.2651E-51   0.99998
FLUX   72    42.20        7.104088E+15   3.0901E-50   3.0902E-50   0.99998
FLUX   73    43.00        6.971919E+15   2.0754E-49   2.0755E-49   0.99998
FLUX   74    44.10        6.798016E+15   2.5349E-48   2.5350E-48   0.99998
FLUX   75    45.10        6.647284E+15   2.2098E-47   2.2098E-47   0.99998
FLUX   76    46.00        6.517228E+15   1.4279E-46   1.4279E-46   0.99998
FLUX   77    47.00        6.378564E+15   1.0415E-45   1.0415E-45   0.99998
FLUX   78    48.00        6.245677E+15   6.9703E-45   6.9704E-45   0.99998
FLUX   79    49.00        6.118214E+15   4.3075E-44   4.3076E-44   0.99998
FLUX   80    50.00        5.995850E+15   2.4664E-43   2.4664E-43   0.99998
FLUX   81    50.60        5.924753E+15   9.0512E-43   1.0299E-42   0.87886
FLUX   82    51.20        5.855322E+15   2.7234E-42   2.7550E-42   0.98854
FLUX   83    52.00        5.765240E+15   9.7716E-42   9.8614E-42   0.99089
FLUX   84    53.00        5.656462E+15   4.5892E-41   4.5893E-41   0.99998
FLUX   85    54.00        5.551713E+15   2.0018E-40   2.0130E-40   0.99440
FLUX   86    55.00        5.450773E+15   8.3536E-40   8.3538E-40   0.99998
FLUX   87    56.00        5.353438E+15   3.2877E-39   3.2877E-39   0.99998
FLUX   88    57.00        5.259518E+15   1.2306E-38   1.2306E-38   0.99998
FLUX   89    58.00        5.168836E+15   4.3454E-38   4.3936E-38   0.98902
FLUX   90    59.00        5.081229E+15   1.4984E-37   1.4990E-37   0.99964
FLUX   91    60.00        4.996542E+15   4.8971E-37   4.8997E-37   0.99947
FLUX   92    61.00        4.914631E+15   1.5377E-36   1.5377E-36   0.99998
FLUX   93    62.00        4.835363E+15   4.6424E-36   4.6430E-36   0.99987
FLUX   94    63.00        4.758611E+15   1.3511E-35   1.3512E-35   0.99991
FLUX   95    64.00        4.684258E+15   3.7989E-35   3.7990E-35   0.99997
FLUX   96    65.00        4.612192E+15   1.0331E-34   1.0331E-34   0.99997
FLUX   97    65.80        4.556117E+15   2.2474E-34   2.2476E-34   0.99991
FLUX   98    66.50        4.508158E+15   4.3624E-34   4.3660E-34   0.99919
FLUX   99    67.50        4.441370E+15   1.0986E-33   1.0993E-33   0.99940
FLUX  100    68.50        4.376533E+15   2.6901E-33   2.6903E-33   0.99992
FLUX  101    69.50        4.313561E+15   6.4070E-33   6.4074E-33   0.99993
FLUX  102    70.50        4.252376E+15   1.4830E-32   1.4869E-32   0.99740
FLUX  103    71.60        4.187046E+15   3.6470E-32   3.6474E-32   0.99989
FLUX  104    72.60        4.129373E+15   8.0429E-32   8.0431E-32   0.99998
FLUX  105    73.50        4.078810E+15   1.6073E-31   1.6076E-31   0.99985
FLUX  106    74.50        4.024060E+15   3.3977E-31   3.3993E-31   0.99953
FLUX  107    75.50        3.970762E+15   7.0334E-31   7.0385E-31   0.99928
FLUX  108    76.50        3.918856E+15   1.4280E-30   1.4283E-30   0.99986
FLUX  109    77.50        3.868290E+15   2.8408E-30   2.8425E-30   0.99938
FLUX  110    78.50        3.819013E+15   5.5527E-30   5.5528E-30   0.99998
FLUX  111    79.50        3.770975E+15   1.0582E-29   1.0655E-29   0.99316
FLUX  112    80.50        3.724130E+15   2.0041E-29   2.0095E-29   0.99734
FLUX  113    81.50        3.678436E+15   3.7259E-29   3.7275E-29   0.99956
FLUX  114    82.50        3.633848E+15   6.8039E-29   6.8059E-29   0.99971
FLUX  115    83.50        3.590329E+15   1.2237E-28   1.2239E-28   0.99986
FLUX  116    84.50        3.547840E+15   2.1682E-28   2.1685E-28   0.99988
FLUX  117    85.50        3.506345E+15   3.7882E-28   3.7883E-28   0.99998
FLUX  118    86.50        3.465809E+15   6.5254E-28   6.5260E-28   0.99991
FLUX  119    87.50        3.426200E+15   1.1077E-27   1.1094E-27   0.99853
FLUX  120    88.50        3.387486E+15   1.8617E-27   1.8620E-27   0.99984
FLUX  121    89.50        3.349637E+15   3.0864E-27   3.0866E-27   0.99993
FLUX  122    90.50        3.312624E+15   5.0541E-27   5.0558E-27   0.99967
FLUX  123    91.50        3.276421E+15   7.3443E-24   1.8745E-23   0.39181
FLUX  124    92.50        3.241000E+15   2.8578E-23   3.1038E-23   0.92076
FLUX  125    93.50        3.206337E+15   4.6224E-23   5.0776E-23   0.91035
FLUX  126    94.50        3.172407E+15   7.5294E-23   8.2160E-23   0.91643
FLUX  127    95.50        3.139188E+15   1.2648E-22   1.3168E-22   0.96053
FLUX  128    96.50        3.106658E+15   2.0278E-22   2.0871E-22   0.97163
FLUX  129    97.50        3.074795E+15   3.1661E-22   3.2715E-22   0.96779
FLUX  130    98.50        3.043579E+15   4.9098E-22   5.1136E-22   0.96013
FLUX  131    99.50        3.012990E+15   7.5507E-22   7.8892E-22   0.95709
FLUX  132   100.50        2.983010E+15   1.1915E-21   1.2061E-21   0.98792
FLUX  133   101.50        2.953621E+15   1.8043E-21   1.8247E-21   0.98880
FLUX  134   102.50        2.924805E+15   2.6000E-21   2.7537E-21   0.94419
FLUX  135   103.50        2.896546E+15   4.0767E-21   4.1063E-21   0.99280
FLUX  136   104.50        2.868828E+15   6.0409E-21   6.0841E-21   0.99290
FLUX  137   105.50        2.841635E+15   8.8782E-21   8.9445E-21   0.99259
FLUX  138   106.50        2.814953E+15   1.2742E-20   1.3054E-20   0.97613
FLUX  139   107.50        2.788767E+15   1.8531E-20   1.8920E-20   0.97948
FLUX  140   108.50        2.763065E+15   2.7066E-20   2.7229E-20   0.99399
FLUX  141   109.50        2.737831E+15   3.7922E-20   3.8919E-20   0.97437
FLUX  142   110.50        2.713054E+15   2.0671E-19   1.2036E-18   0.17174
FLUX  143   111.50        2.688722E+15   8.8240E-19   1.6094E-18   0.54828
FLUX  144   112.50        2.664822E+15   1.4095E-18   2.1122E-18   0.66733
FLUX  145   113.50        2.641344E+15   2.1097E-18   2.7265E-18   0.77377
FLUX  146   114.50        2.618275E+15   2.8798E-18   3.4678E-18   0.83046
FLUX  147   115.50        2.595606E+15   3.3638E-18   4.3436E-18   0.77443
FLUX  148   116.50        2.573326E+15   4.8330E-18   5.3445E-18   0.90429
FLUX  149   117.50        2.551426E+15   6.0186E-18   6.4084E-18   0.93917
FLUX  150   118.50        2.529895E+15   6.7359E-18   9.0510E-18   0.74422
FLUX  151   119.50        2.508724E+15   3.8839E-18   1.1219E-17   0.34620
FLUX  152   120.50        2.487905E+15   3.3815E-18   1.3834E-17   0.24443
FLUX  153   121.50        2.467428E+15   1.2082E-18   1.6992E-17   0.07111
FLUX  154   122.50        2.447286E+15   4.7406E-18   2.0874E-17   0.22711
FLUX  155   123.50        2.427470E+15   1.2999E-17   2.5500E-17   0.50976
FLUX  156   124.50        2.407972E+15   2.2354E-17   2.6419E-17   0.84614
FLUX  157   125.50        2.388785E+15   2.8975E-17   3.5863E-17   0.80793
FLUX  158   126.50        2.369901E+15   3.0589E-17   4.5765E-17   0.66839
FLUX  159   127.50        2.351314E+15   4.1352E-17   5.6615E-17   0.73041
FLUX  160   128.50        2.333016E+15   4.4913E-17   6.9493E-17   0.64630
FLUX  161   129.50        2.315000E+15   5.9726E-17   8.4511E-17   0.70673
FLUX  162   130.50        2.297261E+15   5.8503E-17   1.0235E-16   0.57159
FLUX  163   131.50        2.279791E+15   7.9089E-17   1.2347E-16   0.64057
FLUX  164   132.50        2.262585E+15   8.3974E-17   1.4847E-16   0.56559
FLUX  165   133.50        2.245637E+15   1.0071E-16   1.7791E-16   0.56607
FLUX  166   134.50        2.228941E+15   1.2078E-16   2.1252E-16   0.56832
FLUX  167   135.50        2.212491E+15   1.4638E-16   2.5541E-16   0.57311
FLUX  168   136.50        2.196282E+15   1.6624E-16   3.1012E-16   0.53607
FLUX  169   137.50        2.180309E+15   1.9348E-16   3.7526E-16   0.51559
FLUX  170   138.50        2.164567E+15   2.3664E-16   4.5267E-16   0.52277
FLUX  171   139.50        2.149050E+15   2.7924E-16   5.4441E-16   0.51293
FLUX  172   140.50        2.133754E+15   3.5143E-16   6.5293E-16   0.53824
FLUX  173   141.50        2.118675E+15   4.2812E-16   7.8105E-16   0.54813
FLUX  174   142.50        2.103807E+15   4.8825E-16   9.3212E-16   0.52381
FLUX  175   143.50        2.089146E+15   6.2079E-16   1.1098E-15   0.55937
FLUX  176   144.20        2.079005E+15   8.0715E-16   1.2522E-15   0.64457
FLUX  177   144.70        2.071821E+15   7.5290E-16   1.3641E-15   0.55192
FLUX  178   145.50        2.060430E+15   8.7616E-16   1.5623E-15   0.56082
FLUX  179   146.50        2.046365E+15   1.1725E-15   1.8473E-15   0.63471
FLUX  180   147.50        2.032492E+15   1.2168E-15   2.1796E-15   0.55828
FLUX  181   148.50        2.018805E+15   1.4899E-15   2.5666E-15   0.58048
FLUX  182   149.50        2.005301E+15   1.9789E-15   3.0158E-15   0.65618
FLUX  183   150.50        1.991977E+15   2.5726E-15   3.5369E-15   0.72736
FLUX  184   151.20        1.982755E+15   2.0704E-15   3.9497E-15   0.52418
FLUX  185   151.70        1.976220E+15   2.8547E-15   6.8595E-15   0.41617
FLUX  186   152.50        1.965852E+15   4.4016E-15   3.7018E-14   0.11890
FLUX  187   153.50        1.953046E+15   3.7558E-14   3.6672E-13   0.10242
FLUX  188   154.50        1.940405E+15   5.0291E-14   4.2653E-13   0.11791
FLUX  189   155.50        1.927926E+15   9.3009E-14   4.9494E-13   0.18792
FLUX  190   156.50        1.915607E+15   8.6888E-14   5.7358E-13   0.15148
FLUX  191   157.50        1.903444E+15   2.0192E-13   8.4657E-13   0.23851
FLUX  192   158.50        1.891435E+15   2.7709E-13   9.7192E-13   0.28510
FLUX  193   159.50        1.879577E+15   3.3592E-13   1.1123E-12   0.30201
FLUX  194   160.50        1.867866E+15   3.6863E-13   1.2688E-12   0.29054
FLUX  195   161.50        1.856300E+15   4.1626E-13   1.4427E-12   0.28853
FLUX  196   162.50        1.844877E+15   5.1764E-13   1.7295E-12   0.29931
FLUX  197   163.50        1.833593E+15   5.8475E-13   1.9631E-12   0.29787
FLUX  198   164.50        1.822447E+15   9.5589E-13   2.2227E-12   0.43007
FLUX  199   165.50        1.811435E+15   4.3660E-13   2.5107E-12   0.17390
FLUX  200   166.50        1.800556E+15   1.1241E-12   2.8295E-12   0.39726
FLUX  201   167.20        1.793017E+15   6.2516E-13   3.0726E-12   0.20346
FLUX  202   167.70        1.787671E+15   1.5977E-12   9.3748E-12   0.17042
FLUX  203   168.50        1.779184E+15   3.9888E-12   5.1430E-11   0.07756
FLUX  204   169.50        1.768687E+15   7.8405E-12   5.7687E-11   0.13592
FLUX  205   170.50        1.758314E+15   8.9062E-12   6.4719E-11   0.13761
FLUX  206   171.50        1.748061E+15   9.5852E-12   1.1062E-10   0.08665
FLUX  207   172.50        1.737928E+15   1.2724E-11   1.2352E-10   0.10301
FLUX  208   173.50        1.727911E+15   1.6650E-11   1.3687E-10   0.12165
FLUX  209   174.50        1.718009E+15   2.2747E-11   1.5169E-10   0.14996
FLUX  210   175.50        1.708219E+15   3.3959E-11   1.6717E-10   0.20314
FLUX  211   176.50        1.698541E+15   3.5264E-11   1.8361E-10   0.19206
FLUX  212   177.50        1.688972E+15   3.5225E-11   2.0124E-10   0.17504
FLUX  213   178.50        1.679510E+15   4.6140E-11   2.2008E-10   0.20965
FLUX  214   179.50        1.670153E+15   6.0360E-11   2.3999E-10   0.25151
FLUX  215   180.50        1.660900E+15   5.6598E-11   2.6132E-10   0.21659
FLUX  216   181.50        1.651749E+15   5.9130E-11   2.8392E-10   0.20826
FLUX  217   182.50        1.642699E+15   7.2547E-11   3.0798E-10   0.23556
FLUX  218   183.50        1.633747E+15   9.2258E-11   3.3325E-10   0.27684
FLUX  219   184.50        1.624892E+15   6.8872E-11   3.6013E-10   0.19124
FLUX  220   185.50        1.616132E+15   1.0421E-10   3.8902E-10   0.26789
FLUX  221   186.50        1.607466E+15   1.2559E-10   4.1910E-10   0.29967
FLUX  222   187.50        1.598893E+15   1.4356E-10   4.7953E-10   0.29938
FLUX  223   188.50        1.590411E+15   1.6339E-10   5.1328E-10   0.31832
FLUX  224   189.50        1.582018E+15   2.1178E-10   5.4861E-10   0.38604
FLUX  225   190.50        1.573714E+15   2.0450E-10   5.8528E-10   0.34941
FLUX  226   191.50        1.565496E+15   2.3307E-10   6.2367E-10   0.37371
FLUX  227   192.50        1.557364E+15   2.5148E-10   6.6386E-10   0.37882
FLUX  228   193.50        1.549315E+15   1.7809E-10   7.0583E-10   0.25231
FLUX  229   194.50        1.541350E+15   3.5577E-10   7.4995E-10   0.47439
FLUX  230   195.50        1.533465E+15   3.7016E-10   7.9609E-10   0.46498
FLUX  231   196.70        1.524110E+15   4.9863E-10   8.5426E-10   0.58369
FLUX  232   197.60        1.517169E+15   4.8418E-10   9.8408E-10   0.49201
FLUX  233   198.40        1.511051E+15   5.3016E-10   1.0312E-09   0.51410
FLUX  234   199.50        1.502719E+15   5.7935E-10   1.1538E-09   0.50213
FLUX  235   200.50        1.495224E+15   6.2263E-10   1.2227E-09   0.50921
FLUX  236   201.50        1.487804E+15   6.5492E-10   1.2960E-09   0.50533
FLUX  237   202.50        1.480457E+15   5.7587E-10   1.3722E-09   0.41966
FLUX  238   203.50        1.473182E+15   7.9590E-10   1.4513E-09   0.54839
FLUX  239   204.50        1.465978E+15   9.3519E-10   1.5347E-09   0.60938
FLUX  240   205.50        1.458844E+15   9.0272E-10   1.6207E-09   0.55698
FLUX  241   206.50        1.451780E+15   8.9163E-10   1.7096E-09   0.52155
FLUX  242   207.40        1.445480E+15   1.1118E-09   1.7920E-09   0.62040
FLUX  243   207.80        1.442697E+15   1.3645E-09   1.2622E-08   0.10811
FLUX  244   208.50        1.437854E+15   1.4995E-09   1.3251E-08   0.11316
FLUX  245   209.50        1.430990E+15   2.0857E-09   1.4149E-08   0.14741
FLUX  246   210.50        1.424192E+15   2.9290E-09   1.5010E-08   0.19514
FLUX  247   211.50        1.417459E+15   3.0253E-09   1.5821E-08   0.19122
FLUX  248   212.50        1.410788E+15   2.3744E-09   1.6637E-08   0.14272
FLUX  249   213.50        1.404180E+15   2.4221E-09   1.7466E-08   0.13868
FLUX  250   214.50        1.397634E+15   3.7253E-09   1.8276E-08   0.20383
FLUX  251   215.50        1.391148E+15   4.1711E-09   1.9103E-08   0.21834
FLUX  252   216.50        1.384723E+15   3.6187E-09   1.9966E-08   0.18124
FLUX  253   217.50        1.378356E+15   4.0688E-09   2.0858E-08   0.19508
FLUX  254   218.50        1.372048E+15   5.3230E-09   2.1814E-08   0.24401
FLUX  255   219.50        1.365797E+15   6.0412E-09   2.2825E-08   0.26468
FLUX  256   220.50        1.359603E+15   5.5828E-09   2.3894E-08   0.23365
FLUX  257   221.50        1.353465E+15   3.7670E-09   2.5032E-08   0.15049
FLUX  258   222.50        1.347382E+15   4.8226E-09   2.6984E-08   0.17872
FLUX  259   223.50        1.341353E+15   8.0178E-09   2.8263E-08   0.28369
FLUX  260   224.50        1.335379E+15   7.2526E-09   2.9607E-08   0.24497
FLUX  261   225.50        1.329457E+15   4.8897E-09   3.6954E-08   0.13232
FLUX  262   226.50        1.323587E+15   4.1119E-09   3.8310E-08   0.10733
FLUX  263   227.50        1.317769E+15   6.9440E-09   3.9695E-08   0.17493
FLUX  264   228.50        1.312002E+15   8.3311E-09   4.1083E-08   0.20279
FLUX  265   229.50        1.306285E+15   7.7907E-09   4.2489E-08   0.18336
FLUX  266   230.50        1.300618E+15   9.6760E-09   4.3904E-08   0.22039
FLUX  267   231.50        1.295000E+15   7.5031E-09   4.5351E-08   0.16544
FLUX  268   232.50        1.289430E+15   6.5841E-09   4.6833E-08   0.14059
FLUX  269   233.50        1.283908E+15   3.5431E-09   4.9967E-08   0.07091
FLUX  270   234.50        1.278433E+15   2.5103E-09   5.1437E-08   0.04880
FLUX  271   235.50        1.273004E+15   5.4248E-09   5.2932E-08   0.10249
FLUX  272   236.50        1.267622E+15   2.8567E-09   5.4462E-08   0.05245
FLUX  273   237.50        1.262284E+15   4.1400E-09   5.6027E-08   0.07389
FLUX  274   238.50        1.256992E+15   2.0692E-09   5.7655E-08   0.03589
FLUX  275   239.50        1.251743E+15   3.0364E-09   5.9301E-08   0.05120
FLUX  276   240.50        1.246538E+15   3.0420E-09   6.0965E-08   0.04990
FLUX  277   241.50        1.241377E+15   4.8795E-09   6.2661E-08   0.07787
FLUX  278   242.50        1.236258E+15   1.1739E-08   6.4399E-08   0.18229
FLUX  279   243.50        1.231181E+15   1.3655E-08   6.6181E-08   0.20632
FLUX  280   244.50        1.226145E+15   1.7171E-08   7.0645E-08   0.24306
FLUX  281   245.50        1.221151E+15   1.8450E-08   7.2405E-08   0.25482
FLUX  282   246.50        1.216197E+15   1.5253E-08   7.4187E-08   0.20560
FLUX  283   247.50        1.211283E+15   1.3561E-08   7.5971E-08   0.17851
FLUX  284   248.50        1.206408E+15   7.6053E-09   7.7787E-08   0.09777
FLUX  285   249.50        1.201573E+15   1.1844E-08   7.9633E-08   0.14873
FLUX  286   250.50        1.196776E+15   1.8723E-08   8.3668E-08   0.22378
FLUX  287   251.30        1.192967E+15   9.4095E-09   8.5110E-08   0.11056
FLUX  288   251.80        1.190598E+15   6.8699E-09   3.3230E-07   0.02067
FLUX  289   252.50        1.187297E+15   6.9206E-09   3.3807E-07   0.02047
FLUX  290   253.50        1.182613E+15   1.1130E-08   3.4637E-07   0.03213
FLUX  291   254.50        1.177967E+15   1.5517E-08   3.5468E-07   0.04375
FLUX  292   255.50        1.173356E+15   3.3902E-08   3.6312E-07   0.09336
FLUX  293   256.50        1.168782E+15   1.6917E-08   3.7171E-07   0.04551
FLUX  294   257.50        1.164243E+15   2.2926E-08   3.8044E-07   0.06026
FLUX  295   258.50        1.159739E+15   1.4356E-08   3.8932E-07   0.03687
FLUX  296   259.50        1.155270E+15   1.1562E-08   3.9835E-07   0.02902
FLUX  297   260.50        1.150835E+15   8.8889E-09   4.0751E-07   0.02181
FLUX  298   261.50        1.146434E+15   8.5376E-09   4.1669E-07   0.02049
FLUX  299   262.50        1.142067E+15   1.2103E-08   4.2603E-07   0.02841
FLUX  300   263.50        1.137732E+15   3.0859E-08   4.4095E-07   0.06998
FLUX  301   264.50        1.133431E+15   7.1329E-08   4.5042E-07   0.15836
FLUX  302   265.50        1.129162E+15   1.0533E-07   4.6005E-07   0.22896
FLUX  303   266.50        1.124925E+15   5.9267E-08   4.6982E-07   0.12615
FLUX  304   267.50        1.120720E+15   6.9809E-08   4.7975E-07   0.14551
FLUX  305   268.50        1.116546E+15   8.4325E-08   4.8976E-07   0.17218
FLUX  306   269.50        1.112403E+15   6.4403E-08   4.9983E-07   0.12885
FLUX  307   270.50        1.108290E+15   8.4280E-08   5.1635E-07   0.16322
FLUX  308   271.50        1.104208E+15   4.5740E-08   5.2639E-07   0.08689
FLUX  309   272.50        1.100156E+15   3.7506E-08   5.3655E-07   0.06990
FLUX  310   273.50        1.096133E+15   4.2064E-08   5.4682E-07   0.07692
FLUX  311   274.50        1.092140E+15   1.8482E-08   5.5722E-07   0.03317
FLUX  312   275.50        1.088176E+15   2.6469E-08   5.6774E-07   0.04662
FLUX  313   276.50        1.084241E+15   3.7035E-08   5.7828E-07   0.06404
FLUX  314   277.50        1.080333E+15   3.9096E-08   5.8882E-07   0.06640
FLUX  315   278.50        1.076454E+15   2.3878E-08   5.9949E-07   0.03983
FLUX  316   279.50        1.072603E+15   6.7663E-09   6.1028E-07   0.01109
FLUX  317   280.50        1.068779E+15   9.1954E-09   6.2119E-07   0.01480
FLUX  318   281.50        1.064982E+15   3.4772E-08   6.3223E-07   0.05500
FLUX  319   282.50        1.061212E+15   6.0818E-08   6.4341E-07   0.09452
FLUX  320   283.50        1.057469E+15   7.4949E-08   6.5472E-07   0.11447
FLUX  321   284.50        1.053752E+15   6.9639E-08   6.6616E-07   0.10454
FLUX  322   285.50        1.050061E+15   3.8094E-08   6.7761E-07   0.05622
FLUX  323   286.50        1.046396E+15   9.5089E-08   6.8914E-07   0.13798
FLUX  324   287.50        1.042757E+15   1.3415E-07   7.0078E-07   0.19143
FLUX  325   288.50        1.039142E+15   1.2896E-07   7.1254E-07   0.18098
FLUX  326   289.50        1.035553E+15   1.4840E-07   7.2436E-07   0.20487
FLUX  327   291.00        1.030215E+15   2.1161E-07   7.4663E-07   0.28342
FLUX  328   293.00        1.023183E+15   1.9420E-07   7.7047E-07   0.25206
FLUX  329   295.00        1.016246E+15   1.8566E-07   7.9542E-07   0.23341
FLUX  330   297.00        1.009402E+15   2.3342E-07   8.1964E-07   0.28478
FLUX  331   299.00        1.002651E+15   2.3611E-07   8.4425E-07   0.27967
FLUX  332   301.00        9.959884E+14   2.6319E-07   8.6927E-07   0.30277
FLUX  333   303.00        9.894142E+14   2.8028E-07   8.9463E-07   0.31329
FLUX  334   305.00        9.829262E+14   3.0171E-07   9.2005E-07   0.32793
FLUX  335   307.00        9.765228E+14   2.7931E-07   9.4564E-07   0.29537
FLUX  336   309.00        9.702023E+14   3.2507E-07   9.7532E-07   0.33330
FLUX  337   311.00        9.639630E+14   3.4226E-07   1.0009E-06   0.34194
FLUX  338   313.00        9.578035E+14   3.2687E-07   1.0278E-06   0.31804
FLUX  339   315.00        9.517222E+14   3.3523E-07   1.0534E-06   0.31822
FLUX  340   317.00        9.457177E+14   3.5832E-07   1.0791E-06   0.33206
FLUX  341   319.00        9.397884E+14   3.2313E-07   1.1050E-06   0.29244
FLUX  342   321.00        9.339330E+14   3.8532E-07   1.1311E-06   0.34067
FLUX  343   323.00        9.281502E+14   2.8335E-07   1.1584E-06   0.24460
FLUX  344   325.00        9.224385E+14   4.2521E-07   1.1846E-06   0.35896
FLUX  345   327.00        9.167966E+14   5.2223E-07   1.2107E-06   0.43135
FLUX  346   329.00        9.112234E+14   5.0745E-07   1.2376E-06   0.41003
FLUX  347   331.00        9.057175E+14   5.1415E-07   1.2639E-06   0.40679
FLUX  348   333.00        9.002778E+14   5.0983E-07   1.2903E-06   0.39513
FLUX  349   335.00        8.949030E+14   4.9102E-07   1.3167E-06   0.37293
FLUX  350   337.00        8.895920E+14   4.3147E-07   1.3434E-06   0.32117
FLUX  351   339.00        8.843437E+14   4.9641E-07   1.3705E-06   0.36221
FLUX  352   341.00        8.791569E+14   5.6264E-07   1.3971E-06   0.40270
FLUX  353   343.00        8.740306E+14   6.0034E-07   1.4238E-06   0.42164
FLUX  354   345.00        8.689638E+14   6.5876E-07   1.4510E-06   0.45401
FLUX  355   347.00        8.639553E+14   6.5305E-07   1.4783E-06   0.44175
FLUX  356   349.00        8.590043E+14   6.8713E-07   1.5058E-06   0.45632
FLUX  357   351.00        8.541097E+14   7.4545E-07   1.5333E-06   0.48618
FLUX  358   353.00        8.492705E+14   7.0992E-07   1.5607E-06   0.45489
FLUX  359   355.00        8.444859E+14   8.2421E-07   1.5885E-06   0.51885
FLUX  360   357.00        8.397549E+14   6.4744E-07   1.6171E-06   0.40036
FLUX  361   359.00        8.350766E+14   6.7794E-07   1.6459E-06   0.41191
FLUX  362   361.00        8.304501E+14   7.5124E-07   1.6747E-06   0.44858
FLUX  363   363.00        8.258747E+14   8.0770E-07   1.7036E-06   0.47411
FLUX  364   364.00        8.236058E+14   8.0718E-07   1.7182E-06   0.46977
FLUX  365   365.00        8.213493E+14   8.9467E-07   3.4132E-06   0.26212
FLUX  366   367.00        8.168733E+14   9.2144E-07   3.4536E-06   0.26681
FLUX  367   369.00        8.124458E+14   9.7029E-07   3.4938E-06   0.27772
FLUX  368   371.00        8.080660E+14   1.1528E-06   3.5345E-06   0.32617
FLUX  369   373.00        8.037332E+14   1.1106E-06   3.5744E-06   0.31072
FLUX  370   375.00        7.994467E+14   1.2517E-06   3.6140E-06   0.34635
FLUX  371   377.00        7.952056E+14   1.3445E-06   3.6841E-06   0.36493
FLUX  372   379.00        7.910092E+14   1.4333E-06   3.7257E-06   0.38470
FLUX  373   381.00        7.868570E+14   1.4832E-06   3.7668E-06   0.39374
FLUX  374   383.00        7.827480E+14   1.0839E-06   3.8076E-06   0.28468
FLUX  375   385.00        7.786818E+14   1.1831E-06   3.8511E-06   0.30722
FLUX  376   387.00        7.746576E+14   1.1800E-06   3.8913E-06   0.30323
FLUX  377   389.00        7.706748E+14   1.4047E-06   3.9329E-06   0.35717
FLUX  378   391.00        7.667327E+14   1.4389E-06   3.9745E-06   0.36203
FLUX  379   393.00        7.628308E+14   4.8495E-07   4.0157E-06   0.12076
FLUX  380   395.00        7.589684E+14   9.6576E-07   4.0565E-06   0.23808
FLUX  381   397.00        7.551448E+14   5.8682E-07   4.0967E-06   0.14324
FLUX  382   399.00        7.513596E+14   1.7849E-06   4.1364E-06   0.43151
FLUX  383   401.00        7.476122E+14   2.1826E-06   4.1794E-06   0.52222
FLUX  384   403.00        7.439020E+14   2.2609E-06   4.2204E-06   0.53570
FLUX  385   405.00        7.402284E+14   2.2240E-06   4.2608E-06   0.52197
FLUX  386   407.00        7.365909E+14   2.2034E-06   4.3007E-06   0.51233
FLUX  387   409.00        7.329890E+14   2.5830E-06   4.3402E-06   0.59513
FLUX  388   411.00        7.294221E+14   2.5575E-06   4.3791E-06   0.58402
FLUX  389   413.00        7.258898E+14   2.5352E-06   4.4176E-06   0.57388
FLUX  390   415.00        7.223916E+14   2.6577E-06   4.4566E-06   0.59636
FLUX  391   417.00        7.189269E+14   2.5706E-06   4.4953E-06   0.57184
FLUX  392   419.00        7.154952E+14   2.5779E-06   4.5330E-06   0.56868
FLUX  393   421.00        7.120962E+14   2.6627E-06   4.5703E-06   0.58261
FLUX  394   423.00        7.087293E+14   2.6672E-06   4.6070E-06   0.57896
FLUX  395   425.00        7.053941E+14   2.7469E-06   4.6432E-06   0.59158
FLUX  396   427.00        7.020902E+14   2.6660E-06   4.6791E-06   0.56977
FLUX  397   429.00        6.988170E+14   2.4530E-06   4.7147E-06   0.52028
FLUX  398   431.00        6.955742E+14   2.0328E-06   4.7499E-06   0.42796
FLUX  399   433.00        6.923614E+14   2.9549E-06   4.7847E-06   0.61757
FLUX  400   435.00        6.891782E+14   2.8545E-06   4.8194E-06   0.59228
FLUX  401   437.00        6.860240E+14   3.1871E-06   4.8532E-06   0.65670
FLUX  402   439.00        6.828986E+14   2.9773E-06   4.8867E-06   0.60926
FLUX  403   441.00        6.798016E+14   3.1640E-06   4.9198E-06   0.64311
FLUX  404   443.00        6.767325E+14   3.2914E-06   4.9527E-06   0.66456
FLUX  405   445.00        6.736910E+14   3.3578E-06   4.9853E-06   0.67354
FLUX  406   447.00        6.706767E+14   3.5821E-06   5.0176E-06   0.71391
FLUX  407   449.00        6.676893E+14   3.6608E-06   5.0497E-06   0.72496
FLUX  408   451.00        6.647284E+14   4.1044E-06   5.0815E-06   0.80773
FLUX  409   453.00        6.617936E+14   3.7166E-06   5.1129E-06   0.72690
FLUX  410   455.00        6.588846E+14   3.7964E-06   5.1441E-06   0.73801
FLUX  411   457.00        6.560011E+14   4.1329E-06   5.1748E-06   0.79865
FLUX  412   459.00        6.531427E+14   3.9157E-06   5.2053E-06   0.75226
FLUX  413   461.00        6.503091E+14   4.1549E-06   5.2355E-06   0.79360
FLUX  414   463.00        6.475000E+14   4.0886E-06   5.2655E-06   0.77648
FLUX  415   465.00        6.447151E+14   4.2164E-06   5.2953E-06   0.79626
FLUX  416   467.00        6.419540E+14   4.3258E-06   5.3248E-06   0.81240
FLUX  417   469.00        6.392164E+14   4.2681E-06   5.3540E-06   0.79718
FLUX  418   471.00        6.365021E+14   4.1450E-06   5.3831E-06   0.77000
FLUX  419   473.00        6.338108E+14   4.4194E-06   5.4120E-06   0.81659
FLUX  420   475.00        6.311421E+14   4.5961E-06   5.4407E-06   0.84476
FLUX  421   477.00        6.284958E+14   4.6394E-06   5.4693E-06   0.84826
FLUX  422   479.00        6.258716E+14   4.6734E-06   5.4976E-06   0.85008
FLUX  423   481.00        6.232692E+14   4.6142E-06   5.5255E-06   0.83506
FLUX  424   483.00        6.206884E+14   4.7579E-06   5.5532E-06   0.85679
FLUX  425   485.00        6.181289E+14   4.4774E-06   5.5808E-06   0.80228
FLUX  426   487.00        6.155903E+14   4.0422E-06   5.6081E-06   0.72078
FLUX  427   489.00        6.130726E+14   4.7140E-06   5.6352E-06   0.83652
FLUX  428   491.00        6.105754E+14   4.7235E-06   5.6622E-06   0.83422
FLUX  429   493.00        6.080984E+14   4.6529E-06   5.6890E-06   0.81788
FLUX  430   495.00        6.056414E+14   4.9684E-06   5.7155E-06   0.86928
FLUX  431   497.00        6.032042E+14   4.9683E-06   5.7419E-06   0.86527
FLUX  432   499.00        6.007866E+14   4.6146E-06   5.7681E-06   0.80002
FLUX  433   501.00        5.983882E+14   4.4435E-06   5.7942E-06   0.76689
FLUX  434   503.00        5.960089E+14   4.7644E-06   5.8200E-06   0.81863
FLUX  435   505.00        5.936485E+14   4.8819E-06   5.8456E-06   0.83514
FLUX  436   507.00        5.913067E+14   5.0967E-06   5.8709E-06   0.86814
FLUX  437   509.00        5.889833E+14   4.9206E-06   5.8959E-06   0.83458
FLUX  438   511.00        5.866781E+14   5.0301E-06   5.9208E-06   0.84956
FLUX  439   513.00        5.843908E+14   4.8429E-06   5.9455E-06   0.81456
FLUX  440   515.00        5.821214E+14   4.8059E-06   5.9700E-06   0.80500
FLUX  441   517.00        5.798694E+14   4.7839E-06   5.9943E-06   0.79808
FLUX  442   519.00        5.776349E+14   4.8062E-06   6.0185E-06   0.79857
FLUX  443   521.00        5.754175E+14   4.9888E-06   6.0424E-06   0.82564
FLUX  444   523.00        5.732170E+14   5.0744E-06   6.0661E-06   0.83652
FLUX  445   525.00        5.710333E+14   5.1823E-06   6.0897E-06   0.85101
FLUX  446   527.00        5.688662E+14   4.7358E-06   6.1130E-06   0.77471
FLUX  447   529.00        5.667155E+14   5.2664E-06   6.1361E-06   0.85826
FLUX  448   531.00        5.645810E+14   5.4046E-06   6.1591E-06   0.87749
FLUX  449   533.00        5.624625E+14   5.0579E-06   6.1819E-06   0.81818
FLUX  450   535.00        5.603598E+14   5.4660E-06   6.2045E-06   0.88098
FLUX  451   537.00        5.582728E+14   5.5779E-06   6.2269E-06   0.89577
FLUX  452   539.00        5.562013E+14   5.4709E-06   6.2490E-06   0.87548
FLUX  453   541.00        5.541451E+14   5.3617E-06   6.2710E-06   0.85500
FLUX  454   543.00        5.521041E+14   5.4923E-06   6.2928E-06   0.87279
FLUX  455   545.00        5.500780E+14   5.7895E-06   6.3145E-06   0.91687
FLUX  456   547.00        5.480667E+14   5.6330E-06   6.3359E-06   0.88906
FLUX  457   549.00        5.460701E+14   5.5945E-06   6.3572E-06   0.88003
FLUX  458   551.00        5.440880E+14   5.6263E-06   6.3783E-06   0.88210
FLUX  459   553.00        5.421203E+14   5.7647E-06   6.3993E-06   0.90084
FLUX  460   555.00        5.401667E+14   5.8689E-06   6.4201E-06   0.91416
FLUX  461   557.00        5.382271E+14   5.8274E-06   6.4407E-06   0.90478
FLUX  462   559.00        5.363014E+14   5.7298E-06   6.4612E-06   0.88679
FLUX  463   561.00        5.343895E+14   5.9730E-06   6.4815E-06   0.92154
FLUX  464   563.00        5.324911E+14   5.9658E-06   6.5090E-06   0.91655
FLUX  465   565.00        5.306062E+14   5.9644E-06   6.5290E-06   0.91353
FLUX  466   567.00        5.287346E+14   5.8381E-06   6.5489E-06   0.89146
FLUX  467   569.00        5.268761E+14   6.0234E-06   6.5686E-06   0.91700
FLUX  468   571.00        5.250306E+14   5.9142E-06   6.5879E-06   0.89773
FLUX  469   573.00        5.231981E+14   6.3774E-06   6.6071E-06   0.96523
FLUX  470   575.00        5.213783E+14   6.1835E-06   6.6261E-06   0.93320
FLUX  471   577.00        5.195711E+14   6.3140E-06   6.6448E-06   0.95021
FLUX  472   579.00        5.177763E+14   6.1288E-06   6.6634E-06   0.91976
FLUX  473   581.00        5.159940E+14   6.3229E-06   6.6818E-06   0.94628
FLUX  474   583.00        5.142238E+14   6.4748E-06   6.7001E-06   0.96638
FLUX  475   585.00        5.124658E+14   6.3816E-06   6.7182E-06   0.94991
FLUX  476   587.00        5.107198E+14   6.4485E-06   6.7361E-06   0.95731
FLUX  477   589.00        5.089856E+14   6.2017E-06   6.7538E-06   0.91825
FLUX  478   591.00        5.072631E+14   6.4540E-06   6.7714E-06   0.95313
FLUX  479   593.00        5.055523E+14   6.4702E-06   6.7888E-06   0.95307
FLUX  480   595.00        5.038529E+14   6.5138E-06   6.8060E-06   0.95707
FLUX  481   597.00        5.021650E+14   6.6060E-06   6.8231E-06   0.96818
FLUX  482   599.00        5.004883E+14   6.5381E-06   6.8400E-06   0.95587
FLUX  483   601.00        4.988228E+14   6.4687E-06   6.8568E-06   0.94340
FLUX  484   603.00        4.971683E+14   6.5681E-06   6.8734E-06   0.95558
FLUX  485   605.00        4.955248E+14   6.6889E-06   6.8899E-06   0.97084
FLUX  486   607.00        4.938921E+14   6.7389E-06   6.9062E-06   0.97578
FLUX  487   609.00        4.922701E+14   6.5448E-06   6.9223E-06   0.94546
FLUX  488   611.00        4.906588E+14   6.5123E-06   6.9382E-06   0.93860
FLUX  489   613.00        4.890579E+14   6.3661E-06   6.9540E-06   0.91546
FLUX  490   615.00        4.874675E+14   6.4417E-06   6.9697E-06   0.92424
FLUX  491   617.00        4.858874E+14   6.3414E-06   6.9852E-06   0.90784
FLUX  492   619.00        4.843174E+14   6.6969E-06   7.0005E-06   0.95663
FLUX  493   621.00        4.827576E+14   6.7600E-06   7.0158E-06   0.96355
FLUX  494   623.00        4.812079E+14   6.5666E-06   7.0308E-06   0.93398
FLUX  495   625.00        4.796680E+14   6.3319E-06   7.0457E-06   0.89869
FLUX  496   627.00        4.781380E+14   6.7369E-06   7.0604E-06   0.95418
FLUX  497   629.00        4.766176E+14   6.8016E-06   7.0750E-06   0.96136
FLUX  498   631.00        4.751070E+14   6.5918E-06   7.0894E-06   0.92981
FLUX  499   633.00        4.736058E+14   6.7092E-06   7.1037E-06   0.94447
FLUX  500   635.00        4.721142E+14   6.7583E-06   7.1178E-06   0.94950
FLUX  501   637.00        4.706319E+14   6.7399E-06   7.1317E-06   0.94505
FLUX  502   639.00        4.691588E+14   6.8517E-06   7.1456E-06   0.95887
FLUX  503   641.00        4.676950E+14   6.7465E-06   7.1593E-06   0.94233
FLUX  504   643.00        4.662403E+14   6.8437E-06   7.1729E-06   0.95411
FLUX  505   645.00        4.647946E+14   6.8159E-06   7.1863E-06   0.94846
FLUX  506   647.00        4.633578E+14   6.8700E-06   7.1995E-06   0.95422
FLUX  507   649.00        4.619299E+14   6.7534E-06   7.2127E-06   0.93633
FLUX  508   651.00        4.605108E+14   6.9439E-06   7.2256E-06   0.96102
FLUX  509   653.00        4.591003E+14   6.9993E-06   7.2383E-06   0.96698
FLUX  510   655.00        4.576985E+14   6.8789E-06   7.2597E-06   0.94754
FLUX  511   657.00        4.563052E+14   6.1859E-06   7.2721E-06   0.85064
FLUX  512   659.00        4.549203E+14   6.9743E-06   7.2844E-06   0.95743
FLUX  513   661.00        4.535439E+14   7.0332E-06   7.2966E-06   0.96390
FLUX  514   663.00        4.521757E+14   7.0773E-06   7.3086E-06   0.96835
FLUX  515   665.00        4.508158E+14   7.0786E-06   7.3205E-06   0.96695
FLUX  516   667.00        4.494640E+14   7.0395E-06   7.3323E-06   0.96007
FLUX  517   669.00        4.481203E+14   7.1857E-06   7.3439E-06   0.97845
FLUX  518   671.00        4.467846E+14   7.0641E-06   7.3554E-06   0.96040
FLUX  519   673.00        4.454569E+14   7.1959E-06   7.3667E-06   0.97682
FLUX  520   675.00        4.441370E+14   7.0976E-06   7.3779E-06   0.96200
FLUX  521   677.00        4.428250E+14   7.1796E-06   7.3890E-06   0.97167
FLUX  522   679.00        4.415206E+14   7.1419E-06   7.3999E-06   0.96513
FLUX  523   681.00        4.402239E+14   7.1743E-06   7.4107E-06   0.96810
FLUX  524   683.00        4.389348E+14   7.2229E-06   7.4214E-06   0.97325
FLUX  525   685.00        4.376533E+14   7.1116E-06   7.4320E-06   0.95689
FLUX  526   687.00        4.363792E+14   7.2313E-06   7.4424E-06   0.97164
FLUX  527   689.00        4.351125E+14   7.2847E-06   7.4527E-06   0.97746
FLUX  528   691.00        4.338531E+14   7.2585E-06   7.4629E-06   0.97262
FLUX  529   693.00        4.326010E+14   7.2620E-06   7.4729E-06   0.97177
FLUX  530   695.00        4.313561E+14   7.2540E-06   7.4828E-06   0.96942
FLUX  531   697.00        4.301184E+14   7.3016E-06   7.4926E-06   0.97451
FLUX  532   699.00        4.288877E+14   7.3009E-06   7.5023E-06   0.97316
FLUX  533   701.00        4.276641E+14   7.0900E-06   7.5118E-06   0.94385
FLUX  534   703.00        4.264474E+14   7.2550E-06   7.5212E-06   0.96461
FLUX  535   705.00        4.252376E+14   7.3340E-06   7.5305E-06   0.97391
FLUX  536   707.00        4.240347E+14   7.2895E-06   7.5396E-06   0.96683
FLUX  537   709.00        4.228385E+14   7.3064E-06   7.5486E-06   0.96791
FLUX  538   711.00        4.216491E+14   7.2815E-06   7.5575E-06   0.96348
FLUX  539   713.00        4.204663E+14   7.2632E-06   7.5663E-06   0.95995
FLUX  540   715.00        4.192902E+14   7.2807E-06   7.5749E-06   0.96116
FLUX  541   717.00        4.181206E+14   7.2822E-06   7.5834E-06   0.96028
FLUX  542   719.00        4.169576E+14   7.0933E-06   7.5918E-06   0.93433
FLUX  543   721.00        4.158010E+14   7.2782E-06   7.6001E-06   0.95765
FLUX  544   723.00        4.146508E+14   7.2839E-06   7.6082E-06   0.95736
FLUX  545   725.00        4.135069E+14   7.3708E-06   7.6215E-06   0.96710
FLUX  546   727.00        4.123693E+14   7.3850E-06   7.6294E-06   0.96797
FLUX  547   729.00        4.112380E+14   7.2084E-06   7.6372E-06   0.94387
FLUX  548   731.00        4.101129E+14   7.3174E-06   7.6561E-06   0.95577
FLUX  549   733.00        4.089939E+14   7.3736E-06   7.6637E-06   0.96215
FLUX  550   735.00        4.078810E+14   7.3955E-06   7.6712E-06   0.96407
FLUX  551   737.00        4.067741E+14   7.4715E-06   7.6785E-06   0.97304
FLUX  552   739.00        4.056732E+14   7.3145E-06   7.6858E-06   0.95169
FLUX  553   741.00        4.045783E+14   7.2466E-06   7.6929E-06   0.94198
FLUX  554   743.00        4.034892E+14   7.3205E-06   7.6999E-06   0.95073
FLUX  555   745.00        4.024060E+14   7.3844E-06   7.7069E-06   0.95815
FLUX  556   747.00        4.013286E+14   7.4591E-06   7.7137E-06   0.96700
FLUX  557   749.00        4.002570E+14   7.4281E-06   7.7204E-06   0.96214
FLUX  558   751.00        3.991911E+14   7.4803E-06   7.7270E-06   0.96808
FLUX  559   753.00        3.981308E+14   7.5080E-06   7.7335E-06   0.97084
FLUX  560   755.00        3.970762E+14   7.5844E-06   7.7399E-06   0.97991
FLUX  561   757.00        3.960271E+14   7.5219E-06   7.7462E-06   0.97105
FLUX  562   759.00        3.949835E+14   7.5507E-06   7.7524E-06   0.97399
FLUX  563   761.00        3.939455E+14   7.5524E-06   7.7585E-06   0.97343
FLUX  564   763.00        3.929128E+14   7.6071E-06   7.7644E-06   0.97974
FLUX  565   765.00        3.918856E+14   7.5885E-06   7.7703E-06   0.97660
FLUX  566   767.00        3.908638E+14   7.4403E-06   7.7760E-06   0.95682
FLUX  567   769.00        3.898472E+14   7.6036E-06   7.7817E-06   0.97712
FLUX  568   771.00        3.888359E+14   7.5169E-06   7.7873E-06   0.96528
FLUX  569   773.00        3.878299E+14   7.5537E-06   7.7927E-06   0.96933
FLUX  570   775.00        3.868290E+14   7.5257E-06   7.7981E-06   0.96506
FLUX  571   777.00        3.858333E+14   7.5905E-06   7.8034E-06   0.97272
FLUX  572   779.00        3.848427E+14   7.6831E-06   7.8086E-06   0.98393
FLUX  573   781.00        3.838572E+14   7.6698E-06   7.8137E-06   0.98159
FLUX  574   783.00        3.828768E+14   7.6168E-06   7.8187E-06   0.97418
FLUX  575   785.00        3.819013E+14   7.5974E-06   7.8236E-06   0.97109
FLUX  576   787.00        3.809307E+14   7.6933E-06   7.8284E-06   0.98274
FLUX  577   789.00        3.799651E+14   7.6512E-06   7.8331E-06   0.97677
FLUX  578   791.00        3.790044E+14   7.5627E-06   7.8378E-06   0.96491
FLUX  579   793.00        3.780485E+14   7.5047E-06   7.8423E-06   0.95695
FLUX  580   795.00        3.770975E+14   7.5234E-06   7.8467E-06   0.95879
FLUX  581   797.00        3.761512E+14   7.6898E-06   7.8511E-06   0.97946
FLUX  582   799.00        3.752096E+14   7.6994E-06   7.8554E-06   0.98015
FLUX  583   801.00        3.742728E+14   7.6510E-06   7.8595E-06   0.97347
FLUX  584   803.00        3.733406E+14   7.6394E-06   7.8636E-06   0.97149
FLUX  585   805.00        3.724130E+14   7.6330E-06   7.8676E-06   0.97019
FLUX  586   807.00        3.714901E+14   7.6790E-06   7.8715E-06   0.97555
FLUX  587   809.00        3.705717E+14   7.5777E-06   7.8753E-06   0.96221
FLUX  588   811.00        3.696578E+14   7.6937E-06   7.8790E-06   0.97649
FLUX  589   813.00        3.687485E+14   7.7414E-06   7.8826E-06   0.98209
FLUX  590   815.00        3.678436E+14   7.7139E-06   7.8862E-06   0.97816
FLUX  591   817.00        3.669431E+14   7.7291E-06   7.8896E-06   0.97965
FLUX  592   819.00        3.660470E+14   7.5455E-06   7.8930E-06   0.95597
FLUX  593   821.00        3.651553E+14   7.5706E-06   8.0652E-06   0.93868
FLUX  594   823.00        3.642679E+14   7.6075E-06   8.0685E-06   0.94286
FLUX  595   825.00        3.633848E+14   7.6430E-06   8.0717E-06   0.94689
FLUX  596   827.00        3.625060E+14   7.7717E-06   8.0749E-06   0.96245
FLUX  597   829.00        3.616315E+14   7.7517E-06   8.0780E-06   0.95960
FLUX  598   831.00        3.607611E+14   7.6175E-06   8.0810E-06   0.94263
FLUX  599   833.00        3.598950E+14   7.5973E-06   8.0840E-06   0.93979
FLUX  600   835.00        3.590329E+14   7.6845E-06   8.0869E-06   0.95025
FLUX  601   837.00        3.581750E+14   7.7079E-06   8.0897E-06   0.95280
FLUX  602   839.00        3.573212E+14   7.6156E-06   8.0924E-06   0.94107
FLUX  603   841.00        3.564715E+14   7.7287E-06   8.0951E-06   0.95473
FLUX  604   843.00        3.556257E+14   7.6213E-06   8.0977E-06   0.94117
FLUX  605   845.00        3.547840E+14   7.6573E-06   8.1002E-06   0.94532
FLUX  606   847.00        3.539463E+14   7.6263E-06   8.1027E-06   0.94120
FLUX  607   849.00        3.531125E+14   7.4779E-06   8.1051E-06   0.92262
FLUX  608   851.00        3.522826E+14   7.0055E-06   8.1074E-06   0.86409
FLUX  609   853.00        3.514566E+14   7.3175E-06   8.1097E-06   0.90232
FLUX  610   855.00        3.506345E+14   5.7381E-06   8.1119E-06   0.70737
FLUX  611   857.00        3.498162E+14   7.8087E-06   8.1140E-06   0.96237
FLUX  612   859.00        3.490017E+14   7.6966E-06   8.1161E-06   0.94831
FLUX  613   861.00        3.481911E+14   7.6536E-06   8.1181E-06   0.94278
FLUX  614   863.00        3.473841E+14   7.8686E-06   8.1200E-06   0.96904
FLUX  615   865.00        3.465809E+14   7.6216E-06   8.1219E-06   0.93840
FLUX  616   867.00        3.457814E+14   6.0156E-06   8.1237E-06   0.74050
FLUX  617   869.00        3.449856E+14   7.6264E-06   8.1255E-06   0.93857
FLUX  618   871.00        3.441935E+14   7.8619E-06   8.1272E-06   0.96736
FLUX  619   873.00        3.434049E+14   7.8778E-06   8.1288E-06   0.96912
FLUX  620   875.00        3.426200E+14   7.5795E-06   8.1304E-06   0.93223
FLUX  621   877.00        3.418387E+14   7.9494E-06   8.1320E-06   0.97755
FLUX  622   879.00        3.410609E+14   7.9128E-06   8.1334E-06   0.97287
FLUX  623   881.00        3.402866E+14   7.8132E-06   8.1349E-06   0.96046
FLUX  624   883.00        3.395159E+14   7.8812E-06   8.1362E-06   0.96866
FLUX  625   885.00        3.387486E+14   7.8762E-06   8.1375E-06   0.96789
FLUX  626   887.00        3.379848E+14   7.5742E-06   8.1388E-06   0.93064
FLUX  627   889.00        3.372244E+14   7.9418E-06   8.1399E-06   0.97566
FLUX  628   891.00        3.364675E+14   8.0070E-06   8.1411E-06   0.98353
FLUX  629   893.00        3.357139E+14   7.8648E-06   8.1421E-06   0.96594
FLUX  630   895.00        3.349637E+14   7.9149E-06   8.1432E-06   0.97197
FLUX  631   897.00        3.342168E+14   7.9382E-06   8.1441E-06   0.97472
FLUX  632   899.00        3.334733E+14   7.9594E-06   8.1450E-06   0.97721
FLUX  633   901.00        3.327331E+14   7.5354E-06   8.1459E-06   0.92506
FLUX  634   903.00        3.319961E+14   7.8674E-06   8.1466E-06   0.96572
FLUX  635   905.00        3.312624E+14   8.0660E-06   8.1473E-06   0.99002
FLUX  636   907.00        3.305320E+14   7.8794E-06   8.1480E-06   0.96704
FLUX  637   909.00        3.298047E+14   7.6812E-06   8.1486E-06   0.94264
FLUX  638   911.00        3.290807E+14   7.8153E-06   8.1492E-06   0.95903
FLUX  639   913.00        3.283598E+14   8.0175E-06   8.1497E-06   0.98378
FLUX  640   915.00        3.276421E+14   7.9428E-06   8.1501E-06   0.97456
FLUX  641   917.00        3.269275E+14   7.8991E-06   8.1506E-06   0.96915
FLUX  642   919.00        3.262160E+14   7.9535E-06   8.1509E-06   0.97577
FLUX  643   921.00        3.255076E+14   7.7462E-06   8.1513E-06   0.95031
FLUX  644   923.00        3.248023E+14   7.4959E-06   8.1516E-06   0.91956
FLUX  645   925.00        3.241000E+14   7.6889E-06   8.1518E-06   0.94321
FLUX  646   927.00        3.234008E+14   7.8461E-06   8.1520E-06   0.96247
FLUX  647   929.00        3.227045E+14   7.9078E-06   8.1522E-06   0.97002
FLUX  648   931.00        3.220113E+14   7.9704E-06   8.1524E-06   0.97768
FLUX  649   933.00        3.213210E+14   7.9514E-06   8.1525E-06   0.97533
FLUX  650   935.00        3.206337E+14   7.9490E-06   8.1526E-06   0.97503
FLUX  651   937.00        3.199493E+14   7.9357E-06   8.1526E-06   0.97339
FLUX  652   939.00        3.192678E+14   7.9305E-06   8.1526E-06   0.97275
FLUX  653   941.00        3.185893E+14   7.6323E-06   8.1525E-06   0.93619
FLUX  654   943.00        3.179136E+14   7.8542E-06   8.1524E-06   0.96341
FLUX  655   945.00        3.172407E+14   7.7938E-06   8.1523E-06   0.95602
FLUX  656   947.00        3.165707E+14   7.9560E-06   8.1521E-06   0.97594
FLUX  657   949.00        3.159036E+14   7.9930E-06   8.1519E-06   0.98051
FLUX  658   951.00        3.152392E+14   7.9645E-06   8.1517E-06   0.97704
FLUX  659   953.00        3.145776E+14   7.9174E-06   8.1513E-06   0.97131
FLUX  660   955.00        3.139188E+14   7.6197E-06   8.1510E-06   0.93482
FLUX  661   957.00        3.132628E+14   7.8935E-06   8.1506E-06   0.96846
FLUX  662   959.00        3.126095E+14   7.9955E-06   8.1501E-06   0.98103
FLUX  663   961.00        3.119589E+14   7.9113E-06   8.1497E-06   0.97075
FLUX  664   963.00        3.113110E+14   7.8505E-06   8.1491E-06   0.96336
FLUX  665   965.00        3.106658E+14   7.8701E-06   8.1486E-06   0.96582
FLUX  666   967.00        3.100233E+14   7.8151E-06   8.1480E-06   0.95915
FLUX  667   969.00        3.093834E+14   7.8976E-06   8.1474E-06   0.96935
FLUX  668   971.00        3.087461E+14   7.9702E-06   8.1467E-06   0.97834
FLUX  669   973.00        3.081115E+14   7.9744E-06   8.1460E-06   0.97894
FLUX  670   975.00        3.074795E+14   7.8580E-06   8.1453E-06   0.96473
FLUX  671   977.00        3.068501E+14   7.9523E-06   8.1445E-06   0.97641
FLUX  672   979.00        3.062232E+14   7.8983E-06   8.1437E-06   0.96987
FLUX  673   981.00        3.055989E+14   8.0068E-06   8.1428E-06   0.98329
FLUX  674   983.00        3.049771E+14   7.9937E-06   8.1419E-06   0.98179
FLUX  675   985.00        3.043579E+14   7.9784E-06   8.1410E-06   0.98002
FLUX  676   987.00        3.037411E+14   7.9597E-06   8.1401E-06   0.97784
FLUX  677   989.00        3.031269E+14   7.9496E-06   8.1391E-06   0.97671
FLUX  678   991.00        3.025151E+14   7.9338E-06   8.1381E-06   0.97490
FLUX  679   993.00        3.019058E+14   8.0193E-06   8.1371E-06   0.98553
FLUX  680   995.00        3.012990E+14   8.0145E-06   8.1360E-06   0.98506
FLUX  681   997.00        3.006946E+14   8.0308E-06   8.1349E-06   0.98720
FLUX  682   999.00        3.000926E+14   8.0323E-06   8.1338E-06   0.98752
FLUX  683  1002.50        2.990449E+14   7.9663E-06   8.1318E-06   0.97965
FLUX  684  1007.50        2.975608E+14   7.8790E-06   8.1288E-06   0.96928
FLUX  685  1012.50        2.960914E+14   7.9782E-06   8.1256E-06   0.98186
FLUX  686  1017.50        2.946364E+14   7.9367E-06   8.1224E-06   0.97714
FLUX  687  1022.50        2.931956E+14   7.9853E-06   8.1190E-06   0.98353
FLUX  688  1027.50        2.917689E+14   8.0425E-06   8.1155E-06   0.99099
FLUX  689  1032.50        2.903559E+14   7.9419E-06   8.1120E-06   0.97904
FLUX  690  1037.50        2.889566E+14   7.9660E-06   8.1083E-06   0.98245
FLUX  691  1042.50        2.875707E+14   8.0088E-06   8.1044E-06   0.98821
FLUX  692  1047.50        2.861981E+14   7.8896E-06   8.1004E-06   0.97398
FLUX  693  1052.50        2.848385E+14   7.9651E-06   8.0962E-06   0.98380
FLUX  694  1057.50        2.834917E+14   7.9640E-06   8.0918E-06   0.98421
FLUX  695  1062.50        2.821576E+14   7.9502E-06   8.0872E-06   0.98305
FLUX  696  1067.50        2.808361E+14   7.8105E-06   8.0826E-06   0.96633
FLUX  697  1072.50        2.795268E+14   7.8884E-06   8.0778E-06   0.97655
FLUX  698  1077.50        2.782297E+14   7.8742E-06   8.0731E-06   0.97537
FLUX  699  1082.50        2.769446E+14   7.8119E-06   8.0684E-06   0.96821
FLUX  700  1087.50        2.756713E+14   7.8290E-06   8.0635E-06   0.97091
FLUX  701  1092.50        2.744096E+14   7.7004E-06   8.0586E-06   0.95555
FLUX  702  1097.50        2.731595E+14   7.6912E-06   8.0536E-06   0.95500
FLUX  703  1102.50        2.719206E+14   7.7830E-06   8.0485E-06   0.96702
FLUX  704  1107.50        2.706930E+14   7.8290E-06   8.0433E-06   0.97336
FLUX  705  1112.50        2.694764E+14   7.7915E-06   8.0379E-06   0.96934
FLUX  706  1117.50        2.682707E+14   7.7998E-06   8.0326E-06   0.97102
FLUX  707  1122.50        2.670757E+14   7.8461E-06   8.0271E-06   0.97744
FLUX  708  1127.50        2.658914E+14   7.7199E-06   8.0217E-06   0.96237
FLUX  709  1132.50        2.647174E+14   7.7601E-06   8.0163E-06   0.96803
FLUX  710  1137.50        2.635538E+14   7.7686E-06   8.0109E-06   0.96975
FLUX  711  1142.50        2.624004E+14   7.7111E-06   8.0053E-06   0.96325
FLUX  712  1147.50        2.612571E+14   7.8727E-06   7.9997E-06   0.98412
FLUX  713  1152.50        2.601236E+14   7.8748E-06   7.9940E-06   0.98510
FLUX  714  1157.50        2.590000E+14   7.8128E-06   7.9882E-06   0.97805
FLUX  715  1162.50        2.578860E+14   7.7140E-06   7.9824E-06   0.96637
FLUX  716  1167.50        2.567816E+14   7.7168E-06   7.9766E-06   0.96743
FLUX  717  1172.50        2.556866E+14   7.8816E-06   7.9708E-06   0.98880
FLUX  718  1177.50        2.546008E+14   7.7189E-06   7.9650E-06   0.96910
FLUX  719  1182.50        2.535243E+14   7.7572E-06   7.9592E-06   0.97462
FLUX  720  1187.50        2.524568E+14   7.6832E-06   7.9533E-06   0.96603
FLUX  721  1192.50        2.513983E+14   7.8915E-06   7.9475E-06   0.99296
FLUX  722  1197.50        2.503486E+14   7.6799E-06   7.9416E-06   0.96705
FLUX  723  1202.50        2.493077E+14   7.8060E-06   7.9356E-06   0.98366
FLUX  724  1207.50        2.482754E+14   7.7595E-06   7.9297E-06   0.97854
FLUX  725  1212.50        2.472515E+14   7.7732E-06   7.9236E-06   0.98102
FLUX  726  1217.50        2.462361E+14   7.8426E-06   7.9176E-06   0.99053
FLUX  727  1222.50        2.452290E+14   7.8278E-06   7.9116E-06   0.98941
FLUX  728  1227.50        2.442301E+14   7.8061E-06   7.9056E-06   0.98742
FLUX  729  1232.50        2.432394E+14   7.8071E-06   7.8996E-06   0.98828
FLUX  730  1237.50        2.422566E+14   7.8012E-06   7.8937E-06   0.98828
FLUX  731  1242.50        2.412817E+14   7.7961E-06   7.8878E-06   0.98839
FLUX  732  1247.50        2.403146E+14   7.8160E-06   7.8818E-06   0.99164
FLUX  733  1252.50        2.393553E+14   7.7629E-06   7.8759E-06   0.98565
FLUX  734  1257.50        2.384036E+14   7.7435E-06   7.8700E-06   0.98392
FLUX  735  1262.50        2.374594E+14   7.7649E-06   7.8641E-06   0.98739
FLUX  736  1267.50        2.365227E+14   7.7504E-06   7.8583E-06   0.98627
FLUX  737  1272.50        2.355933E+14   7.7926E-06   7.8524E-06   0.99237
FLUX  738  1277.50        2.346712E+14   7.7966E-06   7.8467E-06   0.99362
FLUX  739  1282.50        2.337563E+14   7.4032E-06   7.8410E-06   0.94417
FLUX  740  1287.50        2.328485E+14   7.7392E-06   7.8353E-06   0.98774
FLUX  741  1292.50        2.319478E+14   7.7033E-06   7.8295E-06   0.98387
FLUX  742  1297.50        2.310539E+14   7.7526E-06   7.8238E-06   0.99090
FLUX  743  1302.50        2.301670E+14   7.7129E-06   7.8181E-06   0.98655
FLUX  744  1307.50        2.292868E+14   7.7538E-06   7.8124E-06   0.99249
FLUX  745  1312.50        2.284133E+14   7.6875E-06   7.8067E-06   0.98474
FLUX  746  1317.50        2.275465E+14   7.6647E-06   7.8009E-06   0.98254
FLUX  747  1322.50        2.266862E+14   7.7232E-06   7.7952E-06   0.99076
FLUX  748  1327.50        2.258324E+14   7.6410E-06   7.7894E-06   0.98095
FLUX  749  1332.50        2.249850E+14   7.6907E-06   7.7837E-06   0.98805
FLUX  750  1337.50        2.241439E+14   7.6743E-06   7.7780E-06   0.98668
FLUX  751  1342.50        2.233091E+14   7.7060E-06   7.7723E-06   0.99147
FLUX  752  1347.50        2.224805E+14   7.6972E-06   7.7666E-06   0.99107
FLUX  753  1352.50        2.216580E+14   7.6806E-06   7.7610E-06   0.98964
FLUX  754  1357.50        2.208416E+14   7.5992E-06   7.7554E-06   0.97986
FLUX  755  1362.50        2.200312E+14   7.6297E-06   7.7498E-06   0.98450
FLUX  756  1367.50        2.192267E+14   7.6249E-06   7.7442E-06   0.98461
FLUX  757  1372.50        2.184281E+14   7.5678E-06   7.7385E-06   0.97794
FLUX  758  1377.50        2.176352E+14   7.6032E-06   7.7328E-06   0.98324
FLUX  759  1382.50        2.168481E+14   7.6173E-06   7.7270E-06   0.98579
FLUX  760  1387.50        2.160667E+14   7.6339E-06   7.7213E-06   0.98868
FLUX  761  1392.50        2.152908E+14   7.6126E-06   7.7154E-06   0.98667
FLUX  762  1397.50        2.145206E+14   7.6161E-06   7.7095E-06   0.98789
FLUX  763  1402.50        2.137558E+14   7.5590E-06   7.7036E-06   0.98123
FLUX  764  1407.50        2.129964E+14   7.5919E-06   7.6977E-06   0.98625
FLUX  765  1412.50        2.122425E+14   7.5075E-06   7.6917E-06   0.97605
FLUX  766  1417.50        2.114938E+14   7.5574E-06   7.6857E-06   0.98331
FLUX  767  1422.50        2.107504E+14   7.4633E-06   7.6796E-06   0.97184
FLUX  768  1427.50        2.100123E+14   7.4114E-06   7.6733E-06   0.96587
FLUX  769  1432.50        2.092792E+14   7.5110E-06   7.6669E-06   0.97967
FLUX  770  1437.50        2.085513E+14   7.5616E-06   7.6604E-06   0.98710
FLUX  771  1442.50        2.078284E+14   7.2878E-06   7.6539E-06   0.95217
FLUX  772  1447.50        2.071105E+14   7.5164E-06   7.6472E-06   0.98289
FLUX  773  1452.50        2.063976E+14   7.3704E-06   7.6404E-06   0.96465
FLUX  774  1457.00        2.057601E+14   7.4624E-06   7.6343E-06   0.97749
FLUX  775  1462.00        2.050564E+14   7.4165E-06   7.7872E-06   0.95240
FLUX  776  1467.50        2.042879E+14   7.4542E-06   7.7818E-06   0.95789
FLUX  777  1472.50        2.035942E+14   7.3526E-06   7.7768E-06   0.94545
FLUX  778  1477.50        2.029052E+14   7.3572E-06   7.7716E-06   0.94668
FLUX  779  1482.50        2.022209E+14   7.3759E-06   7.7661E-06   0.94976
FLUX  780  1487.50        2.015412E+14   7.3242E-06   7.7604E-06   0.94379
FLUX  781  1492.50        2.008660E+14   7.4630E-06   7.7544E-06   0.96242
FLUX  782  1497.50        2.001953E+14   7.3846E-06   7.7483E-06   0.95307
FLUX  783  1502.50        1.995291E+14   7.3330E-06   7.7418E-06   0.94719
FLUX  784  1507.50        1.988673E+14   7.2707E-06   7.7351E-06   0.93996
FLUX  785  1512.50        1.982099E+14   7.3545E-06   7.7281E-06   0.95165
FLUX  786  1517.50        1.975568E+14   7.3860E-06   7.7209E-06   0.95663
FLUX  787  1522.50        1.969080E+14   7.3328E-06   7.7132E-06   0.95068
FLUX  788  1527.50        1.962635E+14   7.3432E-06   7.7052E-06   0.95302
FLUX  789  1532.50        1.956232E+14   7.3063E-06   7.6968E-06   0.94927
FLUX  790  1537.50        1.949870E+14   7.3664E-06   7.6881E-06   0.95816
FLUX  791  1542.50        1.943549E+14   7.2262E-06   7.6789E-06   0.94105
FLUX  792  1547.50        1.937270E+14   7.3381E-06   7.6693E-06   0.95682
FLUX  793  1552.50        1.931031E+14   7.3180E-06   7.6592E-06   0.95545
FLUX  794  1557.50        1.924831E+14   7.1297E-06   7.6487E-06   0.93215
FLUX  795  1562.50        1.918672E+14   7.4115E-06   7.6375E-06   0.97041
FLUX  796  1567.50        1.912552E+14   7.2280E-06   7.6258E-06   0.94783
FLUX  797  1572.50        1.906471E+14   7.1192E-06   7.6135E-06   0.93507
FLUX  798  1577.50        1.900428E+14   7.1857E-06   7.6006E-06   0.94541
FLUX  799  1582.50        1.894423E+14   7.2690E-06   7.5870E-06   0.95809
FLUX  800  1587.50        1.888457E+14   6.7921E-06   7.5725E-06   0.89694
FLUX  801  1592.50        1.882527E+14   7.2085E-06   7.5573E-06   0.95384
FLUX  802  1597.50        1.876635E+14   7.3043E-06   7.5413E-06   0.96857
FLUX  803  1605.00        1.867866E+14   7.2335E-06   7.5156E-06   0.96246
FLUX  804  1615.00        1.856300E+14   7.0356E-06   7.4775E-06   0.94090
FLUX  805  1625.00        1.844877E+14   7.2493E-06   7.4345E-06   0.97510
FLUX  806  1635.00        1.833593E+14   7.1364E-06   7.3838E-06   0.96649
FLUX  807  1645.00        1.822447E+14   6.8991E-06   7.3232E-06   0.94209
FLUX  808  1655.00        1.811435E+14   7.0952E-06   7.2560E-06   0.97784
FLUX  809  1665.00        1.800556E+14   7.0597E-06   7.1897E-06   0.98192
FLUX  810  1675.00        1.789806E+14   6.9355E-06   7.1243E-06   0.97351
FLUX  811  1685.00        1.779184E+14   6.6881E-06   7.0597E-06   0.94736
FLUX  812  1695.00        1.768687E+14   6.9250E-06   6.9959E-06   0.98988
FLUX  813  1705.00        1.758314E+14   6.7663E-06   6.9329E-06   0.97598
FLUX  814  1715.00        1.748061E+14   6.7747E-06   6.8706E-06   0.98604
FLUX  815  1725.00        1.737928E+14   6.6334E-06   6.8092E-06   0.97418
FLUX  816  1735.00        1.727911E+14   6.3432E-06   6.7486E-06   0.93994
FLUX  817  1745.00        1.718009E+14   6.5115E-06   6.6887E-06   0.97351
FLUX  818  1755.00        1.708219E+14   6.4994E-06   6.6296E-06   0.98037
FLUX  819  1765.00        1.698541E+14   6.4404E-06   6.5712E-06   0.98009
FLUX  820  1775.00        1.688972E+14   6.3851E-06   6.5136E-06   0.98027
FLUX  821  1785.00        1.679510E+14   6.3495E-06   6.4568E-06   0.98339
FLUX  822  1795.00        1.670153E+14   6.3292E-06   6.4006E-06   0.98885
FLUX  823  1805.00        1.660900E+14   6.2318E-06   6.3452E-06   0.98212
FLUX  824  1815.00        1.651749E+14   6.0050E-06   6.2905E-06   0.95462
FLUX  825  1825.00        1.642699E+14   6.0995E-06   6.2364E-06   0.97805
FLUX  826  1835.00        1.633747E+14   6.0916E-06   6.1829E-06   0.98523
FLUX  827  1845.00        1.624892E+14   6.0092E-06   6.1301E-06   0.98027
FLUX  828  1855.00        1.616132E+14   5.9774E-06   6.0780E-06   0.98344
FLUX  829  1865.00        1.607466E+14   5.8929E-06   6.0265E-06   0.97784
FLUX  830  1875.00        1.598893E+14   5.6293E-06   5.9756E-06   0.94206
FLUX  831  1885.00        1.590411E+14   5.8120E-06   5.9253E-06   0.98088
FLUX  832  1895.00        1.582018E+14   5.6463E-06   5.8756E-06   0.96097
FLUX  833  1905.00        1.573714E+14   5.7608E-06   5.8266E-06   0.98871
FLUX  834  1915.00        1.565496E+14   5.6939E-06   5.7781E-06   0.98543
FLUX  835  1925.00        1.557364E+14   5.6571E-06   5.7302E-06   0.98725
FLUX  836  1935.00        1.549315E+14   5.5671E-06   5.6829E-06   0.97962
FLUX  837  1945.00        1.541350E+14   5.3463E-06   5.6362E-06   0.94857
FLUX  838  1955.00        1.533465E+14   5.5113E-06   5.5900E-06   0.98591
FLUX  839  1965.00        1.525662E+14   5.4605E-06   5.5444E-06   0.98487
FLUX  840  1975.00        1.517937E+14   5.3943E-06   5.4993E-06   0.98091
FLUX  841  1985.00        1.510290E+14   5.3779E-06   5.4547E-06   0.98592
FLUX  842  1995.00        1.502719E+14   5.3336E-06   5.4107E-06   0.98576
FLUX  843  2005.00        1.495224E+14   5.3198E-06   5.3672E-06   0.99117
FLUX  844  2015.00        1.487804E+14   5.3005E-06   5.3242E-06   0.99556
FLUX  845  2025.00        1.480457E+14   5.2127E-06   5.2817E-06   0.98694
FLUX  846  2035.00        1.473182E+14   5.1421E-06   5.2396E-06   0.98138
FLUX  847  2045.00        1.465978E+14   5.1737E-06   5.1981E-06   0.99530
FLUX  848  2055.00        1.458844E+14   5.1165E-06   5.1571E-06   0.99212
FLUX  849  2065.00        1.451780E+14   5.0559E-06   5.1165E-06   0.98815
FLUX  850  2075.00        1.444783E+14   5.0242E-06   5.0764E-06   0.98972
FLUX  851  2085.00        1.437854E+14   4.9870E-06   5.0367E-06   0.99013
FLUX  852  2095.00        1.430990E+14   4.9297E-06   4.9975E-06   0.98644
FLUX  853  2105.00        1.424192E+14   4.9228E-06   4.9587E-06   0.99276
FLUX  854  2115.00        1.417459E+14   4.8676E-06   4.9204E-06   0.98928
FLUX  855  2125.00        1.410788E+14   4.8302E-06   4.8824E-06   0.98931
FLUX  856  2135.00        1.404180E+14   4.8059E-06   4.8449E-06   0.99194
FLUX  857  2145.00        1.397634E+14   4.7826E-06   4.8078E-06   0.99475
FLUX  858  2155.00        1.391148E+14   4.7464E-06   4.7712E-06   0.99480
FLUX  859  2165.00        1.384723E+14   4.5464E-06   4.7349E-06   0.96019
FLUX  860  2175.00        1.378356E+14   4.6409E-06   4.6991E-06   0.98763
FLUX  861  2185.00        1.372048E+14   4.6200E-06   4.6636E-06   0.99065
FLUX  862  2195.00        1.365797E+14   4.6109E-06   4.6286E-06   0.99618
FLUX  863  2205.00        1.359603E+14   4.5384E-06   4.5939E-06   0.98793
FLUX  864  2215.00        1.353465E+14   4.5242E-06   4.5596E-06   0.99223
FLUX  865  2225.00        1.347382E+14   4.4959E-06   4.5257E-06   0.99342
FLUX  866  2235.00        1.341353E+14   4.4617E-06   4.4921E-06   0.99323
FLUX  867  2245.00        1.335379E+14   4.4329E-06   4.4589E-06   0.99416
FLUX  868  2255.00        1.329457E+14   4.3684E-06   4.4261E-06   0.98696
FLUX  869  2265.00        1.323587E+14   4.3464E-06   4.3937E-06   0.98924
FLUX  870  2275.00        1.317769E+14   4.3387E-06   4.3616E-06   0.99475
FLUX  871  2285.00        1.312002E+14   4.2881E-06   4.3602E-06   0.98348
FLUX  872  2295.00        1.306285E+14   4.1695E-06   4.3283E-06   0.96330
FLUX  873  2305.00        1.300618E+14   4.2082E-06   4.2968E-06   0.97938
FLUX  874  2315.00        1.295000E+14   4.1795E-06   4.2657E-06   0.97980
FLUX  875  2325.00        1.289430E+14   4.0437E-06   4.2348E-06   0.95488
FLUX  876  2335.00        1.283908E+14   4.0831E-06   4.2043E-06   0.97118
FLUX  877  2345.00        1.278433E+14   4.0927E-06   4.1741E-06   0.98050
FLUX  878  2355.00        1.273004E+14   3.9366E-06   4.1443E-06   0.94989
FLUX  879  2365.00        1.267622E+14   4.0021E-06   4.1148E-06   0.97263
FLUX  880  2375.00        1.262284E+14   3.9850E-06   4.0855E-06   0.97541
FLUX  881  2385.00        1.256992E+14   3.8501E-06   4.0566E-06   0.94911
FLUX  882  2395.00        1.251743E+14   3.9036E-06   4.0280E-06   0.96913
FLUX  883  2405.00        1.246538E+14   3.8913E-06   3.9996E-06   0.97292
FLUX  884  2415.00        1.241377E+14   3.7895E-06   3.9716E-06   0.95414
FLUX  885  2425.00        1.236258E+14   3.8141E-06   3.9438E-06   0.96711
FLUX  886  2435.00        1.231181E+14   3.7906E-06   3.9164E-06   0.96790
FLUX  887  2445.00        1.226145E+14   3.7351E-06   3.8892E-06   0.96039
FLUX  888  2455.00        1.221151E+14   3.7083E-06   3.8623E-06   0.96014
FLUX  889  2465.00        1.216197E+14   3.7374E-06   3.8356E-06   0.97439
FLUX  890  2475.00        1.211283E+14   3.6826E-06   3.8093E-06   0.96675
FLUX  891  2485.00        1.206408E+14   3.6393E-06   3.7832E-06   0.96197
FLUX  892  2495.00        1.201573E+14   3.6219E-06   3.7573E-06   0.96396
FLUX  893  2505.00        1.196776E+14   3.6513E-06   3.7317E-06   0.97844
FLUX  894  2515.00        1.192018E+14   3.5865E-06   3.7064E-06   0.96765
FLUX  895  2525.00        1.187297E+14   3.5627E-06   3.6813E-06   0.96779
FLUX  896  2535.00        1.182613E+14   3.5797E-06   3.6565E-06   0.97898
FLUX  897  2545.00        1.177967E+14   3.5406E-06   3.6319E-06   0.97484
FLUX  898  2555.00        1.173356E+14   3.5150E-06   3.6076E-06   0.97434
FLUX  899  2565.00        1.168782E+14   3.4455E-06   3.5835E-06   0.96147
FLUX  900  2575.00        1.164243E+14   3.5005E-06   3.5597E-06   0.98339
FLUX  901  2585.00        1.159739E+14   3.4284E-06   3.5360E-06   0.96956
FLUX  902  2595.00        1.155270E+14   3.4485E-06   3.5127E-06   0.98174
FLUX  903  2605.00        1.150835E+14   3.4332E-06   3.4895E-06   0.98387
FLUX  904  2615.00        1.146434E+14   3.3492E-06   3.4666E-06   0.96615
FLUX  905  2625.00        1.142067E+14   3.2890E-06   3.4438E-06   0.95504
FLUX  906  2635.00        1.137732E+14   3.3605E-06   3.4213E-06   0.98223
FLUX  907  2645.00        1.133431E+14   3.3381E-06   3.3991E-06   0.98206
FLUX  908  2655.00        1.129162E+14   3.3155E-06   3.3770E-06   0.98179
FLUX  909  2665.00        1.124925E+14   3.2729E-06   3.3551E-06   0.97548
FLUX  910  2675.00        1.120720E+14   3.2303E-06   3.3335E-06   0.96905
FLUX  911  2685.00        1.116546E+14   3.2800E-06   3.3120E-06   0.99034
FLUX  912  2695.00        1.112403E+14   3.2566E-06   3.2908E-06   0.98960
FLUX  913  2705.00        1.108290E+14   3.2364E-06   3.2698E-06   0.98979
FLUX  914  2715.00        1.104208E+14   3.2191E-06   3.2489E-06   0.99081
FLUX  915  2725.00        1.100156E+14   3.2007E-06   3.2283E-06   0.99147
FLUX  916  2735.00        1.096133E+14   3.1802E-06   3.2078E-06   0.99140
FLUX  917  2745.00        1.092140E+14   3.1701E-06   3.1876E-06   0.99452
FLUX  918  2755.00        1.088176E+14   3.0817E-06   3.1675E-06   0.97289
FLUX  919  2765.00        1.084241E+14   3.1097E-06   3.1477E-06   0.98796
FLUX  920  2775.00        1.080333E+14   3.1014E-06   3.1280E-06   0.99151
FLUX  921  2785.00        1.076454E+14   3.0861E-06   3.1085E-06   0.99280
FLUX  922  2795.00        1.072603E+14   3.0753E-06   3.0891E-06   0.99551
FLUX  923  2805.00        1.068779E+14   3.0541E-06   3.0700E-06   0.99484
FLUX  924  2815.00        1.064982E+14   3.0367E-06   3.0510E-06   0.99532
FLUX  925  2825.00        1.061212E+14   3.0171E-06   3.0322E-06   0.99502
FLUX  926  2835.00        1.057469E+14   3.0057E-06   3.0136E-06   0.99739
FLUX  927  2845.00        1.053752E+14   2.9760E-06   2.9951E-06   0.99362
FLUX  928  2855.00        1.050061E+14   2.9645E-06   2.9768E-06   0.99587
FLUX  929  2865.00        1.046396E+14   2.9422E-06   2.9587E-06   0.99442
FLUX  930  2875.00        1.042757E+14   2.8617E-06   2.9407E-06   0.97312
FLUX  931  2885.00        1.039142E+14   2.9079E-06   2.9229E-06   0.99486
FLUX  932  2895.00        1.035553E+14   2.8954E-06   2.9053E-06   0.99659
FLUX  933  2905.00        1.031988E+14   2.8779E-06   2.8878E-06   0.99656
FLUX  934  2915.00        1.028448E+14   2.8580E-06   2.8705E-06   0.99566
FLUX  935  2925.00        1.024932E+14   2.8337E-06   2.8533E-06   0.99313
FLUX  936  2935.00        1.021440E+14   2.8273E-06   2.8363E-06   0.99684
FLUX  937  2945.00        1.017971E+14   2.8043E-06   2.8194E-06   0.99464
FLUX  938  2955.00        1.014526E+14   2.7939E-06   2.8027E-06   0.99685
FLUX  939  2965.00        1.011105E+14   2.7789E-06   2.7861E-06   0.99741
FLUX  940  2975.00        1.007706E+14   2.7618E-06   2.7697E-06   0.99715
FLUX  941  2985.00        1.004330E+14   2.7476E-06   2.7534E-06   0.99790
FLUX  942  2995.00        1.000977E+14   2.7246E-06   2.7372E-06   0.99538
FLUX  943  3005.00        9.976456E+13   2.7097E-06   2.7212E-06   0.99577
FLUX  944  3015.00        9.943367E+13   2.6979E-06   2.7053E-06   0.99726
FLUX  945  3025.00        9.910496E+13   2.6814E-06   2.6896E-06   0.99696
FLUX  946  3035.00        9.877842E+13   2.6139E-06   2.6740E-06   0.97753
FLUX  947  3045.00        9.845402E+13   2.6389E-06   2.6585E-06   0.99262
FLUX  948  3055.00        9.813175E+13   2.6335E-06   2.6431E-06   0.99637
FLUX  949  3065.00        9.781158E+13   2.6149E-06   2.6278E-06   0.99506
FLUX  950  3075.00        9.749350E+13   2.6075E-06   2.6127E-06   0.99798
FLUX  951  3085.00        9.717747E+13   2.5808E-06   2.5977E-06   0.99347
FLUX  952  3095.00        9.686349E+13   2.5697E-06   2.5829E-06   0.99491
FLUX  953  3105.00        9.655153E+13   2.5601E-06   2.5681E-06   0.99689
FLUX  954  3115.00        9.624157E+13   2.5279E-06   2.5535E-06   0.98996
FLUX  955  3125.00        9.593360E+13   2.5282E-06   2.5390E-06   0.99573
FLUX  956  3135.00        9.562759E+13   2.5136E-06   2.5247E-06   0.99562
FLUX  957  3145.00        9.532353E+13   2.5026E-06   2.5104E-06   0.99688
FLUX  958  3155.00        9.502139E+13   2.4844E-06   2.4963E-06   0.99523
FLUX  959  3165.00        9.472117E+13   2.4743E-06   2.4823E-06   0.99679
FLUX  960  3175.00        9.442283E+13   2.4587E-06   2.4684E-06   0.99608
FLUX  961  3185.00        9.412637E+13   2.4469E-06   2.4546E-06   0.99686
FLUX  962  3195.00        9.383177E+13   2.4369E-06   2.4410E-06   0.99835
FLUX  963  3210.00        9.339330E+13   2.4130E-06   2.4207E-06   0.99685
FLUX  964  3230.00        9.281502E+13   2.3878E-06   2.3940E-06   0.99739
FLUX  965  3250.00        9.224385E+13   2.3607E-06   2.3678E-06   0.99702
FLUX  966  3270.00        9.167966E+13   2.3341E-06   2.3420E-06   0.99663
FLUX  967  3290.00        9.112234E+13   2.2778E-06   2.3203E-06   0.98168
FLUX  968  3310.00        9.057175E+13   2.2764E-06   2.2953E-06   0.99178
FLUX  969  3330.00        9.002778E+13   2.2502E-06   2.2706E-06   0.99100
FLUX  970  3350.00        8.949030E+13   2.2326E-06   2.2463E-06   0.99388
FLUX  971  3370.00        8.895920E+13   2.2047E-06   2.2224E-06   0.99202
FLUX  972  3390.00        8.843437E+13   2.1785E-06   2.1989E-06   0.99073
FLUX  973  3410.00        8.791569E+13   2.1555E-06   2.1758E-06   0.99069
FLUX  974  3430.00        8.740306E+13   2.1404E-06   2.1530E-06   0.99417
FLUX  975  3450.00        8.689638E+13   2.1224E-06   2.1306E-06   0.99617
FLUX  976  3470.00        8.639553E+13   2.0988E-06   2.1085E-06   0.99540
FLUX  977  3490.00        8.590043E+13   2.0793E-06   2.0868E-06   0.99644
FLUX  978  3510.00        8.541097E+13   2.0581E-06   2.0653E-06   0.99650
FLUX  979  3530.00        8.492705E+13   2.0332E-06   2.0443E-06   0.99457
FLUX  980  3550.00        8.444859E+13   2.0161E-06   2.0235E-06   0.99632
FLUX  981  3570.00        8.397549E+13   1.9919E-06   2.0030E-06   0.99446
FLUX  982  3590.00        8.350766E+13   1.9728E-06   1.9829E-06   0.99492
FLUX  983  3610.00        8.304501E+13   1.9565E-06   1.9630E-06   0.99667
FLUX  984  3630.00        8.258747E+13   1.9392E-06   1.9435E-06   0.99779
FLUX  985  3650.00        8.213493E+13   1.9102E-06   1.9242E-06   0.99270
FLUX  986  3670.00        8.168733E+13   1.8940E-06   1.9052E-06   0.99410
FLUX  987  3690.00        8.124458E+13   1.8622E-06   1.8865E-06   0.98709
FLUX  988  3710.00        8.080660E+13   1.8473E-06   1.8681E-06   0.98889
FLUX  989  3730.00        8.037332E+13   1.8297E-06   1.8499E-06   0.98905
FLUX  990  3750.00        7.994467E+13   1.7878E-06   1.8320E-06   0.97584
FLUX  991  3770.00        7.952056E+13   1.8007E-06   1.8144E-06   0.99246
FLUX  992  3790.00        7.910092E+13   1.7837E-06   1.7970E-06   0.99263
FLUX  993  3810.00        7.868570E+13   1.7644E-06   1.7798E-06   0.99133
FLUX  994  3830.00        7.827480E+13   1.7543E-06   1.7629E-06   0.99509
FLUX  995  3850.00        7.786818E+13   1.7413E-06   1.7463E-06   0.99714
FLUX  996  3870.00        7.746576E+13   1.7202E-06   1.7298E-06   0.99445
FLUX  997  3890.00        7.706748E+13   1.7038E-06   1.7136E-06   0.99425
FLUX  998  3910.00        7.667327E+13   1.6846E-06   1.6976E-06   0.99234
FLUX  999  3930.00        7.628308E+13   1.6769E-06   1.6819E-06   0.99701
FLUX 1000  3950.00        7.589684E+13   1.6559E-06   1.6664E-06   0.99373
FLUX 1001  3970.00        7.551448E+13   1.6448E-06   1.6510E-06   0.99624
FLUX 1002  3990.00        7.513596E+13   1.6182E-06   1.6359E-06   0.98919
FLUX 1003  4010.00        7.476122E+13   1.6069E-06   1.6210E-06   0.99127
FLUX 1004  4030.00        7.439020E+13   1.5937E-06   1.6063E-06   0.99218
FLUX 1005  4050.00        7.402284E+13   1.5700E-06   1.5918E-06   0.98634
FLUX 1006  4070.00        7.365909E+13   1.5697E-06   1.5775E-06   0.99510
FLUX 1007  4090.00        7.329890E+13   1.5556E-06   1.5634E-06   0.99501
FLUX 1008  4110.00        7.294221E+13   1.5456E-06   1.5494E-06   0.99754
FLUX 1009  4130.00        7.258898E+13   1.5332E-06   1.5357E-06   0.99839
FLUX 1010  4150.00        7.223916E+13   1.5157E-06   1.5221E-06   0.99581
FLUX 1011  4170.00        7.189269E+13   1.4952E-06   1.5087E-06   0.99104
FLUX 1012  4190.00        7.154952E+13   1.4903E-06   1.4955E-06   0.99654
FLUX 1013  4210.00        7.120962E+13   1.4722E-06   1.4825E-06   0.99308
FLUX 1014  4230.00        7.087293E+13   1.4687E-06   1.4696E-06   0.99939
FLUX 1015  4250.00        7.053941E+13   1.4518E-06   1.4569E-06   0.99649
FLUX 1016  4270.00        7.020902E+13   1.4421E-06   1.4443E-06   0.99848
FLUX 1017  4290.00        6.988170E+13   1.3971E-06   1.4319E-06   0.97567
FLUX 1018  4310.00        6.955742E+13   1.3678E-06   1.4197E-06   0.96346
FLUX 1019  4330.00        6.923614E+13   1.3730E-06   1.4076E-06   0.97537
FLUX 1020  4350.00        6.891782E+13   1.3281E-06   1.3957E-06   0.95157
FLUX 1021  4370.00        6.860240E+13   1.3090E-06   1.3839E-06   0.94587
FLUX 1022  4390.00        6.828986E+13   1.3144E-06   1.3723E-06   0.95779
FLUX 1023  4410.00        6.798016E+13   1.2614E-06   1.3608E-06   0.92696
FLUX 1024  4430.00        6.767325E+13   1.2699E-06   1.3495E-06   0.94103
FLUX 1025  4450.00        6.736910E+13   1.2637E-06   1.3383E-06   0.94427
FLUX 1026  4470.00        6.706767E+13   1.2185E-06   1.3278E-06   0.91765
FLUX 1027  4490.00        6.676893E+13   1.2318E-06   1.3169E-06   0.93543
FLUX 1028  4510.00        6.647284E+13   1.2206E-06   1.3061E-06   0.93459
FLUX 1029  4530.00        6.617936E+13   1.1844E-06   1.2954E-06   0.91427
FLUX 1030  4550.00        6.588846E+13   1.1917E-06   1.2849E-06   0.92747
FLUX 1031  4570.00        6.560011E+13   1.1890E-06   1.2745E-06   0.93292
FLUX 1032  4590.00        6.531427E+13   1.1526E-06   1.2642E-06   0.91172
FLUX 1033  4610.00        6.503091E+13   1.1620E-06   1.2540E-06   0.92663
FLUX 1034  4630.00        6.475000E+13   1.1503E-06   1.2440E-06   0.92466
FLUX 1035  4650.00        6.447151E+13   1.1376E-06   1.2341E-06   0.92185
FLUX 1036  4670.00        6.419540E+13   1.1353E-06   1.2243E-06   0.92734
FLUX 1037  4690.00        6.392164E+13   1.1310E-06   1.2146E-06   0.93119
FLUX 1038  4710.00        6.365021E+13   1.1201E-06   1.2050E-06   0.92951
FLUX 1039  4730.00        6.338108E+13   1.1243E-06   1.1955E-06   0.94042
FLUX 1040  4750.00        6.311421E+13   1.1107E-06   1.1862E-06   0.93636
FLUX 1041  4770.00        6.284958E+13   1.1013E-06   1.1769E-06   0.93576
FLUX 1042  4790.00        6.258716E+13   1.0964E-06   1.1678E-06   0.93887
FLUX 1043  4810.00        6.232692E+13   1.0813E-06   1.1588E-06   0.93312
FLUX 1044  4830.00        6.206884E+13   1.0881E-06   1.1499E-06   0.94626
FLUX 1045  4850.00        6.181289E+13   1.0760E-06   1.1410E-06   0.94296
FLUX 1046  4870.00        6.155903E+13   1.0659E-06   1.1323E-06   0.94132
FLUX 1047  4890.00        6.130726E+13   1.0611E-06   1.1237E-06   0.94428
FLUX 1048  4910.00        6.105754E+13   1.0527E-06   1.1152E-06   0.94396
FLUX 1049  4930.00        6.080984E+13   1.0464E-06   1.1067E-06   0.94544
FLUX 1050  4950.00        6.056414E+13   1.0380E-06   1.0984E-06   0.94500
FLUX 1051  4970.00        6.032042E+13   1.0321E-06   1.0902E-06   0.94675
FLUX 1052  4990.00        6.007866E+13   1.0266E-06   1.0820E-06   0.94879
FLUX 1053  5010.00        5.983882E+13   1.0142E-06   1.0740E-06   0.94437
FLUX 1054  5030.00        5.960089E+13   1.0152E-06   1.0660E-06   0.95230
FLUX 1055  5050.00        5.936485E+13   1.0016E-06   1.0581E-06   0.94657
FLUX 1056  5070.00        5.913067E+13   9.9754E-07   1.0503E-06   0.94975
FLUX 1057  5090.00        5.889833E+13   9.9341E-07   1.0426E-06   0.95280
FLUX 1058  5110.00        5.866781E+13   9.8370E-07   1.0350E-06   0.95044
FLUX 1059  5130.00        5.843908E+13   9.7540E-07   1.0275E-06   0.94934
FLUX 1060  5150.00        5.821214E+13   9.7230E-07   1.0200E-06   0.95325
FLUX 1061  5170.00        5.798694E+13   9.7254E-07   1.0126E-06   0.96042
FLUX 1062  5190.00        5.776349E+13   9.6005E-07   1.0053E-06   0.95497
FLUX 1063  5210.00        5.754175E+13   9.5227E-07   9.9810E-07   0.95409
FLUX 1064  5230.00        5.732170E+13   9.4637E-07   9.9095E-07   0.95501
FLUX 1065  5250.00        5.710333E+13   9.4455E-07   9.8389E-07   0.96002
FLUX 1066  5270.00        5.688662E+13   9.4092E-07   9.7689E-07   0.96318
FLUX 1067  5290.00        5.667155E+13   9.2769E-07   9.6997E-07   0.95641
FLUX 1068  5310.00        5.645810E+13   9.2494E-07   9.6313E-07   0.96035
FLUX 1069  5330.00        5.624625E+13   9.1894E-07   9.5636E-07   0.96088
FLUX 1070  5350.00        5.603598E+13   9.1421E-07   9.4965E-07   0.96268
FLUX 1071  5370.00        5.582728E+13   9.0830E-07   9.4302E-07   0.96318
FLUX 1072  5390.00        5.562013E+13   9.0397E-07   9.3646E-07   0.96531
FLUX 1073  5410.00        5.541451E+13   8.9827E-07   9.2997E-07   0.96592
FLUX 1074  5430.00        5.521041E+13   8.8776E-07   9.2354E-07   0.96126
FLUX 1075  5450.00        5.500780E+13   8.8734E-07   9.1718E-07   0.96747
FLUX 1076  5470.00        5.480667E+13   8.8012E-07   9.1088E-07   0.96622
FLUX 1077  5490.00        5.460701E+13   8.7379E-07   9.0465E-07   0.96588
FLUX 1078  5510.00        5.440880E+13   8.7031E-07   8.9848E-07   0.96864
FLUX 1079  5530.00        5.421203E+13   8.6806E-07   8.9238E-07   0.97275
FLUX 1080  5550.00        5.401667E+13   8.5668E-07   8.8633E-07   0.96655
FLUX 1081  5570.00        5.382271E+13   8.5879E-07   8.8035E-07   0.97550
FLUX 1082  5590.00        5.363014E+13   8.4829E-07   8.7443E-07   0.97010
FLUX 1083  5610.00        5.343895E+13   8.4465E-07   8.6857E-07   0.97247
FLUX 1084  5630.00        5.324911E+13   8.3777E-07   8.6276E-07   0.97103
FLUX 1085  5650.00        5.306062E+13   8.3749E-07   8.5702E-07   0.97721
FLUX 1086  5670.00        5.287346E+13   8.3212E-07   8.5133E-07   0.97743
FLUX 1087  5690.00        5.268761E+13   8.2277E-07   8.4570E-07   0.97289
FLUX 1088  5710.00        5.250306E+13   8.2036E-07   8.4012E-07   0.97648
FLUX 1089  5730.00        5.231981E+13   8.1716E-07   8.3460E-07   0.97911
FLUX 1090  5750.00        5.213783E+13   8.1182E-07   8.2913E-07   0.97913
FLUX 1091  5770.00        5.195711E+13   8.0631E-07   8.2371E-07   0.97887
FLUX 1092  5790.00        5.177763E+13   8.0344E-07   8.1835E-07   0.98178
FLUX 1093  5810.00        5.159940E+13   7.9665E-07   8.1304E-07   0.97983
FLUX 1094  5830.00        5.142238E+13   7.9273E-07   8.0778E-07   0.98136
FLUX 1095  5850.00        5.124658E+13   7.8947E-07   8.0268E-07   0.98354
FLUX 1096  5870.00        5.107198E+13   7.8242E-07   7.9752E-07   0.98107
FLUX 1097  5890.00        5.089856E+13   7.7763E-07   7.9241E-07   0.98135
FLUX 1098  5910.00        5.072631E+13   7.7182E-07   7.8735E-07   0.98028
FLUX 1099  5930.00        5.055523E+13   7.6992E-07   7.8234E-07   0.98413
FLUX 1100  5950.00        5.038529E+13   7.6033E-07   7.7737E-07   0.97808
FLUX 1101  5970.00        5.021650E+13   7.6200E-07   7.7245E-07   0.98647
FLUX 1102  5990.00        5.004883E+13   7.5742E-07   7.6758E-07   0.98677
FLUX 1103  6010.00        4.988228E+13   7.5319E-07   7.6275E-07   0.98746
FLUX 1104  6030.00        4.971683E+13   7.4886E-07   7.5797E-07   0.98799
FLUX 1105  6050.00        4.955248E+13   7.4359E-07   7.5323E-07   0.98719
FLUX 1106  6070.00        4.938921E+13   7.3887E-07   7.4854E-07   0.98708
FLUX 1107  6090.00        4.922701E+13   7.3476E-07   7.4389E-07   0.98773
FLUX 1108  6110.00        4.906588E+13   7.2887E-07   7.3929E-07   0.98592
FLUX 1109  6130.00        4.890579E+13   7.2681E-07   7.3472E-07   0.98923
FLUX 1110  6150.00        4.874675E+13   7.2299E-07   7.3020E-07   0.99013
FLUX 1111  6170.00        4.858874E+13   7.1914E-07   7.2572E-07   0.99093
FLUX 1112  6190.00        4.843174E+13   7.1552E-07   7.2128E-07   0.99202
FLUX 1113  6210.00        4.827576E+13   7.1149E-07   7.1688E-07   0.99248
FLUX 1114  6230.00        4.812079E+13   7.0555E-07   7.1252E-07   0.99021
FLUX 1115  6250.00        4.796680E+13   7.0184E-07   7.0821E-07   0.99101
FLUX 1116  6270.00        4.781380E+13   6.9817E-07   7.0393E-07   0.99183
FLUX 1117  6290.00        4.766176E+13   6.9207E-07   6.9968E-07   0.98912
FLUX 1118  6310.00        4.751070E+13   6.8911E-07   6.9548E-07   0.99083
FLUX 1119  6330.00        4.736058E+13   6.8762E-07   6.9132E-07   0.99465
FLUX 1120  6350.00        4.721142E+13   6.8263E-07   6.8719E-07   0.99337
FLUX 1121  6370.00        4.706319E+13   6.7993E-07   6.8310E-07   0.99537
FLUX 1122  6390.00        4.691588E+13   6.7464E-07   6.7904E-07   0.99351
FLUX 1123  6420.00        4.669665E+13   6.6988E-07   6.7302E-07   0.99533
FLUX 1124  6460.00        4.640751E+13   6.6163E-07   6.6513E-07   0.99474
FLUX 1125  6500.00        4.612192E+13   6.5394E-07   6.5737E-07   0.99478
FLUX 1126  6540.00        4.583983E+13   6.4729E-07   6.4974E-07   0.99623
FLUX 1127  6580.00        4.556117E+13   6.4046E-07   6.4225E-07   0.99721
FLUX 1128  6620.00        4.528588E+13   6.3275E-07   6.3489E-07   0.99664
FLUX 1129  6660.00        4.501389E+13   6.2621E-07   6.2765E-07   0.99771
FLUX 1130  6700.00        4.474515E+13   6.1909E-07   6.2053E-07   0.99767
FLUX 1131  6740.00        4.447960E+13   6.1169E-07   6.1354E-07   0.99699
FLUX 1132  6780.00        4.421718E+13   6.0424E-07   6.0666E-07   0.99601
FLUX 1133  6820.00        4.395784E+13   5.9868E-07   5.9990E-07   0.99797
FLUX 1134  6860.00        4.370153E+13   5.9226E-07   5.9324E-07   0.99834
FLUX 1135  6900.00        4.344819E+13   5.8561E-07   5.8670E-07   0.99814
FLUX 1136  6940.00        4.319777E+13   5.7895E-07   5.8027E-07   0.99773
FLUX 1137  6980.00        4.295021E+13   5.7326E-07   5.7394E-07   0.99882
FLUX 1138  7020.00        4.270548E+13   5.6654E-07   5.6771E-07   0.99794
FLUX 1139  7060.00        4.246353E+13   5.6088E-07   5.6158E-07   0.99874
FLUX 1140  7100.00        4.222430E+13   5.5493E-07   5.5555E-07   0.99887
FLUX 1141  7140.00        4.198775E+13   5.4917E-07   5.4962E-07   0.99917
FLUX 1142  7180.00        4.175383E+13   5.4319E-07   5.4378E-07   0.99891
FLUX 1143  7220.00        4.152251E+13   5.3726E-07   5.3804E-07   0.99855
FLUX 1144  7260.00        4.129373E+13   5.3155E-07   5.3238E-07   0.99844
FLUX 1145  7300.00        4.106747E+13   5.2656E-07   5.2682E-07   0.99952
FLUX 1146  7340.00        4.084366E+13   5.2068E-07   5.2134E-07   0.99874
FLUX 1147  7380.00        4.062229E+13   5.1572E-07   5.1594E-07   0.99956
FLUX 1148  7420.00        4.040330E+13   5.0987E-07   5.1063E-07   0.99851
FLUX 1149  7460.00        4.018666E+13   5.0282E-07   5.0540E-07   0.99491
FLUX 1150  7500.00        3.997233E+13   4.9724E-07   5.0025E-07   0.99398
FLUX 1151  7540.00        3.976028E+13   4.9462E-07   4.9517E-07   0.99887
FLUX 1152  7580.00        3.955046E+13   4.8993E-07   4.9018E-07   0.99949
FLUX 1153  7620.00        3.934285E+13   4.8500E-07   4.8526E-07   0.99947
FLUX 1154  7660.00        3.913740E+13   4.8025E-07   4.8041E-07   0.99967
FLUX 1155  7700.00        3.893409E+13   4.7525E-07   4.7564E-07   0.99919
FLUX 1156  7740.00        3.873288E+13   4.7077E-07   4.7093E-07   0.99965
FLUX 1157  7780.00        3.853374E+13   4.6593E-07   4.6630E-07   0.99922
FLUX 1158  7820.00        3.833664E+13   4.6162E-07   4.6173E-07   0.99976
FLUX 1159  7860.00        3.814154E+13   4.5717E-07   4.5723E-07   0.99986
FLUX 1160  7900.00        3.794842E+13   4.5269E-07   4.5279E-07   0.99977
FLUX 1161  7940.00        3.775724E+13   4.4829E-07   4.4842E-07   0.99969
FLUX 1162  7980.00        3.756798E+13   4.4402E-07   4.4412E-07   0.99980
FLUX 1163  8020.00        3.738061E+13   4.3948E-07   4.3987E-07   0.99912
FLUX 1164  8060.00        3.719510E+13   4.3529E-07   4.3568E-07   0.99909
FLUX 1165  8100.00        3.701142E+13   4.3146E-07   4.3156E-07   0.99977
FLUX 1166  8140.00        3.682955E+13   4.2661E-07   4.2749E-07   0.99795
FLUX 1167  8180.00        3.664945E+13   4.2312E-07   4.2347E-07   0.99916
FLUX 1168  8220.00        3.647111E+13   4.1943E-07   4.1952E-07   0.99979
FLUX 1169  8260.00        3.629449E+13   4.1543E-07   4.1562E-07   0.99956
FLUX 1170  8300.00        3.611958E+13   4.1162E-07   4.1177E-07   0.99964
FLUX 1171  8340.00        3.594634E+13   4.0749E-07   4.0798E-07   0.99881
FLUX 1172  8380.00        3.577476E+13   4.0385E-07   4.0423E-07   0.99906
FLUX 1173  8420.00        3.560481E+13   4.0038E-07   4.0054E-07   0.99960
FLUX 1174  8460.00        3.543647E+13   3.9677E-07   3.9690E-07   0.99967
FLUX 1175  8500.00        3.526971E+13   3.9320E-07   3.9331E-07   0.99973
FLUX 1176  8540.00        3.510451E+13   3.8962E-07   3.8977E-07   0.99961
FLUX 1177  8580.00        3.494085E+13   3.8614E-07   3.8627E-07   0.99966
FLUX 1178  8620.00        3.477871E+13   3.8261E-07   3.8282E-07   0.99945
FLUX 1179  8660.00        3.461807E+13   3.7890E-07   3.7942E-07   0.99864
FLUX 1180  8700.00        3.445891E+13   3.7601E-07   3.7606E-07   0.99988
FLUX 1181  8740.00        3.430120E+13   3.7227E-07   3.7275E-07   0.99871
FLUX 1182  8780.00        3.414493E+13   3.6899E-07   3.6948E-07   0.99869
FLUX 1183  8820.00        3.399008E+13   3.6594E-07   3.6625E-07   0.99915
FLUX 1184  8860.00        3.383663E+13   3.6280E-07   3.6306E-07   0.99926
FLUX 1185  8900.00        3.368455E+13   3.5961E-07   3.5992E-07   0.99913
FLUX 1186  8940.00        3.353384E+13   3.5662E-07   3.5682E-07   0.99945
FLUX 1187  8980.00        3.338447E+13   3.5327E-07   3.5375E-07   0.99865
FLUX 1188  9020.00        3.323642E+13   3.5045E-07   3.5073E-07   0.99922
FLUX 1189  9060.00        3.308968E+13   3.4771E-07   3.4774E-07   0.99992
FLUX 1190  9100.00        3.294423E+13   3.4435E-07   3.4479E-07   0.99872
FLUX 1191  9140.00        3.280005E+13   3.4150E-07   3.4188E-07   0.99889
FLUX 1192  9180.00        3.265714E+13   3.3887E-07   3.3901E-07   0.99960
FLUX 1193  9220.00        3.251546E+13   3.3612E-07   3.3617E-07   0.99986
FLUX 1194  9260.00        3.237500E+13   3.3324E-07   3.3337E-07   0.99963
FLUX 1195  9300.00        3.223575E+13   3.3058E-07   3.3060E-07   0.99993
FLUX 1196  9340.00        3.209770E+13   3.2771E-07   3.2787E-07   0.99953
FLUX 1197  9380.00        3.196082E+13   3.2460E-07   3.2517E-07   0.99825
FLUX 1198  9420.00        3.182511E+13   3.2244E-07   3.2250E-07   0.99982
FLUX 1199  9460.00        3.169054E+13   3.1971E-07   3.1987E-07   0.99950
FLUX 1200  9500.00        3.155711E+13   3.1715E-07   3.1726E-07   0.99966
FLUX 1201  9540.00        3.142479E+13   3.1448E-07   3.1469E-07   0.99934
FLUX 1202  9580.00        3.129358E+13   3.1200E-07   3.1215E-07   0.99952
FLUX 1203  9620.00        3.116346E+13   3.0946E-07   3.0964E-07   0.99939
FLUX 1204  9660.00        3.103442E+13   3.0700E-07   3.0716E-07   0.99948
FLUX 1205  9700.00        3.090644E+13   3.0467E-07   3.0471E-07   0.99986
FLUX 1206  9740.00        3.077952E+13   3.0187E-07   3.0229E-07   0.99859
FLUX 1207  9780.00        3.065363E+13   2.9957E-07   2.9990E-07   0.99891
FLUX 1208  9820.00        3.052877E+13   2.9741E-07   2.9754E-07   0.99956
FLUX 1209  9860.00        3.040492E+13   2.9509E-07   2.9520E-07   0.99961
FLUX 1210  9900.00        3.028207E+13   2.9281E-07   2.9289E-07   0.99973
FLUX 1211  9940.00        3.016021E+13   2.9035E-07   2.9061E-07   0.99909
FLUX 1212  9980.00        3.003933E+13   2.8823E-07   2.8835E-07   0.99957
FLUX 1213 10020.00        2.991941E+13   2.8600E-07   2.8612E-07   0.99957
FLUX 1214 20000.00        1.498963E+13   7.3609E-08   7.3616E-08   0.99991
FLUX 1215 40000.00        7.494813E+12   1.8411E-08   1.8412E-08   0.99998
FLUX 1216 60000.00        4.996542E+12   8.1278E-09   8.1279E-09   0.99999
FLUX 1217 80000.00        3.747406E+12   4.5413E-09   4.5413E-09   1.00000
FLUX 1218100000.00        2.997925E+12   2.8889E-09   2.8889E-09   1.00000
FLUX 1219120000.00        2.498271E+12   1.9952E-09   1.9952E-09   1.00000
FLUX 1220140000.00        2.141375E+12   1.4587E-09   1.4587E-09   1.00000
FLUX 1221160000.00        1.873703E+12   1.1118E-09   1.1118E-09   1.00000
FLUX
