TEFF   6750.  GRAVITY 5.00000 LTE 
TITLE  [0.0] VTURB=2  L/H=1.25 NOVER NEW ODF                                    
FLUX    1     9.09        3.298047E+16   1.0000E-50   0.0000E+00   1.00000
FLUX    2     9.35        3.206337E+16   1.0000E-50   0.0000E+00   1.00000
FLUX    3     9.61        3.119589E+16   1.0000E-50   0.0000E+00   1.00000
FLUX    4     9.77        3.068501E+16   1.0000E-50   0.0000E+00   1.00000
FLUX    5     9.96        3.009965E+16   1.0000E-50   0.0000E+00   1.00000
FLUX    6    10.20        2.939142E+16   1.0000E-50   0.0000E+00   1.00000
FLUX    7    10.38        2.888174E+16   1.0000E-50   0.0000E+00   1.00000
FLUX    8    10.56        2.838944E+16   1.0000E-50   0.0000E+00   1.00000
FLUX    9    10.77        2.783589E+16   1.0000E-50   0.0000E+00   1.00000
FLUX   10    11.04        2.715512E+16   1.0000E-50   0.0000E+00   1.00000
FLUX   11    11.40        2.629759E+16   1.0000E-50   0.0000E+00   1.00000
FLUX   12    11.78        2.544928E+16   1.0000E-50   0.0000E+00   1.00000
FLUX   13    12.13        2.471496E+16   1.0000E-50   0.0000E+00   1.00000
FLUX   14    12.48        2.402183E+16   1.0000E-50   0.0000E+00   1.00000
FLUX   15    12.71        2.358714E+16   1.0000E-50   0.0000E+00   1.00000
FLUX   16    12.84        2.334833E+16   1.0000E-50   0.0000E+00   1.00000
FLUX   17    13.05        2.297261E+16   1.0000E-50   0.0000E+00   1.00000
FLUX   18    13.24        2.264294E+16   1.0000E-50   0.0000E+00   1.00000
FLUX   19    13.39        2.238928E+16   1.0000E-50   0.0000E+00   1.00000
FLUX   20    13.66        2.194674E+16   1.0000E-50   0.0000E+00   1.00000
FLUX   21    13.98        2.144438E+16   1.0000E-50   0.0000E+00   1.00000
FLUX   22    14.33        2.092062E+16   1.0000E-50   0.0000E+00   1.00000
FLUX   23    14.72        2.036634E+16   1.0000E-50   0.0000E+00   1.00000
FLUX   24    15.10        1.985381E+16   1.0000E-50   0.0000E+00   1.00000
FLUX   25    15.52        1.931653E+16   1.0000E-50   0.0000E+00   1.00000
FLUX   26    15.88        1.887862E+16   1.0000E-50   0.0000E+00   1.00000
FLUX   27    16.20        1.850571E+16   1.0000E-50   0.0000E+00   1.00000
FLUX   28    16.60        1.805979E+16   1.0000E-50   0.0000E+00   1.00000
FLUX   29    17.03        1.760379E+16   1.0000E-50   0.0000E+00   1.00000
FLUX   30    17.34        1.728907E+16   1.0000E-50   0.0000E+00   1.00000
FLUX   31    17.68        1.695659E+16   1.0000E-50   0.0000E+00   1.00000
FLUX   32    18.02        1.663665E+16   8.7185E-79   8.7186E-79   0.99998
FLUX   33    18.17        1.649931E+16   3.6699E-78   3.6700E-78   0.99998
FLUX   34    18.61        1.610922E+16   2.1724E-76   2.1725E-76   0.99998
FLUX   35    19.10        1.569594E+16   1.6317E-74   1.6317E-74   0.99998
FLUX   36    19.39        1.546119E+16   1.8897E-73   1.8898E-73   0.99998
FLUX   37    19.84        1.511051E+16   7.3208E-72   7.3209E-72   0.99998
FLUX   38    20.18        1.485592E+16   1.0410E-70   1.0410E-70   0.99998
FLUX   39    20.50        1.462402E+16   1.1682E-69   1.1682E-69   0.99998
FLUX   40    21.05        1.424192E+16   6.2296E-68   6.2297E-68   0.99998
FLUX   41    21.62        1.386644E+16   3.0891E-66   3.0892E-66   0.99998
FLUX   42    21.98        1.363933E+16   3.2692E-65   3.2693E-65   0.99998
FLUX   43    22.30        1.344361E+16   2.4890E-64   2.4890E-64   0.99998
FLUX   44    22.68        1.321836E+16   2.5728E-63   2.5729E-63   0.99998
FLUX   45    23.00        1.303446E+16   1.7321E-62   1.7321E-62   0.99998
FLUX   46    23.40        1.281165E+16   1.7387E-61   1.7387E-61   0.99998
FLUX   47    24.00        1.249135E+16   4.7732E-60   4.7733E-60   0.99998
FLUX   48    24.65        1.216197E+16   1.4348E-58   1.4349E-58   0.99998
FLUX   49    25.24        1.187767E+16   2.6981E-57   2.6982E-57   0.99998
FLUX   50    25.68        1.167416E+16   2.1997E-56   2.1998E-56   0.99998
FLUX   51    26.00        1.153048E+16   9.6675E-56   9.6676E-56   0.99998
FLUX   52    26.40        1.135578E+16   5.8417E-55   5.8418E-55   0.99998
FLUX   53    26.85        1.116546E+16   4.1330E-54   4.1330E-54   0.99998
FLUX   54    27.35        1.096133E+16   3.3621E-53   3.3622E-53   0.99998
FLUX   55    27.85        1.076454E+16   2.5355E-52   2.5355E-52   0.99998
FLUX   56    28.40        1.055607E+16   2.1490E-51   2.1491E-51   0.99998
FLUX   57    29.00        1.033767E+16   2.0107E-50   2.0107E-50   0.99998
FLUX   58    29.60        1.012813E+16   1.7111E-49   1.7111E-49   0.99998
FLUX   59    30.10        9.959884E+15   9.5431E-49   9.5445E-49   0.99985
FLUX   60    30.80        9.733523E+15   9.6090E-48   9.6091E-48   0.99998
FLUX   61    31.80        9.427437E+15   2.1692E-46   2.1692E-46   0.99998
FLUX   62    32.80        9.140015E+15   4.0253E-45   4.0254E-45   0.99998
FLUX   63    33.80        8.869601E+15   6.2427E-44   6.2428E-44   0.99998
FLUX   64    34.80        8.614727E+15   8.2305E-43   8.2307E-43   0.99998
FLUX   65    35.70        8.397549E+15   7.3701E-42   7.3702E-42   0.99998
FLUX   66    36.60        8.191052E+15   5.9116E-41   5.9117E-41   0.99998
FLUX   67    37.50        7.994467E+15   4.2705E-40   4.2706E-40   0.99998
FLUX   68    38.50        7.786818E+15   3.4345E-39   3.4345E-39   0.99998
FLUX   69    39.50        7.589684E+15   2.4734E-38   2.4734E-38   0.99998
FLUX   70    40.50        7.402284E+15   1.6097E-37   1.6097E-37   0.99998
FLUX   71    41.40        7.241365E+15   8.0170E-37   8.0171E-37   0.99998
FLUX   72    42.20        7.104088E+15   3.1447E-36   3.1447E-36   0.99998
FLUX   73    43.00        6.971919E+15   1.1698E-35   1.1698E-35   0.99998
FLUX   74    44.10        6.798016E+15   6.5665E-35   6.5666E-35   0.99998
FLUX   75    45.10        6.647284E+15   2.9178E-34   2.9178E-34   0.99998
FLUX   76    46.00        6.517228E+15   1.0541E-33   1.0541E-33   0.99998
FLUX   77    47.00        6.378564E+15   4.1357E-33   4.1358E-33   0.99998
FLUX   78    48.00        6.245677E+15   1.5279E-32   1.5279E-32   0.99998
FLUX   79    49.00        6.118214E+15   5.3398E-32   5.3399E-32   0.99998
FLUX   80    50.00        5.995850E+15   1.7689E-31   1.7689E-31   0.99998
FLUX   81    50.60        5.924753E+15   4.6992E-31   5.3737E-31   0.87448
FLUX   82    51.20        5.855322E+15   1.0402E-30   1.0538E-30   0.98709
FLUX   83    52.00        5.765240E+15   2.4954E-30   2.5212E-30   0.98974
FLUX   84    53.00        5.656462E+15   7.2129E-30   7.2131E-30   0.99997
FLUX   85    54.00        5.551713E+15   1.9682E-29   1.9804E-29   0.99383
FLUX   86    55.00        5.450773E+15   5.2320E-29   5.2324E-29   0.99992
FLUX   87    56.00        5.353438E+15   1.3323E-28   1.3324E-28   0.99997
FLUX   88    57.00        5.259518E+15   3.2762E-28   3.2762E-28   0.99998
FLUX   89    58.00        5.168836E+15   7.7051E-28   7.7967E-28   0.98825
FLUX   90    59.00        5.081229E+15   1.7967E-27   1.7975E-27   0.99955
FLUX   91    60.00        4.996542E+15   4.0201E-27   4.0225E-27   0.99940
FLUX   92    61.00        4.914631E+15   8.7507E-27   8.7509E-27   0.99998
FLUX   93    62.00        4.835363E+15   1.8530E-26   1.8533E-26   0.99986
FLUX   94    63.00        4.758611E+15   3.8255E-26   3.8259E-26   0.99991
FLUX   95    64.00        4.684258E+15   7.7116E-26   7.7125E-26   0.99989
FLUX   96    65.00        4.612192E+15   1.5192E-25   1.5192E-25   0.99997
FLUX   97    65.80        4.556117E+15   2.5715E-25   2.5717E-25   0.99991
FLUX   98    66.50        4.508158E+15   4.0261E-25   4.0307E-25   0.99887
FLUX   99    67.50        4.441370E+15   7.5205E-25   7.5267E-25   0.99917
FLUX  100    68.50        4.376533E+15   1.3779E-24   1.3781E-24   0.99988
FLUX  101    69.50        4.313561E+15   2.4760E-24   2.4762E-24   0.99993
FLUX  102    70.50        4.252376E+15   4.3542E-24   4.3698E-24   0.99642
FLUX  103    71.60        4.187046E+15   8.0009E-24   8.0018E-24   0.99988
FLUX  104    72.60        4.129373E+15   1.3631E-23   1.3631E-23   0.99998
FLUX  105    73.50        4.078810E+15   2.1723E-23   2.1727E-23   0.99984
FLUX  106    74.50        4.024060E+15   3.5932E-23   3.5957E-23   0.99928
FLUX  107    75.50        3.970762E+15   5.8595E-23   5.8651E-23   0.99906
FLUX  108    76.50        3.918856E+15   9.4307E-23   9.4342E-23   0.99963
FLUX  109    77.50        3.868290E+15   1.4960E-22   1.4973E-22   0.99916
FLUX  110    78.50        3.819013E+15   2.3459E-22   2.3460E-22   0.99998
FLUX  111    79.50        3.770975E+15   3.5980E-22   3.6305E-22   0.99106
FLUX  112    80.50        3.724130E+15   5.5307E-22   5.5519E-22   0.99619
FLUX  113    81.50        3.678436E+15   8.3886E-22   8.3935E-22   0.99942
FLUX  114    82.50        3.633848E+15   1.2548E-21   1.2552E-21   0.99966
FLUX  115    83.50        3.590329E+15   1.8574E-21   1.8577E-21   0.99985
FLUX  116    84.50        3.547840E+15   2.7210E-21   2.7213E-21   0.99987
FLUX  117    85.50        3.506345E+15   3.9478E-21   3.9481E-21   0.99993
FLUX  118    86.50        3.465809E+15   5.6721E-21   5.6726E-21   0.99991
FLUX  119    87.50        3.426200E+15   8.0580E-21   8.0760E-21   0.99777
FLUX  120    88.50        3.387486E+15   1.1396E-20   1.1398E-20   0.99983
FLUX  121    89.50        3.349637E+15   1.5948E-20   1.5949E-20   0.99992
FLUX  122    90.50        3.312624E+15   2.2121E-20   2.2135E-20   0.99937
FLUX  123    91.50        3.276421E+15   2.0025E-17   5.2107E-17   0.38431
FLUX  124    92.50        3.241000E+15   6.8595E-17   7.4043E-17   0.92641
FLUX  125    93.50        3.206337E+15   9.6366E-17   1.0414E-16   0.92535
FLUX  126    94.50        3.172407E+15   1.3459E-16   1.4524E-16   0.92667
FLUX  127    95.50        3.139188E+15   1.9456E-16   2.0104E-16   0.96777
FLUX  128    96.50        3.106658E+15   2.6848E-16   2.7615E-16   0.97223
FLUX  129    97.50        3.074795E+15   3.6422E-16   3.7652E-16   0.96732
FLUX  130    98.50        3.043579E+15   4.9451E-16   5.1092E-16   0.96787
FLUX  131    99.50        3.012990E+15   6.6321E-16   6.8801E-16   0.96396
FLUX  132   100.50        2.983010E+15   9.1226E-16   9.2059E-16   0.99095
FLUX  133   101.50        2.953621E+15   1.2126E-15   1.2237E-15   0.99090
FLUX  134   102.50        2.924805E+15   1.5663E-15   1.6202E-15   0.96673
FLUX  135   103.50        2.896546E+15   2.1162E-15   2.1311E-15   0.99299
FLUX  136   104.50        2.868828E+15   2.7739E-15   2.7898E-15   0.99432
FLUX  137   105.50        2.841635E+15   3.6115E-15   3.6342E-15   0.99375
FLUX  138   106.50        2.814953E+15   4.6697E-15   4.7128E-15   0.99085
FLUX  139   107.50        2.788767E+15   6.0446E-15   6.0836E-15   0.99359
FLUX  140   108.50        2.763065E+15   7.7771E-15   7.8157E-15   0.99506
FLUX  141   109.50        2.737831E+15   9.9031E-15   9.9913E-15   0.99117
FLUX  142   110.50        2.713054E+15   2.5803E-14   1.2734E-13   0.20264
FLUX  143   111.50        2.688722E+15   8.1232E-14   1.7307E-13   0.46935
FLUX  144   112.50        2.664822E+15   1.2275E-13   2.2835E-13   0.53758
FLUX  145   113.50        2.641344E+15   1.8519E-13   2.9307E-13   0.63190
FLUX  146   114.50        2.618275E+15   2.4237E-13   3.6681E-13   0.66076
FLUX  147   115.50        2.595606E+15   2.7876E-13   4.4895E-13   0.62091
FLUX  148   116.50        2.573326E+15   3.7820E-13   5.3749E-13   0.70365
FLUX  149   117.50        2.551426E+15   4.7587E-13   6.2697E-13   0.75900
FLUX  150   118.50        2.529895E+15   5.1355E-13   8.2474E-13   0.62269
FLUX  151   119.50        2.508724E+15   3.5008E-13   9.8056E-13   0.35702
FLUX  152   120.50        2.487905E+15   3.5205E-13   1.1590E-12   0.30375
FLUX  153   121.50        2.467428E+15   1.2941E-13   1.3634E-12   0.09492
FLUX  154   122.50        2.447286E+15   4.4279E-13   1.6183E-12   0.27360
FLUX  155   123.50        2.427470E+15   9.9834E-13   1.8892E-12   0.52846
FLUX  156   124.50        2.407972E+15   1.7435E-12   2.9302E-12   0.59503
FLUX  157   125.50        2.388785E+15   2.6994E-12   3.9121E-12   0.69000
FLUX  158   126.50        2.369901E+15   2.8562E-12   4.8299E-12   0.59136
FLUX  159   127.50        2.351314E+15   3.7990E-12   5.7138E-12   0.66488
FLUX  160   128.50        2.333016E+15   4.9314E-12   6.6945E-12   0.73663
FLUX  161   129.50        2.315000E+15   5.9248E-12   7.7479E-12   0.76470
FLUX  162   130.50        2.297261E+15   6.2787E-12   8.9278E-12   0.70328
FLUX  163   131.50        2.279791E+15   8.0127E-12   1.0234E-11   0.78295
FLUX  164   132.50        2.262585E+15   9.2276E-12   1.1692E-11   0.78925
FLUX  165   133.50        2.245637E+15   1.0415E-11   1.3311E-11   0.78244
FLUX  166   134.50        2.228941E+15   1.2351E-11   1.5108E-11   0.81752
FLUX  167   135.50        2.212491E+15   1.3714E-11   1.7161E-11   0.79913
FLUX  168   136.50        2.196282E+15   1.5730E-11   1.9548E-11   0.80467
FLUX  169   137.50        2.180309E+15   1.7236E-11   2.2209E-11   0.77608
FLUX  170   138.50        2.164567E+15   1.8873E-11   2.5170E-11   0.74980
FLUX  171   139.50        2.149050E+15   2.1491E-11   2.8459E-11   0.75515
FLUX  172   140.50        2.133754E+15   2.4957E-11   3.2107E-11   0.77730
FLUX  173   141.50        2.118675E+15   2.7674E-11   3.6148E-11   0.76557
FLUX  174   142.50        2.103807E+15   3.0793E-11   4.0623E-11   0.75801
FLUX  175   143.50        2.089146E+15   3.4257E-11   4.5560E-11   0.75190
FLUX  176   144.20        2.079005E+15   4.0561E-11   4.9316E-11   0.82247
FLUX  177   144.70        2.071821E+15   3.9963E-11   5.2370E-11   0.76310
FLUX  178   145.50        2.060430E+15   4.5417E-11   5.7225E-11   0.79365
FLUX  179   146.50        2.046365E+15   5.0766E-11   6.3831E-11   0.79532
FLUX  180   147.50        2.032492E+15   5.3761E-11   7.1074E-11   0.75641
FLUX  181   148.50        2.018805E+15   6.0793E-11   7.9005E-11   0.76948
FLUX  182   149.50        2.005301E+15   7.3703E-11   8.7677E-11   0.84062
FLUX  183   150.50        1.991977E+15   8.4985E-11   9.7144E-11   0.87484
FLUX  184   151.20        1.982755E+15   8.1224E-11   1.0428E-10   0.77892
FLUX  185   151.70        1.976220E+15   9.3256E-11   1.3461E-10   0.69278
FLUX  186   152.50        1.965852E+15   1.1236E-10   2.9185E-10   0.38499
FLUX  187   153.50        1.953046E+15   2.2185E-10   7.1465E-10   0.31042
FLUX  188   154.50        1.940405E+15   2.7189E-10   7.8747E-10   0.34527
FLUX  189   155.50        1.927926E+15   3.3591E-10   8.6614E-10   0.38782
FLUX  190   156.50        1.915607E+15   3.2655E-10   9.5143E-10   0.34323
FLUX  191   157.50        1.903444E+15   4.6423E-10   1.1197E-09   0.41460
FLUX  192   158.50        1.891435E+15   5.3272E-10   1.2291E-09   0.43342
FLUX  193   159.50        1.879577E+15   6.1065E-10   1.3475E-09   0.45318
FLUX  194   160.50        1.867866E+15   6.4840E-10   1.4741E-09   0.43986
FLUX  195   161.50        1.856300E+15   7.3101E-10   1.6080E-09   0.45460
FLUX  196   162.50        1.844877E+15   7.9301E-10   1.7914E-09   0.44268
FLUX  197   163.50        1.833593E+15   1.0013E-09   1.9487E-09   0.51382
FLUX  198   164.50        1.822447E+15   1.3029E-09   2.1154E-09   0.61593
FLUX  199   165.50        1.811435E+15   9.5185E-10   2.2930E-09   0.41511
FLUX  200   166.50        1.800556E+15   1.5334E-09   2.4827E-09   0.61764
FLUX  201   167.20        1.793017E+15   1.1732E-09   2.6225E-09   0.44735
FLUX  202   167.70        1.787671E+15   1.7194E-09   9.0059E-09   0.19092
FLUX  203   168.50        1.779184E+15   2.4846E-09   1.5736E-07   0.01579
FLUX  204   169.50        1.768687E+15   3.0646E-09   1.6508E-07   0.01856
FLUX  205   170.50        1.758314E+15   5.1277E-09   1.7340E-07   0.02957
FLUX  206   171.50        1.748061E+15   1.2589E-08   2.5243E-07   0.04987
FLUX  207   172.50        1.737928E+15   1.7832E-08   2.6402E-07   0.06754
FLUX  208   173.50        1.727911E+15   2.9449E-08   2.7229E-07   0.10815
FLUX  209   174.50        1.718009E+15   3.1783E-08   2.8243E-07   0.11254
FLUX  210   175.50        1.708219E+15   5.3600E-08   2.8942E-07   0.18520
FLUX  211   176.50        1.698541E+15   2.6186E-08   2.9598E-07   0.08847
FLUX  212   177.50        1.688972E+15   4.3827E-08   3.0215E-07   0.14505
FLUX  213   178.50        1.679510E+15   6.0164E-08   3.0780E-07   0.19547
FLUX  214   179.50        1.670153E+15   9.2446E-08   3.1316E-07   0.29521
FLUX  215   180.50        1.660900E+15   6.2780E-08   3.1877E-07   0.19694
FLUX  216   181.50        1.651749E+15   5.5461E-08   3.2364E-07   0.17136
FLUX  217   182.50        1.642699E+15   5.4470E-08   3.2850E-07   0.16582
FLUX  218   183.50        1.633747E+15   6.1331E-08   3.3275E-07   0.18432
FLUX  219   184.50        1.624892E+15   3.1383E-08   3.3674E-07   0.09320
FLUX  220   185.50        1.616132E+15   6.8241E-08   3.4123E-07   0.19999
FLUX  221   186.50        1.607466E+15   1.1261E-07   3.4444E-07   0.32694
FLUX  222   187.50        1.598893E+15   1.0362E-07   3.6727E-07   0.28213
FLUX  223   188.50        1.590411E+15   1.1269E-07   3.6886E-07   0.30551
FLUX  224   189.50        1.582018E+15   1.3133E-07   3.6975E-07   0.35520
FLUX  225   190.50        1.573714E+15   1.1758E-07   3.7019E-07   0.31763
FLUX  226   191.50        1.565496E+15   1.4067E-07   3.7044E-07   0.37975
FLUX  227   192.50        1.557364E+15   1.0541E-07   3.7036E-07   0.28460
FLUX  228   193.50        1.549315E+15   4.2748E-08   3.6988E-07   0.11557
FLUX  229   194.50        1.541350E+15   1.5023E-07   3.6993E-07   0.40612
FLUX  230   195.50        1.533465E+15   1.6913E-07   3.6995E-07   0.45718
FLUX  231   196.70        1.524110E+15   2.0831E-07   3.6971E-07   0.56345
FLUX  232   197.60        1.517169E+15   1.7707E-07   4.1187E-07   0.42991
FLUX  233   198.40        1.511051E+15   1.6106E-07   4.1367E-07   0.38935
FLUX  234   199.50        1.502719E+15   1.8673E-07   4.3884E-07   0.42551
FLUX  235   200.50        1.495224E+15   1.6545E-07   4.4312E-07   0.37338
FLUX  236   201.50        1.487804E+15   1.8576E-07   4.4867E-07   0.41402
FLUX  237   202.50        1.480457E+15   1.4089E-07   4.5379E-07   0.31048
FLUX  238   203.50        1.473182E+15   2.2609E-07   4.5902E-07   0.49256
FLUX  239   204.50        1.465978E+15   2.5918E-07   4.6528E-07   0.55704
FLUX  240   205.50        1.458844E+15   2.3764E-07   4.7065E-07   0.50491
FLUX  241   206.50        1.451780E+15   2.3025E-07   4.7517E-07   0.48456
FLUX  242   207.40        1.445480E+15   2.6943E-07   4.7898E-07   0.56250
FLUX  243   207.80        1.442697E+15   3.9529E-07   1.1910E-06   0.33191
FLUX  244   208.50        1.437854E+15   3.6166E-07   1.2110E-06   0.29864
FLUX  245   209.50        1.430990E+15   3.4527E-07   1.2388E-06   0.27872
FLUX  246   210.50        1.424192E+15   3.9784E-07   1.2647E-06   0.31459
FLUX  247   211.50        1.417459E+15   4.9860E-07   1.2883E-06   0.38702
FLUX  248   212.50        1.410788E+15   4.6045E-07   1.3117E-06   0.35102
FLUX  249   213.50        1.404180E+15   4.1428E-07   1.3351E-06   0.31030
FLUX  250   214.50        1.397634E+15   5.6594E-07   1.3571E-06   0.41701
FLUX  251   215.50        1.391148E+15   5.6782E-07   1.3789E-06   0.41179
FLUX  252   216.50        1.384723E+15   4.8284E-07   1.4009E-06   0.34468
FLUX  253   217.50        1.378356E+15   4.9496E-07   1.4230E-06   0.34782
FLUX  254   218.50        1.372048E+15   6.5298E-07   1.4461E-06   0.45155
FLUX  255   219.50        1.365797E+15   6.8232E-07   1.4695E-06   0.46434
FLUX  256   220.50        1.359603E+15   6.2847E-07   1.4932E-06   0.42089
FLUX  257   221.50        1.353465E+15   4.7832E-07   1.5175E-06   0.31521
FLUX  258   222.50        1.347382E+15   5.5354E-07   1.5504E-06   0.35702
FLUX  259   223.50        1.341353E+15   7.3811E-07   1.5759E-06   0.46838
FLUX  260   224.50        1.335379E+15   6.8841E-07   1.6016E-06   0.42983
FLUX  261   225.50        1.329457E+15   5.1892E-07   1.6799E-06   0.30890
FLUX  262   226.50        1.323587E+15   4.8616E-07   1.7040E-06   0.28530
FLUX  263   227.50        1.317769E+15   5.6175E-07   1.7282E-06   0.32506
FLUX  264   228.50        1.312002E+15   7.1851E-07   1.7521E-06   0.41008
FLUX  265   229.50        1.306285E+15   5.6807E-07   1.7761E-06   0.31985
FLUX  266   230.50        1.300618E+15   7.1421E-07   1.7997E-06   0.39685
FLUX  267   231.50        1.295000E+15   6.4889E-07   1.8233E-06   0.35588
FLUX  268   232.50        1.289430E+15   6.2045E-07   1.8470E-06   0.33592
FLUX  269   233.50        1.283908E+15   4.4239E-07   1.8829E-06   0.23495
FLUX  270   234.50        1.278433E+15   2.7319E-07   1.9061E-06   0.14333
FLUX  271   235.50        1.273004E+15   6.0338E-07   1.9292E-06   0.31277
FLUX  272   236.50        1.267622E+15   3.1449E-07   1.9524E-06   0.16108
FLUX  273   237.50        1.262284E+15   4.5127E-07   1.9756E-06   0.22842
FLUX  274   238.50        1.256992E+15   2.2740E-07   1.9995E-06   0.11373
FLUX  275   239.50        1.251743E+15   3.1776E-07   2.0229E-06   0.15708
FLUX  276   240.50        1.246538E+15   3.1910E-07   2.0464E-06   0.15593
FLUX  277   241.50        1.241377E+15   3.7884E-07   2.0699E-06   0.18302
FLUX  278   242.50        1.236258E+15   6.8782E-07   2.0934E-06   0.32856
FLUX  279   243.50        1.231181E+15   6.5341E-07   2.1171E-06   0.30864
FLUX  280   244.50        1.226145E+15   8.0256E-07   2.1599E-06   0.37156
FLUX  281   245.50        1.221151E+15   8.4937E-07   2.1828E-06   0.38912
FLUX  282   246.50        1.216197E+15   7.8367E-07   2.2057E-06   0.35530
FLUX  283   247.50        1.211283E+15   6.8181E-07   2.2286E-06   0.30594
FLUX  284   248.50        1.206408E+15   4.8991E-07   2.2515E-06   0.21759
FLUX  285   249.50        1.201573E+15   5.4748E-07   2.2745E-06   0.24070
FLUX  286   250.50        1.196776E+15   8.4164E-07   2.3125E-06   0.36394
FLUX  287   251.30        1.192967E+15   4.4910E-07   2.3303E-06   0.19273
FLUX  288   251.80        1.190598E+15   3.1654E-07   3.1447E-06   0.10066
FLUX  289   252.50        1.187297E+15   3.3249E-07   3.1696E-06   0.10490
FLUX  290   253.50        1.182613E+15   3.4121E-07   3.2053E-06   0.10645
FLUX  291   254.50        1.177967E+15   3.5834E-07   3.2410E-06   0.11056
FLUX  292   255.50        1.173356E+15   5.9412E-07   3.2767E-06   0.18131
FLUX  293   256.50        1.168782E+15   5.7376E-07   3.3126E-06   0.17321
FLUX  294   257.50        1.164243E+15   8.1229E-07   3.3485E-06   0.24259
FLUX  295   258.50        1.159739E+15   7.8868E-07   3.3844E-06   0.23303
FLUX  296   259.50        1.155270E+15   7.3273E-07   3.4204E-06   0.21422
FLUX  297   260.50        1.150835E+15   6.2169E-07   3.4565E-06   0.17986
FLUX  298   261.50        1.146434E+15   5.5866E-07   3.4926E-06   0.15996
FLUX  299   262.50        1.142067E+15   8.0836E-07   3.5287E-06   0.22908
FLUX  300   263.50        1.137732E+15   1.2008E-06   3.5726E-06   0.33611
FLUX  301   264.50        1.133431E+15   1.6046E-06   3.6086E-06   0.44466
FLUX  302   265.50        1.129162E+15   1.9501E-06   3.6446E-06   0.53505
FLUX  303   266.50        1.124925E+15   1.3330E-06   3.6808E-06   0.36216
FLUX  304   267.50        1.120720E+15   1.5683E-06   3.7169E-06   0.42194
FLUX  305   268.50        1.116546E+15   1.7476E-06   3.7531E-06   0.46565
FLUX  306   269.50        1.112403E+15   1.3629E-06   3.7894E-06   0.35967
FLUX  307   270.50        1.108290E+15   1.6307E-06   3.8342E-06   0.42530
FLUX  308   271.50        1.104208E+15   1.2478E-06   3.8700E-06   0.32242
FLUX  309   272.50        1.100156E+15   1.1976E-06   3.9058E-06   0.30662
FLUX  310   273.50        1.096133E+15   1.3707E-06   3.9415E-06   0.34776
FLUX  311   274.50        1.092140E+15   7.5674E-07   3.9773E-06   0.19027
FLUX  312   275.50        1.088176E+15   1.0195E-06   4.0130E-06   0.25405
FLUX  313   276.50        1.084241E+15   1.3131E-06   4.0487E-06   0.32432
FLUX  314   277.50        1.080333E+15   1.4666E-06   4.0842E-06   0.35908
FLUX  315   278.50        1.076454E+15   8.5673E-07   4.1197E-06   0.20796
FLUX  316   279.50        1.072603E+15   3.1701E-07   4.1553E-06   0.07629
FLUX  317   280.50        1.068779E+15   4.1772E-07   4.1909E-06   0.09967
FLUX  318   281.50        1.064982E+15   1.4430E-06   4.2265E-06   0.34142
FLUX  319   282.50        1.061212E+15   2.0649E-06   4.2621E-06   0.48448
FLUX  320   283.50        1.057469E+15   1.9424E-06   4.2979E-06   0.45196
FLUX  321   284.50        1.053752E+15   1.5403E-06   4.3336E-06   0.35543
FLUX  322   285.50        1.050061E+15   8.2187E-07   4.3693E-06   0.18810
FLUX  323   286.50        1.046396E+15   1.9524E-06   4.4050E-06   0.44323
FLUX  324   287.50        1.042757E+15   2.2296E-06   4.4407E-06   0.50208
FLUX  325   288.50        1.039142E+15   2.0144E-06   4.4764E-06   0.45001
FLUX  326   289.50        1.035553E+15   2.2116E-06   4.5120E-06   0.49015
FLUX  327   291.00        1.030215E+15   2.8105E-06   4.5711E-06   0.61485
FLUX  328   293.00        1.023183E+15   2.5414E-06   4.6415E-06   0.54754
FLUX  329   295.00        1.016246E+15   2.5454E-06   4.7127E-06   0.54011
FLUX  330   297.00        1.009402E+15   2.7938E-06   4.7824E-06   0.58418
FLUX  331   299.00        1.002651E+15   2.7824E-06   4.8521E-06   0.57345
FLUX  332   301.00        9.959884E+14   2.9460E-06   4.9216E-06   0.59859
FLUX  333   303.00        9.894142E+14   3.0016E-06   4.9909E-06   0.60142
FLUX  334   305.00        9.829262E+14   3.1392E-06   5.0596E-06   0.62044
FLUX  335   307.00        9.765228E+14   3.2385E-06   5.1282E-06   0.63151
FLUX  336   309.00        9.702023E+14   3.2555E-06   5.2016E-06   0.62587
FLUX  337   311.00        9.639630E+14   3.3316E-06   5.2690E-06   0.63230
FLUX  338   313.00        9.578035E+14   3.3636E-06   5.3375E-06   0.63017
FLUX  339   315.00        9.517222E+14   3.3236E-06   5.4040E-06   0.61503
FLUX  340   317.00        9.457177E+14   3.4859E-06   5.4701E-06   0.63727
FLUX  341   319.00        9.397884E+14   3.1942E-06   5.5358E-06   0.57701
FLUX  342   321.00        9.339330E+14   3.4955E-06   5.6012E-06   0.62407
FLUX  343   323.00        9.281502E+14   3.0972E-06   5.6677E-06   0.54646
FLUX  344   325.00        9.224385E+14   3.6731E-06   5.7320E-06   0.64080
FLUX  345   327.00        9.167966E+14   4.1111E-06   5.7960E-06   0.70930
FLUX  346   329.00        9.112234E+14   4.0686E-06   5.8604E-06   0.69425
FLUX  347   331.00        9.057175E+14   4.1885E-06   5.9235E-06   0.70709
FLUX  348   333.00        9.002778E+14   4.1894E-06   5.9860E-06   0.69987
FLUX  349   335.00        8.949030E+14   4.1565E-06   6.0479E-06   0.68727
FLUX  350   337.00        8.895920E+14   3.7921E-06   6.1097E-06   0.62066
FLUX  351   339.00        8.843437E+14   4.1167E-06   6.1716E-06   0.66704
FLUX  352   341.00        8.791569E+14   4.1353E-06   6.2324E-06   0.66351
FLUX  353   343.00        8.740306E+14   4.2288E-06   6.2928E-06   0.67201
FLUX  354   345.00        8.689638E+14   4.3489E-06   6.3533E-06   0.68450
FLUX  355   347.00        8.639553E+14   4.4326E-06   6.4134E-06   0.69114
FLUX  356   349.00        8.590043E+14   4.6309E-06   6.4731E-06   0.71540
FLUX  357   351.00        8.541097E+14   4.7918E-06   6.5325E-06   0.73353
FLUX  358   353.00        8.492705E+14   4.6221E-06   6.5915E-06   0.70123
FLUX  359   355.00        8.444859E+14   5.1602E-06   6.6505E-06   0.77591
FLUX  360   357.00        8.397549E+14   4.5097E-06   6.7097E-06   0.67212
FLUX  361   359.00        8.350766E+14   4.4904E-06   6.7684E-06   0.66344
FLUX  362   361.00        8.304501E+14   4.6976E-06   6.8268E-06   0.68812
FLUX  363   363.00        8.258747E+14   4.7780E-06   6.8847E-06   0.69400
FLUX  364   364.00        8.236058E+14   4.8144E-06   6.9138E-06   0.69634
FLUX  365   365.00        8.213493E+14   5.3490E-06   1.0346E-05   0.51701
FLUX  366   367.00        8.168733E+14   5.3729E-06   1.0419E-05   0.51571
FLUX  367   369.00        8.124458E+14   5.2905E-06   1.0490E-05   0.50432
FLUX  368   371.00        8.080660E+14   5.4144E-06   1.0562E-05   0.51263
FLUX  369   373.00        8.037332E+14   4.8182E-06   1.0632E-05   0.45317
FLUX  370   375.00        7.994467E+14   5.2365E-06   1.0701E-05   0.48933
FLUX  371   377.00        7.952056E+14   5.7491E-06   1.0795E-05   0.53257
FLUX  372   379.00        7.910092E+14   6.4018E-06   1.0864E-05   0.58926
FLUX  373   381.00        7.868570E+14   6.9645E-06   1.0932E-05   0.63705
FLUX  374   383.00        7.827480E+14   5.1952E-06   1.1000E-05   0.47230
FLUX  375   385.00        7.786818E+14   7.1961E-06   1.1069E-05   0.65012
FLUX  376   387.00        7.746576E+14   7.5803E-06   1.1135E-05   0.68078
FLUX  377   389.00        7.706748E+14   6.2622E-06   1.1201E-05   0.55908
FLUX  378   391.00        7.667327E+14   7.7763E-06   1.1267E-05   0.69021
FLUX  379   393.00        7.628308E+14   5.0119E-06   1.1331E-05   0.44230
FLUX  380   395.00        7.589684E+14   7.4082E-06   1.1395E-05   0.65012
FLUX  381   397.00        7.551448E+14   5.0948E-06   1.1458E-05   0.44464
FLUX  382   399.00        7.513596E+14   8.6778E-06   1.1520E-05   0.75326
FLUX  383   401.00        7.476122E+14   9.3116E-06   1.1585E-05   0.80380
FLUX  384   403.00        7.439020E+14   9.4283E-06   1.1646E-05   0.80954
FLUX  385   405.00        7.402284E+14   9.2489E-06   1.1707E-05   0.79000
FLUX  386   407.00        7.365909E+14   9.1537E-06   1.1767E-05   0.77788
FLUX  387   409.00        7.329890E+14   9.1448E-06   1.1826E-05   0.77325
FLUX  388   411.00        7.294221E+14   8.0945E-06   1.1885E-05   0.68109
FLUX  389   413.00        7.258898E+14   9.8020E-06   1.1942E-05   0.82082
FLUX  390   415.00        7.223916E+14   1.0147E-05   1.1999E-05   0.84568
FLUX  391   417.00        7.189269E+14   1.0213E-05   1.2055E-05   0.84722
FLUX  392   419.00        7.154952E+14   1.0047E-05   1.2110E-05   0.82962
FLUX  393   421.00        7.120962E+14   1.0145E-05   1.2164E-05   0.83401
FLUX  394   423.00        7.087293E+14   9.7527E-06   1.2217E-05   0.79829
FLUX  395   425.00        7.053941E+14   1.0179E-05   1.2269E-05   0.82964
FLUX  396   427.00        7.020902E+14   9.9008E-06   1.2320E-05   0.80361
FLUX  397   429.00        6.988170E+14   9.6006E-06   1.2371E-05   0.77605
FLUX  398   431.00        6.955742E+14   8.7288E-06   1.2421E-05   0.70275
FLUX  399   433.00        6.923614E+14   9.5024E-06   1.2470E-05   0.76203
FLUX  400   435.00        6.891782E+14   8.7244E-06   1.2518E-05   0.69694
FLUX  401   437.00        6.860240E+14   1.0857E-05   1.2566E-05   0.86402
FLUX  402   439.00        6.828986E+14   1.0526E-05   1.2612E-05   0.83458
FLUX  403   441.00        6.798016E+14   1.0774E-05   1.2658E-05   0.85111
FLUX  404   443.00        6.767325E+14   1.0944E-05   1.2703E-05   0.86147
FLUX  405   445.00        6.736910E+14   1.1000E-05   1.2748E-05   0.86288
FLUX  406   447.00        6.706767E+14   1.1309E-05   1.2792E-05   0.88409
FLUX  407   449.00        6.676893E+14   1.1392E-05   1.2835E-05   0.88762
FLUX  408   451.00        6.647284E+14   1.2090E-05   1.2877E-05   0.93890
FLUX  409   453.00        6.617936E+14   1.1431E-05   1.2919E-05   0.88482
FLUX  410   455.00        6.588846E+14   1.1660E-05   1.2960E-05   0.89974
FLUX  411   457.00        6.560011E+14   1.2243E-05   1.3000E-05   0.94183
FLUX  412   459.00        6.531427E+14   1.1808E-05   1.3039E-05   0.90559
FLUX  413   461.00        6.503091E+14   1.2090E-05   1.3078E-05   0.92443
FLUX  414   463.00        6.475000E+14   1.1988E-05   1.3116E-05   0.91400
FLUX  415   465.00        6.447151E+14   1.2165E-05   1.3154E-05   0.92484
FLUX  416   467.00        6.419540E+14   1.2441E-05   1.3191E-05   0.94314
FLUX  417   469.00        6.392164E+14   1.2223E-05   1.3228E-05   0.92403
FLUX  418   471.00        6.365021E+14   1.1797E-05   1.3264E-05   0.88946
FLUX  419   473.00        6.338108E+14   1.2477E-05   1.3299E-05   0.93820
FLUX  420   475.00        6.311421E+14   1.2603E-05   1.3334E-05   0.94522
FLUX  421   477.00        6.284958E+14   1.2641E-05   1.3368E-05   0.94563
FLUX  422   479.00        6.258716E+14   1.2636E-05   1.3402E-05   0.94287
FLUX  423   481.00        6.232692E+14   1.2612E-05   1.3435E-05   0.93874
FLUX  424   483.00        6.206884E+14   1.2610E-05   1.3467E-05   0.93631
FLUX  425   485.00        6.181289E+14   1.1367E-05   1.3500E-05   0.84199
FLUX  426   487.00        6.155903E+14   9.7534E-06   1.3531E-05   0.72082
FLUX  427   489.00        6.130726E+14   1.2276E-05   1.3562E-05   0.90519
FLUX  428   491.00        6.105754E+14   1.2514E-05   1.3592E-05   0.92069
FLUX  429   493.00        6.080984E+14   1.2391E-05   1.3622E-05   0.90961
FLUX  430   495.00        6.056414E+14   1.2782E-05   1.3652E-05   0.93627
FLUX  431   497.00        6.032042E+14   1.3021E-05   1.3680E-05   0.95179
FLUX  432   499.00        6.007866E+14   1.2452E-05   1.3709E-05   0.90832
FLUX  433   501.00        5.983882E+14   1.2153E-05   1.3737E-05   0.88470
FLUX  434   503.00        5.960089E+14   1.2776E-05   1.3764E-05   0.92823
FLUX  435   505.00        5.936485E+14   1.2747E-05   1.3791E-05   0.92431
FLUX  436   507.00        5.913067E+14   1.3154E-05   1.3817E-05   0.95201
FLUX  437   509.00        5.889833E+14   1.2934E-05   1.3843E-05   0.93429
FLUX  438   511.00        5.866781E+14   1.3136E-05   1.3869E-05   0.94718
FLUX  439   513.00        5.843908E+14   1.2976E-05   1.3894E-05   0.93392
FLUX  440   515.00        5.821214E+14   1.2737E-05   1.3918E-05   0.91514
FLUX  441   517.00        5.798694E+14   1.2076E-05   1.3942E-05   0.86616
FLUX  442   519.00        5.776349E+14   1.2113E-05   1.3966E-05   0.86736
FLUX  443   521.00        5.754175E+14   1.2828E-05   1.3989E-05   0.91700
FLUX  444   523.00        5.732170E+14   1.2983E-05   1.4011E-05   0.92660
FLUX  445   525.00        5.710333E+14   1.3340E-05   1.4034E-05   0.95058
FLUX  446   527.00        5.688662E+14   1.2276E-05   1.4055E-05   0.87339
FLUX  447   529.00        5.667155E+14   1.3294E-05   1.4077E-05   0.94441
FLUX  448   531.00        5.645810E+14   1.3533E-05   1.4097E-05   0.95994
FLUX  449   533.00        5.624625E+14   1.2719E-05   1.4118E-05   0.90090
FLUX  450   535.00        5.603598E+14   1.3405E-05   1.4138E-05   0.94820
FLUX  451   537.00        5.582728E+14   1.3410E-05   1.4157E-05   0.94720
FLUX  452   539.00        5.562013E+14   1.3413E-05   1.4176E-05   0.94618
FLUX  453   541.00        5.541451E+14   1.3099E-05   1.4195E-05   0.92281
FLUX  454   543.00        5.521041E+14   1.3479E-05   1.4213E-05   0.94834
FLUX  455   545.00        5.500780E+14   1.3670E-05   1.4231E-05   0.96059
FLUX  456   547.00        5.480667E+14   1.3590E-05   1.4248E-05   0.95381
FLUX  457   549.00        5.460701E+14   1.3596E-05   1.4265E-05   0.95306
FLUX  458   551.00        5.440880E+14   1.3713E-05   1.4282E-05   0.96014
FLUX  459   553.00        5.421203E+14   1.3723E-05   1.4298E-05   0.95976
FLUX  460   555.00        5.401667E+14   1.3907E-05   1.4314E-05   0.97152
FLUX  461   557.00        5.382271E+14   1.3670E-05   1.4330E-05   0.95394
FLUX  462   559.00        5.363014E+14   1.3576E-05   1.4345E-05   0.94641
FLUX  463   561.00        5.343895E+14   1.3800E-05   1.4360E-05   0.96100
FLUX  464   563.00        5.324911E+14   1.3963E-05   1.4381E-05   0.97090
FLUX  465   565.00        5.306062E+14   1.3964E-05   1.4395E-05   0.97004
FLUX  466   567.00        5.287346E+14   1.3790E-05   1.4409E-05   0.95705
FLUX  467   569.00        5.268761E+14   1.3957E-05   1.4422E-05   0.96773
FLUX  468   571.00        5.250306E+14   1.3882E-05   1.4435E-05   0.96168
FLUX  469   573.00        5.231981E+14   1.4349E-05   1.4448E-05   0.99312
FLUX  470   575.00        5.213783E+14   1.4123E-05   1.4460E-05   0.97663
FLUX  471   577.00        5.195711E+14   1.4242E-05   1.4472E-05   0.98412
FLUX  472   579.00        5.177763E+14   1.4137E-05   1.4484E-05   0.97609
FLUX  473   581.00        5.159940E+14   1.4288E-05   1.4495E-05   0.98569
FLUX  474   583.00        5.142238E+14   1.4395E-05   1.4506E-05   0.99237
FLUX  475   585.00        5.124658E+14   1.4255E-05   1.4516E-05   0.98196
FLUX  476   587.00        5.107198E+14   1.4302E-05   1.4527E-05   0.98453
FLUX  477   589.00        5.089856E+14   1.3806E-05   1.4536E-05   0.94972
FLUX  478   591.00        5.072631E+14   1.4324E-05   1.4546E-05   0.98476
FLUX  479   593.00        5.055523E+14   1.4331E-05   1.4555E-05   0.98458
FLUX  480   595.00        5.038529E+14   1.4392E-05   1.4564E-05   0.98817
FLUX  481   597.00        5.021650E+14   1.4414E-05   1.4573E-05   0.98909
FLUX  482   599.00        5.004883E+14   1.4381E-05   1.4581E-05   0.98627
FLUX  483   601.00        4.988228E+14   1.4287E-05   1.4589E-05   0.97929
FLUX  484   603.00        4.971683E+14   1.4287E-05   1.4597E-05   0.97877
FLUX  485   605.00        4.955248E+14   1.4495E-05   1.4605E-05   0.99252
FLUX  486   607.00        4.938921E+14   1.4521E-05   1.4612E-05   0.99378
FLUX  487   609.00        4.922701E+14   1.4408E-05   1.4619E-05   0.98559
FLUX  488   611.00        4.906588E+14   1.4337E-05   1.4626E-05   0.98024
FLUX  489   613.00        4.890579E+14   1.4058E-05   1.4632E-05   0.96078
FLUX  490   615.00        4.874675E+14   1.4143E-05   1.4638E-05   0.96616
FLUX  491   617.00        4.858874E+14   1.3968E-05   1.4644E-05   0.95382
FLUX  492   619.00        4.843174E+14   1.4441E-05   1.4650E-05   0.98575
FLUX  493   621.00        4.827576E+14   1.4500E-05   1.4655E-05   0.98939
FLUX  494   623.00        4.812079E+14   1.4324E-05   1.4660E-05   0.97704
FLUX  495   625.00        4.796680E+14   1.4046E-05   1.4665E-05   0.95779
FLUX  496   627.00        4.781380E+14   1.4500E-05   1.4669E-05   0.98846
FLUX  497   629.00        4.766176E+14   1.4550E-05   1.4674E-05   0.99159
FLUX  498   631.00        4.751070E+14   1.4311E-05   1.4678E-05   0.97498
FLUX  499   633.00        4.736058E+14   1.4380E-05   1.4682E-05   0.97943
FLUX  500   635.00        4.721142E+14   1.4398E-05   1.4685E-05   0.98046
FLUX  501   637.00        4.706319E+14   1.4406E-05   1.4688E-05   0.98078
FLUX  502   639.00        4.691588E+14   1.4498E-05   1.4691E-05   0.98683
FLUX  503   641.00        4.676950E+14   1.4305E-05   1.4694E-05   0.97352
FLUX  504   643.00        4.662403E+14   1.4433E-05   1.4697E-05   0.98205
FLUX  505   645.00        4.647946E+14   1.4307E-05   1.4699E-05   0.97331
FLUX  506   647.00        4.633578E+14   1.4353E-05   1.4701E-05   0.97630
FLUX  507   649.00        4.619299E+14   1.4237E-05   1.4703E-05   0.96830
FLUX  508   651.00        4.605108E+14   1.4405E-05   1.4704E-05   0.97962
FLUX  509   653.00        4.591003E+14   1.4295E-05   1.4706E-05   0.97208
FLUX  510   655.00        4.576985E+14   1.3341E-05   1.4715E-05   0.90660
FLUX  511   657.00        4.563052E+14   1.1339E-05   1.4716E-05   0.77051
FLUX  512   659.00        4.549203E+14   1.4031E-05   1.4717E-05   0.95336
FLUX  513   661.00        4.535439E+14   1.4465E-05   1.4717E-05   0.98282
FLUX  514   663.00        4.521757E+14   1.4514E-05   1.4718E-05   0.98617
FLUX  515   665.00        4.508158E+14   1.4553E-05   1.4717E-05   0.98881
FLUX  516   667.00        4.494640E+14   1.4482E-05   1.4717E-05   0.98403
FLUX  517   669.00        4.481203E+14   1.4625E-05   1.4717E-05   0.99374
FLUX  518   671.00        4.467846E+14   1.4540E-05   1.4716E-05   0.98803
FLUX  519   673.00        4.454569E+14   1.4611E-05   1.4715E-05   0.99295
FLUX  520   675.00        4.441370E+14   1.4529E-05   1.4714E-05   0.98744
FLUX  521   677.00        4.428250E+14   1.4594E-05   1.4713E-05   0.99193
FLUX  522   679.00        4.415206E+14   1.4585E-05   1.4711E-05   0.99140
FLUX  523   681.00        4.402239E+14   1.4556E-05   1.4710E-05   0.98953
FLUX  524   683.00        4.389348E+14   1.4599E-05   1.4708E-05   0.99257
FLUX  525   685.00        4.376533E+14   1.4484E-05   1.4706E-05   0.98489
FLUX  526   687.00        4.363792E+14   1.4580E-05   1.4704E-05   0.99158
FLUX  527   689.00        4.351125E+14   1.4596E-05   1.4701E-05   0.99281
FLUX  528   691.00        4.338531E+14   1.4578E-05   1.4699E-05   0.99176
FLUX  529   693.00        4.326010E+14   1.4574E-05   1.4696E-05   0.99167
FLUX  530   695.00        4.313561E+14   1.4579E-05   1.4693E-05   0.99223
FLUX  531   697.00        4.301184E+14   1.4583E-05   1.4690E-05   0.99269
FLUX  532   699.00        4.288877E+14   1.4601E-05   1.4687E-05   0.99413
FLUX  533   701.00        4.276641E+14   1.4367E-05   1.4683E-05   0.97842
FLUX  534   703.00        4.264474E+14   1.4522E-05   1.4680E-05   0.98926
FLUX  535   705.00        4.252376E+14   1.4573E-05   1.4676E-05   0.99297
FLUX  536   707.00        4.240347E+14   1.4543E-05   1.4672E-05   0.99120
FLUX  537   709.00        4.228385E+14   1.4539E-05   1.4668E-05   0.99117
FLUX  538   711.00        4.216491E+14   1.4451E-05   1.4664E-05   0.98548
FLUX  539   713.00        4.204663E+14   1.4454E-05   1.4660E-05   0.98599
FLUX  540   715.00        4.192902E+14   1.4433E-05   1.4655E-05   0.98487
FLUX  541   717.00        4.181206E+14   1.4414E-05   1.4650E-05   0.98387
FLUX  542   719.00        4.169576E+14   1.4283E-05   1.4646E-05   0.97522
FLUX  543   721.00        4.158010E+14   1.4420E-05   1.4640E-05   0.98494
FLUX  544   723.00        4.146508E+14   1.4432E-05   1.4635E-05   0.98610
FLUX  545   725.00        4.135069E+14   1.4472E-05   1.4635E-05   0.98884
FLUX  546   727.00        4.123693E+14   1.4493E-05   1.4630E-05   0.99067
FLUX  547   729.00        4.112380E+14   1.4296E-05   1.4624E-05   0.97757
FLUX  548   731.00        4.101129E+14   1.4443E-05   1.4630E-05   0.98724
FLUX  549   733.00        4.089939E+14   1.4418E-05   1.4624E-05   0.98594
FLUX  550   735.00        4.078810E+14   1.4495E-05   1.4618E-05   0.99161
FLUX  551   737.00        4.067741E+14   1.4493E-05   1.4612E-05   0.99187
FLUX  552   739.00        4.056732E+14   1.4313E-05   1.4605E-05   0.97999
FLUX  553   741.00        4.045783E+14   1.4194E-05   1.4599E-05   0.97227
FLUX  554   743.00        4.034892E+14   1.4303E-05   1.4592E-05   0.98020
FLUX  555   745.00        4.024060E+14   1.4349E-05   1.4586E-05   0.98377
FLUX  556   747.00        4.013286E+14   1.4411E-05   1.4579E-05   0.98850
FLUX  557   749.00        4.002570E+14   1.4353E-05   1.4572E-05   0.98497
FLUX  558   751.00        3.991911E+14   1.4390E-05   1.4565E-05   0.98804
FLUX  559   753.00        3.981308E+14   1.4414E-05   1.4557E-05   0.99013
FLUX  560   755.00        3.970762E+14   1.4458E-05   1.4550E-05   0.99367
FLUX  561   757.00        3.960271E+14   1.4396E-05   1.4543E-05   0.98993
FLUX  562   759.00        3.949835E+14   1.4401E-05   1.4535E-05   0.99078
FLUX  563   761.00        3.939455E+14   1.4365E-05   1.4527E-05   0.98885
FLUX  564   763.00        3.929128E+14   1.4415E-05   1.4520E-05   0.99283
FLUX  565   765.00        3.918856E+14   1.4377E-05   1.4512E-05   0.99074
FLUX  566   767.00        3.908638E+14   1.4190E-05   1.4504E-05   0.97840
FLUX  567   769.00        3.898472E+14   1.4319E-05   1.4495E-05   0.98786
FLUX  568   771.00        3.888359E+14   1.4295E-05   1.4487E-05   0.98675
FLUX  569   773.00        3.878299E+14   1.4343E-05   1.4479E-05   0.99060
FLUX  570   775.00        3.868290E+14   1.4236E-05   1.4470E-05   0.98379
FLUX  571   777.00        3.858333E+14   1.4209E-05   1.4462E-05   0.98252
FLUX  572   779.00        3.848427E+14   1.4381E-05   1.4453E-05   0.99504
FLUX  573   781.00        3.838572E+14   1.4336E-05   1.4444E-05   0.99246
FLUX  574   783.00        3.828768E+14   1.4247E-05   1.4436E-05   0.98695
FLUX  575   785.00        3.819013E+14   1.4250E-05   1.4427E-05   0.98777
FLUX  576   787.00        3.809307E+14   1.4327E-05   1.4418E-05   0.99374
FLUX  577   789.00        3.799651E+14   1.4313E-05   1.4409E-05   0.99338
FLUX  578   791.00        3.790044E+14   1.4258E-05   1.4399E-05   0.99017
FLUX  579   793.00        3.780485E+14   1.4062E-05   1.4390E-05   0.97722
FLUX  580   795.00        3.770975E+14   1.4136E-05   1.4381E-05   0.98297
FLUX  581   797.00        3.761512E+14   1.4296E-05   1.4371E-05   0.99482
FLUX  582   799.00        3.752096E+14   1.4289E-05   1.4361E-05   0.99495
FLUX  583   801.00        3.742728E+14   1.4209E-05   1.4352E-05   0.99006
FLUX  584   803.00        3.733406E+14   1.4202E-05   1.4342E-05   0.99024
FLUX  585   805.00        3.724130E+14   1.4167E-05   1.4332E-05   0.98848
FLUX  586   807.00        3.714901E+14   1.4241E-05   1.4322E-05   0.99434
FLUX  587   809.00        3.705717E+14   1.4135E-05   1.4312E-05   0.98766
FLUX  588   811.00        3.696578E+14   1.4223E-05   1.4302E-05   0.99447
FLUX  589   813.00        3.687485E+14   1.4260E-05   1.4291E-05   0.99784
FLUX  590   815.00        3.678436E+14   1.4230E-05   1.4281E-05   0.99641
FLUX  591   817.00        3.669431E+14   1.4214E-05   1.4271E-05   0.99601
FLUX  592   819.00        3.660470E+14   1.3926E-05   1.4260E-05   0.97659
FLUX  593   821.00        3.651553E+14   1.3988E-05   1.4490E-05   0.96537
FLUX  594   823.00        3.642679E+14   1.3983E-05   1.4480E-05   0.96571
FLUX  595   825.00        3.633848E+14   1.4048E-05   1.4469E-05   0.97087
FLUX  596   827.00        3.625060E+14   1.4176E-05   1.4459E-05   0.98047
FLUX  597   829.00        3.616315E+14   1.4146E-05   1.4448E-05   0.97908
FLUX  598   831.00        3.607611E+14   1.4012E-05   1.4437E-05   0.97055
FLUX  599   833.00        3.598950E+14   1.3925E-05   1.4427E-05   0.96521
FLUX  600   835.00        3.590329E+14   1.4034E-05   1.4416E-05   0.97353
FLUX  601   837.00        3.581750E+14   1.4111E-05   1.4405E-05   0.97958
FLUX  602   839.00        3.573212E+14   1.3986E-05   1.4394E-05   0.97169
FLUX  603   841.00        3.564715E+14   1.4093E-05   1.4383E-05   0.97986
FLUX  604   843.00        3.556257E+14   1.3981E-05   1.4372E-05   0.97282
FLUX  605   845.00        3.547840E+14   1.3906E-05   1.4361E-05   0.96835
FLUX  606   847.00        3.539463E+14   1.3939E-05   1.4350E-05   0.97135
FLUX  607   849.00        3.531125E+14   1.3828E-05   1.4338E-05   0.96442
FLUX  608   851.00        3.522826E+14   1.3359E-05   1.4327E-05   0.93245
FLUX  609   853.00        3.514566E+14   1.3751E-05   1.4316E-05   0.96057
FLUX  610   855.00        3.506345E+14   1.2162E-05   1.4304E-05   0.85023
FLUX  611   857.00        3.498162E+14   1.3996E-05   1.4293E-05   0.97919
FLUX  612   859.00        3.490017E+14   1.3796E-05   1.4282E-05   0.96601
FLUX  613   861.00        3.481911E+14   1.3768E-05   1.4270E-05   0.96482
FLUX  614   863.00        3.473841E+14   1.3961E-05   1.4258E-05   0.97916
FLUX  615   865.00        3.465809E+14   1.3783E-05   1.4247E-05   0.96741
FLUX  616   867.00        3.457814E+14   1.2213E-05   1.4235E-05   0.85798
FLUX  617   869.00        3.449856E+14   1.3630E-05   1.4223E-05   0.95827
FLUX  618   871.00        3.441935E+14   1.3893E-05   1.4212E-05   0.97759
FLUX  619   873.00        3.434049E+14   1.3777E-05   1.4200E-05   0.97025
FLUX  620   875.00        3.426200E+14   1.3199E-05   1.4188E-05   0.93026
FLUX  621   877.00        3.418387E+14   1.3764E-05   1.4176E-05   0.97096
FLUX  622   879.00        3.410609E+14   1.3879E-05   1.4164E-05   0.97984
FLUX  623   881.00        3.402866E+14   1.3742E-05   1.4152E-05   0.97102
FLUX  624   883.00        3.395159E+14   1.3785E-05   1.4140E-05   0.97487
FLUX  625   885.00        3.387486E+14   1.3516E-05   1.4128E-05   0.95668
FLUX  626   887.00        3.379848E+14   1.2886E-05   1.4116E-05   0.91285
FLUX  627   889.00        3.372244E+14   1.3763E-05   1.4104E-05   0.97584
FLUX  628   891.00        3.364675E+14   1.3872E-05   1.4092E-05   0.98441
FLUX  629   893.00        3.357139E+14   1.3771E-05   1.4079E-05   0.97807
FLUX  630   895.00        3.349637E+14   1.3871E-05   1.4067E-05   0.98606
FLUX  631   897.00        3.342168E+14   1.3848E-05   1.4055E-05   0.98525
FLUX  632   899.00        3.334733E+14   1.3750E-05   1.4042E-05   0.97916
FLUX  633   901.00        3.327331E+14   1.2621E-05   1.4030E-05   0.89960
FLUX  634   903.00        3.319961E+14   1.3260E-05   1.4018E-05   0.94592
FLUX  635   905.00        3.312624E+14   1.3805E-05   1.4005E-05   0.98574
FLUX  636   907.00        3.305320E+14   1.3620E-05   1.3993E-05   0.97337
FLUX  637   909.00        3.298047E+14   1.3390E-05   1.3980E-05   0.95778
FLUX  638   911.00        3.290807E+14   1.3655E-05   1.3967E-05   0.97765
FLUX  639   913.00        3.283598E+14   1.3854E-05   1.3955E-05   0.99279
FLUX  640   915.00        3.276421E+14   1.3844E-05   1.3942E-05   0.99293
FLUX  641   917.00        3.269275E+14   1.3801E-05   1.3930E-05   0.99076
FLUX  642   919.00        3.262160E+14   1.3762E-05   1.3917E-05   0.98888
FLUX  643   921.00        3.255076E+14   1.3327E-05   1.3904E-05   0.95853
FLUX  644   923.00        3.248023E+14   1.2114E-05   1.3891E-05   0.87206
FLUX  645   925.00        3.241000E+14   1.3132E-05   1.3879E-05   0.94620
FLUX  646   927.00        3.234008E+14   1.3520E-05   1.3866E-05   0.97506
FLUX  647   929.00        3.227045E+14   1.3726E-05   1.3853E-05   0.99082
FLUX  648   931.00        3.220113E+14   1.3767E-05   1.3840E-05   0.99471
FLUX  649   933.00        3.213210E+14   1.3738E-05   1.3827E-05   0.99352
FLUX  650   935.00        3.206337E+14   1.3739E-05   1.3815E-05   0.99454
FLUX  651   937.00        3.199493E+14   1.3740E-05   1.3802E-05   0.99552
FLUX  652   939.00        3.192678E+14   1.3712E-05   1.3789E-05   0.99441
FLUX  653   941.00        3.185893E+14   1.3180E-05   1.3776E-05   0.95675
FLUX  654   943.00        3.179136E+14   1.3576E-05   1.3763E-05   0.98640
FLUX  655   945.00        3.172407E+14   1.3536E-05   1.3750E-05   0.98440
FLUX  656   947.00        3.165707E+14   1.3653E-05   1.3737E-05   0.99384
FLUX  657   949.00        3.159036E+14   1.3642E-05   1.3724E-05   0.99404
FLUX  658   951.00        3.152392E+14   1.3509E-05   1.3711E-05   0.98525
FLUX  659   953.00        3.145776E+14   1.3169E-05   1.3698E-05   0.96140
FLUX  660   955.00        3.139188E+14   1.1856E-05   1.3685E-05   0.86634
FLUX  661   957.00        3.132628E+14   1.3205E-05   1.3672E-05   0.96581
FLUX  662   959.00        3.126095E+14   1.3496E-05   1.3659E-05   0.98805
FLUX  663   961.00        3.119589E+14   1.3437E-05   1.3646E-05   0.98467
FLUX  664   963.00        3.113110E+14   1.3374E-05   1.3633E-05   0.98105
FLUX  665   965.00        3.106658E+14   1.3454E-05   1.3620E-05   0.98782
FLUX  666   967.00        3.100233E+14   1.3368E-05   1.3606E-05   0.98244
FLUX  667   969.00        3.093834E+14   1.3446E-05   1.3593E-05   0.98918
FLUX  668   971.00        3.087461E+14   1.3522E-05   1.3580E-05   0.99576
FLUX  669   973.00        3.081115E+14   1.3516E-05   1.3567E-05   0.99623
FLUX  670   975.00        3.074795E+14   1.3399E-05   1.3554E-05   0.98858
FLUX  671   977.00        3.068501E+14   1.3457E-05   1.3540E-05   0.99385
FLUX  672   979.00        3.062232E+14   1.3439E-05   1.3527E-05   0.99348
FLUX  673   981.00        3.055989E+14   1.3460E-05   1.3514E-05   0.99599
FLUX  674   983.00        3.049771E+14   1.3425E-05   1.3501E-05   0.99440
FLUX  675   985.00        3.043579E+14   1.3403E-05   1.3487E-05   0.99373
FLUX  676   987.00        3.037411E+14   1.3349E-05   1.3474E-05   0.99073
FLUX  677   989.00        3.031269E+14   1.3291E-05   1.3461E-05   0.98740
FLUX  678   991.00        3.025151E+14   1.3266E-05   1.3447E-05   0.98652
FLUX  679   993.00        3.019058E+14   1.3369E-05   1.3434E-05   0.99513
FLUX  680   995.00        3.012990E+14   1.3351E-05   1.3421E-05   0.99481
FLUX  681   997.00        3.006946E+14   1.3328E-05   1.3407E-05   0.99411
FLUX  682   999.00        3.000926E+14   1.3282E-05   1.3394E-05   0.99165
FLUX  683  1002.50        2.990449E+14   1.2846E-05   1.3371E-05   0.96076
FLUX  684  1007.50        2.975608E+14   1.2520E-05   1.3337E-05   0.93873
FLUX  685  1012.50        2.960914E+14   1.3154E-05   1.3304E-05   0.98868
FLUX  686  1017.50        2.946364E+14   1.3102E-05   1.3271E-05   0.98730
FLUX  687  1022.50        2.931956E+14   1.3162E-05   1.3238E-05   0.99427
FLUX  688  1027.50        2.917689E+14   1.3169E-05   1.3205E-05   0.99732
FLUX  689  1032.50        2.903559E+14   1.3062E-05   1.3172E-05   0.99167
FLUX  690  1037.50        2.889566E+14   1.3048E-05   1.3139E-05   0.99313
FLUX  691  1042.50        2.875707E+14   1.3049E-05   1.3106E-05   0.99568
FLUX  692  1047.50        2.861981E+14   1.2881E-05   1.3073E-05   0.98535
FLUX  693  1052.50        2.848385E+14   1.2953E-05   1.3039E-05   0.99336
FLUX  694  1057.50        2.834917E+14   1.2884E-05   1.3006E-05   0.99058
FLUX  695  1062.50        2.821576E+14   1.2838E-05   1.2973E-05   0.98958
FLUX  696  1067.50        2.808361E+14   1.2556E-05   1.2940E-05   0.97030
FLUX  697  1072.50        2.795268E+14   1.2697E-05   1.2907E-05   0.98379
FLUX  698  1077.50        2.782297E+14   1.2669E-05   1.2874E-05   0.98408
FLUX  699  1082.50        2.769446E+14   1.2515E-05   1.2841E-05   0.97459
FLUX  700  1087.50        2.756713E+14   1.2487E-05   1.2808E-05   0.97490
FLUX  701  1092.50        2.744096E+14   1.1623E-05   1.2775E-05   0.90981
FLUX  702  1097.50        2.731595E+14   1.2166E-05   1.2743E-05   0.95475
FLUX  703  1102.50        2.719206E+14   1.2539E-05   1.2710E-05   0.98657
FLUX  704  1107.50        2.706930E+14   1.2615E-05   1.2677E-05   0.99510
FLUX  705  1112.50        2.694764E+14   1.2543E-05   1.2645E-05   0.99195
FLUX  706  1117.50        2.682707E+14   1.2496E-05   1.2612E-05   0.99080
FLUX  707  1122.50        2.670757E+14   1.2518E-05   1.2580E-05   0.99514
FLUX  708  1127.50        2.658914E+14   1.2302E-05   1.2547E-05   0.98046
FLUX  709  1132.50        2.647174E+14   1.2316E-05   1.2515E-05   0.98408
FLUX  710  1137.50        2.635538E+14   1.2349E-05   1.2483E-05   0.98929
FLUX  711  1142.50        2.624004E+14   1.2231E-05   1.2451E-05   0.98233
FLUX  712  1147.50        2.612571E+14   1.2367E-05   1.2418E-05   0.99589
FLUX  713  1152.50        2.601236E+14   1.2336E-05   1.2386E-05   0.99593
FLUX  714  1157.50        2.590000E+14   1.2265E-05   1.2354E-05   0.99282
FLUX  715  1162.50        2.578860E+14   1.2105E-05   1.2322E-05   0.98236
FLUX  716  1167.50        2.567816E+14   1.2055E-05   1.2290E-05   0.98085
FLUX  717  1172.50        2.556866E+14   1.2220E-05   1.2258E-05   0.99686
FLUX  718  1177.50        2.546008E+14   1.1947E-05   1.2227E-05   0.97715
FLUX  719  1182.50        2.535243E+14   1.1980E-05   1.2195E-05   0.98236
FLUX  720  1187.50        2.524568E+14   1.1916E-05   1.2164E-05   0.97967
FLUX  721  1192.50        2.513983E+14   1.2113E-05   1.2132E-05   0.99843
FLUX  722  1197.50        2.503486E+14   1.1806E-05   1.2101E-05   0.97566
FLUX  723  1202.50        2.493077E+14   1.1918E-05   1.2069E-05   0.98749
FLUX  724  1207.50        2.482754E+14   1.1846E-05   1.2038E-05   0.98404
FLUX  725  1212.50        2.472515E+14   1.1877E-05   1.2007E-05   0.98918
FLUX  726  1217.50        2.462361E+14   1.1945E-05   1.1976E-05   0.99741
FLUX  727  1222.50        2.452290E+14   1.1906E-05   1.1945E-05   0.99678
FLUX  728  1227.50        2.442301E+14   1.1819E-05   1.1914E-05   0.99207
FLUX  729  1232.50        2.432394E+14   1.1823E-05   1.1883E-05   0.99491
FLUX  730  1237.50        2.422566E+14   1.1796E-05   1.1852E-05   0.99524
FLUX  731  1242.50        2.412817E+14   1.1764E-05   1.1822E-05   0.99511
FLUX  732  1247.50        2.403146E+14   1.1756E-05   1.1791E-05   0.99698
FLUX  733  1252.50        2.393553E+14   1.1692E-05   1.1761E-05   0.99415
FLUX  734  1257.50        2.384036E+14   1.1628E-05   1.1731E-05   0.99127
FLUX  735  1262.50        2.374594E+14   1.1611E-05   1.1701E-05   0.99230
FLUX  736  1267.50        2.365227E+14   1.1577E-05   1.1671E-05   0.99199
FLUX  737  1272.50        2.355933E+14   1.1547E-05   1.1641E-05   0.99196
FLUX  738  1277.50        2.346712E+14   1.1314E-05   1.1611E-05   0.97443
FLUX  739  1282.50        2.337563E+14   1.0143E-05   1.1581E-05   0.87583
FLUX  740  1287.50        2.328485E+14   1.1287E-05   1.1552E-05   0.97704
FLUX  741  1292.50        2.319478E+14   1.1400E-05   1.1522E-05   0.98942
FLUX  742  1297.50        2.310539E+14   1.1437E-05   1.1493E-05   0.99517
FLUX  743  1302.50        2.301670E+14   1.1387E-05   1.1464E-05   0.99332
FLUX  744  1307.50        2.292868E+14   1.1404E-05   1.1434E-05   0.99737
FLUX  745  1312.50        2.284133E+14   1.1292E-05   1.1405E-05   0.99004
FLUX  746  1317.50        2.275465E+14   1.1246E-05   1.1376E-05   0.98859
FLUX  747  1322.50        2.266862E+14   1.1316E-05   1.1347E-05   0.99723
FLUX  748  1327.50        2.258324E+14   1.1230E-05   1.1318E-05   0.99226
FLUX  749  1332.50        2.249850E+14   1.1232E-05   1.1289E-05   0.99494
FLUX  750  1337.50        2.241439E+14   1.1194E-05   1.1260E-05   0.99415
FLUX  751  1342.50        2.233091E+14   1.1198E-05   1.1231E-05   0.99703
FLUX  752  1347.50        2.224805E+14   1.1164E-05   1.1203E-05   0.99653
FLUX  753  1352.50        2.216580E+14   1.1121E-05   1.1174E-05   0.99521
FLUX  754  1357.50        2.208416E+14   1.1035E-05   1.1146E-05   0.99011
FLUX  755  1362.50        2.200312E+14   1.1060E-05   1.1117E-05   0.99486
FLUX  756  1367.50        2.192267E+14   1.1011E-05   1.1088E-05   0.99302
FLUX  757  1372.50        2.184281E+14   1.0925E-05   1.1060E-05   0.98782
FLUX  758  1377.50        2.176352E+14   1.0940E-05   1.1031E-05   0.99168
FLUX  759  1382.50        2.168481E+14   1.0924E-05   1.1003E-05   0.99282
FLUX  760  1387.50        2.160667E+14   1.0943E-05   1.0975E-05   0.99711
FLUX  761  1392.50        2.152908E+14   1.0875E-05   1.0946E-05   0.99348
FLUX  762  1397.50        2.145206E+14   1.0849E-05   1.0918E-05   0.99369
FLUX  763  1402.50        2.137558E+14   1.0797E-05   1.0889E-05   0.99151
FLUX  764  1407.50        2.129964E+14   1.0810E-05   1.0861E-05   0.99535
FLUX  765  1412.50        2.122425E+14   1.0716E-05   1.0833E-05   0.98921
FLUX  766  1417.50        2.114938E+14   1.0759E-05   1.0804E-05   0.99578
FLUX  767  1422.50        2.107504E+14   1.0637E-05   1.0776E-05   0.98708
FLUX  768  1427.50        2.100123E+14   1.0550E-05   1.0748E-05   0.98165
FLUX  769  1432.50        2.092792E+14   1.0649E-05   1.0719E-05   0.99348
FLUX  770  1437.50        2.085513E+14   1.0658E-05   1.0691E-05   0.99699
FLUX  771  1442.50        2.078284E+14   1.0332E-05   1.0662E-05   0.96902
FLUX  772  1447.50        2.071105E+14   1.0574E-05   1.0633E-05   0.99444
FLUX  773  1452.50        2.063976E+14   1.0390E-05   1.0605E-05   0.97969
FLUX  774  1457.00        2.057601E+14   1.0475E-05   1.0579E-05   0.99018
FLUX  775  1462.00        2.050564E+14   1.0434E-05   1.0686E-05   0.97640
FLUX  776  1467.50        2.042879E+14   1.0434E-05   1.0656E-05   0.97919
FLUX  777  1472.50        2.035942E+14   1.0318E-05   1.0628E-05   0.97077
FLUX  778  1477.50        2.029052E+14   1.0284E-05   1.0600E-05   0.97016
FLUX  779  1482.50        2.022209E+14   1.0304E-05   1.0572E-05   0.97465
FLUX  780  1487.50        2.015412E+14   1.0101E-05   1.0544E-05   0.95796
FLUX  781  1492.50        2.008660E+14   1.0332E-05   1.0516E-05   0.98256
FLUX  782  1497.50        2.001953E+14   1.0236E-05   1.0487E-05   0.97605
FLUX  783  1502.50        1.995291E+14   1.0037E-05   1.0458E-05   0.95974
FLUX  784  1507.50        1.988673E+14   1.0053E-05   1.0430E-05   0.96393
FLUX  785  1512.50        1.982099E+14   1.0180E-05   1.0401E-05   0.97880
FLUX  786  1517.50        1.975568E+14   1.0175E-05   1.0371E-05   0.98110
FLUX  787  1522.50        1.969080E+14   1.0066E-05   1.0342E-05   0.97329
FLUX  788  1527.50        1.962635E+14   1.0096E-05   1.0312E-05   0.97899
FLUX  789  1532.50        1.956232E+14   1.0046E-05   1.0282E-05   0.97701
FLUX  790  1537.50        1.949870E+14   1.0014E-05   1.0252E-05   0.97676
FLUX  791  1542.50        1.943549E+14   9.9557E-06   1.0222E-05   0.97398
FLUX  792  1547.50        1.937270E+14   9.9510E-06   1.0191E-05   0.97645
FLUX  793  1552.50        1.931031E+14   9.9063E-06   1.0160E-05   0.97503
FLUX  794  1557.50        1.924831E+14   9.8556E-06   1.0129E-05   0.97304
FLUX  795  1562.50        1.918672E+14   9.8972E-06   1.0097E-05   0.98021
FLUX  796  1567.50        1.912552E+14   9.7661E-06   1.0065E-05   0.97031
FLUX  797  1572.50        1.906471E+14   9.7457E-06   1.0033E-05   0.97141
FLUX  798  1577.50        1.900428E+14   9.5447E-06   9.9999E-06   0.95449
FLUX  799  1582.50        1.894423E+14   9.6629E-06   9.9667E-06   0.96952
FLUX  800  1587.50        1.888457E+14   9.4018E-06   9.9330E-06   0.94652
FLUX  801  1592.50        1.882527E+14   9.5847E-06   9.8988E-06   0.96826
FLUX  802  1597.50        1.876635E+14   9.5897E-06   9.8643E-06   0.97216
FLUX  803  1605.00        1.867866E+14   9.5103E-06   9.8113E-06   0.96933
FLUX  804  1615.00        1.856300E+14   9.3634E-06   9.7384E-06   0.96149
FLUX  805  1625.00        1.844877E+14   9.4743E-06   9.6623E-06   0.98055
FLUX  806  1635.00        1.833593E+14   9.2525E-06   9.5813E-06   0.96569
FLUX  807  1645.00        1.822447E+14   9.0474E-06   9.4936E-06   0.95300
FLUX  808  1655.00        1.811435E+14   9.2583E-06   9.4018E-06   0.98474
FLUX  809  1665.00        1.800556E+14   9.1880E-06   9.3113E-06   0.98676
FLUX  810  1675.00        1.789806E+14   8.8752E-06   9.2220E-06   0.96240
FLUX  811  1685.00        1.779184E+14   8.6031E-06   9.1340E-06   0.94188
FLUX  812  1695.00        1.768687E+14   8.9576E-06   9.0471E-06   0.99010
FLUX  813  1705.00        1.758314E+14   8.8387E-06   8.9615E-06   0.98630
FLUX  814  1715.00        1.748061E+14   8.7674E-06   8.8771E-06   0.98765
FLUX  815  1725.00        1.737928E+14   8.5795E-06   8.7937E-06   0.97564
FLUX  816  1735.00        1.727911E+14   7.9793E-06   8.7114E-06   0.91596
FLUX  817  1745.00        1.718009E+14   8.3411E-06   8.6303E-06   0.96649
FLUX  818  1755.00        1.708219E+14   8.4338E-06   8.5502E-06   0.98638
FLUX  819  1765.00        1.698541E+14   8.3638E-06   8.4712E-06   0.98732
FLUX  820  1775.00        1.688972E+14   8.3130E-06   8.3932E-06   0.99044
FLUX  821  1785.00        1.679510E+14   8.2506E-06   8.3162E-06   0.99211
FLUX  822  1795.00        1.670153E+14   8.1884E-06   8.2402E-06   0.99372
FLUX  823  1805.00        1.660900E+14   8.0361E-06   8.1652E-06   0.98418
FLUX  824  1815.00        1.651749E+14   7.4432E-06   8.0912E-06   0.91991
FLUX  825  1825.00        1.642699E+14   7.7297E-06   8.0182E-06   0.96401
FLUX  826  1835.00        1.633747E+14   7.8477E-06   7.9461E-06   0.98762
FLUX  827  1845.00        1.624892E+14   7.7602E-06   7.8749E-06   0.98543
FLUX  828  1855.00        1.616132E+14   7.7117E-06   7.8046E-06   0.98810
FLUX  829  1865.00        1.607466E+14   7.5614E-06   7.7352E-06   0.97753
FLUX  830  1875.00        1.598893E+14   6.8452E-06   7.6667E-06   0.89285
FLUX  831  1885.00        1.590411E+14   7.4071E-06   7.5990E-06   0.97474
FLUX  832  1895.00        1.582018E+14   7.3291E-06   7.5323E-06   0.97303
FLUX  833  1905.00        1.573714E+14   7.4124E-06   7.4663E-06   0.99277
FLUX  834  1915.00        1.565496E+14   7.3330E-06   7.4012E-06   0.99078
FLUX  835  1925.00        1.557364E+14   7.2602E-06   7.3369E-06   0.98955
FLUX  836  1935.00        1.549315E+14   7.1032E-06   7.2734E-06   0.97660
FLUX  837  1945.00        1.541350E+14   6.5133E-06   7.2107E-06   0.90329
FLUX  838  1955.00        1.533465E+14   7.0034E-06   7.1488E-06   0.97966
FLUX  839  1965.00        1.525662E+14   7.0099E-06   7.0877E-06   0.98903
FLUX  840  1975.00        1.517937E+14   6.9426E-06   7.0273E-06   0.98795
FLUX  841  1985.00        1.510290E+14   6.9214E-06   6.9677E-06   0.99335
FLUX  842  1995.00        1.502719E+14   6.8610E-06   6.9088E-06   0.99308
FLUX  843  2005.00        1.495224E+14   6.8221E-06   6.8506E-06   0.99584
FLUX  844  2015.00        1.487804E+14   6.7833E-06   6.7932E-06   0.99855
FLUX  845  2025.00        1.480457E+14   6.6947E-06   6.7365E-06   0.99379
FLUX  846  2035.00        1.473182E+14   6.6070E-06   6.6805E-06   0.98900
FLUX  847  2045.00        1.465978E+14   6.6147E-06   6.6251E-06   0.99843
FLUX  848  2055.00        1.458844E+14   6.5510E-06   6.5704E-06   0.99705
FLUX  849  2065.00        1.451780E+14   6.4644E-06   6.5163E-06   0.99203
FLUX  850  2075.00        1.444783E+14   6.4332E-06   6.4629E-06   0.99541
FLUX  851  2085.00        1.437854E+14   6.3836E-06   6.4101E-06   0.99587
FLUX  852  2095.00        1.430990E+14   6.3047E-06   6.3580E-06   0.99163
FLUX  853  2105.00        1.424192E+14   6.2836E-06   6.3064E-06   0.99638
FLUX  854  2115.00        1.417459E+14   6.2181E-06   6.2555E-06   0.99402
FLUX  855  2125.00        1.410788E+14   6.1642E-06   6.2052E-06   0.99338
FLUX  856  2135.00        1.404180E+14   6.1227E-06   6.1555E-06   0.99466
FLUX  857  2145.00        1.397634E+14   6.0789E-06   6.1064E-06   0.99550
FLUX  858  2155.00        1.391148E+14   5.9780E-06   6.0579E-06   0.98681
FLUX  859  2165.00        1.384723E+14   5.4696E-06   6.0099E-06   0.91010
FLUX  860  2175.00        1.378356E+14   5.8218E-06   5.9625E-06   0.97640
FLUX  861  2185.00        1.372048E+14   5.8545E-06   5.9156E-06   0.98967
FLUX  862  2195.00        1.365797E+14   5.8598E-06   5.8693E-06   0.99839
FLUX  863  2205.00        1.359603E+14   5.7735E-06   5.8234E-06   0.99144
FLUX  864  2215.00        1.353465E+14   5.7558E-06   5.7781E-06   0.99615
FLUX  865  2225.00        1.347382E+14   5.7214E-06   5.7333E-06   0.99792
FLUX  866  2235.00        1.341353E+14   5.6773E-06   5.6890E-06   0.99794
FLUX  867  2245.00        1.335379E+14   5.6327E-06   5.6452E-06   0.99778
FLUX  868  2255.00        1.329457E+14   5.5636E-06   5.6020E-06   0.99316
FLUX  869  2265.00        1.323587E+14   5.5348E-06   5.5592E-06   0.99563
FLUX  870  2275.00        1.317769E+14   5.5032E-06   5.5169E-06   0.99752
FLUX  871  2285.00        1.312002E+14   5.4409E-06   5.4982E-06   0.98958
FLUX  872  2295.00        1.306285E+14   5.4123E-06   5.4565E-06   0.99191
FLUX  873  2305.00        1.300618E+14   5.3871E-06   5.4153E-06   0.99480
FLUX  874  2315.00        1.295000E+14   5.3372E-06   5.3745E-06   0.99305
FLUX  875  2325.00        1.289430E+14   5.3051E-06   5.3343E-06   0.99454
FLUX  876  2335.00        1.283908E+14   5.2546E-06   5.2944E-06   0.99248
FLUX  877  2345.00        1.278433E+14   5.2298E-06   5.2550E-06   0.99521
FLUX  878  2355.00        1.273004E+14   5.1867E-06   5.2161E-06   0.99438
FLUX  879  2365.00        1.267622E+14   5.1550E-06   5.1775E-06   0.99565
FLUX  880  2375.00        1.262284E+14   5.0934E-06   5.1394E-06   0.99105
FLUX  881  2385.00        1.256992E+14   5.0573E-06   5.1017E-06   0.99130
FLUX  882  2395.00        1.251743E+14   5.0390E-06   5.0644E-06   0.99500
FLUX  883  2405.00        1.246538E+14   4.9966E-06   5.0275E-06   0.99386
FLUX  884  2415.00        1.241377E+14   4.9502E-06   4.9910E-06   0.99184
FLUX  885  2425.00        1.236258E+14   4.9251E-06   4.9549E-06   0.99399
FLUX  886  2435.00        1.231181E+14   4.8810E-06   4.9191E-06   0.99225
FLUX  887  2445.00        1.226145E+14   4.8565E-06   4.8838E-06   0.99442
FLUX  888  2455.00        1.221151E+14   4.7926E-06   4.8488E-06   0.98842
FLUX  889  2465.00        1.216197E+14   4.7857E-06   4.8142E-06   0.99409
FLUX  890  2475.00        1.211283E+14   4.7420E-06   4.7799E-06   0.99207
FLUX  891  2485.00        1.206408E+14   4.6830E-06   4.7461E-06   0.98672
FLUX  892  2495.00        1.201573E+14   4.6778E-06   4.7125E-06   0.99264
FLUX  893  2505.00        1.196776E+14   4.6513E-06   4.6794E-06   0.99399
FLUX  894  2515.00        1.192018E+14   4.6182E-06   4.6465E-06   0.99390
FLUX  895  2525.00        1.187297E+14   4.5892E-06   4.6141E-06   0.99461
FLUX  896  2535.00        1.182613E+14   4.5545E-06   4.5819E-06   0.99402
FLUX  897  2545.00        1.177967E+14   4.5129E-06   4.5501E-06   0.99182
FLUX  898  2555.00        1.173356E+14   4.4796E-06   4.5186E-06   0.99136
FLUX  899  2565.00        1.168782E+14   4.4379E-06   4.4875E-06   0.98896
FLUX  900  2575.00        1.164243E+14   4.4320E-06   4.4566E-06   0.99448
FLUX  901  2585.00        1.159739E+14   4.3736E-06   4.4261E-06   0.98814
FLUX  902  2595.00        1.155270E+14   4.3671E-06   4.3959E-06   0.99346
FLUX  903  2605.00        1.150835E+14   4.3278E-06   4.3660E-06   0.99126
FLUX  904  2615.00        1.146434E+14   4.2510E-06   4.3364E-06   0.98032
FLUX  905  2625.00        1.142067E+14   3.9526E-06   4.3070E-06   0.91771
FLUX  906  2635.00        1.137732E+14   4.1909E-06   4.2780E-06   0.97964
FLUX  907  2645.00        1.133431E+14   4.2019E-06   4.2493E-06   0.98886
FLUX  908  2655.00        1.129162E+14   4.1853E-06   4.2208E-06   0.99158
FLUX  909  2665.00        1.124925E+14   4.1359E-06   4.1926E-06   0.98647
FLUX  910  2675.00        1.120720E+14   4.1017E-06   4.1647E-06   0.98487
FLUX  911  2685.00        1.116546E+14   4.1124E-06   4.1371E-06   0.99402
FLUX  912  2695.00        1.112403E+14   4.0988E-06   4.1098E-06   0.99732
FLUX  913  2705.00        1.108290E+14   4.0742E-06   4.0827E-06   0.99792
FLUX  914  2715.00        1.104208E+14   4.0456E-06   4.0559E-06   0.99747
FLUX  915  2725.00        1.100156E+14   4.0200E-06   4.0293E-06   0.99769
FLUX  916  2735.00        1.096133E+14   3.9923E-06   4.0030E-06   0.99733
FLUX  917  2745.00        1.092140E+14   3.9596E-06   3.9770E-06   0.99562
FLUX  918  2755.00        1.088176E+14   3.8706E-06   3.9512E-06   0.97961
FLUX  919  2765.00        1.084241E+14   3.8740E-06   3.9256E-06   0.98683
FLUX  920  2775.00        1.080333E+14   3.8831E-06   3.9003E-06   0.99557
FLUX  921  2785.00        1.076454E+14   3.8666E-06   3.8753E-06   0.99775
FLUX  922  2795.00        1.072603E+14   3.8479E-06   3.8505E-06   0.99933
FLUX  923  2805.00        1.068779E+14   3.8222E-06   3.8259E-06   0.99904
FLUX  924  2815.00        1.064982E+14   3.7991E-06   3.8015E-06   0.99937
FLUX  925  2825.00        1.061212E+14   3.7739E-06   3.7774E-06   0.99907
FLUX  926  2835.00        1.057469E+14   3.7530E-06   3.7535E-06   0.99986
FLUX  927  2845.00        1.053752E+14   3.7182E-06   3.7299E-06   0.99689
FLUX  928  2855.00        1.050061E+14   3.6939E-06   3.7064E-06   0.99661
FLUX  929  2865.00        1.046396E+14   3.6400E-06   3.6832E-06   0.98826
FLUX  930  2875.00        1.042757E+14   3.5501E-06   3.6602E-06   0.96992
FLUX  931  2885.00        1.039142E+14   3.6116E-06   3.6374E-06   0.99289
FLUX  932  2895.00        1.035553E+14   3.6073E-06   3.6148E-06   0.99793
FLUX  933  2905.00        1.031988E+14   3.5887E-06   3.5925E-06   0.99895
FLUX  934  2915.00        1.028448E+14   3.5642E-06   3.5703E-06   0.99830
FLUX  935  2925.00        1.024932E+14   3.5374E-06   3.5483E-06   0.99693
FLUX  936  2935.00        1.021440E+14   3.5239E-06   3.5266E-06   0.99925
FLUX  937  2945.00        1.017971E+14   3.4989E-06   3.5050E-06   0.99824
FLUX  938  2955.00        1.014526E+14   3.4811E-06   3.4837E-06   0.99928
FLUX  939  2965.00        1.011105E+14   3.4605E-06   3.4625E-06   0.99944
FLUX  940  2975.00        1.007706E+14   3.4389E-06   3.4415E-06   0.99923
FLUX  941  2985.00        1.004330E+14   3.4192E-06   3.4207E-06   0.99955
FLUX  942  2995.00        1.000977E+14   3.3938E-06   3.4001E-06   0.99815
FLUX  943  3005.00        9.976456E+13   3.3736E-06   3.3797E-06   0.99821
FLUX  944  3015.00        9.943367E+13   3.3532E-06   3.3594E-06   0.99813
FLUX  945  3025.00        9.910496E+13   3.3203E-06   3.3394E-06   0.99427
FLUX  946  3035.00        9.877842E+13   3.2119E-06   3.3195E-06   0.96758
FLUX  947  3045.00        9.845402E+13   3.2314E-06   3.2998E-06   0.97929
FLUX  948  3055.00        9.813175E+13   3.2648E-06   3.2802E-06   0.99529
FLUX  949  3065.00        9.781158E+13   3.2516E-06   3.2608E-06   0.99718
FLUX  950  3075.00        9.749350E+13   3.2395E-06   3.2416E-06   0.99935
FLUX  951  3085.00        9.717747E+13   3.2135E-06   3.2226E-06   0.99720
FLUX  952  3095.00        9.686349E+13   3.1967E-06   3.2037E-06   0.99782
FLUX  953  3105.00        9.655153E+13   3.1808E-06   3.1850E-06   0.99868
FLUX  954  3115.00        9.624157E+13   3.1431E-06   3.1664E-06   0.99265
FLUX  955  3125.00        9.593360E+13   3.1419E-06   3.1480E-06   0.99805
FLUX  956  3135.00        9.562759E+13   3.1255E-06   3.1298E-06   0.99863
FLUX  957  3145.00        9.532353E+13   3.1072E-06   3.1117E-06   0.99857
FLUX  958  3155.00        9.502139E+13   3.0831E-06   3.0938E-06   0.99656
FLUX  959  3165.00        9.472117E+13   3.0728E-06   3.0760E-06   0.99894
FLUX  960  3175.00        9.442283E+13   3.0517E-06   3.0584E-06   0.99781
FLUX  961  3185.00        9.412637E+13   3.0378E-06   3.0409E-06   0.99897
FLUX  962  3195.00        9.383177E+13   3.0226E-06   3.0236E-06   0.99965
FLUX  963  3210.00        9.339330E+13   2.9927E-06   2.9979E-06   0.99827
FLUX  964  3230.00        9.281502E+13   2.9619E-06   2.9642E-06   0.99923
FLUX  965  3250.00        9.224385E+13   2.9272E-06   2.9310E-06   0.99873
FLUX  966  3270.00        9.167966E+13   2.8914E-06   2.8983E-06   0.99763
FLUX  967  3290.00        9.112234E+13   2.7793E-06   2.8693E-06   0.96861
FLUX  968  3310.00        9.057175E+13   2.8039E-06   2.8377E-06   0.98809
FLUX  969  3330.00        9.002778E+13   2.7904E-06   2.8066E-06   0.99425
FLUX  970  3350.00        8.949030E+13   2.7686E-06   2.7759E-06   0.99737
FLUX  971  3370.00        8.895920E+13   2.7335E-06   2.7458E-06   0.99550
FLUX  972  3390.00        8.843437E+13   2.7038E-06   2.7162E-06   0.99545
FLUX  973  3410.00        8.791569E+13   2.6729E-06   2.6870E-06   0.99476
FLUX  974  3430.00        8.740306E+13   2.6518E-06   2.6583E-06   0.99753
FLUX  975  3450.00        8.689638E+13   2.6277E-06   2.6301E-06   0.99910
FLUX  976  3470.00        8.639553E+13   2.5981E-06   2.6023E-06   0.99839
FLUX  977  3490.00        8.590043E+13   2.5715E-06   2.5750E-06   0.99865
FLUX  978  3510.00        8.541097E+13   2.5454E-06   2.5480E-06   0.99896
FLUX  979  3530.00        8.492705E+13   2.5168E-06   2.5215E-06   0.99813
FLUX  980  3550.00        8.444859E+13   2.4924E-06   2.4955E-06   0.99876
FLUX  981  3570.00        8.397549E+13   2.4648E-06   2.4698E-06   0.99798
FLUX  982  3590.00        8.350766E+13   2.4393E-06   2.4445E-06   0.99790
FLUX  983  3610.00        8.304501E+13   2.4176E-06   2.4196E-06   0.99918
FLUX  984  3630.00        8.258747E+13   2.3932E-06   2.3950E-06   0.99924
FLUX  985  3650.00        8.213493E+13   2.3628E-06   2.3709E-06   0.99660
FLUX  986  3670.00        8.168733E+13   2.3384E-06   2.3471E-06   0.99632
FLUX  987  3690.00        8.124458E+13   2.3069E-06   2.3236E-06   0.99281
FLUX  988  3710.00        8.080660E+13   2.2844E-06   2.3006E-06   0.99299
FLUX  989  3730.00        8.037332E+13   2.2373E-06   2.2778E-06   0.98221
FLUX  990  3750.00        7.994467E+13   2.1929E-06   2.2554E-06   0.97229
FLUX  991  3770.00        7.952056E+13   2.2227E-06   2.2333E-06   0.99524
FLUX  992  3790.00        7.910092E+13   2.2029E-06   2.2116E-06   0.99610
FLUX  993  3810.00        7.868570E+13   2.1818E-06   2.1901E-06   0.99620
FLUX  994  3830.00        7.827480E+13   2.1643E-06   2.1690E-06   0.99783
FLUX  995  3850.00        7.786818E+13   2.1457E-06   2.1481E-06   0.99884
FLUX  996  3870.00        7.746576E+13   2.1215E-06   2.1276E-06   0.99713
FLUX  997  3890.00        7.706748E+13   2.1005E-06   2.1074E-06   0.99675
FLUX  998  3910.00        7.667327E+13   2.0816E-06   2.0874E-06   0.99720
FLUX  999  3930.00        7.628308E+13   2.0648E-06   2.0677E-06   0.99861
FLUX 1000  3950.00        7.589684E+13   2.0419E-06   2.0483E-06   0.99687
FLUX 1001  3970.00        7.551448E+13   2.0268E-06   2.0292E-06   0.99880
FLUX 1002  3990.00        7.513596E+13   2.0000E-06   2.0103E-06   0.99483
FLUX 1003  4010.00        7.476122E+13   1.9806E-06   1.9918E-06   0.99442
FLUX 1004  4030.00        7.439020E+13   1.9640E-06   1.9734E-06   0.99523
FLUX 1005  4050.00        7.402284E+13   1.8966E-06   1.9553E-06   0.96996
FLUX 1006  4070.00        7.365909E+13   1.9290E-06   1.9375E-06   0.99560
FLUX 1007  4090.00        7.329890E+13   1.9144E-06   1.9199E-06   0.99715
FLUX 1008  4110.00        7.294221E+13   1.9001E-06   1.9025E-06   0.99873
FLUX 1009  4130.00        7.258898E+13   1.8842E-06   1.8854E-06   0.99937
FLUX 1010  4150.00        7.223916E+13   1.8632E-06   1.8685E-06   0.99718
FLUX 1011  4170.00        7.189269E+13   1.8405E-06   1.8519E-06   0.99387
FLUX 1012  4190.00        7.154952E+13   1.8309E-06   1.8354E-06   0.99755
FLUX 1013  4210.00        7.120962E+13   1.8099E-06   1.8192E-06   0.99491
FLUX 1014  4230.00        7.087293E+13   1.8030E-06   1.8032E-06   0.99989
FLUX 1015  4250.00        7.053941E+13   1.7852E-06   1.7874E-06   0.99877
FLUX 1016  4270.00        7.020902E+13   1.7713E-06   1.7718E-06   0.99971
FLUX 1017  4290.00        6.988170E+13   1.7549E-06   1.7564E-06   0.99917
FLUX 1018  4310.00        6.955742E+13   1.7386E-06   1.7412E-06   0.99854
FLUX 1019  4330.00        6.923614E+13   1.7220E-06   1.7262E-06   0.99755
FLUX 1020  4350.00        6.891782E+13   1.7053E-06   1.7114E-06   0.99642
FLUX 1021  4370.00        6.860240E+13   1.6773E-06   1.6968E-06   0.98853
FLUX 1022  4390.00        6.828986E+13   1.6724E-06   1.6823E-06   0.99409
FLUX 1023  4410.00        6.798016E+13   1.6576E-06   1.6681E-06   0.99368
FLUX 1024  4430.00        6.767325E+13   1.6463E-06   1.6540E-06   0.99535
FLUX 1025  4450.00        6.736910E+13   1.6332E-06   1.6401E-06   0.99577
FLUX 1026  4470.00        6.706767E+13   1.6195E-06   1.6270E-06   0.99542
FLUX 1027  4490.00        6.676893E+13   1.6069E-06   1.6134E-06   0.99597
FLUX 1028  4510.00        6.647284E+13   1.5933E-06   1.6000E-06   0.99577
FLUX 1029  4530.00        6.617936E+13   1.5796E-06   1.5868E-06   0.99547
FLUX 1030  4550.00        6.588846E+13   1.5673E-06   1.5738E-06   0.99590
FLUX 1031  4570.00        6.560011E+13   1.5542E-06   1.5609E-06   0.99576
FLUX 1032  4590.00        6.531427E+13   1.5408E-06   1.5481E-06   0.99528
FLUX 1033  4610.00        6.503091E+13   1.5298E-06   1.5355E-06   0.99627
FLUX 1034  4630.00        6.475000E+13   1.5162E-06   1.5231E-06   0.99550
FLUX 1035  4650.00        6.447151E+13   1.4628E-06   1.5108E-06   0.96821
FLUX 1036  4670.00        6.419540E+13   1.4736E-06   1.4987E-06   0.98326
FLUX 1037  4690.00        6.392164E+13   1.4795E-06   1.4867E-06   0.99519
FLUX 1038  4710.00        6.365021E+13   1.4703E-06   1.4748E-06   0.99693
FLUX 1039  4730.00        6.338108E+13   1.4597E-06   1.4631E-06   0.99766
FLUX 1040  4750.00        6.311421E+13   1.4478E-06   1.4516E-06   0.99742
FLUX 1041  4770.00        6.284958E+13   1.4365E-06   1.4401E-06   0.99750
FLUX 1042  4790.00        6.258716E+13   1.4258E-06   1.4288E-06   0.99790
FLUX 1043  4810.00        6.232692E+13   1.4142E-06   1.4177E-06   0.99755
FLUX 1044  4830.00        6.206884E+13   1.4038E-06   1.4066E-06   0.99796
FLUX 1045  4850.00        6.181289E+13   1.3924E-06   1.3957E-06   0.99763
FLUX 1046  4870.00        6.155903E+13   1.3817E-06   1.3849E-06   0.99769
FLUX 1047  4890.00        6.130726E+13   1.3713E-06   1.3743E-06   0.99783
FLUX 1048  4910.00        6.105754E+13   1.3606E-06   1.3638E-06   0.99768
FLUX 1049  4930.00        6.080984E+13   1.3504E-06   1.3533E-06   0.99780
FLUX 1050  4950.00        6.056414E+13   1.3394E-06   1.3430E-06   0.99732
FLUX 1051  4970.00        6.032042E+13   1.3295E-06   1.3329E-06   0.99748
FLUX 1052  4990.00        6.007866E+13   1.3205E-06   1.3228E-06   0.99823
FLUX 1053  5010.00        5.983882E+13   1.3097E-06   1.3129E-06   0.99756
FLUX 1054  5030.00        5.960089E+13   1.3005E-06   1.3030E-06   0.99805
FLUX 1055  5050.00        5.936485E+13   1.2902E-06   1.2933E-06   0.99762
FLUX 1056  5070.00        5.913067E+13   1.2810E-06   1.2837E-06   0.99791
FLUX 1057  5090.00        5.889833E+13   1.2712E-06   1.2742E-06   0.99770
FLUX 1058  5110.00        5.866781E+13   1.2590E-06   1.2648E-06   0.99545
FLUX 1059  5130.00        5.843908E+13   1.2344E-06   1.2555E-06   0.98325
FLUX 1060  5150.00        5.821214E+13   1.2425E-06   1.2463E-06   0.99700
FLUX 1061  5170.00        5.798694E+13   1.2349E-06   1.2372E-06   0.99819
FLUX 1062  5190.00        5.776349E+13   1.2260E-06   1.2282E-06   0.99822
FLUX 1063  5210.00        5.754175E+13   1.2163E-06   1.2193E-06   0.99754
FLUX 1064  5230.00        5.732170E+13   1.2077E-06   1.2105E-06   0.99769
FLUX 1065  5250.00        5.710333E+13   1.1999E-06   1.2018E-06   0.99845
FLUX 1066  5270.00        5.688662E+13   1.1914E-06   1.1931E-06   0.99853
FLUX 1067  5290.00        5.667155E+13   1.1826E-06   1.1846E-06   0.99827
FLUX 1068  5310.00        5.645810E+13   1.1744E-06   1.1762E-06   0.99845
FLUX 1069  5330.00        5.624625E+13   1.1660E-06   1.1678E-06   0.99845
FLUX 1070  5350.00        5.603598E+13   1.1578E-06   1.1596E-06   0.99843
FLUX 1071  5370.00        5.582728E+13   1.1485E-06   1.1514E-06   0.99750
FLUX 1072  5390.00        5.562013E+13   1.1413E-06   1.1433E-06   0.99822
FLUX 1073  5410.00        5.541451E+13   1.1340E-06   1.1353E-06   0.99881
FLUX 1074  5430.00        5.521041E+13   1.1248E-06   1.1274E-06   0.99771
FLUX 1075  5450.00        5.500780E+13   1.1182E-06   1.1196E-06   0.99874
FLUX 1076  5470.00        5.480667E+13   1.1089E-06   1.1118E-06   0.99733
FLUX 1077  5490.00        5.460701E+13   1.1024E-06   1.1042E-06   0.99840
FLUX 1078  5510.00        5.440880E+13   1.0953E-06   1.0966E-06   0.99886
FLUX 1079  5530.00        5.421203E+13   1.0875E-06   1.0891E-06   0.99856
FLUX 1080  5550.00        5.401667E+13   1.0804E-06   1.0816E-06   0.99890
FLUX 1081  5570.00        5.382271E+13   1.0733E-06   1.0743E-06   0.99911
FLUX 1082  5590.00        5.363014E+13   1.0640E-06   1.0670E-06   0.99719
FLUX 1083  5610.00        5.343895E+13   1.0587E-06   1.0598E-06   0.99901
FLUX 1084  5630.00        5.324911E+13   1.0512E-06   1.0526E-06   0.99863
FLUX 1085  5650.00        5.306062E+13   1.0449E-06   1.0456E-06   0.99936
FLUX 1086  5670.00        5.287346E+13   1.0379E-06   1.0386E-06   0.99931
FLUX 1087  5690.00        5.268761E+13   1.0303E-06   1.0316E-06   0.99872
FLUX 1088  5710.00        5.250306E+13   1.0236E-06   1.0248E-06   0.99882
FLUX 1089  5730.00        5.231981E+13   1.0173E-06   1.0180E-06   0.99935
FLUX 1090  5750.00        5.213783E+13   1.0106E-06   1.0113E-06   0.99936
FLUX 1091  5770.00        5.195711E+13   1.0038E-06   1.0046E-06   0.99916
FLUX 1092  5790.00        5.177763E+13   9.9716E-07   9.9803E-07   0.99912
FLUX 1093  5810.00        5.159940E+13   9.9078E-07   9.9151E-07   0.99926
FLUX 1094  5830.00        5.142238E+13   9.8465E-07   9.8505E-07   0.99960
FLUX 1095  5850.00        5.124658E+13   9.7827E-07   9.7877E-07   0.99949
FLUX 1096  5870.00        5.107198E+13   9.7159E-07   9.7243E-07   0.99914
FLUX 1097  5890.00        5.089856E+13   9.6260E-07   9.6616E-07   0.99631
FLUX 1098  5910.00        5.072631E+13   9.4277E-07   9.5994E-07   0.98212
FLUX 1099  5930.00        5.055523E+13   9.5235E-07   9.5379E-07   0.99849
FLUX 1100  5950.00        5.038529E+13   9.4339E-07   9.4769E-07   0.99547
FLUX 1101  5970.00        5.021650E+13   9.4056E-07   9.4165E-07   0.99884
FLUX 1102  5990.00        5.004883E+13   9.3509E-07   9.3567E-07   0.99938
FLUX 1103  6010.00        4.988228E+13   9.2863E-07   9.2974E-07   0.99880
FLUX 1104  6030.00        4.971683E+13   9.2356E-07   9.2388E-07   0.99966
FLUX 1105  6050.00        4.955248E+13   9.1783E-07   9.1806E-07   0.99975
FLUX 1106  6070.00        4.938921E+13   9.1167E-07   9.1230E-07   0.99930
FLUX 1107  6090.00        4.922701E+13   9.0552E-07   9.0660E-07   0.99881
FLUX 1108  6110.00        4.906588E+13   8.9886E-07   9.0095E-07   0.99768
FLUX 1109  6130.00        4.890579E+13   8.9475E-07   8.9535E-07   0.99933
FLUX 1110  6150.00        4.874675E+13   8.8960E-07   8.8980E-07   0.99978
FLUX 1111  6170.00        4.858874E+13   8.8403E-07   8.8430E-07   0.99969
FLUX 1112  6190.00        4.843174E+13   8.7847E-07   8.7886E-07   0.99956
FLUX 1113  6210.00        4.827576E+13   8.7324E-07   8.7346E-07   0.99974
FLUX 1114  6230.00        4.812079E+13   8.6613E-07   8.6812E-07   0.99771
FLUX 1115  6250.00        4.796680E+13   8.6188E-07   8.6282E-07   0.99891
FLUX 1116  6270.00        4.781380E+13   8.5659E-07   8.5757E-07   0.99886
FLUX 1117  6290.00        4.766176E+13   8.4922E-07   8.5237E-07   0.99630
FLUX 1118  6310.00        4.751070E+13   8.4556E-07   8.4722E-07   0.99804
FLUX 1119  6330.00        4.736058E+13   8.4193E-07   8.4211E-07   0.99979
FLUX 1120  6350.00        4.721142E+13   8.3682E-07   8.3705E-07   0.99973
FLUX 1121  6370.00        4.706319E+13   8.3157E-07   8.3203E-07   0.99944
FLUX 1122  6390.00        4.691588E+13   8.2670E-07   8.2706E-07   0.99957
FLUX 1123  6420.00        4.669665E+13   8.1957E-07   8.1969E-07   0.99985
FLUX 1124  6460.00        4.640751E+13   8.0941E-07   8.1001E-07   0.99926
FLUX 1125  6500.00        4.612192E+13   7.9977E-07   8.0050E-07   0.99908
FLUX 1126  6540.00        4.583983E+13   7.9107E-07   7.9116E-07   0.99988
FLUX 1127  6580.00        4.556117E+13   7.8190E-07   7.8198E-07   0.99990
FLUX 1128  6620.00        4.528588E+13   7.7274E-07   7.7296E-07   0.99972
FLUX 1129  6660.00        4.501389E+13   7.6403E-07   7.6410E-07   0.99992
FLUX 1130  6700.00        4.474515E+13   7.5513E-07   7.5538E-07   0.99967
FLUX 1131  6740.00        4.447960E+13   7.4622E-07   7.4682E-07   0.99921
FLUX 1132  6780.00        4.421718E+13   7.3609E-07   7.3839E-07   0.99687
FLUX 1133  6820.00        4.395784E+13   7.2999E-07   7.3012E-07   0.99983
FLUX 1134  6860.00        4.370153E+13   7.2181E-07   7.2197E-07   0.99977
FLUX 1135  6900.00        4.344819E+13   7.1382E-07   7.1397E-07   0.99979
FLUX 1136  6940.00        4.319777E+13   7.0579E-07   7.0610E-07   0.99957
FLUX 1137  6980.00        4.295021E+13   6.9826E-07   6.9835E-07   0.99987
FLUX 1138  7020.00        4.270548E+13   6.9019E-07   6.9074E-07   0.99922
FLUX 1139  7060.00        4.246353E+13   6.8311E-07   6.8324E-07   0.99980
FLUX 1140  7100.00        4.222430E+13   6.7582E-07   6.7587E-07   0.99992
FLUX 1141  7140.00        4.198775E+13   6.6851E-07   6.6861E-07   0.99985
FLUX 1142  7180.00        4.175383E+13   6.6136E-07   6.6147E-07   0.99982
FLUX 1143  7220.00        4.152251E+13   6.5414E-07   6.5445E-07   0.99953
FLUX 1144  7260.00        4.129373E+13   6.4729E-07   6.4754E-07   0.99963
FLUX 1145  7300.00        4.106747E+13   6.4071E-07   6.4073E-07   0.99997
FLUX 1146  7340.00        4.084366E+13   6.3369E-07   6.3403E-07   0.99946
FLUX 1147  7380.00        4.062229E+13   6.2738E-07   6.2744E-07   0.99991
FLUX 1148  7420.00        4.040330E+13   6.2065E-07   6.2095E-07   0.99952
FLUX 1149  7460.00        4.018666E+13   6.0662E-07   6.1455E-07   0.98709
FLUX 1150  7500.00        3.997233E+13   6.0011E-07   6.0826E-07   0.98660
FLUX 1151  7540.00        3.976028E+13   6.0155E-07   6.0206E-07   0.99915
FLUX 1152  7580.00        3.955046E+13   5.9588E-07   5.9596E-07   0.99986
FLUX 1153  7620.00        3.934285E+13   5.8986E-07   5.8995E-07   0.99985
FLUX 1154  7660.00        3.913740E+13   5.8399E-07   5.8403E-07   0.99993
FLUX 1155  7700.00        3.893409E+13   5.7804E-07   5.7820E-07   0.99973
FLUX 1156  7740.00        3.873288E+13   5.7241E-07   5.7245E-07   0.99993
FLUX 1157  7780.00        3.853374E+13   5.6678E-07   5.6679E-07   0.99998
FLUX 1158  7820.00        3.833664E+13   5.6121E-07   5.6122E-07   0.99998
FLUX 1159  7860.00        3.814154E+13   5.5571E-07   5.5572E-07   0.99998
FLUX 1160  7900.00        3.794842E+13   5.5029E-07   5.5031E-07   0.99998
FLUX 1161  7940.00        3.775724E+13   5.4494E-07   5.4497E-07   0.99994
FLUX 1162  7980.00        3.756798E+13   5.3967E-07   5.3971E-07   0.99993
FLUX 1163  8020.00        3.738061E+13   5.3441E-07   5.3453E-07   0.99978
FLUX 1164  8060.00        3.719510E+13   5.2923E-07   5.2942E-07   0.99964
FLUX 1165  8100.00        3.701142E+13   5.2437E-07   5.2439E-07   0.99997
FLUX 1166  8140.00        3.682955E+13   5.1905E-07   5.1942E-07   0.99929
FLUX 1167  8180.00        3.664945E+13   5.1431E-07   5.1453E-07   0.99957
FLUX 1168  8220.00        3.647111E+13   5.0967E-07   5.0970E-07   0.99994
FLUX 1169  8260.00        3.629449E+13   5.0490E-07   5.0494E-07   0.99992
FLUX 1170  8300.00        3.611958E+13   5.0022E-07   5.0025E-07   0.99993
FLUX 1171  8340.00        3.594634E+13   4.9541E-07   4.9562E-07   0.99958
FLUX 1172  8380.00        3.577476E+13   4.9091E-07   4.9106E-07   0.99969
FLUX 1173  8420.00        3.560481E+13   4.8651E-07   4.8656E-07   0.99990
FLUX 1174  8460.00        3.543647E+13   4.8208E-07   4.8212E-07   0.99994
FLUX 1175  8500.00        3.526971E+13   4.7772E-07   4.7774E-07   0.99997
FLUX 1176  8540.00        3.510451E+13   4.7338E-07   4.7342E-07   0.99993
FLUX 1177  8580.00        3.494085E+13   4.6912E-07   4.6915E-07   0.99992
FLUX 1178  8620.00        3.477871E+13   4.6488E-07   4.6495E-07   0.99984
FLUX 1179  8660.00        3.461807E+13   4.6070E-07   4.6080E-07   0.99979
FLUX 1180  8700.00        3.445891E+13   4.5670E-07   4.5671E-07   0.99998
FLUX 1181  8740.00        3.430120E+13   4.5136E-07   4.5267E-07   0.99712
FLUX 1182  8780.00        3.414493E+13   4.4740E-07   4.4868E-07   0.99715
FLUX 1183  8820.00        3.399008E+13   4.4462E-07   4.4475E-07   0.99972
FLUX 1184  8860.00        3.383663E+13   4.4073E-07   4.4086E-07   0.99969
FLUX 1185  8900.00        3.368455E+13   4.3687E-07   4.3703E-07   0.99963
FLUX 1186  8940.00        3.353384E+13   4.3317E-07   4.3325E-07   0.99982
FLUX 1187  8980.00        3.338447E+13   4.2929E-07   4.2952E-07   0.99948
FLUX 1188  9020.00        3.323642E+13   4.2573E-07   4.2583E-07   0.99976
FLUX 1189  9060.00        3.308968E+13   4.2219E-07   4.2219E-07   0.99999
FLUX 1190  9100.00        3.294423E+13   4.1843E-07   4.1860E-07   0.99959
FLUX 1191  9140.00        3.280005E+13   4.1491E-07   4.1506E-07   0.99965
FLUX 1192  9180.00        3.265714E+13   4.1152E-07   4.1155E-07   0.99991
FLUX 1193  9220.00        3.251546E+13   4.0809E-07   4.0810E-07   0.99998
FLUX 1194  9260.00        3.237500E+13   4.0465E-07   4.0468E-07   0.99992
FLUX 1195  9300.00        3.223575E+13   4.0131E-07   4.0131E-07   0.99999
FLUX 1196  9340.00        3.209770E+13   3.9795E-07   3.9798E-07   0.99991
FLUX 1197  9380.00        3.196082E+13   3.9422E-07   3.9469E-07   0.99880
FLUX 1198  9420.00        3.182511E+13   3.9141E-07   3.9145E-07   0.99991
FLUX 1199  9460.00        3.169054E+13   3.8820E-07   3.8824E-07   0.99991
FLUX 1200  9500.00        3.155711E+13   3.8506E-07   3.8507E-07   0.99997
FLUX 1201  9540.00        3.142479E+13   3.8184E-07   3.8194E-07   0.99973
FLUX 1202  9580.00        3.129358E+13   3.7881E-07   3.7885E-07   0.99991
FLUX 1203  9620.00        3.116346E+13   3.7569E-07   3.7579E-07   0.99972
FLUX 1204  9660.00        3.103442E+13   3.7274E-07   3.7277E-07   0.99991
FLUX 1205  9700.00        3.090644E+13   3.6979E-07   3.6979E-07   0.99998
FLUX 1206  9740.00        3.077952E+13   3.6662E-07   3.6685E-07   0.99939
FLUX 1207  9780.00        3.065363E+13   3.6382E-07   3.6393E-07   0.99969
FLUX 1208  9820.00        3.052877E+13   3.6101E-07   3.6106E-07   0.99986
FLUX 1209  9860.00        3.040492E+13   3.5818E-07   3.5821E-07   0.99992
FLUX 1210  9900.00        3.028207E+13   3.5538E-07   3.5540E-07   0.99995
FLUX 1211  9940.00        3.016021E+13   3.5254E-07   3.5263E-07   0.99976
FLUX 1212  9980.00        3.003933E+13   3.4984E-07   3.4988E-07   0.99988
FLUX 1213 10020.00        2.991941E+13   3.4713E-07   3.4717E-07   0.99988
FLUX 1214 20000.00        1.498963E+13   8.9156E-08   8.9158E-08   0.99998
FLUX 1215 40000.00        7.494813E+12   2.2318E-08   2.2318E-08   0.99999
FLUX 1216 60000.00        4.996542E+12   9.8586E-09   9.8587E-09   1.00000
FLUX 1217 80000.00        3.747406E+12   5.5099E-09   5.5099E-09   1.00000
FLUX 1218100000.00        2.997925E+12   3.5057E-09   3.5057E-09   1.00000
FLUX 1219120000.00        2.498271E+12   2.4218E-09   2.4218E-09   1.00000
FLUX 1220140000.00        2.141375E+12   1.7710E-09   1.7710E-09   1.00000
FLUX 1221160000.00        1.873703E+12   1.3503E-09   1.3503E-09   1.00000
FLUX
