TEFF   5500.  GRAVITY 4.50000 LTE 
TITLE  [0.0] VTURB=2  L/H=1.25 NOVER NEW ODF                                    
FLUX    1     9.09        3.298047E+16   1.0000E-50   0.0000E+00   1.00000
FLUX    2     9.35        3.206337E+16   1.0000E-50   0.0000E+00   1.00000
FLUX    3     9.61        3.119589E+16   1.0000E-50   0.0000E+00   1.00000
FLUX    4     9.77        3.068501E+16   1.0000E-50   0.0000E+00   1.00000
FLUX    5     9.96        3.009965E+16   1.0000E-50   0.0000E+00   1.00000
FLUX    6    10.20        2.939142E+16   1.0000E-50   0.0000E+00   1.00000
FLUX    7    10.38        2.888174E+16   1.0000E-50   0.0000E+00   1.00000
FLUX    8    10.56        2.838944E+16   1.0000E-50   0.0000E+00   1.00000
FLUX    9    10.77        2.783589E+16   1.0000E-50   0.0000E+00   1.00000
FLUX   10    11.04        2.715512E+16   1.0000E-50   0.0000E+00   1.00000
FLUX   11    11.40        2.629759E+16   1.0000E-50   0.0000E+00   1.00000
FLUX   12    11.78        2.544928E+16   1.0000E-50   0.0000E+00   1.00000
FLUX   13    12.13        2.471496E+16   1.0000E-50   0.0000E+00   1.00000
FLUX   14    12.48        2.402183E+16   1.0000E-50   0.0000E+00   1.00000
FLUX   15    12.71        2.358714E+16   1.0000E-50   0.0000E+00   1.00000
FLUX   16    12.84        2.334833E+16   1.0000E-50   0.0000E+00   1.00000
FLUX   17    13.05        2.297261E+16   1.0000E-50   0.0000E+00   1.00000
FLUX   18    13.24        2.264294E+16   1.0000E-50   0.0000E+00   1.00000
FLUX   19    13.39        2.238928E+16   1.0000E-50   0.0000E+00   1.00000
FLUX   20    13.66        2.194674E+16   1.0000E-50   0.0000E+00   1.00000
FLUX   21    13.98        2.144438E+16   1.0000E-50   0.0000E+00   1.00000
FLUX   22    14.33        2.092062E+16   1.0000E-50   0.0000E+00   1.00000
FLUX   23    14.72        2.036634E+16   2.2112-121   2.2113-121   0.99998
FLUX   24    15.10        1.985381E+16   2.1429-118   2.1429-118   0.99998
FLUX   25    15.52        1.931653E+16   2.8824-115   2.8824-115   0.99998
FLUX   26    15.88        1.887862E+16   1.0183-112   1.0183-112   0.99998
FLUX   27    16.20        1.850571E+16   1.5022-110   1.5022-110   0.99998
FLUX   28    16.60        1.805979E+16   5.8735-108   5.8736-108   0.99998
FLUX   29    17.03        1.760379E+16   2.6184-105   2.6185-105   0.99998
FLUX   30    17.34        1.728907E+16   1.7587-103   1.7587-103   0.99998
FLUX   31    17.68        1.695659E+16   1.4947-101   1.4948-101   0.99998
FLUX   32    18.02        1.663665E+16   1.0721E-99   1.0721E-99   0.99998
FLUX   33    18.17        1.649931E+16   6.7065E-99   6.7066E-99   0.99998
FLUX   34    18.61        1.610922E+16   1.2232E-96   1.2232E-96   0.99998
FLUX   35    19.10        1.569594E+16   3.0263E-94   3.0263E-94   0.99998
FLUX   36    19.39        1.546119E+16   6.8989E-93   6.8990E-93   0.99998
FLUX   37    19.84        1.511051E+16   7.3499E-91   7.3501E-91   0.99998
FLUX   38    20.18        1.485592E+16   2.1784E-89   2.1784E-89   0.99998
FLUX   39    20.50        1.462402E+16   4.7724E-88   4.7725E-88   0.99998
FLUX   40    21.05        1.424192E+16   7.6635E-86   7.6636E-86   0.99998
FLUX   41    21.62        1.386644E+16   1.1227E-83   1.1227E-83   0.99998
FLUX   42    21.98        1.363933E+16   2.2878E-82   2.2879E-82   0.99998
FLUX   43    22.30        1.344361E+16   3.0636E-81   3.0636E-81   0.99998
FLUX   44    22.68        1.321836E+16   6.0653E-80   6.0654E-80   0.99998
FLUX   45    23.00        1.303446E+16   6.9415E-79   6.9416E-79   0.99998
FLUX   46    23.40        1.281165E+16   1.3252E-77   1.3252E-77   0.99998
FLUX   47    24.00        1.249135E+16   9.1668E-76   9.1670E-76   0.99998
FLUX   48    24.65        1.216197E+16   7.1278E-74   7.1279E-74   0.99998
FLUX   49    25.24        1.187767E+16   3.0441E-72   3.0442E-72   0.99998
FLUX   50    25.68        1.167416E+16   4.4647E-71   4.4648E-71   0.99998
FLUX   51    26.00        1.153048E+16   2.9702E-70   2.9703E-70   0.99998
FLUX   52    26.40        1.135578E+16   2.9713E-69   2.9714E-69   0.99998
FLUX   53    26.85        1.116546E+16   3.6406E-68   3.6407E-68   0.99998
FLUX   54    27.35        1.096133E+16   5.3373E-67   5.3374E-67   0.99998
FLUX   55    27.85        1.076454E+16   7.1021E-66   7.1023E-66   0.99998
FLUX   56    28.40        1.055607E+16   1.0986E-64   1.0986E-64   0.99998
FLUX   57    29.00        1.033767E+16   1.9303E-63   1.9304E-63   0.99998
FLUX   58    29.60        1.012813E+16   3.0073E-62   3.0073E-62   0.99998
FLUX   59    30.10        9.959884E+15   2.7255E-61   2.7259E-61   0.99986
FLUX   60    30.80        9.733523E+15   5.2738E-60   5.2739E-60   0.99998
FLUX   61    31.80        9.427437E+15   2.8798E-58   2.8798E-58   0.99998
FLUX   62    32.80        9.140015E+15   1.2249E-56   1.2249E-56   0.99998
FLUX   63    33.80        8.869601E+15   4.1457E-55   4.1458E-55   0.99998
FLUX   64    34.80        8.614727E+15   1.1405E-53   1.1405E-53   0.99998
FLUX   65    35.70        8.397549E+15   1.9114E-52   1.9115E-52   0.99998
FLUX   66    36.60        8.191052E+15   2.7824E-51   2.7824E-51   0.99998
FLUX   67    37.50        7.994467E+15   3.5448E-50   3.5449E-50   0.99998
FLUX   68    38.50        7.786818E+15   5.1909E-49   5.1910E-49   0.99998
FLUX   69    39.50        7.589684E+15   6.6036E-48   6.6037E-48   0.99998
FLUX   70    40.50        7.402284E+15   7.3811E-47   7.3813E-47   0.99998
FLUX   71    41.40        7.241365E+15   5.8494E-46   5.8495E-46   0.99998
FLUX   72    42.20        7.104088E+15   3.4099E-45   3.4100E-45   0.99998
FLUX   73    43.00        6.971919E+15   1.8576E-44   1.8577E-44   0.99998
FLUX   74    44.10        6.798016E+15   1.7226E-43   1.7226E-43   0.99998
FLUX   75    45.10        6.647284E+15   1.1826E-42   1.1826E-42   0.99998
FLUX   76    46.00        6.517228E+15   6.2185E-42   6.2186E-42   0.99998
FLUX   77    47.00        6.378564E+15   3.6408E-41   3.6409E-41   0.99998
FLUX   78    48.00        6.245677E+15   1.9739E-40   1.9739E-40   0.99998
FLUX   79    49.00        6.118214E+15   9.9663E-40   9.9665E-40   0.99998
FLUX   80    50.00        5.995850E+15   4.7001E-39   4.7002E-39   0.99998
FLUX   81    50.60        5.924753E+15   1.5398E-38   1.7536E-38   0.87808
FLUX   82    51.20        5.855322E+15   4.1517E-38   4.2018E-38   0.98809
FLUX   83    52.00        5.765240E+15   1.2915E-37   1.3038E-37   0.99055
FLUX   84    53.00        5.656462E+15   5.1059E-37   5.1060E-37   0.99998
FLUX   85    54.00        5.551713E+15   1.8860E-36   1.8968E-36   0.99428
FLUX   86    55.00        5.450773E+15   6.7066E-36   6.7067E-36   0.99998
FLUX   87    56.00        5.353438E+15   2.2617E-35   2.2618E-35   0.99998
FLUX   88    57.00        5.259518E+15   7.2935E-35   7.2937E-35   0.99998
FLUX   89    58.00        5.168836E+15   2.2299E-34   2.2551E-34   0.98886
FLUX   90    59.00        5.081229E+15   6.6927E-34   6.6949E-34   0.99967
FLUX   91    60.00        4.996542E+15   1.9122E-33   1.9131E-33   0.99954
FLUX   92    61.00        4.914631E+15   5.2720E-33   5.2722E-33   0.99998
FLUX   93    62.00        4.835363E+15   1.4034E-32   1.4036E-32   0.99987
FLUX   94    63.00        4.758611E+15   3.6160E-32   3.6163E-32   0.99991
FLUX   95    64.00        4.684258E+15   9.0350E-32   9.0352E-32   0.99998
FLUX   96    65.00        4.612192E+15   2.1913E-31   2.1913E-31   0.99998
FLUX   97    65.80        4.556117E+15   4.3609E-31   4.3612E-31   0.99993
FLUX   98    66.50        4.508158E+15   7.8451E-31   7.8505E-31   0.99931
FLUX   99    67.50        4.441370E+15   1.7768E-30   1.7777E-30   0.99947
FLUX  100    68.50        4.376533E+15   3.9247E-30   3.9248E-30   0.99997
FLUX  101    69.50        4.313561E+15   8.4578E-30   8.4580E-30   0.99997
FLUX  102    70.50        4.252376E+15   1.7770E-29   1.7810E-29   0.99774
FLUX  103    71.60        4.187046E+15   3.9378E-29   3.9381E-29   0.99992
FLUX  104    72.60        4.129373E+15   7.9237E-29   7.9238E-29   0.99998
FLUX  105    73.50        4.078810E+15   1.4613E-28   1.4615E-28   0.99988
FLUX  106    74.50        4.024060E+15   2.8318E-28   2.8329E-28   0.99959
FLUX  107    75.50        3.970762E+15   5.3862E-28   5.3894E-28   0.99941
FLUX  108    76.50        3.918856E+15   1.0069E-27   1.0070E-27   0.99988
FLUX  109    77.50        3.868290E+15   1.8485E-27   1.8495E-27   0.99948
FLUX  110    78.50        3.819013E+15   3.3407E-27   3.3407E-27   0.99998
FLUX  111    79.50        3.770975E+15   5.9012E-27   5.9390E-27   0.99364
FLUX  112    80.50        3.724130E+15   1.0373E-26   1.0397E-26   0.99767
FLUX  113    81.50        3.678436E+15   1.7929E-26   1.7935E-26   0.99967
FLUX  114    82.50        3.633848E+15   3.0501E-26   3.0507E-26   0.99983
FLUX  115    83.50        3.590329E+15   5.1187E-26   5.1193E-26   0.99989
FLUX  116    84.50        3.547840E+15   8.4772E-26   8.4779E-26   0.99992
FLUX  117    85.50        3.506345E+15   1.3865E-25   1.3865E-25   0.99998
FLUX  118    86.50        3.465809E+15   2.2392E-25   2.2394E-25   0.99991
FLUX  119    87.50        3.426200E+15   3.5697E-25   3.5745E-25   0.99867
FLUX  120    88.50        3.387486E+15   5.6404E-25   5.6412E-25   0.99985
FLUX  121    89.50        3.349637E+15   8.8049E-25   8.8055E-25   0.99993
FLUX  122    90.50        3.312624E+15   1.3594E-24   1.3599E-24   0.99967
FLUX  123    91.50        3.276421E+15   2.7574E-21   1.1607E-20   0.23755
FLUX  124    92.50        3.241000E+15   1.1199E-20   1.7544E-20   0.63837
FLUX  125    93.50        3.206337E+15   1.6111E-20   2.6207E-20   0.61476
FLUX  126    94.50        3.172407E+15   2.5468E-20   3.8782E-20   0.65668
FLUX  127    95.50        3.139188E+15   3.9709E-20   5.7006E-20   0.69658
FLUX  128    96.50        3.106658E+15   6.0941E-20   8.2662E-20   0.73724
FLUX  129    97.50        3.074795E+15   8.5298E-20   1.1839E-19   0.72052
FLUX  130    98.50        3.043579E+15   1.2602E-19   1.7188E-19   0.73318
FLUX  131    99.50        3.012990E+15   1.8105E-19   2.4452E-19   0.74043
FLUX  132   100.50        2.983010E+15   2.7428E-19   3.4518E-19   0.79459
FLUX  133   101.50        2.953621E+15   3.8519E-19   4.8169E-19   0.79966
FLUX  134   102.50        2.924805E+15   5.0992E-19   6.7937E-19   0.75058
FLUX  135   103.50        2.896546E+15   7.8769E-19   9.4128E-19   0.83683
FLUX  136   104.50        2.868828E+15   1.1247E-18   1.3014E-18   0.86428
FLUX  137   105.50        2.841635E+15   1.4901E-18   1.7874E-18   0.83365
FLUX  138   106.50        2.814953E+15   2.0959E-18   2.4412E-18   0.85853
FLUX  139   107.50        2.788767E+15   2.8930E-18   3.3163E-18   0.87234
FLUX  140   108.50        2.763065E+15   3.9689E-18   4.4804E-18   0.88583
FLUX  141   109.50        2.737831E+15   5.1673E-18   6.0192E-18   0.85846
FLUX  142   110.50        2.713054E+15   8.4056E-18   1.5813E-17   0.53158
FLUX  143   111.50        2.688722E+15   1.3546E-17   2.0271E-17   0.66822
FLUX  144   112.50        2.664822E+15   1.8671E-17   2.5877E-17   0.72154
FLUX  145   113.50        2.641344E+15   2.6519E-17   3.2898E-17   0.80608
FLUX  146   114.50        2.618275E+15   3.5204E-17   4.1658E-17   0.84508
FLUX  147   115.50        2.595606E+15   4.4155E-17   5.2538E-17   0.84043
FLUX  148   116.50        2.573326E+15   5.8998E-17   6.5945E-17   0.89464
FLUX  149   117.50        2.551426E+15   7.6502E-17   8.2272E-17   0.92987
FLUX  150   118.50        2.529895E+15   9.3153E-17   1.0522E-16   0.88529
FLUX  151   119.50        2.508724E+15   1.0248E-16   1.3155E-16   0.77900
FLUX  152   120.50        2.487905E+15   1.1928E-16   1.6403E-16   0.72716
FLUX  153   121.50        2.467428E+15   9.1147E-17   2.0402E-16   0.44676
FLUX  154   122.50        2.447286E+15   1.8340E-16   2.5329E-16   0.72408
FLUX  155   123.50        2.427470E+15   2.7532E-16   3.1361E-16   0.87790
FLUX  156   124.50        2.407972E+15   3.5621E-16   3.7595E-16   0.94750
FLUX  157   125.50        2.388785E+15   4.3374E-16   4.7127E-16   0.92037
FLUX  158   126.50        2.369901E+15   5.2612E-16   5.8435E-16   0.90035
FLUX  159   127.50        2.351314E+15   6.5032E-16   7.2030E-16   0.90286
FLUX  160   128.50        2.333016E+15   7.8160E-16   8.8571E-16   0.88245
FLUX  161   129.50        2.315000E+15   9.8131E-16   1.0860E-15   0.90363
FLUX  162   130.50        2.297261E+15   1.1535E-15   1.3279E-15   0.86863
FLUX  163   131.50        2.279791E+15   1.4572E-15   1.6193E-15   0.89991
FLUX  164   132.50        2.262585E+15   1.6878E-15   1.9691E-15   0.85717
FLUX  165   133.50        2.245637E+15   2.0627E-15   2.3877E-15   0.86389
FLUX  166   134.50        2.228941E+15   2.4966E-15   2.8872E-15   0.86473
FLUX  167   135.50        2.212491E+15   3.0712E-15   3.4915E-15   0.87964
FLUX  168   136.50        2.196282E+15   3.6181E-15   4.2285E-15   0.85566
FLUX  169   137.50        2.180309E+15   4.3346E-15   5.1056E-15   0.84898
FLUX  170   138.50        2.164567E+15   5.1600E-15   6.1469E-15   0.83946
FLUX  171   139.50        2.149050E+15   6.1755E-15   7.3798E-15   0.83682
FLUX  172   140.50        2.133754E+15   7.5414E-15   8.8363E-15   0.85345
FLUX  173   141.50        2.118675E+15   9.0120E-15   1.0553E-14   0.85398
FLUX  174   142.50        2.103807E+15   1.0620E-14   1.2572E-14   0.84472
FLUX  175   143.50        2.089146E+15   1.2750E-14   1.4940E-14   0.85338
FLUX  176   144.20        2.079005E+15   1.5084E-14   1.6835E-14   0.89603
FLUX  177   144.70        2.071821E+15   1.5808E-14   1.8320E-14   0.86289
FLUX  178   145.50        2.060430E+15   1.8304E-14   2.0949E-14   0.87375
FLUX  179   146.50        2.046365E+15   2.2031E-14   2.4724E-14   0.89110
FLUX  180   147.50        2.032492E+15   2.4796E-14   2.9115E-14   0.85165
FLUX  181   148.50        2.018805E+15   2.9525E-14   3.4207E-14   0.86312
FLUX  182   149.50        2.005301E+15   3.6386E-14   4.0100E-14   0.90737
FLUX  183   150.50        1.991977E+15   4.3539E-14   4.6906E-14   0.92821
FLUX  184   151.20        1.982755E+15   4.5142E-14   5.2279E-14   0.86349
FLUX  185   151.70        1.976220E+15   5.1810E-14   6.5477E-14   0.79128
FLUX  186   152.50        1.965852E+15   6.3894E-14   1.7693E-13   0.36113
FLUX  187   153.50        1.953046E+15   2.0977E-13   1.1287E-12   0.18585
FLUX  188   154.50        1.940405E+15   2.5328E-13   1.2905E-12   0.19626
FLUX  189   155.50        1.927926E+15   4.2969E-13   1.4750E-12   0.29132
FLUX  190   156.50        1.915607E+15   4.2143E-13   1.6868E-12   0.24983
FLUX  191   157.50        1.903444E+15   8.8140E-13   2.7982E-12   0.31499
FLUX  192   158.50        1.891435E+15   1.0981E-12   3.1648E-12   0.34698
FLUX  193   159.50        1.879577E+15   1.3042E-12   3.5695E-12   0.36538
FLUX  194   160.50        1.867866E+15   1.4654E-12   4.0145E-12   0.36502
FLUX  195   161.50        1.856300E+15   1.6455E-12   4.5018E-12   0.36552
FLUX  196   162.50        1.844877E+15   1.8934E-12   5.6734E-12   0.33373
FLUX  197   163.50        1.833593E+15   2.3456E-12   6.3808E-12   0.36761
FLUX  198   164.50        1.822447E+15   3.4717E-12   7.1609E-12   0.48482
FLUX  199   165.50        1.811435E+15   2.4256E-12   8.0201E-12   0.30244
FLUX  200   166.50        1.800556E+15   4.2691E-12   8.9661E-12   0.47614
FLUX  201   167.20        1.793017E+15   2.9970E-12   9.6835E-12   0.30949
FLUX  202   167.70        1.787671E+15   5.4511E-12   2.3090E-11   0.23608
FLUX  203   168.50        1.779184E+15   1.0028E-11   8.0404E-11   0.12472
FLUX  204   169.50        1.768687E+15   1.6211E-11   8.9142E-11   0.18186
FLUX  205   170.50        1.758314E+15   2.0100E-11   9.8945E-11   0.20315
FLUX  206   171.50        1.748061E+15   1.9388E-11   2.1268E-10   0.09116
FLUX  207   172.50        1.737928E+15   2.6013E-11   2.3622E-10   0.11012
FLUX  208   173.50        1.727911E+15   3.1282E-11   2.5754E-10   0.12146
FLUX  209   174.50        1.718009E+15   4.3872E-11   2.8144E-10   0.15588
FLUX  210   175.50        1.708219E+15   5.9033E-11   3.0303E-10   0.19481
FLUX  211   176.50        1.698541E+15   5.5387E-11   3.2499E-10   0.17042
FLUX  212   177.50        1.688972E+15   6.1213E-11   3.4724E-10   0.17628
FLUX  213   178.50        1.679510E+15   8.3394E-11   3.6964E-10   0.22561
FLUX  214   179.50        1.670153E+15   9.3588E-11   3.9279E-10   0.23826
FLUX  215   180.50        1.660900E+15   1.0898E-10   4.1718E-10   0.26123
FLUX  216   181.50        1.651749E+15   1.0584E-10   4.4198E-10   0.23948
FLUX  217   182.50        1.642699E+15   1.3378E-10   4.6797E-10   0.28587
FLUX  218   183.50        1.633747E+15   1.4590E-10   4.9470E-10   0.29493
FLUX  219   184.50        1.624892E+15   1.1178E-10   5.2272E-10   0.21385
FLUX  220   185.50        1.616132E+15   1.5897E-10   5.5293E-10   0.28750
FLUX  221   186.50        1.607466E+15   1.9235E-10   5.8350E-10   0.32964
FLUX  222   187.50        1.598893E+15   2.1136E-10   6.7407E-10   0.31355
FLUX  223   188.50        1.590411E+15   2.3284E-10   7.0480E-10   0.33037
FLUX  224   189.50        1.582018E+15   3.0440E-10   7.3682E-10   0.41313
FLUX  225   190.50        1.573714E+15   2.9816E-10   7.7014E-10   0.38715
FLUX  226   191.50        1.565496E+15   3.4067E-10   8.0563E-10   0.42286
FLUX  227   192.50        1.557364E+15   3.5804E-10   8.4294E-10   0.42475
FLUX  228   193.50        1.549315E+15   2.4730E-10   8.8194E-10   0.28040
FLUX  229   194.50        1.541350E+15   4.6348E-10   9.2399E-10   0.50160
FLUX  230   195.50        1.533465E+15   4.9798E-10   9.6831E-10   0.51428
FLUX  231   196.70        1.524110E+15   6.4492E-10   1.0242E-09   0.62967
FLUX  232   197.60        1.517169E+15   6.4237E-10   1.1238E-09   0.57160
FLUX  233   198.40        1.511051E+15   6.8420E-10   1.1673E-09   0.58616
FLUX  234   199.50        1.502719E+15   7.2994E-10   1.2611E-09   0.57882
FLUX  235   200.50        1.495224E+15   7.4399E-10   1.3234E-09   0.56218
FLUX  236   201.50        1.487804E+15   8.4193E-10   1.3900E-09   0.60569
FLUX  237   202.50        1.480457E+15   7.0229E-10   1.4588E-09   0.48142
FLUX  238   203.50        1.473182E+15   9.5789E-10   1.5304E-09   0.62591
FLUX  239   204.50        1.465978E+15   1.1092E-09   1.6059E-09   0.69070
FLUX  240   205.50        1.458844E+15   1.1794E-09   1.6834E-09   0.70064
FLUX  241   206.50        1.451780E+15   1.2004E-09   1.7628E-09   0.68095
FLUX  242   207.40        1.445480E+15   1.2585E-09   1.8365E-09   0.68526
FLUX  243   207.80        1.442697E+15   1.5143E-09   4.0411E-08   0.03747
FLUX  244   208.50        1.437854E+15   1.5889E-09   4.2698E-08   0.03721
FLUX  245   209.50        1.430990E+15   2.2858E-09   4.5797E-08   0.04991
FLUX  246   210.50        1.424192E+15   4.4010E-09   4.8378E-08   0.09097
FLUX  247   211.50        1.417459E+15   5.9902E-09   5.0283E-08   0.11913
FLUX  248   212.50        1.410788E+15   5.0281E-09   5.2121E-08   0.09647
FLUX  249   213.50        1.404180E+15   5.7125E-09   5.3919E-08   0.10595
FLUX  250   214.50        1.397634E+15   7.9858E-09   5.5333E-08   0.14432
FLUX  251   215.50        1.391148E+15   7.3602E-09   5.6632E-08   0.12997
FLUX  252   216.50        1.384723E+15   6.7009E-09   5.7959E-08   0.11561
FLUX  253   217.50        1.378356E+15   6.5532E-09   5.9329E-08   0.11045
FLUX  254   218.50        1.372048E+15   9.9906E-09   6.0983E-08   0.16383
FLUX  255   219.50        1.365797E+15   9.7114E-09   6.2713E-08   0.15486
FLUX  256   220.50        1.359603E+15   9.6554E-09   6.4530E-08   0.14963
FLUX  257   221.50        1.353465E+15   6.9691E-09   6.6477E-08   0.10483
FLUX  258   222.50        1.347382E+15   9.8793E-09   7.1091E-08   0.13897
FLUX  259   223.50        1.341353E+15   1.5488E-08   7.3452E-08   0.21086
FLUX  260   224.50        1.335379E+15   1.4803E-08   7.5889E-08   0.19507
FLUX  261   225.50        1.329457E+15   1.0783E-08   9.6970E-08   0.11120
FLUX  262   226.50        1.323587E+15   8.6311E-09   9.8991E-08   0.08719
FLUX  263   227.50        1.317769E+15   9.8853E-09   1.0097E-07   0.09790
FLUX  264   228.50        1.312002E+15   1.6455E-08   1.0289E-07   0.15992
FLUX  265   229.50        1.306285E+15   1.1768E-08   1.0478E-07   0.11231
FLUX  266   230.50        1.300618E+15   1.5769E-08   1.0650E-07   0.14806
FLUX  267   231.50        1.295000E+15   1.4026E-08   1.0820E-07   0.12962
FLUX  268   232.50        1.289430E+15   1.3492E-08   1.0991E-07   0.12276
FLUX  269   233.50        1.283908E+15   1.2532E-08   1.1623E-07   0.10782
FLUX  270   234.50        1.278433E+15   8.0489E-09   1.1772E-07   0.06837
FLUX  271   235.50        1.273004E+15   1.5807E-08   1.1921E-07   0.13260
FLUX  272   236.50        1.267622E+15   9.8669E-09   1.2071E-07   0.08174
FLUX  273   237.50        1.262284E+15   1.2623E-08   1.2222E-07   0.10328
FLUX  274   238.50        1.256992E+15   8.2173E-09   1.2383E-07   0.06636
FLUX  275   239.50        1.251743E+15   1.0591E-08   1.2539E-07   0.08446
FLUX  276   240.50        1.246538E+15   1.1500E-08   1.2698E-07   0.09056
FLUX  277   241.50        1.241377E+15   1.1730E-08   1.2861E-07   0.09121
FLUX  278   242.50        1.236258E+15   2.1353E-08   1.3027E-07   0.16392
FLUX  279   243.50        1.231181E+15   2.2413E-08   1.3196E-07   0.16985
FLUX  280   244.50        1.226145E+15   2.9116E-08   1.4036E-07   0.20743
FLUX  281   245.50        1.221151E+15   3.1616E-08   1.4177E-07   0.22301
FLUX  282   246.50        1.216197E+15   2.4565E-08   1.4319E-07   0.17156
FLUX  283   247.50        1.211283E+15   2.1419E-08   1.4460E-07   0.14813
FLUX  284   248.50        1.206408E+15   8.9150E-09   1.4604E-07   0.06105
FLUX  285   249.50        1.201573E+15   1.4328E-08   1.4750E-07   0.09714
FLUX  286   250.50        1.196776E+15   2.2678E-08   1.5405E-07   0.14721
FLUX  287   251.30        1.192967E+15   1.2410E-08   1.5499E-07   0.08007
FLUX  288   251.80        1.190598E+15   8.9150E-09   8.4937E-07   0.01050
FLUX  289   252.50        1.187297E+15   8.8714E-09   8.5952E-07   0.01032
FLUX  290   253.50        1.182613E+15   1.3367E-08   8.7395E-07   0.01530
FLUX  291   254.50        1.177967E+15   1.7106E-08   8.8831E-07   0.01926
FLUX  292   255.50        1.173356E+15   4.3713E-08   9.0279E-07   0.04842
FLUX  293   256.50        1.168782E+15   3.7297E-08   9.1740E-07   0.04066
FLUX  294   257.50        1.164243E+15   5.9359E-08   9.3215E-07   0.06368
FLUX  295   258.50        1.159739E+15   5.4743E-08   9.4703E-07   0.05780
FLUX  296   259.50        1.155270E+15   4.9184E-08   9.6202E-07   0.05113
FLUX  297   260.50        1.150835E+15   3.9974E-08   9.7717E-07   0.04091
FLUX  298   261.50        1.146434E+15   3.6507E-08   9.9245E-07   0.03678
FLUX  299   262.50        1.142067E+15   5.3193E-08   1.0079E-06   0.05278
FLUX  300   263.50        1.137732E+15   1.2181E-07   1.0379E-06   0.11737
FLUX  301   264.50        1.133431E+15   1.6065E-07   1.0532E-06   0.15253
FLUX  302   265.50        1.129162E+15   2.5875E-07   1.0688E-06   0.24209
FLUX  303   266.50        1.124925E+15   1.3955E-07   1.0845E-06   0.12867
FLUX  304   267.50        1.120720E+15   1.6336E-07   1.1004E-06   0.14846
FLUX  305   268.50        1.116546E+15   2.1136E-07   1.1163E-06   0.18933
FLUX  306   269.50        1.112403E+15   1.3238E-07   1.1324E-06   0.11690
FLUX  307   270.50        1.108290E+15   1.8142E-07   1.1648E-06   0.15575
FLUX  308   271.50        1.104208E+15   1.1591E-07   1.1802E-06   0.09821
FLUX  309   272.50        1.100156E+15   7.0230E-08   1.1956E-06   0.05874
FLUX  310   273.50        1.096133E+15   1.0393E-07   1.2112E-06   0.08581
FLUX  311   274.50        1.092140E+15   5.8761E-08   1.2268E-06   0.04790
FLUX  312   275.50        1.088176E+15   8.9408E-08   1.2425E-06   0.07196
FLUX  313   276.50        1.084241E+15   1.2772E-07   1.2581E-06   0.10151
FLUX  314   277.50        1.080333E+15   1.2734E-07   1.2738E-06   0.09997
FLUX  315   278.50        1.076454E+15   6.6912E-08   1.2897E-06   0.05188
FLUX  316   279.50        1.072603E+15   2.8887E-08   1.3056E-06   0.02213
FLUX  317   280.50        1.068779E+15   3.6722E-08   1.3217E-06   0.02779
FLUX  318   281.50        1.064982E+15   1.1176E-07   1.3378E-06   0.08354
FLUX  319   282.50        1.061212E+15   1.7226E-07   1.3543E-06   0.12720
FLUX  320   283.50        1.057469E+15   1.3687E-07   1.3709E-06   0.09984
FLUX  321   284.50        1.053752E+15   6.8321E-08   1.3876E-06   0.04924
FLUX  322   285.50        1.050061E+15   3.3542E-08   1.4044E-06   0.02388
FLUX  323   286.50        1.046396E+15   1.0448E-07   1.4212E-06   0.07352
FLUX  324   287.50        1.042757E+15   2.1216E-07   1.4382E-06   0.14751
FLUX  325   288.50        1.039142E+15   2.0900E-07   1.4553E-06   0.14362
FLUX  326   289.50        1.035553E+15   3.0350E-07   1.4722E-06   0.20615
FLUX  327   291.00        1.030215E+15   4.3038E-07   1.5084E-06   0.28532
FLUX  328   293.00        1.023183E+15   3.8627E-07   1.5417E-06   0.25055
FLUX  329   295.00        1.016246E+15   3.6113E-07   1.5773E-06   0.22896
FLUX  330   297.00        1.009402E+15   3.7640E-07   1.6102E-06   0.23375
FLUX  331   299.00        1.002651E+15   3.8066E-07   1.6435E-06   0.23162
FLUX  332   301.00        9.959884E+14   3.6320E-07   1.6770E-06   0.21658
FLUX  333   303.00        9.894142E+14   4.3364E-07   1.7106E-06   0.25351
FLUX  334   305.00        9.829262E+14   4.5608E-07   1.7437E-06   0.26155
FLUX  335   307.00        9.765228E+14   5.2286E-07   1.7769E-06   0.29425
FLUX  336   309.00        9.702023E+14   4.7318E-07   1.8190E-06   0.26013
FLUX  337   311.00        9.639630E+14   5.9600E-07   1.8505E-06   0.32207
FLUX  338   313.00        9.578035E+14   5.4697E-07   1.8840E-06   0.29032
FLUX  339   315.00        9.517222E+14   5.4301E-07   1.9141E-06   0.28370
FLUX  340   317.00        9.457177E+14   6.1246E-07   1.9435E-06   0.31513
FLUX  341   319.00        9.397884E+14   5.3939E-07   1.9731E-06   0.27337
FLUX  342   321.00        9.339330E+14   5.9795E-07   2.0027E-06   0.29857
FLUX  343   323.00        9.281502E+14   4.9202E-07   2.0344E-06   0.24185
FLUX  344   325.00        9.224385E+14   7.4136E-07   2.0627E-06   0.35941
FLUX  345   327.00        9.167966E+14   9.1481E-07   2.0907E-06   0.43755
FLUX  346   329.00        9.112234E+14   8.9765E-07   2.1203E-06   0.42335
FLUX  347   331.00        9.057175E+14   8.2485E-07   2.1480E-06   0.38400
FLUX  348   333.00        9.002778E+14   8.5604E-07   2.1751E-06   0.39356
FLUX  349   335.00        8.949030E+14   8.2806E-07   2.2016E-06   0.37612
FLUX  350   337.00        8.895920E+14   5.9378E-07   2.2292E-06   0.26637
FLUX  351   339.00        8.843437E+14   7.1205E-07   2.2573E-06   0.31545
FLUX  352   341.00        8.791569E+14   7.3828E-07   2.2839E-06   0.32325
FLUX  353   343.00        8.740306E+14   8.0562E-07   2.3101E-06   0.34873
FLUX  354   345.00        8.689638E+14   8.4297E-07   2.3373E-06   0.36066
FLUX  355   347.00        8.639553E+14   8.9686E-07   2.3654E-06   0.37916
FLUX  356   349.00        8.590043E+14   1.0344E-06   2.3933E-06   0.43222
FLUX  357   351.00        8.541097E+14   1.1069E-06   2.4210E-06   0.45722
FLUX  358   353.00        8.492705E+14   1.0040E-06   2.4485E-06   0.41006
FLUX  359   355.00        8.444859E+14   1.2017E-06   2.4775E-06   0.48506
FLUX  360   357.00        8.397549E+14   7.9676E-07   2.5090E-06   0.31756
FLUX  361   359.00        8.350766E+14   8.3725E-07   2.5405E-06   0.32956
FLUX  362   361.00        8.304501E+14   1.0525E-06   2.5720E-06   0.40921
FLUX  363   363.00        8.258747E+14   1.0902E-06   2.6034E-06   0.41877
FLUX  364   364.00        8.236058E+14   1.1233E-06   2.6194E-06   0.42885
FLUX  365   365.00        8.213493E+14   1.3122E-06   3.0702E-06   0.42740
FLUX  366   367.00        8.168733E+14   1.3972E-06   3.1088E-06   0.44944
FLUX  367   369.00        8.124458E+14   1.3100E-06   3.1474E-06   0.41622
FLUX  368   371.00        8.080660E+14   1.3889E-06   3.1863E-06   0.43588
FLUX  369   373.00        8.037332E+14   9.0464E-07   3.2246E-06   0.28054
FLUX  370   375.00        7.994467E+14   1.0545E-06   3.2627E-06   0.32319
FLUX  371   377.00        7.952056E+14   1.3649E-06   3.3270E-06   0.41024
FLUX  372   379.00        7.910092E+14   1.3991E-06   3.3692E-06   0.41526
FLUX  373   381.00        7.868570E+14   1.3055E-06   3.4110E-06   0.38272
FLUX  374   383.00        7.827480E+14   7.2012E-07   3.4525E-06   0.20858
FLUX  375   385.00        7.786818E+14   9.7894E-07   3.4955E-06   0.28006
FLUX  376   387.00        7.746576E+14   9.7726E-07   3.5365E-06   0.27634
FLUX  377   389.00        7.706748E+14   1.3248E-06   3.5803E-06   0.37001
FLUX  378   391.00        7.667327E+14   1.6306E-06   3.6244E-06   0.44989
FLUX  379   393.00        7.628308E+14   8.3530E-07   3.6680E-06   0.22773
FLUX  380   395.00        7.589684E+14   1.4905E-06   3.7111E-06   0.40162
FLUX  381   397.00        7.551448E+14   1.0405E-06   3.7537E-06   0.27720
FLUX  382   399.00        7.513596E+14   2.1715E-06   3.7958E-06   0.57207
FLUX  383   401.00        7.476122E+14   2.3645E-06   3.8411E-06   0.61557
FLUX  384   403.00        7.439020E+14   2.3331E-06   3.8860E-06   0.60039
FLUX  385   405.00        7.402284E+14   2.2448E-06   3.9301E-06   0.57119
FLUX  386   407.00        7.365909E+14   2.1741E-06   3.9733E-06   0.54718
FLUX  387   409.00        7.329890E+14   2.6246E-06   4.0158E-06   0.65357
FLUX  388   411.00        7.294221E+14   2.5846E-06   4.0576E-06   0.63697
FLUX  389   413.00        7.258898E+14   2.5318E-06   4.0987E-06   0.61772
FLUX  390   415.00        7.223916E+14   2.4940E-06   4.1412E-06   0.60223
FLUX  391   417.00        7.189269E+14   2.5789E-06   4.1834E-06   0.61645
FLUX  392   419.00        7.154952E+14   2.4429E-06   4.2243E-06   0.57829
FLUX  393   421.00        7.120962E+14   2.5582E-06   4.2644E-06   0.59989
FLUX  394   423.00        7.087293E+14   2.4815E-06   4.3037E-06   0.57659
FLUX  395   425.00        7.053941E+14   2.5532E-06   4.3422E-06   0.58800
FLUX  396   427.00        7.020902E+14   2.3741E-06   4.3801E-06   0.54203
FLUX  397   429.00        6.988170E+14   2.1660E-06   4.4176E-06   0.49030
FLUX  398   431.00        6.955742E+14   1.8261E-06   4.4546E-06   0.40994
FLUX  399   433.00        6.923614E+14   2.8107E-06   4.4910E-06   0.62585
FLUX  400   435.00        6.891782E+14   2.7213E-06   4.5272E-06   0.60110
FLUX  401   437.00        6.860240E+14   3.0000E-06   4.5625E-06   0.65753
FLUX  402   439.00        6.828986E+14   2.7067E-06   4.5973E-06   0.58875
FLUX  403   441.00        6.798016E+14   2.9866E-06   4.6316E-06   0.64483
FLUX  404   443.00        6.767325E+14   3.2881E-06   4.6656E-06   0.70476
FLUX  405   445.00        6.736910E+14   3.2866E-06   4.6992E-06   0.69939
FLUX  406   447.00        6.706767E+14   3.5361E-06   4.7324E-06   0.74720
FLUX  407   449.00        6.676893E+14   3.6292E-06   4.7653E-06   0.76160
FLUX  408   451.00        6.647284E+14   4.0677E-06   4.7978E-06   0.84783
FLUX  409   453.00        6.617936E+14   3.6762E-06   4.8299E-06   0.76113
FLUX  410   455.00        6.588846E+14   3.8619E-06   4.8617E-06   0.79435
FLUX  411   457.00        6.560011E+14   4.1443E-06   4.8933E-06   0.84694
FLUX  412   459.00        6.531427E+14   3.9508E-06   4.9245E-06   0.80228
FLUX  413   461.00        6.503091E+14   4.0820E-06   4.9554E-06   0.82373
FLUX  414   463.00        6.475000E+14   4.0620E-06   4.9861E-06   0.81467
FLUX  415   465.00        6.447151E+14   4.1299E-06   5.0166E-06   0.82325
FLUX  416   467.00        6.419540E+14   4.2927E-06   5.0467E-06   0.85058
FLUX  417   469.00        6.392164E+14   4.2431E-06   5.0766E-06   0.83580
FLUX  418   471.00        6.365021E+14   4.1273E-06   5.1063E-06   0.80828
FLUX  419   473.00        6.338108E+14   4.3483E-06   5.1357E-06   0.84668
FLUX  420   475.00        6.311421E+14   4.4739E-06   5.1649E-06   0.86621
FLUX  421   477.00        6.284958E+14   4.5258E-06   5.1940E-06   0.87135
FLUX  422   479.00        6.258716E+14   4.5448E-06   5.2227E-06   0.87021
FLUX  423   481.00        6.232692E+14   4.5338E-06   5.2511E-06   0.86340
FLUX  424   483.00        6.206884E+14   4.6507E-06   5.2794E-06   0.88092
FLUX  425   485.00        6.181289E+14   4.4317E-06   5.3074E-06   0.83500
FLUX  426   487.00        6.155903E+14   4.0249E-06   5.3353E-06   0.75439
FLUX  427   489.00        6.130726E+14   4.5132E-06   5.3629E-06   0.84155
FLUX  428   491.00        6.105754E+14   4.5539E-06   5.3904E-06   0.84482
FLUX  429   493.00        6.080984E+14   4.4856E-06   5.4176E-06   0.82796
FLUX  430   495.00        6.056414E+14   4.7242E-06   5.4447E-06   0.86767
FLUX  431   497.00        6.032042E+14   4.7959E-06   5.4715E-06   0.87652
FLUX  432   499.00        6.007866E+14   4.4945E-06   5.4982E-06   0.81745
FLUX  433   501.00        5.983882E+14   4.3223E-06   5.5247E-06   0.78236
FLUX  434   503.00        5.960089E+14   4.6254E-06   5.5509E-06   0.83327
FLUX  435   505.00        5.936485E+14   4.6539E-06   5.5770E-06   0.83449
FLUX  436   507.00        5.913067E+14   4.8878E-06   5.6029E-06   0.87238
FLUX  437   509.00        5.889833E+14   4.7103E-06   5.6286E-06   0.83685
FLUX  438   511.00        5.866781E+14   4.8271E-06   5.6541E-06   0.85373
FLUX  439   513.00        5.843908E+14   4.7435E-06   5.6794E-06   0.83522
FLUX  440   515.00        5.821214E+14   4.5794E-06   5.7045E-06   0.80277
FLUX  441   517.00        5.798694E+14   4.0115E-06   5.7294E-06   0.70016
FLUX  442   519.00        5.776349E+14   4.1584E-06   5.7541E-06   0.72269
FLUX  443   521.00        5.754175E+14   4.7375E-06   5.7786E-06   0.81984
FLUX  444   523.00        5.732170E+14   4.9095E-06   5.8029E-06   0.84604
FLUX  445   525.00        5.710333E+14   5.1387E-06   5.8270E-06   0.88189
FLUX  446   527.00        5.688662E+14   4.5222E-06   5.8509E-06   0.77290
FLUX  447   529.00        5.667155E+14   5.1816E-06   5.8746E-06   0.88204
FLUX  448   531.00        5.645810E+14   5.4441E-06   5.8981E-06   0.92303
FLUX  449   533.00        5.624625E+14   4.8849E-06   5.9214E-06   0.82495
FLUX  450   535.00        5.603598E+14   5.3308E-06   5.9446E-06   0.89675
FLUX  451   537.00        5.582728E+14   5.3537E-06   5.9676E-06   0.89714
FLUX  452   539.00        5.562013E+14   5.3151E-06   5.9904E-06   0.88728
FLUX  453   541.00        5.541451E+14   5.1700E-06   6.0130E-06   0.85981
FLUX  454   543.00        5.521041E+14   5.3498E-06   6.0354E-06   0.88640
FLUX  455   545.00        5.500780E+14   5.5501E-06   6.0576E-06   0.91622
FLUX  456   547.00        5.480667E+14   5.4842E-06   6.0797E-06   0.90206
FLUX  457   549.00        5.460701E+14   5.4905E-06   6.1016E-06   0.89985
FLUX  458   551.00        5.440880E+14   5.5211E-06   6.1233E-06   0.90166
FLUX  459   553.00        5.421203E+14   5.6241E-06   6.1449E-06   0.91525
FLUX  460   555.00        5.401667E+14   5.7483E-06   6.1663E-06   0.93222
FLUX  461   557.00        5.382271E+14   5.6055E-06   6.1875E-06   0.90592
FLUX  462   559.00        5.363014E+14   5.5037E-06   6.2086E-06   0.88647
FLUX  463   561.00        5.343895E+14   5.7508E-06   6.2295E-06   0.92316
FLUX  464   563.00        5.324911E+14   5.8075E-06   6.2548E-06   0.92848
FLUX  465   565.00        5.306062E+14   5.8465E-06   6.2754E-06   0.93166
FLUX  466   567.00        5.287346E+14   5.7455E-06   6.2958E-06   0.91260
FLUX  467   569.00        5.268761E+14   5.8757E-06   6.3160E-06   0.93030
FLUX  468   571.00        5.250306E+14   5.7748E-06   6.3360E-06   0.91143
FLUX  469   573.00        5.231981E+14   6.1980E-06   6.3558E-06   0.97517
FLUX  470   575.00        5.213783E+14   6.0356E-06   6.3755E-06   0.94669
FLUX  471   577.00        5.195711E+14   6.1361E-06   6.3949E-06   0.95952
FLUX  472   579.00        5.177763E+14   5.9767E-06   6.4142E-06   0.93180
FLUX  473   581.00        5.159940E+14   6.1792E-06   6.4333E-06   0.96050
FLUX  474   583.00        5.142238E+14   6.3161E-06   6.4522E-06   0.97889
FLUX  475   585.00        5.124658E+14   6.1985E-06   6.4710E-06   0.95789
FLUX  476   587.00        5.107198E+14   6.2479E-06   6.4896E-06   0.96275
FLUX  477   589.00        5.089856E+14   5.6811E-06   6.5080E-06   0.87294
FLUX  478   591.00        5.072631E+14   6.2561E-06   6.5262E-06   0.95860
FLUX  479   593.00        5.055523E+14   6.2895E-06   6.5443E-06   0.96106
FLUX  480   595.00        5.038529E+14   6.3392E-06   6.5622E-06   0.96602
FLUX  481   597.00        5.021650E+14   6.4032E-06   6.5799E-06   0.97314
FLUX  482   599.00        5.004883E+14   6.3734E-06   6.5975E-06   0.96604
FLUX  483   601.00        4.988228E+14   6.3018E-06   6.6149E-06   0.95267
FLUX  484   603.00        4.971683E+14   6.3734E-06   6.6322E-06   0.96099
FLUX  485   605.00        4.955248E+14   6.5335E-06   6.6493E-06   0.98259
FLUX  486   607.00        4.938921E+14   6.5246E-06   6.6662E-06   0.97876
FLUX  487   609.00        4.922701E+14   6.3979E-06   6.6830E-06   0.95734
FLUX  488   611.00        4.906588E+14   6.3955E-06   6.6997E-06   0.95459
FLUX  489   613.00        4.890579E+14   6.1779E-06   6.7162E-06   0.91985
FLUX  490   615.00        4.874675E+14   6.3415E-06   6.7325E-06   0.94192
FLUX  491   617.00        4.858874E+14   6.1197E-06   6.7486E-06   0.90681
FLUX  492   619.00        4.843174E+14   6.5154E-06   6.7646E-06   0.96315
FLUX  493   621.00        4.827576E+14   6.5690E-06   6.7807E-06   0.96877
FLUX  494   623.00        4.812079E+14   6.4211E-06   6.7964E-06   0.94478
FLUX  495   625.00        4.796680E+14   6.2810E-06   6.8119E-06   0.92206
FLUX  496   627.00        4.781380E+14   6.5703E-06   6.8273E-06   0.96236
FLUX  497   629.00        4.766176E+14   6.6423E-06   6.8426E-06   0.97073
FLUX  498   631.00        4.751070E+14   6.4796E-06   6.8576E-06   0.94487
FLUX  499   633.00        4.736058E+14   6.5429E-06   6.8726E-06   0.95203
FLUX  500   635.00        4.721142E+14   6.6004E-06   6.8874E-06   0.95834
FLUX  501   637.00        4.706319E+14   6.6098E-06   6.9020E-06   0.95767
FLUX  502   639.00        4.691588E+14   6.6962E-06   6.9165E-06   0.96815
FLUX  503   641.00        4.676950E+14   6.5706E-06   6.9308E-06   0.94803
FLUX  504   643.00        4.662403E+14   6.6787E-06   6.9450E-06   0.96167
FLUX  505   645.00        4.647946E+14   6.6309E-06   6.9590E-06   0.95285
FLUX  506   647.00        4.633578E+14   6.6412E-06   6.9729E-06   0.95243
FLUX  507   649.00        4.619299E+14   6.5857E-06   6.9866E-06   0.94261
FLUX  508   651.00        4.605108E+14   6.7838E-06   7.0002E-06   0.96908
FLUX  509   653.00        4.591003E+14   6.8269E-06   7.0137E-06   0.97337
FLUX  510   655.00        4.576985E+14   6.6955E-06   7.0349E-06   0.95176
FLUX  511   657.00        4.563052E+14   6.1834E-06   7.0480E-06   0.87733
FLUX  512   659.00        4.549203E+14   6.7977E-06   7.0611E-06   0.96270
FLUX  513   661.00        4.535439E+14   6.9153E-06   7.0739E-06   0.97757
FLUX  514   663.00        4.521757E+14   6.8920E-06   7.0867E-06   0.97252
FLUX  515   665.00        4.508158E+14   6.9128E-06   7.0993E-06   0.97373
FLUX  516   667.00        4.494640E+14   6.8601E-06   7.1118E-06   0.96461
FLUX  517   669.00        4.481203E+14   7.0021E-06   7.1241E-06   0.98287
FLUX  518   671.00        4.467846E+14   6.8799E-06   7.1363E-06   0.96407
FLUX  519   673.00        4.454569E+14   7.0113E-06   7.1484E-06   0.98083
FLUX  520   675.00        4.441370E+14   6.9657E-06   7.1603E-06   0.97283
FLUX  521   677.00        4.428250E+14   6.9970E-06   7.1721E-06   0.97559
FLUX  522   679.00        4.415206E+14   7.0008E-06   7.1837E-06   0.97453
FLUX  523   681.00        4.402239E+14   6.9895E-06   7.1953E-06   0.97140
FLUX  524   683.00        4.389348E+14   7.0742E-06   7.2067E-06   0.98162
FLUX  525   685.00        4.376533E+14   6.9432E-06   7.2180E-06   0.96194
FLUX  526   687.00        4.363792E+14   7.0487E-06   7.2291E-06   0.97504
FLUX  527   689.00        4.351125E+14   7.0921E-06   7.2401E-06   0.97956
FLUX  528   691.00        4.338531E+14   7.0777E-06   7.2510E-06   0.97609
FLUX  529   693.00        4.326010E+14   7.0808E-06   7.2618E-06   0.97508
FLUX  530   695.00        4.313561E+14   7.0818E-06   7.2724E-06   0.97379
FLUX  531   697.00        4.301184E+14   7.1181E-06   7.2829E-06   0.97736
FLUX  532   699.00        4.288877E+14   7.1182E-06   7.2933E-06   0.97598
FLUX  533   701.00        4.276641E+14   6.9565E-06   7.3036E-06   0.95247
FLUX  534   703.00        4.264474E+14   7.0988E-06   7.3138E-06   0.97060
FLUX  535   705.00        4.252376E+14   7.1605E-06   7.3238E-06   0.97770
FLUX  536   707.00        4.240347E+14   7.1213E-06   7.3337E-06   0.97105
FLUX  537   709.00        4.228385E+14   7.1244E-06   7.3434E-06   0.97016
FLUX  538   711.00        4.216491E+14   7.1820E-06   7.3531E-06   0.97673
FLUX  539   713.00        4.204663E+14   7.0923E-06   7.3626E-06   0.96328
FLUX  540   715.00        4.192902E+14   7.0728E-06   7.3720E-06   0.95941
FLUX  541   717.00        4.181206E+14   7.1142E-06   7.3813E-06   0.96381
FLUX  542   719.00        4.169576E+14   6.9468E-06   7.3905E-06   0.93996
FLUX  543   721.00        4.158010E+14   7.1145E-06   7.3995E-06   0.96148
FLUX  544   723.00        4.146508E+14   7.1709E-06   7.4084E-06   0.96794
FLUX  545   725.00        4.135069E+14   7.2233E-06   7.4220E-06   0.97323
FLUX  546   727.00        4.123693E+14   7.2288E-06   7.4307E-06   0.97283
FLUX  547   729.00        4.112380E+14   7.0633E-06   7.4392E-06   0.94946
FLUX  548   731.00        4.101129E+14   7.2121E-06   7.4581E-06   0.96701
FLUX  549   733.00        4.089939E+14   7.2050E-06   7.4665E-06   0.96498
FLUX  550   735.00        4.078810E+14   7.2582E-06   7.4747E-06   0.97104
FLUX  551   737.00        4.067741E+14   7.3024E-06   7.4829E-06   0.97589
FLUX  552   739.00        4.056732E+14   7.1549E-06   7.4909E-06   0.95515
FLUX  553   741.00        4.045783E+14   7.1005E-06   7.4988E-06   0.94689
FLUX  554   743.00        4.034892E+14   7.2153E-06   7.5066E-06   0.96120
FLUX  555   745.00        4.024060E+14   7.2530E-06   7.5143E-06   0.96522
FLUX  556   747.00        4.013286E+14   7.3326E-06   7.5219E-06   0.97484
FLUX  557   749.00        4.002570E+14   7.2918E-06   7.5294E-06   0.96844
FLUX  558   751.00        3.991911E+14   7.3288E-06   7.5368E-06   0.97240
FLUX  559   753.00        3.981308E+14   7.3659E-06   7.5441E-06   0.97638
FLUX  560   755.00        3.970762E+14   7.4068E-06   7.5513E-06   0.98087
FLUX  561   757.00        3.960271E+14   7.3619E-06   7.5584E-06   0.97401
FLUX  562   759.00        3.949835E+14   7.3763E-06   7.5654E-06   0.97500
FLUX  563   761.00        3.939455E+14   7.3646E-06   7.5723E-06   0.97257
FLUX  564   763.00        3.929128E+14   7.4280E-06   7.5791E-06   0.98006
FLUX  565   765.00        3.918856E+14   7.4314E-06   7.5858E-06   0.97965
FLUX  566   767.00        3.908638E+14   7.2592E-06   7.5924E-06   0.95612
FLUX  567   769.00        3.898472E+14   7.4423E-06   7.5989E-06   0.97939
FLUX  568   771.00        3.888359E+14   7.3808E-06   7.6053E-06   0.97049
FLUX  569   773.00        3.878299E+14   7.4155E-06   7.6116E-06   0.97424
FLUX  570   775.00        3.868290E+14   7.3554E-06   7.6178E-06   0.96556
FLUX  571   777.00        3.858333E+14   7.5069E-06   7.6239E-06   0.98465
FLUX  572   779.00        3.848427E+14   7.5163E-06   7.6300E-06   0.98510
FLUX  573   781.00        3.838572E+14   7.5022E-06   7.6359E-06   0.98249
FLUX  574   783.00        3.828768E+14   7.4500E-06   7.6418E-06   0.97491
FLUX  575   785.00        3.819013E+14   7.4770E-06   7.6475E-06   0.97770
FLUX  576   787.00        3.809307E+14   7.5539E-06   7.6532E-06   0.98702
FLUX  577   789.00        3.799651E+14   7.5269E-06   7.6588E-06   0.98278
FLUX  578   791.00        3.790044E+14   7.4420E-06   7.6643E-06   0.97099
FLUX  579   793.00        3.780485E+14   7.3363E-06   7.6697E-06   0.95653
FLUX  580   795.00        3.770975E+14   7.3596E-06   7.6750E-06   0.95891
FLUX  581   797.00        3.761512E+14   7.5275E-06   7.6802E-06   0.98012
FLUX  582   799.00        3.752096E+14   7.5498E-06   7.6853E-06   0.98237
FLUX  583   801.00        3.742728E+14   7.4827E-06   7.6904E-06   0.97300
FLUX  584   803.00        3.733406E+14   7.5052E-06   7.6953E-06   0.97529
FLUX  585   805.00        3.724130E+14   7.4623E-06   7.7002E-06   0.96911
FLUX  586   807.00        3.714901E+14   7.5407E-06   7.7049E-06   0.97868
FLUX  587   809.00        3.705717E+14   7.4204E-06   7.7096E-06   0.96249
FLUX  588   811.00        3.696578E+14   7.5084E-06   7.7142E-06   0.97332
FLUX  589   813.00        3.687485E+14   7.5725E-06   7.7187E-06   0.98106
FLUX  590   815.00        3.678436E+14   7.5559E-06   7.7231E-06   0.97834
FLUX  591   817.00        3.669431E+14   7.5670E-06   7.7275E-06   0.97923
FLUX  592   819.00        3.660470E+14   7.3598E-06   7.7318E-06   0.95189
FLUX  593   821.00        3.651553E+14   7.4211E-06   7.7520E-06   0.95732
FLUX  594   823.00        3.642679E+14   7.4403E-06   7.7562E-06   0.95928
FLUX  595   825.00        3.633848E+14   7.5373E-06   7.7602E-06   0.97127
FLUX  596   827.00        3.625060E+14   7.6201E-06   7.7643E-06   0.98143
FLUX  597   829.00        3.616315E+14   7.6027E-06   7.7682E-06   0.97869
FLUX  598   831.00        3.607611E+14   7.4724E-06   7.7721E-06   0.96144
FLUX  599   833.00        3.598950E+14   7.4584E-06   7.7758E-06   0.95918
FLUX  600   835.00        3.590329E+14   7.5213E-06   7.7796E-06   0.96680
FLUX  601   837.00        3.581750E+14   7.5841E-06   7.7832E-06   0.97442
FLUX  602   839.00        3.573212E+14   7.4420E-06   7.7868E-06   0.95572
FLUX  603   841.00        3.564715E+14   7.6137E-06   7.7903E-06   0.97733
FLUX  604   843.00        3.556257E+14   7.4851E-06   7.7937E-06   0.96041
FLUX  605   845.00        3.547840E+14   7.5769E-06   7.7971E-06   0.97177
FLUX  606   847.00        3.539463E+14   7.5413E-06   7.8004E-06   0.96679
FLUX  607   849.00        3.531125E+14   7.4979E-06   7.8036E-06   0.96083
FLUX  608   851.00        3.522826E+14   7.1872E-06   7.8068E-06   0.92063
FLUX  609   853.00        3.514566E+14   7.4316E-06   7.8098E-06   0.95157
FLUX  610   855.00        3.506345E+14   6.4488E-06   7.8129E-06   0.82540
FLUX  611   857.00        3.498162E+14   7.6583E-06   7.8158E-06   0.97985
FLUX  612   859.00        3.490017E+14   7.5525E-06   7.8187E-06   0.96595
FLUX  613   861.00        3.481911E+14   7.5677E-06   7.8216E-06   0.96754
FLUX  614   863.00        3.473841E+14   7.6537E-06   7.8243E-06   0.97820
FLUX  615   865.00        3.465809E+14   7.5801E-06   7.8270E-06   0.96845
FLUX  616   867.00        3.457814E+14   6.6129E-06   7.8297E-06   0.84460
FLUX  617   869.00        3.449856E+14   7.4490E-06   7.8322E-06   0.95107
FLUX  618   871.00        3.441935E+14   7.6068E-06   7.8348E-06   0.97091
FLUX  619   873.00        3.434049E+14   7.6162E-06   7.8372E-06   0.97180
FLUX  620   875.00        3.426200E+14   7.5292E-06   7.8396E-06   0.96040
FLUX  621   877.00        3.418387E+14   7.6814E-06   7.8420E-06   0.97953
FLUX  622   879.00        3.410609E+14   7.6461E-06   7.8443E-06   0.97474
FLUX  623   881.00        3.402866E+14   7.4671E-06   7.8465E-06   0.95165
FLUX  624   883.00        3.395159E+14   7.6334E-06   7.8487E-06   0.97257
FLUX  625   885.00        3.387486E+14   7.6673E-06   7.8508E-06   0.97663
FLUX  626   887.00        3.379848E+14   7.5002E-06   7.8528E-06   0.95510
FLUX  627   889.00        3.372244E+14   7.7260E-06   7.8548E-06   0.98360
FLUX  628   891.00        3.364675E+14   7.7688E-06   7.8568E-06   0.98881
FLUX  629   893.00        3.357139E+14   7.6430E-06   7.8586E-06   0.97256
FLUX  630   895.00        3.349637E+14   7.6637E-06   7.8605E-06   0.97497
FLUX  631   897.00        3.342168E+14   7.6990E-06   7.8622E-06   0.97924
FLUX  632   899.00        3.334733E+14   7.7431E-06   7.8640E-06   0.98464
FLUX  633   901.00        3.327331E+14   7.3993E-06   7.8656E-06   0.94071
FLUX  634   903.00        3.319961E+14   7.6701E-06   7.8672E-06   0.97495
FLUX  635   905.00        3.312624E+14   7.8128E-06   7.8687E-06   0.99289
FLUX  636   907.00        3.305320E+14   7.7163E-06   7.8702E-06   0.98044
FLUX  637   909.00        3.298047E+14   7.5325E-06   7.8716E-06   0.95692
FLUX  638   911.00        3.290807E+14   7.6164E-06   7.8730E-06   0.96741
FLUX  639   913.00        3.283598E+14   7.7684E-06   7.8743E-06   0.98656
FLUX  640   915.00        3.276421E+14   7.6778E-06   7.8756E-06   0.97489
FLUX  641   917.00        3.269275E+14   7.6419E-06   7.8768E-06   0.97018
FLUX  642   919.00        3.262160E+14   7.6918E-06   7.8780E-06   0.97637
FLUX  643   921.00        3.255076E+14   7.5189E-06   7.8791E-06   0.95428
FLUX  644   923.00        3.248023E+14   7.4306E-06   7.8802E-06   0.94294
FLUX  645   925.00        3.241000E+14   7.4967E-06   7.8813E-06   0.95120
FLUX  646   927.00        3.234008E+14   7.6291E-06   7.8823E-06   0.96788
FLUX  647   929.00        3.227045E+14   7.6394E-06   7.8833E-06   0.96906
FLUX  648   931.00        3.220113E+14   7.7165E-06   7.8843E-06   0.97872
FLUX  649   933.00        3.213210E+14   7.6998E-06   7.8852E-06   0.97648
FLUX  650   935.00        3.206337E+14   7.6849E-06   7.8861E-06   0.97450
FLUX  651   937.00        3.199493E+14   7.6726E-06   7.8869E-06   0.97283
FLUX  652   939.00        3.192678E+14   7.6803E-06   7.8877E-06   0.97371
FLUX  653   941.00        3.185893E+14   7.4178E-06   7.8884E-06   0.94034
FLUX  654   943.00        3.179136E+14   7.6300E-06   7.8891E-06   0.96715
FLUX  655   945.00        3.172407E+14   7.5470E-06   7.8898E-06   0.95655
FLUX  656   947.00        3.165707E+14   7.6966E-06   7.8905E-06   0.97543
FLUX  657   949.00        3.159036E+14   7.7268E-06   7.8910E-06   0.97918
FLUX  658   951.00        3.152392E+14   7.7152E-06   7.8916E-06   0.97766
FLUX  659   953.00        3.145776E+14   7.6726E-06   7.8921E-06   0.97219
FLUX  660   955.00        3.139188E+14   7.4929E-06   7.8925E-06   0.94936
FLUX  661   957.00        3.132628E+14   7.6625E-06   7.8929E-06   0.97081
FLUX  662   959.00        3.126095E+14   7.7520E-06   7.8933E-06   0.98210
FLUX  663   961.00        3.119589E+14   7.7011E-06   7.8936E-06   0.97561
FLUX  664   963.00        3.113110E+14   7.6647E-06   7.8939E-06   0.97096
FLUX  665   965.00        3.106658E+14   7.6360E-06   7.8942E-06   0.96729
FLUX  666   967.00        3.100233E+14   7.6378E-06   7.8944E-06   0.96750
FLUX  667   969.00        3.093834E+14   7.7373E-06   7.8946E-06   0.98008
FLUX  668   971.00        3.087461E+14   7.7184E-06   7.8947E-06   0.97767
FLUX  669   973.00        3.081115E+14   7.7276E-06   7.8949E-06   0.97882
FLUX  670   975.00        3.074795E+14   7.6756E-06   7.8949E-06   0.97222
FLUX  671   977.00        3.068501E+14   7.7106E-06   7.8950E-06   0.97664
FLUX  672   979.00        3.062232E+14   7.6685E-06   7.8950E-06   0.97131
FLUX  673   981.00        3.055989E+14   7.7636E-06   7.8949E-06   0.98337
FLUX  674   983.00        3.049771E+14   7.7438E-06   7.8949E-06   0.98086
FLUX  675   985.00        3.043579E+14   7.7795E-06   7.8948E-06   0.98540
FLUX  676   987.00        3.037411E+14   7.7380E-06   7.8946E-06   0.98016
FLUX  677   989.00        3.031269E+14   7.7487E-06   7.8945E-06   0.98154
FLUX  678   991.00        3.025151E+14   7.7217E-06   7.8943E-06   0.97813
FLUX  679   993.00        3.019058E+14   7.8092E-06   7.8941E-06   0.98925
FLUX  680   995.00        3.012990E+14   7.8028E-06   7.8939E-06   0.98846
FLUX  681   997.00        3.006946E+14   7.8141E-06   7.8936E-06   0.98993
FLUX  682   999.00        3.000926E+14   7.8010E-06   7.8933E-06   0.98831
FLUX  683  1002.50        2.990449E+14   7.7743E-06   7.8927E-06   0.98500
FLUX  684  1007.50        2.975608E+14   7.7108E-06   7.8918E-06   0.97707
FLUX  685  1012.50        2.960914E+14   7.7958E-06   7.8907E-06   0.98796
FLUX  686  1017.50        2.946364E+14   7.7292E-06   7.8896E-06   0.97967
FLUX  687  1022.50        2.931956E+14   7.7757E-06   7.8884E-06   0.98572
FLUX  688  1027.50        2.917689E+14   7.8218E-06   7.8870E-06   0.99173
FLUX  689  1032.50        2.903559E+14   7.7525E-06   7.8856E-06   0.98312
FLUX  690  1037.50        2.889566E+14   7.7568E-06   7.8840E-06   0.98386
FLUX  691  1042.50        2.875707E+14   7.8094E-06   7.8823E-06   0.99074
FLUX  692  1047.50        2.861981E+14   7.7546E-06   7.8805E-06   0.98402
FLUX  693  1052.50        2.848385E+14   7.8033E-06   7.8785E-06   0.99045
FLUX  694  1057.50        2.834917E+14   7.7640E-06   7.8763E-06   0.98574
FLUX  695  1062.50        2.821576E+14   7.7562E-06   7.8740E-06   0.98503
FLUX  696  1067.50        2.808361E+14   7.6503E-06   7.8716E-06   0.97189
FLUX  697  1072.50        2.795268E+14   7.7289E-06   7.8691E-06   0.98218
FLUX  698  1077.50        2.782297E+14   7.6900E-06   7.8666E-06   0.97755
FLUX  699  1082.50        2.769446E+14   7.5885E-06   7.8642E-06   0.96495
FLUX  700  1087.50        2.756713E+14   7.6244E-06   7.8617E-06   0.96982
FLUX  701  1092.50        2.744096E+14   7.5807E-06   7.8591E-06   0.96458
FLUX  702  1097.50        2.731595E+14   7.4791E-06   7.8565E-06   0.95197
FLUX  703  1102.50        2.719206E+14   7.5609E-06   7.8537E-06   0.96271
FLUX  704  1107.50        2.706930E+14   7.6311E-06   7.8509E-06   0.97200
FLUX  705  1112.50        2.694764E+14   7.6081E-06   7.8480E-06   0.96944
FLUX  706  1117.50        2.682707E+14   7.6226E-06   7.8450E-06   0.97165
FLUX  707  1122.50        2.670757E+14   7.6590E-06   7.8421E-06   0.97665
FLUX  708  1127.50        2.658914E+14   7.5538E-06   7.8391E-06   0.96360
FLUX  709  1132.50        2.647174E+14   7.6349E-06   7.8363E-06   0.97430
FLUX  710  1137.50        2.635538E+14   7.6000E-06   7.8334E-06   0.97021
FLUX  711  1142.50        2.624004E+14   7.5755E-06   7.8304E-06   0.96745
FLUX  712  1147.50        2.612571E+14   7.6967E-06   7.8273E-06   0.98331
FLUX  713  1152.50        2.601236E+14   7.7051E-06   7.8243E-06   0.98478
FLUX  714  1157.50        2.590000E+14   7.6526E-06   7.8212E-06   0.97845
FLUX  715  1162.50        2.578860E+14   7.5909E-06   7.8180E-06   0.97094
FLUX  716  1167.50        2.567816E+14   7.6327E-06   7.8149E-06   0.97667
FLUX  717  1172.50        2.556866E+14   7.7323E-06   7.8119E-06   0.98982
FLUX  718  1177.50        2.546008E+14   7.6191E-06   7.8088E-06   0.97571
FLUX  719  1182.50        2.535243E+14   7.5834E-06   7.8058E-06   0.97151
FLUX  720  1187.50        2.524568E+14   7.5884E-06   7.8028E-06   0.97252
FLUX  721  1192.50        2.513983E+14   7.7413E-06   7.7998E-06   0.99249
FLUX  722  1197.50        2.503486E+14   7.4768E-06   7.7969E-06   0.95894
FLUX  723  1202.50        2.493077E+14   7.6179E-06   7.7939E-06   0.97742
FLUX  724  1207.50        2.482754E+14   7.5751E-06   7.7909E-06   0.97229
FLUX  725  1212.50        2.472515E+14   7.6485E-06   7.7880E-06   0.98209
FLUX  726  1217.50        2.462361E+14   7.7271E-06   7.7850E-06   0.99255
FLUX  727  1222.50        2.452290E+14   7.7218E-06   7.7822E-06   0.99224
FLUX  728  1227.50        2.442301E+14   7.6826E-06   7.7794E-06   0.98756
FLUX  729  1232.50        2.432394E+14   7.7034E-06   7.7766E-06   0.99059
FLUX  730  1237.50        2.422566E+14   7.6995E-06   7.7740E-06   0.99042
FLUX  731  1242.50        2.412817E+14   7.6724E-06   7.7714E-06   0.98727
FLUX  732  1247.50        2.403146E+14   7.7159E-06   7.7688E-06   0.99319
FLUX  733  1252.50        2.393553E+14   7.6864E-06   7.7664E-06   0.98970
FLUX  734  1257.50        2.384036E+14   7.6932E-06   7.7639E-06   0.99088
FLUX  735  1262.50        2.374594E+14   7.6891E-06   7.7616E-06   0.99065
FLUX  736  1267.50        2.365227E+14   7.6534E-06   7.7593E-06   0.98634
FLUX  737  1272.50        2.355933E+14   7.6995E-06   7.7572E-06   0.99256
FLUX  738  1277.50        2.346712E+14   7.7016E-06   7.7552E-06   0.99310
FLUX  739  1282.50        2.337563E+14   7.3449E-06   7.7533E-06   0.94733
FLUX  740  1287.50        2.328485E+14   7.6557E-06   7.7514E-06   0.98765
FLUX  741  1292.50        2.319478E+14   7.6330E-06   7.7496E-06   0.98495
FLUX  742  1297.50        2.310539E+14   7.6960E-06   7.7479E-06   0.99331
FLUX  743  1302.50        2.301670E+14   7.6460E-06   7.7462E-06   0.98706
FLUX  744  1307.50        2.292868E+14   7.6960E-06   7.7446E-06   0.99373
FLUX  745  1312.50        2.284133E+14   7.5940E-06   7.7430E-06   0.98076
FLUX  746  1317.50        2.275465E+14   7.5947E-06   7.7415E-06   0.98104
FLUX  747  1322.50        2.266862E+14   7.6803E-06   7.7401E-06   0.99228
FLUX  748  1327.50        2.258324E+14   7.5942E-06   7.7387E-06   0.98133
FLUX  749  1332.50        2.249850E+14   7.6422E-06   7.7374E-06   0.98770
FLUX  750  1337.50        2.241439E+14   7.6325E-06   7.7362E-06   0.98660
FLUX  751  1342.50        2.233091E+14   7.6832E-06   7.7350E-06   0.99330
FLUX  752  1347.50        2.224805E+14   7.6680E-06   7.7340E-06   0.99147
FLUX  753  1352.50        2.216580E+14   7.6756E-06   7.7331E-06   0.99256
FLUX  754  1357.50        2.208416E+14   7.5886E-06   7.7324E-06   0.98140
FLUX  755  1362.50        2.200312E+14   7.6155E-06   7.7317E-06   0.98498
FLUX  756  1367.50        2.192267E+14   7.6231E-06   7.7310E-06   0.98604
FLUX  757  1372.50        2.184281E+14   7.6384E-06   7.7304E-06   0.98810
FLUX  758  1377.50        2.176352E+14   7.6318E-06   7.7299E-06   0.98731
FLUX  759  1382.50        2.168481E+14   7.6475E-06   7.7293E-06   0.98942
FLUX  760  1387.50        2.160667E+14   7.6428E-06   7.7288E-06   0.98888
FLUX  761  1392.50        2.152908E+14   7.6518E-06   7.7283E-06   0.99010
FLUX  762  1397.50        2.145206E+14   7.6401E-06   7.7279E-06   0.98864
FLUX  763  1402.50        2.137558E+14   7.5861E-06   7.7275E-06   0.98170
FLUX  764  1407.50        2.129964E+14   7.6175E-06   7.7271E-06   0.98581
FLUX  765  1412.50        2.122425E+14   7.5210E-06   7.7267E-06   0.97337
FLUX  766  1417.50        2.114938E+14   7.5990E-06   7.7264E-06   0.98352
FLUX  767  1422.50        2.107504E+14   7.4826E-06   7.7261E-06   0.96848
FLUX  768  1427.50        2.100123E+14   7.3959E-06   7.7257E-06   0.95731
FLUX  769  1432.50        2.092792E+14   7.5564E-06   7.7252E-06   0.97815
FLUX  770  1437.50        2.085513E+14   7.6099E-06   7.7247E-06   0.98514
FLUX  771  1442.50        2.078284E+14   7.3872E-06   7.7242E-06   0.95637
FLUX  772  1447.50        2.071105E+14   7.5861E-06   7.7236E-06   0.98220
FLUX  773  1452.50        2.063976E+14   7.4553E-06   7.7231E-06   0.96533
FLUX  774  1457.00        2.057601E+14   7.5129E-06   7.7226E-06   0.97285
FLUX  775  1462.00        2.050564E+14   7.5249E-06   7.7482E-06   0.97118
FLUX  776  1467.50        2.042879E+14   7.5250E-06   7.7481E-06   0.97121
FLUX  777  1472.50        2.035942E+14   7.4258E-06   7.7479E-06   0.95843
FLUX  778  1477.50        2.029052E+14   7.4598E-06   7.7476E-06   0.96286
FLUX  779  1482.50        2.022209E+14   7.4836E-06   7.7470E-06   0.96600
FLUX  780  1487.50        2.015412E+14   7.3054E-06   7.7462E-06   0.94309
FLUX  781  1492.50        2.008660E+14   7.5718E-06   7.7453E-06   0.97760
FLUX  782  1497.50        2.001953E+14   7.4955E-06   7.7442E-06   0.96789
FLUX  783  1502.50        1.995291E+14   7.2520E-06   7.7429E-06   0.93661
FLUX  784  1507.50        1.988673E+14   7.3309E-06   7.7413E-06   0.94699
FLUX  785  1512.50        1.982099E+14   7.5039E-06   7.7394E-06   0.96957
FLUX  786  1517.50        1.975568E+14   7.5411E-06   7.7373E-06   0.97465
FLUX  787  1522.50        1.969080E+14   7.4457E-06   7.7347E-06   0.96263
FLUX  788  1527.50        1.962635E+14   7.5222E-06   7.7319E-06   0.97287
FLUX  789  1532.50        1.956232E+14   7.4953E-06   7.7286E-06   0.96981
FLUX  790  1537.50        1.949870E+14   7.5029E-06   7.7250E-06   0.97125
FLUX  791  1542.50        1.943549E+14   7.5204E-06   7.7209E-06   0.97403
FLUX  792  1547.50        1.937270E+14   7.5140E-06   7.7163E-06   0.97378
FLUX  793  1552.50        1.931031E+14   7.4413E-06   7.7112E-06   0.96500
FLUX  794  1557.50        1.924831E+14   7.4298E-06   7.7056E-06   0.96421
FLUX  795  1562.50        1.918672E+14   7.5171E-06   7.6992E-06   0.97635
FLUX  796  1567.50        1.912552E+14   7.3695E-06   7.6922E-06   0.95804
FLUX  797  1572.50        1.906471E+14   7.4289E-06   7.6846E-06   0.96672
FLUX  798  1577.50        1.900428E+14   7.1462E-06   7.6762E-06   0.93096
FLUX  799  1582.50        1.894423E+14   7.3372E-06   7.6669E-06   0.95699
FLUX  800  1587.50        1.888457E+14   7.1228E-06   7.6567E-06   0.93027
FLUX  801  1592.50        1.882527E+14   7.3013E-06   7.6456E-06   0.95496
FLUX  802  1597.50        1.876635E+14   7.3450E-06   7.6335E-06   0.96221
FLUX  803  1605.00        1.867866E+14   7.3345E-06   7.6133E-06   0.96338
FLUX  804  1615.00        1.856300E+14   7.2578E-06   7.5817E-06   0.95728
FLUX  805  1625.00        1.844877E+14   7.3263E-06   7.5438E-06   0.97117
FLUX  806  1635.00        1.833593E+14   7.2270E-06   7.4963E-06   0.96407
FLUX  807  1645.00        1.822447E+14   7.1360E-06   7.4361E-06   0.95964
FLUX  808  1655.00        1.811435E+14   7.2168E-06   7.3676E-06   0.97953
FLUX  809  1665.00        1.800556E+14   7.1609E-06   7.3000E-06   0.98094
FLUX  810  1675.00        1.789806E+14   7.0044E-06   7.2332E-06   0.96836
FLUX  811  1685.00        1.779184E+14   6.8780E-06   7.1673E-06   0.95964
FLUX  812  1695.00        1.768687E+14   7.0356E-06   7.1021E-06   0.99062
FLUX  813  1705.00        1.758314E+14   6.8844E-06   7.0378E-06   0.97820
FLUX  814  1715.00        1.748061E+14   6.8313E-06   6.9744E-06   0.97949
FLUX  815  1725.00        1.737928E+14   6.7332E-06   6.9117E-06   0.97418
FLUX  816  1735.00        1.727911E+14   6.4961E-06   6.8497E-06   0.94837
FLUX  817  1745.00        1.718009E+14   6.6087E-06   6.7886E-06   0.97350
FLUX  818  1755.00        1.708219E+14   6.6238E-06   6.7281E-06   0.98450
FLUX  819  1765.00        1.698541E+14   6.5625E-06   6.6684E-06   0.98412
FLUX  820  1775.00        1.688972E+14   6.4956E-06   6.6095E-06   0.98277
FLUX  821  1785.00        1.679510E+14   6.4775E-06   6.5513E-06   0.98874
FLUX  822  1795.00        1.670153E+14   6.4261E-06   6.4938E-06   0.98958
FLUX  823  1805.00        1.660900E+14   6.3391E-06   6.4370E-06   0.98479
FLUX  824  1815.00        1.651749E+14   6.1262E-06   6.3809E-06   0.96008
FLUX  825  1825.00        1.642699E+14   6.1786E-06   6.3255E-06   0.97676
FLUX  826  1835.00        1.633747E+14   6.1689E-06   6.2708E-06   0.98376
FLUX  827  1845.00        1.624892E+14   6.0595E-06   6.2166E-06   0.97473
FLUX  828  1855.00        1.616132E+14   6.0684E-06   6.1632E-06   0.98462
FLUX  829  1865.00        1.607466E+14   5.9572E-06   6.1103E-06   0.97493
FLUX  830  1875.00        1.598893E+14   5.6717E-06   6.0582E-06   0.93620
FLUX  831  1885.00        1.590411E+14   5.8865E-06   6.0067E-06   0.97999
FLUX  832  1895.00        1.582018E+14   5.7201E-06   5.9558E-06   0.96043
FLUX  833  1905.00        1.573714E+14   5.8284E-06   5.9055E-06   0.98694
FLUX  834  1915.00        1.565496E+14   5.7566E-06   5.8558E-06   0.98305
FLUX  835  1925.00        1.557364E+14   5.7182E-06   5.8068E-06   0.98474
FLUX  836  1935.00        1.549315E+14   5.6161E-06   5.7582E-06   0.97531
FLUX  837  1945.00        1.541350E+14   5.3916E-06   5.7103E-06   0.94419
FLUX  838  1955.00        1.533465E+14   5.5676E-06   5.6630E-06   0.98316
FLUX  839  1965.00        1.525662E+14   5.5146E-06   5.6162E-06   0.98191
FLUX  840  1975.00        1.517937E+14   5.4404E-06   5.5699E-06   0.97674
FLUX  841  1985.00        1.510290E+14   5.4329E-06   5.5242E-06   0.98346
FLUX  842  1995.00        1.502719E+14   5.3895E-06   5.4790E-06   0.98366
FLUX  843  2005.00        1.495224E+14   5.3840E-06   5.4344E-06   0.99072
FLUX  844  2015.00        1.487804E+14   5.3671E-06   5.3903E-06   0.99570
FLUX  845  2025.00        1.480457E+14   5.2697E-06   5.3467E-06   0.98561
FLUX  846  2035.00        1.473182E+14   5.1955E-06   5.3035E-06   0.97962
FLUX  847  2045.00        1.465978E+14   5.2342E-06   5.2609E-06   0.99492
FLUX  848  2055.00        1.458844E+14   5.1713E-06   5.2188E-06   0.99090
FLUX  849  2065.00        1.451780E+14   5.0958E-06   5.1772E-06   0.98428
FLUX  850  2075.00        1.444783E+14   5.0841E-06   5.1360E-06   0.98988
FLUX  851  2085.00        1.437854E+14   5.0417E-06   5.0954E-06   0.98947
FLUX  852  2095.00        1.430990E+14   4.9650E-06   5.0551E-06   0.98217
FLUX  853  2105.00        1.424192E+14   4.9809E-06   5.0154E-06   0.99314
FLUX  854  2115.00        1.417459E+14   4.9293E-06   4.9760E-06   0.99061
FLUX  855  2125.00        1.410788E+14   4.8888E-06   4.9372E-06   0.99021
FLUX  856  2135.00        1.404180E+14   4.8634E-06   4.8987E-06   0.99280
FLUX  857  2145.00        1.397634E+14   4.8343E-06   4.8607E-06   0.99458
FLUX  858  2155.00        1.391148E+14   4.7924E-06   4.8231E-06   0.99364
FLUX  859  2165.00        1.384723E+14   4.5831E-06   4.7859E-06   0.95762
FLUX  860  2175.00        1.378356E+14   4.6701E-06   4.7491E-06   0.98335
FLUX  861  2185.00        1.372048E+14   4.6529E-06   4.7128E-06   0.98730
FLUX  862  2195.00        1.365797E+14   4.6571E-06   4.6768E-06   0.99577
FLUX  863  2205.00        1.359603E+14   4.5671E-06   4.6413E-06   0.98402
FLUX  864  2215.00        1.353465E+14   4.5867E-06   4.6061E-06   0.99579
FLUX  865  2225.00        1.347382E+14   4.5370E-06   4.5713E-06   0.99249
FLUX  866  2235.00        1.341353E+14   4.5035E-06   4.5369E-06   0.99264
FLUX  867  2245.00        1.335379E+14   4.4725E-06   4.5029E-06   0.99324
FLUX  868  2255.00        1.329457E+14   4.4310E-06   4.4693E-06   0.99143
FLUX  869  2265.00        1.323587E+14   4.3896E-06   4.4360E-06   0.98955
FLUX  870  2275.00        1.317769E+14   4.3843E-06   4.4031E-06   0.99573
FLUX  871  2285.00        1.312002E+14   4.3146E-06   4.3753E-06   0.98612
FLUX  872  2295.00        1.306285E+14   4.2299E-06   4.3431E-06   0.97394
FLUX  873  2305.00        1.300618E+14   4.2557E-06   4.3113E-06   0.98712
FLUX  874  2315.00        1.295000E+14   4.2216E-06   4.2797E-06   0.98642
FLUX  875  2325.00        1.289430E+14   4.0963E-06   4.2485E-06   0.96416
FLUX  876  2335.00        1.283908E+14   4.1171E-06   4.2177E-06   0.97615
FLUX  877  2345.00        1.278433E+14   4.1339E-06   4.1871E-06   0.98730
FLUX  878  2355.00        1.273004E+14   3.9833E-06   4.1569E-06   0.95824
FLUX  879  2365.00        1.267622E+14   4.0461E-06   4.1270E-06   0.98039
FLUX  880  2375.00        1.262284E+14   4.0007E-06   4.0974E-06   0.97639
FLUX  881  2385.00        1.256992E+14   3.8853E-06   4.0682E-06   0.95504
FLUX  882  2395.00        1.251743E+14   3.9488E-06   4.0392E-06   0.97762
FLUX  883  2405.00        1.246538E+14   3.9345E-06   4.0106E-06   0.98104
FLUX  884  2415.00        1.241377E+14   3.8195E-06   3.9822E-06   0.95913
FLUX  885  2425.00        1.236258E+14   3.8512E-06   3.9541E-06   0.97396
FLUX  886  2435.00        1.231181E+14   3.8354E-06   3.9264E-06   0.97685
FLUX  887  2445.00        1.226145E+14   3.7798E-06   3.8989E-06   0.96946
FLUX  888  2455.00        1.221151E+14   3.7211E-06   3.8716E-06   0.96111
FLUX  889  2465.00        1.216197E+14   3.7703E-06   3.8447E-06   0.98065
FLUX  890  2475.00        1.211283E+14   3.7067E-06   3.8180E-06   0.97086
FLUX  891  2485.00        1.206408E+14   3.6385E-06   3.7916E-06   0.95963
FLUX  892  2495.00        1.201573E+14   3.6809E-06   3.7655E-06   0.97754
FLUX  893  2505.00        1.196776E+14   3.6655E-06   3.7396E-06   0.98019
FLUX  894  2515.00        1.192018E+14   3.6071E-06   3.7140E-06   0.97122
FLUX  895  2525.00        1.187297E+14   3.6204E-06   3.6886E-06   0.98151
FLUX  896  2535.00        1.182613E+14   3.5950E-06   3.6635E-06   0.98132
FLUX  897  2545.00        1.177967E+14   3.5424E-06   3.6386E-06   0.97355
FLUX  898  2555.00        1.173356E+14   3.5291E-06   3.6140E-06   0.97649
FLUX  899  2565.00        1.168782E+14   3.5101E-06   3.5897E-06   0.97783
FLUX  900  2575.00        1.164243E+14   3.5185E-06   3.5655E-06   0.98682
FLUX  901  2585.00        1.159739E+14   3.4307E-06   3.5417E-06   0.96868
FLUX  902  2595.00        1.155270E+14   3.4554E-06   3.5180E-06   0.98221
FLUX  903  2605.00        1.150835E+14   3.4465E-06   3.4946E-06   0.98625
FLUX  904  2615.00        1.146434E+14   3.4112E-06   3.4714E-06   0.98265
FLUX  905  2625.00        1.142067E+14   3.2896E-06   3.4485E-06   0.95394
FLUX  906  2635.00        1.137732E+14   3.3578E-06   3.4257E-06   0.98017
FLUX  907  2645.00        1.133431E+14   3.3336E-06   3.4032E-06   0.97954
FLUX  908  2655.00        1.129162E+14   3.3158E-06   3.3809E-06   0.98076
FLUX  909  2665.00        1.124925E+14   3.2760E-06   3.3588E-06   0.97533
FLUX  910  2675.00        1.120720E+14   3.2938E-06   3.3369E-06   0.98709
FLUX  911  2685.00        1.116546E+14   3.2869E-06   3.3153E-06   0.99145
FLUX  912  2695.00        1.112403E+14   3.2595E-06   3.2938E-06   0.98958
FLUX  913  2705.00        1.108290E+14   3.2453E-06   3.2726E-06   0.99166
FLUX  914  2715.00        1.104208E+14   3.2213E-06   3.2515E-06   0.99071
FLUX  915  2725.00        1.100156E+14   3.2032E-06   3.2307E-06   0.99151
FLUX  916  2735.00        1.096133E+14   3.1826E-06   3.2100E-06   0.99146
FLUX  917  2745.00        1.092140E+14   3.1716E-06   3.1895E-06   0.99438
FLUX  918  2755.00        1.088176E+14   3.1318E-06   3.1693E-06   0.98817
FLUX  919  2765.00        1.084241E+14   3.1147E-06   3.1492E-06   0.98906
FLUX  920  2775.00        1.080333E+14   3.1016E-06   3.1293E-06   0.99113
FLUX  921  2785.00        1.076454E+14   3.0868E-06   3.1096E-06   0.99266
FLUX  922  2795.00        1.072603E+14   3.0751E-06   3.0901E-06   0.99515
FLUX  923  2805.00        1.068779E+14   3.0541E-06   3.0708E-06   0.99457
FLUX  924  2815.00        1.064982E+14   3.0375E-06   3.0516E-06   0.99539
FLUX  925  2825.00        1.061212E+14   3.0184E-06   3.0326E-06   0.99531
FLUX  926  2835.00        1.057469E+14   3.0063E-06   3.0138E-06   0.99750
FLUX  927  2845.00        1.053752E+14   2.9754E-06   2.9952E-06   0.99340
FLUX  928  2855.00        1.050061E+14   2.9639E-06   2.9767E-06   0.99570
FLUX  929  2865.00        1.046396E+14   2.9409E-06   2.9584E-06   0.99408
FLUX  930  2875.00        1.042757E+14   2.9049E-06   2.9403E-06   0.98795
FLUX  931  2885.00        1.039142E+14   2.9083E-06   2.9223E-06   0.99521
FLUX  932  2895.00        1.035553E+14   2.8953E-06   2.9045E-06   0.99684
FLUX  933  2905.00        1.031988E+14   2.8768E-06   2.8869E-06   0.99652
FLUX  934  2915.00        1.028448E+14   2.8618E-06   2.8694E-06   0.99736
FLUX  935  2925.00        1.024932E+14   2.8273E-06   2.8521E-06   0.99133
FLUX  936  2935.00        1.021440E+14   2.8254E-06   2.8349E-06   0.99666
FLUX  937  2945.00        1.017971E+14   2.8021E-06   2.8179E-06   0.99442
FLUX  938  2955.00        1.014526E+14   2.7922E-06   2.8010E-06   0.99686
FLUX  939  2965.00        1.011105E+14   2.7763E-06   2.7842E-06   0.99713
FLUX  940  2975.00        1.007706E+14   2.7604E-06   2.7677E-06   0.99737
FLUX  941  2985.00        1.004330E+14   2.7450E-06   2.7512E-06   0.99773
FLUX  942  2995.00        1.000977E+14   2.7224E-06   2.7349E-06   0.99541
FLUX  943  3005.00        9.976456E+13   2.7062E-06   2.7188E-06   0.99535
FLUX  944  3015.00        9.943367E+13   2.6973E-06   2.7028E-06   0.99799
FLUX  945  3025.00        9.910496E+13   2.6770E-06   2.6869E-06   0.99632
FLUX  946  3035.00        9.877842E+13   2.6369E-06   2.6712E-06   0.98716
FLUX  947  3045.00        9.845402E+13   2.6364E-06   2.6555E-06   0.99277
FLUX  948  3055.00        9.813175E+13   2.6316E-06   2.6400E-06   0.99680
FLUX  949  3065.00        9.781158E+13   2.6115E-06   2.6247E-06   0.99497
FLUX  950  3075.00        9.749350E+13   2.6055E-06   2.6094E-06   0.99848
FLUX  951  3085.00        9.717747E+13   2.5802E-06   2.5943E-06   0.99455
FLUX  952  3095.00        9.686349E+13   2.5672E-06   2.5793E-06   0.99532
FLUX  953  3105.00        9.655153E+13   2.5605E-06   2.5645E-06   0.99847
FLUX  954  3115.00        9.624157E+13   2.5201E-06   2.5497E-06   0.98837
FLUX  955  3125.00        9.593360E+13   2.5286E-06   2.5351E-06   0.99740
FLUX  956  3135.00        9.562759E+13   2.5130E-06   2.5207E-06   0.99696
FLUX  957  3145.00        9.532353E+13   2.5021E-06   2.5063E-06   0.99831
FLUX  958  3155.00        9.502139E+13   2.4761E-06   2.4921E-06   0.99358
FLUX  959  3165.00        9.472117E+13   2.4690E-06   2.4780E-06   0.99639
FLUX  960  3175.00        9.442283E+13   2.4546E-06   2.4640E-06   0.99619
FLUX  961  3185.00        9.412637E+13   2.4423E-06   2.4501E-06   0.99682
FLUX  962  3195.00        9.383177E+13   2.4332E-06   2.4363E-06   0.99870
FLUX  963  3210.00        9.339330E+13   2.4083E-06   2.4159E-06   0.99685
FLUX  964  3230.00        9.281502E+13   2.3813E-06   2.3891E-06   0.99676
FLUX  965  3250.00        9.224385E+13   2.3552E-06   2.3627E-06   0.99685
FLUX  966  3270.00        9.167966E+13   2.3287E-06   2.3367E-06   0.99657
FLUX  967  3290.00        9.112234E+13   2.2847E-06   2.3116E-06   0.98837
FLUX  968  3310.00        9.057175E+13   2.2719E-06   2.2864E-06   0.99366
FLUX  969  3330.00        9.002778E+13   2.2453E-06   2.2617E-06   0.99275
FLUX  970  3350.00        8.949030E+13   2.2291E-06   2.2374E-06   0.99630
FLUX  971  3370.00        8.895920E+13   2.2034E-06   2.2134E-06   0.99548
FLUX  972  3390.00        8.843437E+13   2.1738E-06   2.1898E-06   0.99267
FLUX  973  3410.00        8.791569E+13   2.1495E-06   2.1666E-06   0.99209
FLUX  974  3430.00        8.740306E+13   2.1373E-06   2.1438E-06   0.99696
FLUX  975  3450.00        8.689638E+13   2.1156E-06   2.1213E-06   0.99733
FLUX  976  3470.00        8.639553E+13   2.0932E-06   2.0992E-06   0.99714
FLUX  977  3490.00        8.590043E+13   2.0726E-06   2.0774E-06   0.99770
FLUX  978  3510.00        8.541097E+13   2.0515E-06   2.0559E-06   0.99785
FLUX  979  3530.00        8.492705E+13   2.0260E-06   2.0348E-06   0.99565
FLUX  980  3550.00        8.444859E+13   2.0097E-06   2.0140E-06   0.99785
FLUX  981  3570.00        8.397549E+13   1.9856E-06   1.9935E-06   0.99604
FLUX  982  3590.00        8.350766E+13   1.9646E-06   1.9733E-06   0.99560
FLUX  983  3610.00        8.304501E+13   1.9514E-06   1.9534E-06   0.99896
FLUX  984  3630.00        8.258747E+13   1.9304E-06   1.9339E-06   0.99821
FLUX  985  3650.00        8.213493E+13   1.9020E-06   1.9146E-06   0.99346
FLUX  986  3670.00        8.168733E+13   1.8829E-06   1.8956E-06   0.99330
FLUX  987  3690.00        8.124458E+13   1.8558E-06   1.8768E-06   0.98877
FLUX  988  3710.00        8.080660E+13   1.8369E-06   1.8584E-06   0.98843
FLUX  989  3730.00        8.037332E+13   1.8250E-06   1.8402E-06   0.99176
FLUX  990  3750.00        7.994467E+13   1.7888E-06   1.8223E-06   0.98162
FLUX  991  3770.00        7.952056E+13   1.7925E-06   1.8046E-06   0.99329
FLUX  992  3790.00        7.910092E+13   1.7752E-06   1.7872E-06   0.99325
FLUX  993  3810.00        7.868570E+13   1.7598E-06   1.7701E-06   0.99417
FLUX  994  3830.00        7.827480E+13   1.7479E-06   1.7532E-06   0.99697
FLUX  995  3850.00        7.786818E+13   1.7330E-06   1.7365E-06   0.99797
FLUX  996  3870.00        7.746576E+13   1.7123E-06   1.7201E-06   0.99550
FLUX  997  3890.00        7.706748E+13   1.6944E-06   1.7039E-06   0.99446
FLUX  998  3910.00        7.667327E+13   1.6846E-06   1.6879E-06   0.99807
FLUX  999  3930.00        7.628308E+13   1.6682E-06   1.6721E-06   0.99767
FLUX 1000  3950.00        7.589684E+13   1.6460E-06   1.6566E-06   0.99361
FLUX 1001  3970.00        7.551448E+13   1.6361E-06   1.6413E-06   0.99686
FLUX 1002  3990.00        7.513596E+13   1.6103E-06   1.6262E-06   0.99025
FLUX 1003  4010.00        7.476122E+13   1.6011E-06   1.6113E-06   0.99366
FLUX 1004  4030.00        7.439020E+13   1.5920E-06   1.5966E-06   0.99711
FLUX 1005  4050.00        7.402284E+13   1.5630E-06   1.5821E-06   0.98793
FLUX 1006  4070.00        7.365909E+13   1.5589E-06   1.5678E-06   0.99434
FLUX 1007  4090.00        7.329890E+13   1.5475E-06   1.5537E-06   0.99600
FLUX 1008  4110.00        7.294221E+13   1.5351E-06   1.5398E-06   0.99694
FLUX 1009  4130.00        7.258898E+13   1.5240E-06   1.5260E-06   0.99866
FLUX 1010  4150.00        7.223916E+13   1.5062E-06   1.5125E-06   0.99582
FLUX 1011  4170.00        7.189269E+13   1.4948E-06   1.4991E-06   0.99715
FLUX 1012  4190.00        7.154952E+13   1.4808E-06   1.4859E-06   0.99655
FLUX 1013  4210.00        7.120962E+13   1.4587E-06   1.4729E-06   0.99035
FLUX 1014  4230.00        7.087293E+13   1.4595E-06   1.4600E-06   0.99966
FLUX 1015  4250.00        7.053941E+13   1.4421E-06   1.4473E-06   0.99639
FLUX 1016  4270.00        7.020902E+13   1.4333E-06   1.4348E-06   0.99894
FLUX 1017  4290.00        6.988170E+13   1.3916E-06   1.4224E-06   0.97834
FLUX 1018  4310.00        6.955742E+13   1.3636E-06   1.4102E-06   0.96693
FLUX 1019  4330.00        6.923614E+13   1.3662E-06   1.3982E-06   0.97712
FLUX 1020  4350.00        6.891782E+13   1.3243E-06   1.3863E-06   0.95529
FLUX 1021  4370.00        6.860240E+13   1.3091E-06   1.3745E-06   0.95236
FLUX 1022  4390.00        6.828986E+13   1.3094E-06   1.3629E-06   0.96068
FLUX 1023  4410.00        6.798016E+13   1.2607E-06   1.3515E-06   0.93286
FLUX 1024  4430.00        6.767325E+13   1.2661E-06   1.3402E-06   0.94471
FLUX 1025  4450.00        6.736910E+13   1.2607E-06   1.3290E-06   0.94860
FLUX 1026  4470.00        6.706767E+13   1.2207E-06   1.3180E-06   0.92618
FLUX 1027  4490.00        6.676893E+13   1.2313E-06   1.3071E-06   0.94196
FLUX 1028  4510.00        6.647284E+13   1.2192E-06   1.2964E-06   0.94048
FLUX 1029  4530.00        6.617936E+13   1.1872E-06   1.2858E-06   0.92339
FLUX 1030  4550.00        6.588846E+13   1.1932E-06   1.2753E-06   0.93563
FLUX 1031  4570.00        6.560011E+13   1.1901E-06   1.2649E-06   0.94086
FLUX 1032  4590.00        6.531427E+13   1.1578E-06   1.2546E-06   0.92280
FLUX 1033  4610.00        6.503091E+13   1.1646E-06   1.2445E-06   0.93582
FLUX 1034  4630.00        6.475000E+13   1.1543E-06   1.2345E-06   0.93503
FLUX 1035  4650.00        6.447151E+13   1.1421E-06   1.2246E-06   0.93263
FLUX 1036  4670.00        6.419540E+13   1.1403E-06   1.2149E-06   0.93860
FLUX 1037  4690.00        6.392164E+13   1.1351E-06   1.2052E-06   0.94177
FLUX 1038  4710.00        6.365021E+13   1.1235E-06   1.1957E-06   0.93962
FLUX 1039  4730.00        6.338108E+13   1.1257E-06   1.1863E-06   0.94892
FLUX 1040  4750.00        6.311421E+13   1.1135E-06   1.1770E-06   0.94610
FLUX 1041  4770.00        6.284958E+13   1.1040E-06   1.1678E-06   0.94537
FLUX 1042  4790.00        6.258716E+13   1.0976E-06   1.1587E-06   0.94728
FLUX 1043  4810.00        6.232692E+13   1.0843E-06   1.1497E-06   0.94313
FLUX 1044  4830.00        6.206884E+13   1.0886E-06   1.1408E-06   0.95427
FLUX 1045  4850.00        6.181289E+13   1.0765E-06   1.1320E-06   0.95093
FLUX 1046  4870.00        6.155903E+13   1.0666E-06   1.1233E-06   0.94952
FLUX 1047  4890.00        6.130726E+13   1.0615E-06   1.1147E-06   0.95225
FLUX 1048  4910.00        6.105754E+13   1.0533E-06   1.1063E-06   0.95214
FLUX 1049  4930.00        6.080984E+13   1.0465E-06   1.0979E-06   0.95321
FLUX 1050  4950.00        6.056414E+13   1.0378E-06   1.0896E-06   0.95246
FLUX 1051  4970.00        6.032042E+13   1.0319E-06   1.0814E-06   0.95427
FLUX 1052  4990.00        6.007866E+13   1.0262E-06   1.0733E-06   0.95617
FLUX 1053  5010.00        5.983882E+13   1.0139E-06   1.0653E-06   0.95179
FLUX 1054  5030.00        5.960089E+13   1.0145E-06   1.0573E-06   0.95945
FLUX 1055  5050.00        5.936485E+13   1.0016E-06   1.0495E-06   0.95438
FLUX 1056  5070.00        5.913067E+13   9.9693E-07   1.0417E-06   0.95699
FLUX 1057  5090.00        5.889833E+13   9.9253E-07   1.0341E-06   0.95984
FLUX 1058  5110.00        5.866781E+13   9.8161E-07   1.0265E-06   0.95629
FLUX 1059  5130.00        5.843908E+13   9.7703E-07   1.0190E-06   0.95883
FLUX 1060  5150.00        5.821214E+13   9.7084E-07   1.0116E-06   0.95975
FLUX 1061  5170.00        5.798694E+13   9.7040E-07   1.0042E-06   0.96632
FLUX 1062  5190.00        5.776349E+13   9.5862E-07   9.9696E-07   0.96155
FLUX 1063  5210.00        5.754175E+13   9.5121E-07   9.8978E-07   0.96103
FLUX 1064  5230.00        5.732170E+13   9.4452E-07   9.8267E-07   0.96117
FLUX 1065  5250.00        5.710333E+13   9.4230E-07   9.7565E-07   0.96582
FLUX 1066  5270.00        5.688662E+13   9.3904E-07   9.6869E-07   0.96939
FLUX 1067  5290.00        5.667155E+13   9.2577E-07   9.6181E-07   0.96253
FLUX 1068  5310.00        5.645810E+13   9.2252E-07   9.5501E-07   0.96598
FLUX 1069  5330.00        5.624625E+13   9.1674E-07   9.4827E-07   0.96675
FLUX 1070  5350.00        5.603598E+13   9.1163E-07   9.4161E-07   0.96816
FLUX 1071  5370.00        5.582728E+13   9.0494E-07   9.3502E-07   0.96784
FLUX 1072  5390.00        5.562013E+13   9.0121E-07   9.2849E-07   0.97062
FLUX 1073  5410.00        5.541451E+13   8.9519E-07   9.2204E-07   0.97088
FLUX 1074  5430.00        5.521041E+13   8.8500E-07   9.1565E-07   0.96652
FLUX 1075  5450.00        5.500780E+13   8.8414E-07   9.0933E-07   0.97230
FLUX 1076  5470.00        5.480667E+13   8.7692E-07   9.0307E-07   0.97105
FLUX 1077  5490.00        5.460701E+13   8.7082E-07   8.9687E-07   0.97095
FLUX 1078  5510.00        5.440880E+13   8.6704E-07   8.9075E-07   0.97339
FLUX 1079  5530.00        5.421203E+13   8.6552E-07   8.8468E-07   0.97835
FLUX 1080  5550.00        5.401667E+13   8.5380E-07   8.7867E-07   0.97169
FLUX 1081  5570.00        5.382271E+13   8.5473E-07   8.7273E-07   0.97937
FLUX 1082  5590.00        5.363014E+13   8.4409E-07   8.6684E-07   0.97375
FLUX 1083  5610.00        5.343895E+13   8.4089E-07   8.6102E-07   0.97663
FLUX 1084  5630.00        5.324911E+13   8.3421E-07   8.5525E-07   0.97541
FLUX 1085  5650.00        5.306062E+13   8.3310E-07   8.4954E-07   0.98065
FLUX 1086  5670.00        5.287346E+13   8.2788E-07   8.4389E-07   0.98103
FLUX 1087  5690.00        5.268761E+13   8.1862E-07   8.3829E-07   0.97654
FLUX 1088  5710.00        5.250306E+13   8.1789E-07   8.3275E-07   0.98215
FLUX 1089  5730.00        5.231981E+13   8.1265E-07   8.2726E-07   0.98234
FLUX 1090  5750.00        5.213783E+13   8.0749E-07   8.2182E-07   0.98255
FLUX 1091  5770.00        5.195711E+13   8.0181E-07   8.1644E-07   0.98207
FLUX 1092  5790.00        5.177763E+13   7.9877E-07   8.1112E-07   0.98477
FLUX 1093  5810.00        5.159940E+13   7.9215E-07   8.0584E-07   0.98302
FLUX 1094  5830.00        5.142238E+13   7.8809E-07   8.0062E-07   0.98435
FLUX 1095  5850.00        5.124658E+13   7.8450E-07   7.9545E-07   0.98624
FLUX 1096  5870.00        5.107198E+13   7.7777E-07   7.9032E-07   0.98412
FLUX 1097  5890.00        5.089856E+13   7.7225E-07   7.8525E-07   0.98345
FLUX 1098  5910.00        5.072631E+13   7.6910E-07   7.8022E-07   0.98574
FLUX 1099  5930.00        5.055523E+13   7.6527E-07   7.7524E-07   0.98713
FLUX 1100  5950.00        5.038529E+13   7.5852E-07   7.7031E-07   0.98469
FLUX 1101  5970.00        5.021650E+13   7.5702E-07   7.6543E-07   0.98901
FLUX 1102  5990.00        5.004883E+13   7.5243E-07   7.6059E-07   0.98927
FLUX 1103  6010.00        4.988228E+13   7.4740E-07   7.5580E-07   0.98889
FLUX 1104  6030.00        4.971683E+13   7.4359E-07   7.5105E-07   0.99007
FLUX 1105  6050.00        4.955248E+13   7.3847E-07   7.4635E-07   0.98944
FLUX 1106  6070.00        4.938921E+13   7.3396E-07   7.4169E-07   0.98958
FLUX 1107  6090.00        4.922701E+13   7.2895E-07   7.3707E-07   0.98898
FLUX 1108  6110.00        4.906588E+13   7.2326E-07   7.3250E-07   0.98739
FLUX 1109  6130.00        4.890579E+13   7.2131E-07   7.2797E-07   0.99085
FLUX 1110  6150.00        4.874675E+13   7.1764E-07   7.2348E-07   0.99193
FLUX 1111  6170.00        4.858874E+13   7.1366E-07   7.1904E-07   0.99252
FLUX 1112  6190.00        4.843174E+13   7.0988E-07   7.1463E-07   0.99335
FLUX 1113  6210.00        4.827576E+13   7.0593E-07   7.1026E-07   0.99390
FLUX 1114  6230.00        4.812079E+13   6.9937E-07   7.0594E-07   0.99070
FLUX 1115  6250.00        4.796680E+13   6.9582E-07   7.0165E-07   0.99169
FLUX 1116  6270.00        4.781380E+13   6.9220E-07   6.9740E-07   0.99254
FLUX 1117  6290.00        4.766176E+13   6.8896E-07   6.9320E-07   0.99389
FLUX 1118  6310.00        4.751070E+13   6.8350E-07   6.8902E-07   0.99199
FLUX 1119  6330.00        4.736058E+13   6.8202E-07   6.8489E-07   0.99580
FLUX 1120  6350.00        4.721142E+13   6.7728E-07   6.8079E-07   0.99483
FLUX 1121  6370.00        4.706319E+13   6.7391E-07   6.7673E-07   0.99583
FLUX 1122  6390.00        4.691588E+13   6.6919E-07   6.7271E-07   0.99477
FLUX 1123  6420.00        4.669665E+13   6.6422E-07   6.6674E-07   0.99622
FLUX 1124  6460.00        4.640751E+13   6.5583E-07   6.5891E-07   0.99533
FLUX 1125  6500.00        4.612192E+13   6.4828E-07   6.5121E-07   0.99550
FLUX 1126  6540.00        4.583983E+13   6.4182E-07   6.4364E-07   0.99717
FLUX 1127  6580.00        4.556117E+13   6.3489E-07   6.3621E-07   0.99793
FLUX 1128  6620.00        4.528588E+13   6.2731E-07   6.2890E-07   0.99747
FLUX 1129  6660.00        4.501389E+13   6.2068E-07   6.2172E-07   0.99833
FLUX 1130  6700.00        4.474515E+13   6.1343E-07   6.1466E-07   0.99800
FLUX 1131  6740.00        4.447960E+13   6.0618E-07   6.0772E-07   0.99746
FLUX 1132  6780.00        4.421718E+13   5.9994E-07   6.0090E-07   0.99841
FLUX 1133  6820.00        4.395784E+13   5.9331E-07   5.9419E-07   0.99853
FLUX 1134  6860.00        4.370153E+13   5.8695E-07   5.8759E-07   0.99891
FLUX 1135  6900.00        4.344819E+13   5.8040E-07   5.8110E-07   0.99880
FLUX 1136  6940.00        4.319777E+13   5.7386E-07   5.7472E-07   0.99850
FLUX 1137  6980.00        4.295021E+13   5.6803E-07   5.6844E-07   0.99928
FLUX 1138  7020.00        4.270548E+13   5.6104E-07   5.6226E-07   0.99782
FLUX 1139  7060.00        4.246353E+13   5.5576E-07   5.5619E-07   0.99923
FLUX 1140  7100.00        4.222430E+13   5.4988E-07   5.5021E-07   0.99939
FLUX 1141  7140.00        4.198775E+13   5.4397E-07   5.4433E-07   0.99935
FLUX 1142  7180.00        4.175383E+13   5.3819E-07   5.3854E-07   0.99935
FLUX 1143  7220.00        4.152251E+13   5.3247E-07   5.3284E-07   0.99931
FLUX 1144  7260.00        4.129373E+13   5.2679E-07   5.2723E-07   0.99917
FLUX 1145  7300.00        4.106747E+13   5.2158E-07   5.2171E-07   0.99975
FLUX 1146  7340.00        4.084366E+13   5.1573E-07   5.1628E-07   0.99894
FLUX 1147  7380.00        4.062229E+13   5.1079E-07   5.1093E-07   0.99973
FLUX 1148  7420.00        4.040330E+13   5.0517E-07   5.0566E-07   0.99901
FLUX 1149  7460.00        4.018666E+13   4.9884E-07   5.0048E-07   0.99673
FLUX 1150  7500.00        3.997233E+13   4.9468E-07   4.9537E-07   0.99860
FLUX 1151  7540.00        3.976028E+13   4.8999E-07   4.9035E-07   0.99928
FLUX 1152  7580.00        3.955046E+13   4.8530E-07   4.8539E-07   0.99980
FLUX 1153  7620.00        3.934285E+13   4.8038E-07   4.8052E-07   0.99972
FLUX 1154  7660.00        3.913740E+13   4.7564E-07   4.7571E-07   0.99985
FLUX 1155  7700.00        3.893409E+13   4.7055E-07   4.7098E-07   0.99910
FLUX 1156  7740.00        3.873288E+13   4.6625E-07   4.6632E-07   0.99985
FLUX 1157  7780.00        3.853374E+13   4.6168E-07   4.6172E-07   0.99991
FLUX 1158  7820.00        3.833664E+13   4.5715E-07   4.5719E-07   0.99990
FLUX 1159  7860.00        3.814154E+13   4.5269E-07   4.5273E-07   0.99991
FLUX 1160  7900.00        3.794842E+13   4.4829E-07   4.4834E-07   0.99989
FLUX 1161  7940.00        3.775724E+13   4.4394E-07   4.4400E-07   0.99985
FLUX 1162  7980.00        3.756798E+13   4.3968E-07   4.3973E-07   0.99989
FLUX 1163  8020.00        3.738061E+13   4.3523E-07   4.3552E-07   0.99933
FLUX 1164  8060.00        3.719510E+13   4.3099E-07   4.3138E-07   0.99911
FLUX 1165  8100.00        3.701142E+13   4.2722E-07   4.2728E-07   0.99986
FLUX 1166  8140.00        3.682955E+13   4.2271E-07   4.2325E-07   0.99871
FLUX 1167  8180.00        3.664945E+13   4.1904E-07   4.1928E-07   0.99944
FLUX 1168  8220.00        3.647111E+13   4.1531E-07   4.1536E-07   0.99989
FLUX 1169  8260.00        3.629449E+13   4.1138E-07   4.1149E-07   0.99973
FLUX 1170  8300.00        3.611958E+13   4.0761E-07   4.0768E-07   0.99984
FLUX 1171  8340.00        3.594634E+13   4.0352E-07   4.0392E-07   0.99902
FLUX 1172  8380.00        3.577476E+13   3.9998E-07   4.0021E-07   0.99941
FLUX 1173  8420.00        3.560481E+13   3.9648E-07   3.9656E-07   0.99980
FLUX 1174  8460.00        3.543647E+13   3.9288E-07   3.9295E-07   0.99981
FLUX 1175  8500.00        3.526971E+13   3.8933E-07   3.8939E-07   0.99984
FLUX 1176  8540.00        3.510451E+13   3.8579E-07   3.8588E-07   0.99976
FLUX 1177  8580.00        3.494085E+13   3.8236E-07   3.8242E-07   0.99984
FLUX 1178  8620.00        3.477871E+13   3.7888E-07   3.7900E-07   0.99966
FLUX 1179  8660.00        3.461807E+13   3.7560E-07   3.7563E-07   0.99991
FLUX 1180  8700.00        3.445891E+13   3.7228E-07   3.7230E-07   0.99992
FLUX 1181  8740.00        3.430120E+13   3.6894E-07   3.6902E-07   0.99977
FLUX 1182  8780.00        3.414493E+13   3.6570E-07   3.6578E-07   0.99977
FLUX 1183  8820.00        3.399008E+13   3.6229E-07   3.6259E-07   0.99917
FLUX 1184  8860.00        3.383663E+13   3.5915E-07   3.5943E-07   0.99921
FLUX 1185  8900.00        3.368455E+13   3.5600E-07   3.5632E-07   0.99910
FLUX 1186  8940.00        3.353384E+13   3.5311E-07   3.5324E-07   0.99962
FLUX 1187  8980.00        3.338447E+13   3.4982E-07   3.5021E-07   0.99889
FLUX 1188  9020.00        3.323642E+13   3.4698E-07   3.4721E-07   0.99933
FLUX 1189  9060.00        3.308968E+13   3.4425E-07   3.4426E-07   0.99997
FLUX 1190  9100.00        3.294423E+13   3.4099E-07   3.4134E-07   0.99897
FLUX 1191  9140.00        3.280005E+13   3.3817E-07   3.3845E-07   0.99916
FLUX 1192  9180.00        3.265714E+13   3.3549E-07   3.3561E-07   0.99966
FLUX 1193  9220.00        3.251546E+13   3.3275E-07   3.3280E-07   0.99986
FLUX 1194  9260.00        3.237500E+13   3.2993E-07   3.3002E-07   0.99972
FLUX 1195  9300.00        3.223575E+13   3.2726E-07   3.2728E-07   0.99994
FLUX 1196  9340.00        3.209770E+13   3.2444E-07   3.2457E-07   0.99958
FLUX 1197  9380.00        3.196082E+13   3.2178E-07   3.2190E-07   0.99962
FLUX 1198  9420.00        3.182511E+13   3.1923E-07   3.1926E-07   0.99993
FLUX 1199  9460.00        3.169054E+13   3.1649E-07   3.1665E-07   0.99949
FLUX 1200  9500.00        3.155711E+13   3.1403E-07   3.1407E-07   0.99988
FLUX 1201  9540.00        3.142479E+13   3.1143E-07   3.1152E-07   0.99970
FLUX 1202  9580.00        3.129358E+13   3.0885E-07   3.0901E-07   0.99950
FLUX 1203  9620.00        3.116346E+13   3.0641E-07   3.0652E-07   0.99962
FLUX 1204  9660.00        3.103442E+13   3.0388E-07   3.0407E-07   0.99938
FLUX 1205  9700.00        3.090644E+13   3.0161E-07   3.0164E-07   0.99989
FLUX 1206  9740.00        3.077952E+13   2.9882E-07   2.9924E-07   0.99859
FLUX 1207  9780.00        3.065363E+13   2.9649E-07   2.9688E-07   0.99869
FLUX 1208  9820.00        3.052877E+13   2.9446E-07   2.9454E-07   0.99974
FLUX 1209  9860.00        3.040492E+13   2.9216E-07   2.9222E-07   0.99977
FLUX 1210  9900.00        3.028207E+13   2.8983E-07   2.8994E-07   0.99964
FLUX 1211  9940.00        3.016021E+13   2.8742E-07   2.8768E-07   0.99912
FLUX 1212  9980.00        3.003933E+13   2.8539E-07   2.8544E-07   0.99983
FLUX 1213 10020.00        2.991941E+13   2.8319E-07   2.8324E-07   0.99983
FLUX 1214 20000.00        1.498963E+13   7.2948E-08   7.2950E-08   0.99997
FLUX 1215 40000.00        7.494813E+12   1.8296E-08   1.8296E-08   0.99999
FLUX 1216 60000.00        4.996542E+12   8.0908E-09   8.0908E-09   1.00000
FLUX 1217 80000.00        3.747406E+12   4.5247E-09   4.5247E-09   1.00000
FLUX 1218100000.00        2.997925E+12   2.8795E-09   2.8795E-09   1.00000
FLUX 1219120000.00        2.498271E+12   1.9892E-09   1.9892E-09   1.00000
FLUX 1220140000.00        2.141375E+12   1.4543E-09   1.4543E-09   1.00000
FLUX 1221160000.00        1.873703E+12   1.1085E-09   1.1085E-09   1.00000
FLUX
