TEFF   6000.  GRAVITY 3.00000 LTE 
TITLE  [-0.5] VTURB=2  L/H=1.25 NOVER NEW ODF                                   
FLUX    1     9.09        3.298047E+16   1.0986-173   1.0986-173   0.99998
FLUX    2     9.35        3.206337E+16   6.4365-169   6.4366-169   0.99998
FLUX    3     9.61        3.119589E+16   2.0747-164   2.0747-164   0.99998
FLUX    4     9.77        3.068500E+16   9.3587-162   9.3589-162   0.99998
FLUX    5     9.96        3.009965E+16   1.0275-158   1.0275-158   0.99998
FLUX    6    10.20        2.939142E+16   4.8838-155   4.8839-155   0.99998
FLUX    7    10.38        2.888174E+16   2.1586-152   2.1586-152   0.99998
FLUX    8    10.56        2.838944E+16   7.7376-150   7.7377-150   0.99998
FLUX    9    10.77        2.783589E+16   5.7500-147   5.7501-147   0.99998
FLUX   10    11.04        2.715512E+16   1.9471-143   1.9471-143   0.99998
FLUX   11    11.40        2.629759E+16   5.4060-139   5.4061-139   0.99998
FLUX   12    11.78        2.544928E+16   1.3371-134   1.3371-134   0.99998
FLUX   13    12.13        2.471496E+16   8.4459-131   8.4460-131   0.99998
FLUX   14    12.48        2.402184E+16   3.2470-127   3.2471-127   0.99998
FLUX   15    12.71        2.358714E+16   5.7378-125   5.7379-125   0.99998
FLUX   16    12.84        2.334833E+16   9.8415-124   9.8417-124   0.99998
FLUX   17    13.05        2.297260E+16   8.5993-122   8.5995-122   0.99998
FLUX   18    13.24        2.264294E+16   4.3364-120   4.3365-120   0.99998
FLUX   19    13.39        2.238928E+16   8.8497-119   8.8498-119   0.99998
FLUX   20    13.66        2.194674E+16   1.7031-116   1.7032-116   0.99998
FLUX   21    13.98        2.144439E+16   6.6555-114   6.6557-114   0.99998
FLUX   22    14.33        2.092062E+16   3.3376-111   3.3376-111   0.99998
FLUX   23    14.72        2.036634E+16   2.3952-108   2.3953-108   0.99998
FLUX   24    15.10        1.985381E+16   1.0436-105   1.0436-105   0.99998
FLUX   25    15.52        1.931653E+16   6.0716-103   6.0717-103   0.99998
FLUX   26    15.88        1.887862E+16   1.0833-100   1.0833-100   0.99998
FLUX   27    16.20        1.850571E+16   8.9324E-99   8.9326E-99   0.99998
FLUX   28    16.60        1.805979E+16   1.7419E-96   1.7419E-96   0.99998
FLUX   29    17.03        1.760379E+16   3.8125E-94   3.8125E-94   0.99998
FLUX   30    17.34        1.728907E+16   1.5672E-92   1.5672E-92   0.99998
FLUX   31    17.68        1.695659E+16   7.9290E-91   7.9291E-91   0.99998
FLUX   32    18.02        1.663665E+16   3.4522E-89   3.4523E-89   0.99998
FLUX   33    18.17        1.649931E+16   1.7430E-88   1.7430E-88   0.99998
FLUX   34    18.61        1.610921E+16   1.7296E-86   1.7297E-86   0.99998
FLUX   35    19.10        1.569594E+16   2.2456E-84   2.2456E-84   0.99998
FLUX   36    19.39        1.546119E+16   3.5490E-83   3.5491E-83   0.99998
FLUX   37    19.84        1.511051E+16   2.1876E-81   2.1877E-81   0.99998
FLUX   38    20.18        1.485592E+16   4.3580E-80   4.3581E-80   0.99998
FLUX   39    20.50        1.462402E+16   6.6488E-79   6.6489E-79   0.99998
FLUX   40    21.05        1.424192E+16   5.8812E-77   5.8813E-77   0.99998
FLUX   41    21.62        1.386644E+16   4.7954E-75   4.7955E-75   0.99998
FLUX   42    21.98        1.363933E+16   6.8559E-74   6.8560E-74   0.99998
FLUX   43    22.30        1.344361E+16   6.7641E-73   6.7642E-73   0.99998
FLUX   44    22.68        1.321836E+16   9.4225E-72   9.4227E-72   0.99998
FLUX   45    23.00        1.303446E+16   8.0932E-71   8.0934E-71   0.99998
FLUX   46    23.40        1.281165E+16   1.0913E-69   1.0913E-69   0.99998
FLUX   47    24.00        1.249135E+16   4.5789E-68   4.5790E-68   0.99998
FLUX   48    24.65        1.216197E+16   2.1292E-66   2.1293E-66   0.99998
FLUX   49    25.24        1.187767E+16   5.8348E-65   5.8349E-65   0.99998
FLUX   50    25.68        1.167416E+16   6.2288E-64   6.2290E-64   0.99998
FLUX   51    26.00        1.153048E+16   3.3113E-63   3.3114E-63   0.99998
FLUX   52    26.40        1.135578E+16   2.5219E-62   2.5220E-62   0.99998
FLUX   53    26.85        1.116546E+16   2.2958E-61   2.2959E-61   0.99998
FLUX   54    27.35        1.096133E+16   2.4474E-60   2.4475E-60   0.99998
FLUX   55    27.85        1.076454E+16   2.3954E-59   2.3954E-59   0.99998
FLUX   56    28.40        1.055607E+16   2.6760E-58   2.6760E-58   0.99998
FLUX   57    29.00        1.033767E+16   3.3436E-57   3.3437E-57   0.99998
FLUX   58    29.60        1.012812E+16   3.7558E-56   3.7558E-56   0.99998
FLUX   59    30.10        9.959883E+15   2.6178E-55   2.6180E-55   0.99992
FLUX   60    30.80        9.733523E+15   3.5573E-54   3.5573E-54   0.99998
FLUX   61    31.80        9.427437E+15   1.2046E-52   1.2046E-52   0.99998
FLUX   62    32.80        9.140015E+15   3.2711E-51   3.2711E-51   0.99998
FLUX   63    33.80        8.869601E+15   7.2584E-50   7.2585E-50   0.99998
FLUX   64    34.80        8.614727E+15   1.3413E-48   1.3413E-48   0.99998
FLUX   65    35.70        8.397549E+15   1.6015E-47   1.6015E-47   0.99998
FLUX   66    36.60        8.191052E+15   1.6887E-46   1.6888E-46   0.99998
FLUX   67    37.50        7.994467E+15   1.5828E-45   1.5829E-45   0.99998
FLUX   68    38.50        7.786818E+15   1.6761E-44   1.6761E-44   0.99998
FLUX   69    39.50        7.589683E+15   1.5673E-43   1.5673E-43   0.99998
FLUX   70    40.50        7.402284E+15   1.3074E-42   1.3074E-42   0.99998
FLUX   71    41.40        7.241364E+15   8.0589E-42   8.0590E-42   0.99998
FLUX   72    42.20        7.104087E+15   3.7916E-41   3.7917E-41   0.99998
FLUX   73    43.00        6.971919E+15   1.6804E-40   1.6804E-40   0.99998
FLUX   74    44.10        6.798016E+15   1.1876E-39   1.1877E-39   0.99998
FLUX   75    45.10        6.647284E+15   6.4436E-39   6.4437E-39   0.99998
FLUX   76    46.00        6.517228E+15   2.7655E-38   2.7656E-38   0.99998
FLUX   77    47.00        6.378564E+15   1.3039E-37   1.3039E-37   0.99998
FLUX   78    48.00        6.245677E+15   5.7444E-37   5.7445E-37   0.99998
FLUX   79    49.00        6.118214E+15   2.3770E-36   2.3770E-36   0.99998
FLUX   80    50.00        5.995850E+15   9.2600E-36   9.2602E-36   0.99998
FLUX   81    50.60        5.924753E+15   2.7084E-35   3.0928E-35   0.87572
FLUX   82    51.20        5.855322E+15   6.5666E-35   6.6493E-35   0.98757
FLUX   83    52.00        5.765240E+15   1.7748E-34   1.7924E-34   0.99014
FLUX   84    53.00        5.656462E+15   5.9228E-34   5.9229E-34   0.99998
FLUX   85    54.00        5.551713E+15   1.8574E-33   1.8682E-33   0.99423
FLUX   86    55.00        5.450773E+15   5.6420E-33   5.6421E-33   0.99998
FLUX   87    56.00        5.353437E+15   1.6344E-32   1.6344E-32   0.99998
FLUX   88    57.00        5.259517E+15   4.5513E-32   4.5514E-32   0.99998
FLUX   89    58.00        5.168836E+15   1.2076E-31   1.2211E-31   0.98898
FLUX   90    59.00        5.081229E+15   3.1612E-31   3.1616E-31   0.99985
FLUX   91    60.00        4.996542E+15   7.9139E-31   7.9154E-31   0.99981
FLUX   92    61.00        4.914631E+15   1.9194E-30   1.9194E-30   0.99998
FLUX   93    62.00        4.835363E+15   4.5146E-30   4.5151E-30   0.99991
FLUX   94    63.00        4.758611E+15   1.0318E-29   1.0318E-29   0.99993
FLUX   95    64.00        4.684258E+15   2.2953E-29   2.2954E-29   0.99997
FLUX   96    65.00        4.612192E+15   4.9744E-29   4.9745E-29   0.99998
FLUX   97    65.80        4.556117E+15   9.0700E-29   9.0703E-29   0.99997
FLUX   98    66.50        4.508158E+15   1.5143E-28   1.5149E-28   0.99960
FLUX   99    67.50        4.441370E+15   3.0897E-28   3.0906E-28   0.99973
FLUX  100    68.50        4.376533E+15   6.1659E-28   6.1663E-28   0.99993
FLUX  101    69.50        4.313561E+15   1.2044E-27   1.2044E-27   0.99998
FLUX  102    70.50        4.252376E+15   2.3019E-27   2.3049E-27   0.99869
FLUX  103    71.60        4.187046E+15   4.6019E-27   4.6023E-27   0.99993
FLUX  104    72.60        4.129373E+15   8.4623E-27   8.4624E-27   0.99998
FLUX  105    73.50        4.078809E+15   1.4422E-26   1.4423E-26   0.99992
FLUX  106    74.50        4.024060E+15   2.5660E-26   2.5666E-26   0.99977
FLUX  107    75.50        3.970762E+15   4.4912E-26   4.4928E-26   0.99965
FLUX  108    76.50        3.918856E+15   7.7401E-26   7.7412E-26   0.99985
FLUX  109    77.50        3.868290E+15   1.3134E-25   1.3137E-25   0.99973
FLUX  110    78.50        3.819013E+15   2.1972E-25   2.1973E-25   0.99998
FLUX  111    79.50        3.770975E+15   3.6084E-25   3.6238E-25   0.99575
FLUX  112    80.50        3.724130E+15   5.8888E-25   5.8966E-25   0.99868
FLUX  113    81.50        3.678436E+15   9.4693E-25   9.4711E-25   0.99981
FLUX  114    82.50        3.633848E+15   1.5024E-24   1.5026E-24   0.99990
FLUX  115    83.50        3.590329E+15   2.3556E-24   2.3557E-24   0.99993
FLUX  116    84.50        3.547840E+15   3.6506E-24   3.6508E-24   0.99993
FLUX  117    85.50        3.506345E+15   5.5952E-24   5.5953E-24   0.99998
FLUX  118    86.50        3.465809E+15   8.4827E-24   8.4829E-24   0.99997
FLUX  119    87.50        3.426200E+15   1.2718E-23   1.2728E-23   0.99919
FLUX  120    88.50        3.387486E+15   1.8907E-23   1.8909E-23   0.99992
FLUX  121    89.50        3.349637E+15   2.7820E-23   2.7821E-23   0.99997
FLUX  122    90.50        3.312624E+15   4.0543E-23   4.0551E-23   0.99980
FLUX  123    91.50        3.276421E+15   2.2882E-19   5.7456E-19   0.39826
FLUX  124    92.50        3.241000E+15   8.1018E-19   8.5653E-19   0.94589
FLUX  125    93.50        3.206337E+15   1.1946E-18   1.2650E-18   0.94434
FLUX  126    94.50        3.172407E+15   1.7505E-18   1.8521E-18   0.94518
FLUX  127    95.50        3.139188E+15   2.6363E-18   2.6897E-18   0.98014
FLUX  128    96.50        3.106658E+15   3.7972E-18   3.8709E-18   0.98096
FLUX  129    97.50        3.074795E+15   5.4138E-18   5.5222E-18   0.98036
FLUX  130    98.50        3.043579E+15   7.6935E-18   7.8499E-18   0.98008
FLUX  131    99.50        3.012990E+15   1.0821E-17   1.1049E-17   0.97929
FLUX  132   100.50        2.983010E+15   1.5411E-17   1.5440E-17   0.99812
FLUX  133   101.50        2.953621E+15   2.1362E-17   2.1400E-17   0.99820
FLUX  134   102.50        2.924805E+15   2.8074E-17   2.9574E-17   0.94929
FLUX  135   103.50        2.896546E+15   4.0447E-17   4.0503E-17   0.99861
FLUX  136   104.50        2.868828E+15   5.5106E-17   5.5172E-17   0.99881
FLUX  137   105.50        2.841635E+15   7.4591E-17   7.4683E-17   0.99876
FLUX  138   106.50        2.814953E+15   1.0032E-16   1.0050E-16   0.99822
FLUX  139   107.50        2.788767E+15   1.3430E-16   1.3447E-16   0.99871
FLUX  140   108.50        2.763064E+15   1.7876E-16   1.7892E-16   0.99908
FLUX  141   109.50        2.737831E+15   2.3637E-16   2.3676E-16   0.99835
FLUX  142   110.50        2.713054E+15   5.4852E-16   2.6968E-15   0.20339
FLUX  143   111.50        2.688722E+15   1.7937E-15   3.7959E-15   0.47253
FLUX  144   112.50        2.664822E+15   2.8093E-15   5.1535E-15   0.54513
FLUX  145   113.50        2.641344E+15   4.3354E-15   6.7419E-15   0.64305
FLUX  146   114.50        2.618275E+15   5.7863E-15   8.5073E-15   0.68016
FLUX  147   115.50        2.595606E+15   6.6197E-15   1.0321E-14   0.64139
FLUX  148   116.50        2.573326E+15   8.9310E-15   1.1940E-14   0.74797
FLUX  149   117.50        2.551426E+15   1.0665E-14   1.2963E-14   0.82275
FLUX  150   118.50        2.529894E+15   1.2303E-14   2.4639E-14   0.49934
FLUX  151   119.50        2.508724E+15   5.8129E-15   3.0278E-14   0.19198
FLUX  152   120.50        2.487905E+15   5.0494E-15   3.6957E-14   0.13663
FLUX  153   121.50        2.467428E+15   3.2473E-15   4.4852E-14   0.07240
FLUX  154   122.50        2.447286E+15   7.2998E-15   5.4932E-14   0.13289
FLUX  155   123.50        2.427470E+15   1.6408E-14   6.6053E-14   0.24840
FLUX  156   124.50        2.407972E+15   3.7072E-14   4.9694E-14   0.74600
FLUX  157   125.50        2.388785E+15   6.9844E-14   8.8300E-14   0.79098
FLUX  158   126.50        2.369901E+15   8.4565E-14   1.3529E-13   0.62507
FLUX  159   127.50        2.351314E+15   1.2720E-13   1.8304E-13   0.69493
FLUX  160   128.50        2.333016E+15   1.8224E-13   2.4134E-13   0.75511
FLUX  161   129.50        2.315000E+15   2.3708E-13   3.0308E-13   0.78224
FLUX  162   130.50        2.297261E+15   2.5033E-13   3.7498E-13   0.66759
FLUX  163   131.50        2.279791E+15   3.5334E-13   4.5452E-13   0.77738
FLUX  164   132.50        2.262585E+15   4.2521E-13   5.4521E-13   0.77990
FLUX  165   133.50        2.245637E+15   5.0325E-13   6.4706E-13   0.77775
FLUX  166   134.50        2.228940E+15   6.0663E-13   7.6231E-13   0.79577
FLUX  167   135.50        2.212491E+15   6.9307E-13   8.9524E-13   0.77417
FLUX  168   136.50        2.196282E+15   8.0711E-13   1.0516E-12   0.76752
FLUX  169   137.50        2.180309E+15   9.0814E-13   1.2292E-12   0.73879
FLUX  170   138.50        2.164567E+15   1.0306E-12   1.4312E-12   0.72007
FLUX  171   139.50        2.149050E+15   1.1958E-12   1.6598E-12   0.72043
FLUX  172   140.50        2.133754E+15   1.4231E-12   1.9189E-12   0.74164
FLUX  173   141.50        2.118675E+15   1.6038E-12   2.2110E-12   0.72539
FLUX  174   142.50        2.103807E+15   1.8000E-12   2.5413E-12   0.70828
FLUX  175   143.50        2.089146E+15   2.0488E-12   2.9122E-12   0.70354
FLUX  176   144.20        2.079005E+15   2.5126E-12   3.1992E-12   0.78536
FLUX  177   144.70        2.071821E+15   2.4379E-12   3.4319E-12   0.71035
FLUX  178   145.50        2.060430E+15   2.8529E-12   3.8113E-12   0.74855
FLUX  179   146.50        2.046365E+15   3.2685E-12   4.3367E-12   0.75368
FLUX  180   147.50        2.032492E+15   3.4667E-12   4.9237E-12   0.70410
FLUX  181   148.50        2.018805E+15   4.0417E-12   5.5780E-12   0.72457
FLUX  182   149.50        2.005301E+15   5.1180E-12   6.3069E-12   0.81149
FLUX  183   150.50        1.991977E+15   6.0504E-12   7.1164E-12   0.85021
FLUX  184   151.20        1.982755E+15   5.5609E-12   7.7357E-12   0.71887
FLUX  185   151.70        1.976220E+15   6.7371E-12   9.9075E-12   0.68000
FLUX  186   152.50        1.965852E+15   9.3155E-12   2.4375E-11   0.38217
FLUX  187   153.50        1.953046E+15   2.0764E-11   6.0432E-11   0.34360
FLUX  188   154.50        1.940405E+15   2.2318E-11   6.8181E-11   0.32733
FLUX  189   155.50        1.927926E+15   2.9079E-11   7.6693E-11   0.37916
FLUX  190   156.50        1.915607E+15   2.8272E-11   8.6122E-11   0.32828
FLUX  191   157.50        1.903444E+15   4.2589E-11   1.0257E-10   0.41522
FLUX  192   158.50        1.891435E+15   5.0472E-11   1.1480E-10   0.43966
FLUX  193   159.50        1.879577E+15   5.9336E-11   1.2825E-10   0.46267
FLUX  194   160.50        1.867866E+15   6.4188E-11   1.4290E-10   0.44917
FLUX  195   161.50        1.856300E+15   7.3379E-11   1.5880E-10   0.46210
FLUX  196   162.50        1.844877E+15   8.1941E-11   1.7920E-10   0.45727
FLUX  197   163.50        1.833593E+15   1.0227E-10   1.9847E-10   0.51529
FLUX  198   164.50        1.822447E+15   1.3541E-10   2.1935E-10   0.61732
FLUX  199   165.50        1.811435E+15   8.8010E-11   2.4203E-10   0.36363
FLUX  200   166.50        1.800556E+15   1.5873E-10   2.6657E-10   0.59546
FLUX  201   167.20        1.793017E+15   1.1127E-10   2.8493E-10   0.39052
FLUX  202   167.70        1.787671E+15   1.6998E-10   4.7936E-10   0.35459
FLUX  203   168.50        1.779184E+15   2.6091E-10   8.1830E-09   0.03188
FLUX  204   169.50        1.768687E+15   3.7114E-10   9.1664E-09   0.04049
FLUX  205   170.50        1.758314E+15   5.3851E-10   1.0284E-08   0.05236
FLUX  206   171.50        1.748061E+15   1.0848E-09   1.9879E-08   0.05457
FLUX  207   172.50        1.737928E+15   1.5901E-09   2.1939E-08   0.07248
FLUX  208   173.50        1.727911E+15   2.4166E-09   2.3691E-08   0.10201
FLUX  209   174.50        1.718009E+15   2.7025E-09   2.5666E-08   0.10529
FLUX  210   175.50        1.708219E+15   4.4734E-09   2.7414E-08   0.16318
FLUX  211   176.50        1.698541E+15   3.3349E-09   2.9108E-08   0.11457
FLUX  212   177.50        1.688972E+15   4.5788E-09   3.0790E-08   0.14871
FLUX  213   178.50        1.679510E+15   5.4083E-09   3.2452E-08   0.16665
FLUX  214   179.50        1.670153E+15   9.0217E-09   3.4068E-08   0.26482
FLUX  215   180.50        1.660900E+15   6.0065E-09   3.5722E-08   0.16815
FLUX  216   181.50        1.651749E+15   6.3913E-09   3.7333E-08   0.17120
FLUX  217   182.50        1.642699E+15   6.8808E-09   3.8955E-08   0.17664
FLUX  218   183.50        1.633747E+15   8.4148E-09   4.0479E-08   0.20788
FLUX  219   184.50        1.624892E+15   5.8884E-09   4.2008E-08   0.14017
FLUX  220   185.50        1.616132E+15   9.8125E-09   4.3622E-08   0.22494
FLUX  221   186.50        1.607466E+15   1.3751E-08   4.5042E-08   0.30531
FLUX  222   187.50        1.598893E+15   1.3607E-08   5.0274E-08   0.27065
FLUX  223   188.50        1.590411E+15   1.5094E-08   5.1487E-08   0.29315
FLUX  224   189.50        1.582018E+15   1.8835E-08   5.2600E-08   0.35808
FLUX  225   190.50        1.573714E+15   1.7295E-08   5.3582E-08   0.32278
FLUX  226   191.50        1.565496E+15   1.8686E-08   5.4525E-08   0.34270
FLUX  227   192.50        1.557364E+15   1.4588E-08   5.5407E-08   0.26328
FLUX  228   193.50        1.549315E+15   5.9511E-09   5.6213E-08   0.10587
FLUX  229   194.50        1.541350E+15   2.3001E-08   5.7100E-08   0.40283
FLUX  230   195.50        1.533465E+15   2.5333E-08   5.7973E-08   0.43697
FLUX  231   196.70        1.524110E+15   3.1976E-08   5.8981E-08   0.54214
FLUX  232   197.60        1.517168E+15   3.0087E-08   6.9081E-08   0.43554
FLUX  233   198.40        1.511051E+15   2.9524E-08   7.0272E-08   0.42014
FLUX  234   199.50        1.502719E+15   3.3496E-08   7.7211E-08   0.43383
FLUX  235   200.50        1.495224E+15   3.3412E-08   7.9274E-08   0.42147
FLUX  236   201.50        1.487804E+15   3.4213E-08   8.1688E-08   0.41882
FLUX  237   202.50        1.480457E+15   2.8695E-08   8.4033E-08   0.34148
FLUX  238   203.50        1.473182E+15   4.2536E-08   8.6388E-08   0.49238
FLUX  239   204.50        1.465978E+15   4.9538E-08   8.9031E-08   0.55641
FLUX  240   205.50        1.458844E+15   4.4690E-08   9.1500E-08   0.48841
FLUX  241   206.50        1.451780E+15   4.2364E-08   9.3808E-08   0.45161
FLUX  242   207.40        1.445480E+15   4.9824E-08   9.5790E-08   0.52014
FLUX  243   207.80        1.442697E+15   7.9930E-08   2.7757E-07   0.28796
FLUX  244   208.50        1.437854E+15   7.9537E-08   2.8485E-07   0.27923
FLUX  245   209.50        1.430990E+15   9.5748E-08   2.9508E-07   0.32448
FLUX  246   210.50        1.424192E+15   1.1252E-07   3.0487E-07   0.36908
FLUX  247   211.50        1.417459E+15   1.3258E-07   3.1404E-07   0.42218
FLUX  248   212.50        1.410788E+15   1.1269E-07   3.2316E-07   0.34873
FLUX  249   213.50        1.404180E+15   1.0067E-07   3.3228E-07   0.30298
FLUX  250   214.50        1.397634E+15   1.3806E-07   3.4110E-07   0.40477
FLUX  251   215.50        1.391148E+15   1.4667E-07   3.4990E-07   0.41916
FLUX  252   216.50        1.384723E+15   1.2951E-07   3.5884E-07   0.36093
FLUX  253   217.50        1.378356E+15   1.3798E-07   3.6784E-07   0.37511
FLUX  254   218.50        1.372048E+15   1.6325E-07   3.7717E-07   0.43282
FLUX  255   219.50        1.365797E+15   1.7728E-07   3.8669E-07   0.45847
FLUX  256   220.50        1.359603E+15   1.6828E-07   3.9639E-07   0.42452
FLUX  257   221.50        1.353465E+15   1.2338E-07   4.0633E-07   0.30363
FLUX  258   222.50        1.347382E+15   1.4062E-07   4.1919E-07   0.33545
FLUX  259   223.50        1.341353E+15   1.9494E-07   4.2959E-07   0.45378
FLUX  260   224.50        1.335379E+15   1.8345E-07   4.4015E-07   0.41678
FLUX  261   225.50        1.329457E+15   1.3289E-07   4.6811E-07   0.28389
FLUX  262   226.50        1.323587E+15   1.3232E-07   4.7842E-07   0.27657
FLUX  263   227.50        1.317769E+15   1.6870E-07   4.8878E-07   0.34515
FLUX  264   228.50        1.312002E+15   1.9843E-07   4.9909E-07   0.39759
FLUX  265   229.50        1.306285E+15   1.7115E-07   5.0941E-07   0.33598
FLUX  266   230.50        1.300618E+15   2.0858E-07   5.1970E-07   0.40134
FLUX  267   231.50        1.295000E+15   1.8120E-07   5.3005E-07   0.34186
FLUX  268   232.50        1.289430E+15   1.7266E-07   5.4048E-07   0.31946
FLUX  269   233.50        1.283908E+15   9.9218E-08   5.5505E-07   0.17876
FLUX  270   234.50        1.278433E+15   5.8570E-08   5.6538E-07   0.10360
FLUX  271   235.50        1.273004E+15   1.4872E-07   5.7576E-07   0.25830
FLUX  272   236.50        1.267622E+15   6.4843E-08   5.8621E-07   0.11061
FLUX  273   237.50        1.262284E+15   1.0279E-07   5.9674E-07   0.17225
FLUX  274   238.50        1.256992E+15   4.1229E-08   6.0746E-07   0.06787
FLUX  275   239.50        1.251743E+15   6.2612E-08   6.1817E-07   0.10129
FLUX  276   240.50        1.246538E+15   6.1072E-08   6.2890E-07   0.09711
FLUX  277   241.50        1.241377E+15   9.8721E-08   6.3967E-07   0.15433
FLUX  278   242.50        1.236258E+15   2.0520E-07   6.5050E-07   0.31545
FLUX  279   243.50        1.231181E+15   2.1183E-07   6.6142E-07   0.32026
FLUX  280   244.50        1.226145E+15   2.5720E-07   6.7883E-07   0.37889
FLUX  281   245.50        1.221151E+15   2.6724E-07   6.8964E-07   0.38750
FLUX  282   246.50        1.216197E+15   2.4156E-07   7.0049E-07   0.34484
FLUX  283   247.50        1.211283E+15   2.1364E-07   7.1131E-07   0.30035
FLUX  284   248.50        1.206408E+15   1.5489E-07   7.2219E-07   0.21448
FLUX  285   249.50        1.201573E+15   1.8111E-07   7.3312E-07   0.24704
FLUX  286   250.50        1.196776E+15   2.8214E-07   7.4921E-07   0.37659
FLUX  287   251.30        1.192967E+15   1.5069E-07   7.5784E-07   0.19884
FLUX  288   251.80        1.190598E+15   1.1588E-07   9.9888E-07   0.11601
FLUX  289   252.50        1.187297E+15   9.7746E-08   1.0101E-06   0.09677
FLUX  290   253.50        1.182613E+15   1.2767E-07   1.0262E-06   0.12441
FLUX  291   254.50        1.177967E+15   1.6682E-07   1.0422E-06   0.16007
FLUX  292   255.50        1.173356E+15   2.7512E-07   1.0584E-06   0.25995
FLUX  293   256.50        1.168782E+15   2.1198E-07   1.0746E-06   0.19727
FLUX  294   257.50        1.164243E+15   2.6629E-07   1.0910E-06   0.24409
FLUX  295   258.50        1.159739E+15   2.2246E-07   1.1074E-06   0.20088
FLUX  296   259.50        1.155270E+15   1.9274E-07   1.1240E-06   0.17148
FLUX  297   260.50        1.150835E+15   1.4872E-07   1.1406E-06   0.13039
FLUX  298   261.50        1.146434E+15   1.3565E-07   1.1572E-06   0.11722
FLUX  299   262.50        1.142067E+15   2.0647E-07   1.1739E-06   0.17588
FLUX  300   263.50        1.137732E+15   3.6904E-07   1.1932E-06   0.30929
FLUX  301   264.50        1.133431E+15   5.5498E-07   1.2100E-06   0.45865
FLUX  302   265.50        1.129162E+15   6.6283E-07   1.2270E-06   0.54022
FLUX  303   266.50        1.124925E+15   4.6558E-07   1.2440E-06   0.37427
FLUX  304   267.50        1.120720E+15   5.4123E-07   1.2611E-06   0.42917
FLUX  305   268.50        1.116546E+15   5.8418E-07   1.2783E-06   0.45701
FLUX  306   269.50        1.112403E+15   4.6741E-07   1.2954E-06   0.36081
FLUX  307   270.50        1.108290E+15   5.6057E-07   1.3154E-06   0.42615
FLUX  308   271.50        1.104208E+15   4.2311E-07   1.3326E-06   0.31751
FLUX  309   272.50        1.100156E+15   4.1058E-07   1.3499E-06   0.30416
FLUX  310   273.50        1.096133E+15   4.6686E-07   1.3672E-06   0.34146
FLUX  311   274.50        1.092140E+15   2.1506E-07   1.3846E-06   0.15532
FLUX  312   275.50        1.088176E+15   3.1362E-07   1.4021E-06   0.22368
FLUX  313   276.50        1.084240E+15   4.1458E-07   1.4196E-06   0.29204
FLUX  314   277.50        1.080333E+15   4.9700E-07   1.4371E-06   0.34583
FLUX  315   278.50        1.076454E+15   2.7501E-07   1.4547E-06   0.18905
FLUX  316   279.50        1.072603E+15   7.3204E-08   1.4723E-06   0.04972
FLUX  317   280.50        1.068779E+15   9.9259E-08   1.4901E-06   0.06661
FLUX  318   281.50        1.064982E+15   4.3783E-07   1.5079E-06   0.29037
FLUX  319   282.50        1.061212E+15   6.9496E-07   1.5257E-06   0.45549
FLUX  320   283.50        1.057469E+15   6.7648E-07   1.5437E-06   0.43823
FLUX  321   284.50        1.053752E+15   6.1541E-07   1.5617E-06   0.39408
FLUX  322   285.50        1.050061E+15   3.6437E-07   1.5797E-06   0.23067
FLUX  323   286.50        1.046396E+15   7.2263E-07   1.5977E-06   0.45229
FLUX  324   287.50        1.042757E+15   7.8804E-07   1.6158E-06   0.48770
FLUX  325   288.50        1.039142E+15   7.4371E-07   1.6340E-06   0.45515
FLUX  326   289.50        1.035553E+15   7.6582E-07   1.6522E-06   0.46352
FLUX  327   291.00        1.030215E+15   9.9337E-07   1.6814E-06   0.59081
FLUX  328   293.00        1.023183E+15   9.2404E-07   1.7179E-06   0.53788
FLUX  329   295.00        1.016246E+15   9.1866E-07   1.7550E-06   0.52346
FLUX  330   297.00        1.009402E+15   1.0335E-06   1.7917E-06   0.57685
FLUX  331   299.00        1.002650E+15   1.0404E-06   1.8286E-06   0.56895
FLUX  332   301.00        9.959884E+14   1.1255E-06   1.8657E-06   0.60327
FLUX  333   303.00        9.894142E+14   1.1327E-06   1.9030E-06   0.59523
FLUX  334   305.00        9.829262E+14   1.1958E-06   1.9403E-06   0.61631
FLUX  335   307.00        9.765228E+14   1.1750E-06   1.9776E-06   0.59416
FLUX  336   309.00        9.702023E+14   1.2309E-06   2.0167E-06   0.61035
FLUX  337   311.00        9.639630E+14   1.2397E-06   2.0541E-06   0.60354
FLUX  338   313.00        9.578035E+14   1.2332E-06   2.0921E-06   0.58948
FLUX  339   315.00        9.517222E+14   1.2349E-06   2.1295E-06   0.57987
FLUX  340   317.00        9.457177E+14   1.3160E-06   2.1670E-06   0.60731
FLUX  341   319.00        9.397884E+14   1.2126E-06   2.2046E-06   0.55005
FLUX  342   321.00        9.339330E+14   1.3603E-06   2.2422E-06   0.60668
FLUX  343   323.00        9.281501E+14   1.1990E-06   2.2804E-06   0.52581
FLUX  344   325.00        9.224385E+14   1.4585E-06   2.3180E-06   0.62920
FLUX  345   327.00        9.167966E+14   1.6326E-06   2.3556E-06   0.69307
FLUX  346   329.00        9.112234E+14   1.6234E-06   2.3935E-06   0.67825
FLUX  347   331.00        9.057175E+14   1.6692E-06   2.4311E-06   0.68659
FLUX  348   333.00        9.002778E+14   1.6650E-06   2.4687E-06   0.67446
FLUX  349   335.00        8.949030E+14   1.6612E-06   2.5063E-06   0.66282
FLUX  350   337.00        8.895920E+14   1.4966E-06   2.5441E-06   0.58826
FLUX  351   339.00        8.843436E+14   1.6693E-06   2.5820E-06   0.64652
FLUX  352   341.00        8.791569E+14   1.7233E-06   2.6196E-06   0.65786
FLUX  353   343.00        8.740306E+14   1.8114E-06   2.6572E-06   0.68171
FLUX  354   345.00        8.689638E+14   1.8724E-06   2.6950E-06   0.69476
FLUX  355   347.00        8.639553E+14   1.8801E-06   2.7328E-06   0.68797
FLUX  356   349.00        8.590043E+14   1.9463E-06   2.7707E-06   0.70246
FLUX  357   351.00        8.541097E+14   2.0456E-06   2.8085E-06   0.72836
FLUX  358   353.00        8.492705E+14   1.9792E-06   2.8463E-06   0.69536
FLUX  359   355.00        8.444859E+14   2.2357E-06   2.8843E-06   0.77513
FLUX  360   357.00        8.397549E+14   1.9768E-06   2.9226E-06   0.67637
FLUX  361   359.00        8.350766E+14   1.9871E-06   2.9610E-06   0.67110
FLUX  362   361.00        8.304501E+14   2.0831E-06   2.9994E-06   0.69450
FLUX  363   363.00        8.258746E+14   2.1327E-06   3.0377E-06   0.70209
FLUX  364   364.00        8.236058E+14   2.1305E-06   3.0570E-06   0.69694
FLUX  365   365.00        8.213493E+14   2.3501E-06   5.2052E-06   0.45149
FLUX  366   367.00        8.168733E+14   2.3396E-06   5.2544E-06   0.44526
FLUX  367   369.00        8.124458E+14   2.3260E-06   5.3033E-06   0.43860
FLUX  368   371.00        8.080660E+14   2.6350E-06   5.3522E-06   0.49233
FLUX  369   373.00        8.037332E+14   2.6168E-06   5.4006E-06   0.48454
FLUX  370   375.00        7.994467E+14   2.9914E-06   5.4487E-06   0.54902
FLUX  371   377.00        7.952056E+14   3.2658E-06   5.5051E-06   0.59324
FLUX  372   379.00        7.910092E+14   3.5474E-06   5.5535E-06   0.63877
FLUX  373   381.00        7.868569E+14   3.8591E-06   5.6015E-06   0.68894
FLUX  374   383.00        7.827480E+14   3.1858E-06   5.6491E-06   0.56395
FLUX  375   385.00        7.786818E+14   3.9035E-06   5.6972E-06   0.68516
FLUX  376   387.00        7.746576E+14   4.0311E-06   5.7442E-06   0.70177
FLUX  377   389.00        7.706748E+14   3.5685E-06   5.7915E-06   0.61616
FLUX  378   391.00        7.667327E+14   4.0716E-06   5.8386E-06   0.69736
FLUX  379   393.00        7.628308E+14   2.4466E-06   5.8853E-06   0.41570
FLUX  380   395.00        7.589683E+14   3.8612E-06   5.9317E-06   0.65096
FLUX  381   397.00        7.551448E+14   2.6845E-06   5.9775E-06   0.44910
FLUX  382   399.00        7.513596E+14   4.5742E-06   6.0229E-06   0.75947
FLUX  383   401.00        7.476122E+14   4.8596E-06   6.0692E-06   0.80070
FLUX  384   403.00        7.439020E+14   4.8937E-06   6.1150E-06   0.80028
FLUX  385   405.00        7.402284E+14   4.8750E-06   6.1600E-06   0.79140
FLUX  386   407.00        7.365909E+14   4.8648E-06   6.2045E-06   0.78407
FLUX  387   409.00        7.329890E+14   5.0762E-06   6.2487E-06   0.81236
FLUX  388   411.00        7.294221E+14   4.7049E-06   6.2924E-06   0.74771
FLUX  389   413.00        7.258898E+14   5.2112E-06   6.3357E-06   0.82252
FLUX  390   415.00        7.223916E+14   5.3919E-06   6.3790E-06   0.84527
FLUX  391   417.00        7.189269E+14   5.3659E-06   6.4220E-06   0.83556
FLUX  392   419.00        7.154952E+14   5.3469E-06   6.4643E-06   0.82714
FLUX  393   421.00        7.120962E+14   5.3652E-06   6.5062E-06   0.82462
FLUX  394   423.00        7.087293E+14   5.2599E-06   6.5477E-06   0.80332
FLUX  395   425.00        7.053941E+14   5.3954E-06   6.5887E-06   0.81888
FLUX  396   427.00        7.020902E+14   5.3353E-06   6.6292E-06   0.80481
FLUX  397   429.00        6.988170E+14   5.0352E-06   6.6694E-06   0.75496
FLUX  398   431.00        6.955742E+14   4.5230E-06   6.7093E-06   0.67414
FLUX  399   433.00        6.923614E+14   5.4036E-06   6.7487E-06   0.80070
FLUX  400   435.00        6.891782E+14   5.1026E-06   6.7878E-06   0.75173
FLUX  401   437.00        6.860240E+14   5.8551E-06   6.8263E-06   0.85772
FLUX  402   439.00        6.828986E+14   5.6587E-06   6.8645E-06   0.82434
FLUX  403   441.00        6.798016E+14   5.8221E-06   6.9024E-06   0.84349
FLUX  404   443.00        6.767325E+14   5.9966E-06   6.9398E-06   0.86408
FLUX  405   445.00        6.736910E+14   5.9990E-06   6.9770E-06   0.85983
FLUX  406   447.00        6.706767E+14   6.1590E-06   7.0138E-06   0.87814
FLUX  407   449.00        6.676893E+14   6.2552E-06   7.0502E-06   0.88723
FLUX  408   451.00        6.647284E+14   6.6214E-06   7.0864E-06   0.93438
FLUX  409   453.00        6.617936E+14   6.2543E-06   7.1222E-06   0.87814
FLUX  410   455.00        6.588846E+14   6.3741E-06   7.1577E-06   0.89052
FLUX  411   457.00        6.560011E+14   6.7297E-06   7.1929E-06   0.93561
FLUX  412   459.00        6.531427E+14   6.5078E-06   7.2277E-06   0.90040
FLUX  413   461.00        6.503091E+14   6.7240E-06   7.2622E-06   0.92590
FLUX  414   463.00        6.475000E+14   6.6818E-06   7.2964E-06   0.91577
FLUX  415   465.00        6.447150E+14   6.7865E-06   7.3302E-06   0.92582
FLUX  416   467.00        6.419540E+14   6.9386E-06   7.3636E-06   0.94229
FLUX  417   469.00        6.392164E+14   6.9006E-06   7.3966E-06   0.93294
FLUX  418   471.00        6.365021E+14   6.7469E-06   7.4294E-06   0.90813
FLUX  419   473.00        6.338108E+14   7.0315E-06   7.4618E-06   0.94233
FLUX  420   475.00        6.311421E+14   7.1303E-06   7.4940E-06   0.95147
FLUX  421   477.00        6.284958E+14   7.1351E-06   7.5260E-06   0.94806
FLUX  422   479.00        6.258716E+14   7.1588E-06   7.5577E-06   0.94722
FLUX  423   481.00        6.232692E+14   7.1950E-06   7.5891E-06   0.94806
FLUX  424   483.00        6.206884E+14   7.2395E-06   7.6203E-06   0.95003
FLUX  425   485.00        6.181289E+14   6.8696E-06   7.6559E-06   0.89729
FLUX  426   487.00        6.155903E+14   6.1282E-06   7.6865E-06   0.79727
FLUX  427   489.00        6.130726E+14   7.1716E-06   7.7168E-06   0.92935
FLUX  428   491.00        6.105753E+14   7.2272E-06   7.7468E-06   0.93292
FLUX  429   493.00        6.080984E+14   7.1633E-06   7.7766E-06   0.92114
FLUX  430   495.00        6.056414E+14   7.3831E-06   7.8061E-06   0.94582
FLUX  431   497.00        6.032042E+14   7.5133E-06   7.8353E-06   0.95891
FLUX  432   499.00        6.007866E+14   7.1978E-06   7.8642E-06   0.91527
FLUX  433   501.00        5.983882E+14   7.0382E-06   7.8928E-06   0.89172
FLUX  434   503.00        5.960089E+14   7.3968E-06   7.9212E-06   0.93379
FLUX  435   505.00        5.936485E+14   7.4075E-06   7.9493E-06   0.93184
FLUX  436   507.00        5.913067E+14   7.6325E-06   7.9771E-06   0.95680
FLUX  437   509.00        5.889833E+14   7.5089E-06   8.0046E-06   0.93808
FLUX  438   511.00        5.866781E+14   7.6094E-06   8.0318E-06   0.94741
FLUX  439   513.00        5.843908E+14   7.5156E-06   8.0588E-06   0.93260
FLUX  440   515.00        5.821214E+14   7.4243E-06   8.0854E-06   0.91823
FLUX  441   517.00        5.798694E+14   7.3219E-06   8.1119E-06   0.90262
FLUX  442   519.00        5.776349E+14   7.3401E-06   8.1380E-06   0.90195
FLUX  443   521.00        5.754175E+14   7.4928E-06   8.1639E-06   0.91780
FLUX  444   523.00        5.732170E+14   7.6218E-06   8.1895E-06   0.93068
FLUX  445   525.00        5.710333E+14   7.8101E-06   8.2149E-06   0.95073
FLUX  446   527.00        5.688662E+14   7.3404E-06   8.2399E-06   0.89084
FLUX  447   529.00        5.667155E+14   7.8355E-06   8.2646E-06   0.94808
FLUX  448   531.00        5.645810E+14   7.9515E-06   8.2890E-06   0.95929
FLUX  449   533.00        5.624625E+14   7.6331E-06   8.3132E-06   0.91819
FLUX  450   535.00        5.603598E+14   7.9786E-06   8.3371E-06   0.95700
FLUX  451   537.00        5.582728E+14   7.9817E-06   8.3611E-06   0.95462
FLUX  452   539.00        5.562013E+14   7.9749E-06   8.3864E-06   0.95094
FLUX  453   541.00        5.541451E+14   7.8795E-06   8.4096E-06   0.93698
FLUX  454   543.00        5.521040E+14   8.0114E-06   8.4324E-06   0.95007
FLUX  455   545.00        5.500780E+14   8.1664E-06   8.4551E-06   0.96586
FLUX  456   547.00        5.480667E+14   8.1322E-06   8.4775E-06   0.95927
FLUX  457   549.00        5.460701E+14   8.1699E-06   8.4996E-06   0.96120
FLUX  458   551.00        5.440880E+14   8.2052E-06   8.5216E-06   0.96287
FLUX  459   553.00        5.421202E+14   8.2551E-06   8.5433E-06   0.96626
FLUX  460   555.00        5.401667E+14   8.3712E-06   8.5648E-06   0.97739
FLUX  461   557.00        5.382271E+14   8.2610E-06   8.5861E-06   0.96213
FLUX  462   559.00        5.363014E+14   8.2292E-06   8.6071E-06   0.95609
FLUX  463   561.00        5.343895E+14   8.3424E-06   8.6279E-06   0.96691
FLUX  464   563.00        5.324911E+14   8.4466E-06   8.6507E-06   0.97640
FLUX  465   565.00        5.306062E+14   8.4367E-06   8.6711E-06   0.97297
FLUX  466   567.00        5.287346E+14   8.3627E-06   8.6912E-06   0.96221
FLUX  467   569.00        5.268761E+14   8.4873E-06   8.7110E-06   0.97432
FLUX  468   571.00        5.250306E+14   8.4301E-06   8.7306E-06   0.96558
FLUX  469   573.00        5.231981E+14   8.6979E-06   8.7500E-06   0.99404
FLUX  470   575.00        5.213783E+14   8.6128E-06   8.7691E-06   0.98218
FLUX  471   577.00        5.195711E+14   8.6784E-06   8.7880E-06   0.98753
FLUX  472   579.00        5.177763E+14   8.6312E-06   8.8067E-06   0.98008
FLUX  473   581.00        5.159940E+14   8.7229E-06   8.8251E-06   0.98842
FLUX  474   583.00        5.142238E+14   8.7902E-06   8.8433E-06   0.99400
FLUX  475   585.00        5.124658E+14   8.7190E-06   8.8613E-06   0.98394
FLUX  476   587.00        5.107198E+14   8.7692E-06   8.8791E-06   0.98762
FLUX  477   589.00        5.089856E+14   8.5810E-06   8.8966E-06   0.96452
FLUX  478   591.00        5.072631E+14   8.7990E-06   8.9140E-06   0.98710
FLUX  479   593.00        5.055523E+14   8.8169E-06   8.9310E-06   0.98722
FLUX  480   595.00        5.038529E+14   8.8610E-06   8.9486E-06   0.99021
FLUX  481   597.00        5.021650E+14   8.8870E-06   8.9652E-06   0.99127
FLUX  482   599.00        5.004883E+14   8.8754E-06   8.9816E-06   0.98818
FLUX  483   601.00        4.988228E+14   8.8445E-06   8.9978E-06   0.98296
FLUX  484   603.00        4.971683E+14   8.8753E-06   9.0138E-06   0.98464
FLUX  485   605.00        4.955248E+14   8.9800E-06   9.0297E-06   0.99450
FLUX  486   607.00        4.938921E+14   8.9938E-06   9.0453E-06   0.99431
FLUX  487   609.00        4.922701E+14   8.9481E-06   9.0606E-06   0.98758
FLUX  488   611.00        4.906588E+14   8.9210E-06   9.0757E-06   0.98295
FLUX  489   613.00        4.890579E+14   8.7890E-06   9.0907E-06   0.96681
FLUX  490   615.00        4.874675E+14   8.8428E-06   9.1054E-06   0.97116
FLUX  491   617.00        4.858874E+14   8.7831E-06   9.1200E-06   0.96307
FLUX  492   619.00        4.843174E+14   9.0117E-06   9.1343E-06   0.98658
FLUX  493   621.00        4.827576E+14   9.0590E-06   9.1485E-06   0.99021
FLUX  494   623.00        4.812079E+14   8.9696E-06   9.1625E-06   0.97895
FLUX  495   625.00        4.796680E+14   8.8032E-06   9.1762E-06   0.95935
FLUX  496   627.00        4.781380E+14   9.0894E-06   9.1937E-06   0.98865
FLUX  497   629.00        4.766176E+14   9.1223E-06   9.2071E-06   0.99079
FLUX  498   631.00        4.751070E+14   9.0036E-06   9.2203E-06   0.97650
FLUX  499   633.00        4.736058E+14   9.0698E-06   9.2333E-06   0.98230
FLUX  500   635.00        4.721142E+14   9.1219E-06   9.2464E-06   0.98654
FLUX  501   637.00        4.706319E+14   9.1278E-06   9.2590E-06   0.98583
FLUX  502   639.00        4.691588E+14   9.1629E-06   9.2714E-06   0.98829
FLUX  503   641.00        4.676950E+14   9.0698E-06   9.2837E-06   0.97697
FLUX  504   643.00        4.662403E+14   9.1442E-06   9.2957E-06   0.98370
FLUX  505   645.00        4.647946E+14   9.1209E-06   9.3076E-06   0.97994
FLUX  506   647.00        4.633578E+14   9.1580E-06   9.3193E-06   0.98269
FLUX  507   649.00        4.619299E+14   9.0685E-06   9.3308E-06   0.97189
FLUX  508   651.00        4.605107E+14   9.2162E-06   9.3426E-06   0.98647
FLUX  509   653.00        4.591003E+14   9.2516E-06   9.3537E-06   0.98908
FLUX  510   655.00        4.576985E+14   8.9873E-06   9.3672E-06   0.95944
FLUX  511   657.00        4.563052E+14   7.9648E-06   9.3780E-06   0.84930
FLUX  512   659.00        4.549203E+14   9.1884E-06   9.3886E-06   0.97868
FLUX  513   661.00        4.535439E+14   9.3063E-06   9.3990E-06   0.99014
FLUX  514   663.00        4.521757E+14   9.3435E-06   9.4092E-06   0.99302
FLUX  515   665.00        4.508158E+14   9.3500E-06   9.4193E-06   0.99265
FLUX  516   667.00        4.494640E+14   9.3121E-06   9.4292E-06   0.98759
FLUX  517   669.00        4.481203E+14   9.4030E-06   9.4389E-06   0.99620
FLUX  518   671.00        4.467846E+14   9.3588E-06   9.4485E-06   0.99051
FLUX  519   673.00        4.454569E+14   9.4133E-06   9.4579E-06   0.99529
FLUX  520   675.00        4.441370E+14   9.3799E-06   9.4671E-06   0.99078
FLUX  521   677.00        4.428250E+14   9.4149E-06   9.4762E-06   0.99353
FLUX  522   679.00        4.415206E+14   9.4193E-06   9.4852E-06   0.99306
FLUX  523   681.00        4.402239E+14   9.4212E-06   9.4939E-06   0.99234
FLUX  524   683.00        4.389348E+14   9.4483E-06   9.5026E-06   0.99429
FLUX  525   685.00        4.376533E+14   9.4011E-06   9.5110E-06   0.98844
FLUX  526   687.00        4.363792E+14   9.4535E-06   9.5193E-06   0.99309
FLUX  527   689.00        4.351125E+14   9.4833E-06   9.5274E-06   0.99537
FLUX  528   691.00        4.338531E+14   9.4780E-06   9.5354E-06   0.99398
FLUX  529   693.00        4.326010E+14   9.4889E-06   9.5432E-06   0.99431
FLUX  530   695.00        4.313561E+14   9.4908E-06   9.5509E-06   0.99371
FLUX  531   697.00        4.301184E+14   9.5137E-06   9.5584E-06   0.99532
FLUX  532   699.00        4.288877E+14   9.5199E-06   9.5659E-06   0.99519
FLUX  533   701.00        4.276640E+14   9.4290E-06   9.5731E-06   0.98495
FLUX  534   703.00        4.264474E+14   9.5048E-06   9.5802E-06   0.99213
FLUX  535   705.00        4.252376E+14   9.5387E-06   9.5871E-06   0.99494
FLUX  536   707.00        4.240346E+14   9.5314E-06   9.5939E-06   0.99348
FLUX  537   709.00        4.228385E+14   9.5370E-06   9.6006E-06   0.99338
FLUX  538   711.00        4.216491E+14   9.5152E-06   9.6071E-06   0.99044
FLUX  539   713.00        4.204663E+14   9.5072E-06   9.6134E-06   0.98895
FLUX  540   715.00        4.192902E+14   9.5072E-06   9.6196E-06   0.98832
FLUX  541   717.00        4.181206E+14   9.5174E-06   9.6256E-06   0.98876
FLUX  542   719.00        4.169576E+14   9.4420E-06   9.6315E-06   0.98032
FLUX  543   721.00        4.158010E+14   9.5044E-06   9.6373E-06   0.98621
FLUX  544   723.00        4.146508E+14   9.5324E-06   9.6429E-06   0.98854
FLUX  545   725.00        4.135069E+14   9.5760E-06   9.6499E-06   0.99235
FLUX  546   727.00        4.123693E+14   9.5876E-06   9.6552E-06   0.99300
FLUX  547   729.00        4.112380E+14   9.5001E-06   9.6604E-06   0.98341
FLUX  548   731.00        4.101129E+14   9.5581E-06   9.6687E-06   0.98856
FLUX  549   733.00        4.089939E+14   9.5654E-06   9.6736E-06   0.98881
FLUX  550   735.00        4.078809E+14   9.6067E-06   9.6784E-06   0.99259
FLUX  551   737.00        4.067741E+14   9.6351E-06   9.6831E-06   0.99505
FLUX  552   739.00        4.056732E+14   9.5469E-06   9.6876E-06   0.98548
FLUX  553   741.00        4.045783E+14   9.4780E-06   9.6920E-06   0.97792
FLUX  554   743.00        4.034892E+14   9.5523E-06   9.6962E-06   0.98516
FLUX  555   745.00        4.024060E+14   9.5816E-06   9.7004E-06   0.98775
FLUX  556   747.00        4.013286E+14   9.6191E-06   9.7044E-06   0.99121
FLUX  557   749.00        4.002570E+14   9.5963E-06   9.7083E-06   0.98847
FLUX  558   751.00        3.991911E+14   9.6166E-06   9.7120E-06   0.99017
FLUX  559   753.00        3.981308E+14   9.6395E-06   9.7157E-06   0.99216
FLUX  560   755.00        3.970762E+14   9.6782E-06   9.7193E-06   0.99577
FLUX  561   757.00        3.960271E+14   9.6495E-06   9.7227E-06   0.99247
FLUX  562   759.00        3.949835E+14   9.6538E-06   9.7261E-06   0.99257
FLUX  563   761.00        3.939455E+14   9.6568E-06   9.7292E-06   0.99255
FLUX  564   763.00        3.929128E+14   9.6782E-06   9.7323E-06   0.99444
FLUX  565   765.00        3.918856E+14   9.6744E-06   9.7353E-06   0.99375
FLUX  566   767.00        3.908638E+14   9.5786E-06   9.7381E-06   0.98362
FLUX  567   769.00        3.898472E+14   9.6775E-06   9.7409E-06   0.99349
FLUX  568   771.00        3.888359E+14   9.6220E-06   9.7435E-06   0.98753
FLUX  569   773.00        3.878299E+14   9.6619E-06   9.7461E-06   0.99137
FLUX  570   775.00        3.868290E+14   9.6278E-06   9.7485E-06   0.98763
FLUX  571   777.00        3.858333E+14   9.6387E-06   9.7508E-06   0.98851
FLUX  572   779.00        3.848427E+14   9.7099E-06   9.7530E-06   0.99558
FLUX  573   781.00        3.838572E+14   9.7141E-06   9.7551E-06   0.99579
FLUX  574   783.00        3.828768E+14   9.6690E-06   9.7571E-06   0.99096
FLUX  575   785.00        3.819013E+14   9.6761E-06   9.7590E-06   0.99150
FLUX  576   787.00        3.809307E+14   9.7254E-06   9.7608E-06   0.99637
FLUX  577   789.00        3.799651E+14   9.7225E-06   9.7625E-06   0.99590
FLUX  578   791.00        3.790044E+14   9.6995E-06   9.7641E-06   0.99339
FLUX  579   793.00        3.780485E+14   9.6255E-06   9.7656E-06   0.98565
FLUX  580   795.00        3.770975E+14   9.6519E-06   9.7670E-06   0.98822
FLUX  581   797.00        3.761512E+14   9.7383E-06   9.7685E-06   0.99691
FLUX  582   799.00        3.752096E+14   9.7424E-06   9.7697E-06   0.99720
FLUX  583   801.00        3.742728E+14   9.7005E-06   9.7708E-06   0.99280
FLUX  584   803.00        3.733406E+14   9.7109E-06   9.7717E-06   0.99378
FLUX  585   805.00        3.724130E+14   9.6920E-06   9.7726E-06   0.99175
FLUX  586   807.00        3.714901E+14   9.7381E-06   9.7734E-06   0.99639
FLUX  587   809.00        3.705717E+14   9.6818E-06   9.7741E-06   0.99056
FLUX  588   811.00        3.696578E+14   9.7468E-06   9.7747E-06   0.99714
FLUX  589   813.00        3.687485E+14   9.7615E-06   9.7752E-06   0.99861
FLUX  590   815.00        3.678436E+14   9.7513E-06   9.7756E-06   0.99752
FLUX  591   817.00        3.669431E+14   9.7504E-06   9.7759E-06   0.99740
FLUX  592   819.00        3.660470E+14   9.6131E-06   9.7761E-06   0.98333
FLUX  593   821.00        3.651553E+14   9.6672E-06   9.9330E-06   0.97324
FLUX  594   823.00        3.642679E+14   9.6530E-06   9.9332E-06   0.97179
FLUX  595   825.00        3.633848E+14   9.6855E-06   9.9333E-06   0.97505
FLUX  596   827.00        3.625060E+14   9.7575E-06   9.9334E-06   0.98229
FLUX  597   829.00        3.616315E+14   9.7479E-06   9.9334E-06   0.98132
FLUX  598   831.00        3.607611E+14   9.6966E-06   9.9333E-06   0.97617
FLUX  599   833.00        3.598950E+14   9.6288E-06   9.9332E-06   0.96936
FLUX  600   835.00        3.590329E+14   9.7186E-06   9.9329E-06   0.97842
FLUX  601   837.00        3.581750E+14   9.7311E-06   9.9326E-06   0.97971
FLUX  602   839.00        3.573212E+14   9.6563E-06   9.9322E-06   0.97222
FLUX  603   841.00        3.564715E+14   9.7287E-06   9.9318E-06   0.97956
FLUX  604   843.00        3.556257E+14   9.6763E-06   9.9312E-06   0.97433
FLUX  605   845.00        3.547840E+14   9.6673E-06   9.9306E-06   0.97349
FLUX  606   847.00        3.539463E+14   9.6278E-06   9.9299E-06   0.96958
FLUX  607   849.00        3.531125E+14   9.6505E-06   9.9292E-06   0.97194
FLUX  608   851.00        3.522826E+14   9.2483E-06   9.9283E-06   0.93151
FLUX  609   853.00        3.514566E+14   9.6501E-06   9.9274E-06   0.97207
FLUX  610   855.00        3.506345E+14   8.5033E-06   9.9268E-06   0.85660
FLUX  611   857.00        3.498162E+14   9.7978E-06   9.9257E-06   0.98711
FLUX  612   859.00        3.490017E+14   9.6402E-06   9.9246E-06   0.97134
FLUX  613   861.00        3.481911E+14   9.5509E-06   9.9235E-06   0.96246
FLUX  614   863.00        3.473841E+14   9.8077E-06   9.9222E-06   0.98846
FLUX  615   865.00        3.465809E+14   9.7347E-06   9.9209E-06   0.98123
FLUX  616   867.00        3.457814E+14   8.5759E-06   9.9195E-06   0.86454
FLUX  617   869.00        3.449856E+14   9.6615E-06   9.9181E-06   0.97413
FLUX  618   871.00        3.441935E+14   9.8090E-06   9.9166E-06   0.98915
FLUX  619   873.00        3.434049E+14   9.7836E-06   9.9151E-06   0.98675
FLUX  620   875.00        3.426200E+14   9.2894E-06   9.9134E-06   0.93705
FLUX  621   877.00        3.418387E+14   9.7793E-06   9.9118E-06   0.98663
FLUX  622   879.00        3.410609E+14   9.8146E-06   9.9100E-06   0.99037
FLUX  623   881.00        3.402866E+14   9.7546E-06   9.9082E-06   0.98450
FLUX  624   883.00        3.395159E+14   9.7696E-06   9.9064E-06   0.98620
FLUX  625   885.00        3.387486E+14   9.6955E-06   9.9045E-06   0.97890
FLUX  626   887.00        3.379848E+14   9.2494E-06   9.9025E-06   0.93405
FLUX  627   889.00        3.372244E+14   9.8051E-06   9.9004E-06   0.99037
FLUX  628   891.00        3.364674E+14   9.8305E-06   9.8983E-06   0.99314
FLUX  629   893.00        3.357139E+14   9.7724E-06   9.8962E-06   0.98749
FLUX  630   895.00        3.349637E+14   9.8121E-06   9.8940E-06   0.99173
FLUX  631   897.00        3.342168E+14   9.8261E-06   9.8917E-06   0.99337
FLUX  632   899.00        3.334733E+14   9.8113E-06   9.8894E-06   0.99211
FLUX  633   901.00        3.327331E+14   9.2182E-06   9.8870E-06   0.93236
FLUX  634   903.00        3.319961E+14   9.6484E-06   9.8845E-06   0.97612
FLUX  635   905.00        3.312624E+14   9.8451E-06   9.8820E-06   0.99626
FLUX  636   907.00        3.305320E+14   9.7150E-06   9.8794E-06   0.98336
FLUX  637   909.00        3.298047E+14   9.5717E-06   9.8768E-06   0.96911
FLUX  638   911.00        3.290807E+14   9.7274E-06   9.8741E-06   0.98514
FLUX  639   913.00        3.283598E+14   9.8314E-06   9.8714E-06   0.99594
FLUX  640   915.00        3.276421E+14   9.8328E-06   9.8686E-06   0.99637
FLUX  641   917.00        3.269275E+14   9.8219E-06   9.8658E-06   0.99554
FLUX  642   919.00        3.262160E+14   9.8313E-06   9.8629E-06   0.99679
FLUX  643   921.00        3.255076E+14   9.6687E-06   9.8600E-06   0.98059
FLUX  644   923.00        3.248023E+14   9.1076E-06   9.8571E-06   0.92397
FLUX  645   925.00        3.241000E+14   9.5966E-06   9.8541E-06   0.97387
FLUX  646   927.00        3.234008E+14   9.7414E-06   9.8511E-06   0.98887
FLUX  647   929.00        3.227045E+14   9.8054E-06   9.8480E-06   0.99567
FLUX  648   931.00        3.220113E+14   9.8197E-06   9.8449E-06   0.99743
FLUX  649   933.00        3.213210E+14   9.8042E-06   9.8418E-06   0.99618
FLUX  650   935.00        3.206337E+14   9.8000E-06   9.8386E-06   0.99607
FLUX  651   937.00        3.199493E+14   9.7923E-06   9.8354E-06   0.99562
FLUX  652   939.00        3.192678E+14   9.7984E-06   9.8322E-06   0.99656
FLUX  653   941.00        3.185893E+14   9.5591E-06   9.8289E-06   0.97255
FLUX  654   943.00        3.179136E+14   9.7447E-06   9.8256E-06   0.99177
FLUX  655   945.00        3.172407E+14   9.7274E-06   9.8222E-06   0.99035
FLUX  656   947.00        3.165707E+14   9.7908E-06   9.8188E-06   0.99715
FLUX  657   949.00        3.159036E+14   9.7994E-06   9.8153E-06   0.99838
FLUX  658   951.00        3.152392E+14   9.7674E-06   9.8119E-06   0.99547
FLUX  659   953.00        3.145776E+14   9.6854E-06   9.8083E-06   0.98746
FLUX  660   955.00        3.139188E+14   9.1108E-06   9.8048E-06   0.92922
FLUX  661   957.00        3.132628E+14   9.6832E-06   9.8011E-06   0.98797
FLUX  662   959.00        3.126095E+14   9.7660E-06   9.7975E-06   0.99679
FLUX  663   961.00        3.119589E+14   9.7146E-06   9.7938E-06   0.99191
FLUX  664   963.00        3.113110E+14   9.6747E-06   9.7901E-06   0.98822
FLUX  665   965.00        3.106658E+14   9.7023E-06   9.7863E-06   0.99142
FLUX  666   967.00        3.100233E+14   9.6554E-06   9.7825E-06   0.98701
FLUX  667   969.00        3.093834E+14   9.7166E-06   9.7787E-06   0.99365
FLUX  668   971.00        3.087461E+14   9.7450E-06   9.7748E-06   0.99694
FLUX  669   973.00        3.081115E+14   9.7418E-06   9.7709E-06   0.99702
FLUX  670   975.00        3.074795E+14   9.6820E-06   9.7670E-06   0.99129
FLUX  671   977.00        3.068500E+14   9.7208E-06   9.7630E-06   0.99567
FLUX  672   979.00        3.062232E+14   9.7095E-06   9.7590E-06   0.99492
FLUX  673   981.00        3.055989E+14   9.7293E-06   9.7550E-06   0.99737
FLUX  674   983.00        3.049771E+14   9.7221E-06   9.7509E-06   0.99704
FLUX  675   985.00        3.043579E+14   9.7083E-06   9.7468E-06   0.99605
FLUX  676   987.00        3.037411E+14   9.6863E-06   9.7427E-06   0.99421
FLUX  677   989.00        3.031269E+14   9.6626E-06   9.7385E-06   0.99220
FLUX  678   991.00        3.025151E+14   9.6678E-06   9.7343E-06   0.99317
FLUX  679   993.00        3.019058E+14   9.7008E-06   9.7301E-06   0.99699
FLUX  680   995.00        3.012990E+14   9.7020E-06   9.7259E-06   0.99755
FLUX  681   997.00        3.006946E+14   9.7018E-06   9.7216E-06   0.99796
FLUX  682   999.00        3.000926E+14   9.6939E-06   9.7173E-06   0.99759
FLUX  683  1002.50        2.990449E+14   9.5701E-06   9.7098E-06   0.98561
FLUX  684  1007.50        2.975608E+14   9.4169E-06   9.6989E-06   0.97093
FLUX  685  1012.50        2.960914E+14   9.6313E-06   9.6879E-06   0.99416
FLUX  686  1017.50        2.946364E+14   9.6097E-06   9.6768E-06   0.99306
FLUX  687  1022.50        2.931956E+14   9.6254E-06   9.6657E-06   0.99584
FLUX  688  1027.50        2.917689E+14   9.6398E-06   9.6544E-06   0.99848
FLUX  689  1032.50        2.903559E+14   9.5655E-06   9.6431E-06   0.99195
FLUX  690  1037.50        2.889566E+14   9.5823E-06   9.6317E-06   0.99487
FLUX  691  1042.50        2.875707E+14   9.5972E-06   9.6201E-06   0.99762
FLUX  692  1047.50        2.861981E+14   9.5087E-06   9.6084E-06   0.98962
FLUX  693  1052.50        2.848385E+14   9.5572E-06   9.5966E-06   0.99589
FLUX  694  1057.50        2.834917E+14   9.5274E-06   9.5845E-06   0.99404
FLUX  695  1062.50        2.821576E+14   9.4998E-06   9.5724E-06   0.99242
FLUX  696  1067.50        2.808361E+14   9.3718E-06   9.5602E-06   0.98029
FLUX  697  1072.50        2.795268E+14   9.4488E-06   9.5479E-06   0.98962
FLUX  698  1077.50        2.782297E+14   9.4349E-06   9.5356E-06   0.98944
FLUX  699  1082.50        2.769446E+14   9.3812E-06   9.5234E-06   0.98507
FLUX  700  1087.50        2.756713E+14   9.3904E-06   9.5111E-06   0.98732
FLUX  701  1092.50        2.744096E+14   9.0732E-06   9.4987E-06   0.95520
FLUX  702  1097.50        2.731595E+14   9.2995E-06   9.4863E-06   0.98031
FLUX  703  1102.50        2.719206E+14   9.4158E-06   9.4738E-06   0.99388
FLUX  704  1107.50        2.706930E+14   9.4359E-06   9.4612E-06   0.99733
FLUX  705  1112.50        2.694764E+14   9.3973E-06   9.4485E-06   0.99458
FLUX  706  1117.50        2.682707E+14   9.3735E-06   9.4358E-06   0.99339
FLUX  707  1122.50        2.670757E+14   9.3952E-06   9.4231E-06   0.99704
FLUX  708  1127.50        2.658913E+14   9.2951E-06   9.4104E-06   0.98775
FLUX  709  1132.50        2.647174E+14   9.3014E-06   9.3978E-06   0.98974
FLUX  710  1137.50        2.635538E+14   9.3169E-06   9.3851E-06   0.99273
FLUX  711  1142.50        2.624004E+14   9.2540E-06   9.3723E-06   0.98738
FLUX  712  1147.50        2.612571E+14   9.3348E-06   9.3595E-06   0.99736
FLUX  713  1152.50        2.601236E+14   9.3251E-06   9.3466E-06   0.99770
FLUX  714  1157.50        2.590000E+14   9.2862E-06   9.3337E-06   0.99491
FLUX  715  1162.50        2.578860E+14   9.1977E-06   9.3208E-06   0.98679
FLUX  716  1167.50        2.567816E+14   9.1841E-06   9.3079E-06   0.98670
FLUX  717  1172.50        2.556866E+14   9.2779E-06   9.2950E-06   0.99816
FLUX  718  1177.50        2.546008E+14   9.1388E-06   9.2822E-06   0.98455
FLUX  719  1182.50        2.535243E+14   9.1667E-06   9.2693E-06   0.98893
FLUX  720  1187.50        2.524568E+14   9.1179E-06   9.2567E-06   0.98500
FLUX  721  1192.50        2.513983E+14   9.2356E-06   9.2438E-06   0.99911
FLUX  722  1197.50        2.503486E+14   9.0790E-06   9.2310E-06   0.98353
FLUX  723  1202.50        2.493077E+14   9.1514E-06   9.2181E-06   0.99276
FLUX  724  1207.50        2.482754E+14   9.1217E-06   9.2052E-06   0.99092
FLUX  725  1212.50        2.472515E+14   9.1322E-06   9.1923E-06   0.99346
FLUX  726  1217.50        2.462361E+14   9.1659E-06   9.1794E-06   0.99853
FLUX  727  1222.50        2.452290E+14   9.1493E-06   9.1666E-06   0.99811
FLUX  728  1227.50        2.442301E+14   9.1110E-06   9.1538E-06   0.99532
FLUX  729  1232.50        2.432393E+14   9.1163E-06   9.1410E-06   0.99730
FLUX  730  1237.50        2.422566E+14   9.1007E-06   9.1283E-06   0.99697
FLUX  731  1242.50        2.412817E+14   9.0919E-06   9.1157E-06   0.99739
FLUX  732  1247.50        2.403146E+14   9.0884E-06   9.1030E-06   0.99839
FLUX  733  1252.50        2.393553E+14   9.0589E-06   9.0904E-06   0.99653
FLUX  734  1257.50        2.384036E+14   9.0301E-06   9.0779E-06   0.99473
FLUX  735  1262.50        2.374594E+14   9.0227E-06   9.0653E-06   0.99530
FLUX  736  1267.50        2.365227E+14   9.0206E-06   9.0529E-06   0.99644
FLUX  737  1272.50        2.355933E+14   9.0237E-06   9.0404E-06   0.99815
FLUX  738  1277.50        2.346712E+14   8.9639E-06   9.0281E-06   0.99289
FLUX  739  1282.50        2.337563E+14   8.4200E-06   9.0158E-06   0.93391
FLUX  740  1287.50        2.328485E+14   8.9403E-06   9.0036E-06   0.99297
FLUX  741  1292.50        2.319478E+14   8.9531E-06   8.9913E-06   0.99575
FLUX  742  1297.50        2.310539E+14   8.9600E-06   8.9791E-06   0.99787
FLUX  743  1302.50        2.301670E+14   8.9383E-06   8.9669E-06   0.99681
FLUX  744  1307.50        2.292868E+14   8.9426E-06   8.9547E-06   0.99864
FLUX  745  1312.50        2.284133E+14   8.8885E-06   8.9426E-06   0.99395
FLUX  746  1317.50        2.275465E+14   8.8632E-06   8.9305E-06   0.99246
FLUX  747  1322.50        2.266862E+14   8.9025E-06   8.9184E-06   0.99822
FLUX  748  1327.50        2.258324E+14   8.8542E-06   8.9063E-06   0.99415
FLUX  749  1332.50        2.249850E+14   8.8649E-06   8.8942E-06   0.99670
FLUX  750  1337.50        2.241439E+14   8.8484E-06   8.8821E-06   0.99620
FLUX  751  1342.50        2.233091E+14   8.8547E-06   8.8701E-06   0.99827
FLUX  752  1347.50        2.224805E+14   8.8402E-06   8.8580E-06   0.99798
FLUX  753  1352.50        2.216580E+14   8.8202E-06   8.8461E-06   0.99707
FLUX  754  1357.50        2.208416E+14   8.7766E-06   8.8342E-06   0.99348
FLUX  755  1362.50        2.200312E+14   8.7903E-06   8.8223E-06   0.99637
FLUX  756  1367.50        2.192267E+14   8.7736E-06   8.8104E-06   0.99582
FLUX  757  1372.50        2.184280E+14   8.7179E-06   8.7985E-06   0.99084
FLUX  758  1377.50        2.176352E+14   8.7360E-06   8.7865E-06   0.99425
FLUX  759  1382.50        2.168481E+14   8.7298E-06   8.7745E-06   0.99491
FLUX  760  1387.50        2.160667E+14   8.7410E-06   8.7625E-06   0.99755
FLUX  761  1392.50        2.152908E+14   8.7158E-06   8.7504E-06   0.99605
FLUX  762  1397.50        2.145206E+14   8.7062E-06   8.7385E-06   0.99631
FLUX  763  1402.50        2.137558E+14   8.6739E-06   8.7264E-06   0.99398
FLUX  764  1407.50        2.129964E+14   8.6890E-06   8.7143E-06   0.99710
FLUX  765  1412.50        2.122425E+14   8.6419E-06   8.7022E-06   0.99307
FLUX  766  1417.50        2.114938E+14   8.6667E-06   8.6901E-06   0.99732
FLUX  767  1422.50        2.107504E+14   8.5974E-06   8.6780E-06   0.99071
FLUX  768  1427.50        2.100123E+14   8.5605E-06   8.6657E-06   0.98786
FLUX  769  1432.50        2.092792E+14   8.6168E-06   8.6533E-06   0.99578
FLUX  770  1437.50        2.085513E+14   8.6245E-06   8.6408E-06   0.99812
FLUX  771  1442.50        2.078284E+14   8.4400E-06   8.6282E-06   0.97819
FLUX  772  1447.50        2.071105E+14   8.5860E-06   8.6155E-06   0.99658
FLUX  773  1452.50        2.063976E+14   8.4825E-06   8.6027E-06   0.98603
FLUX  774  1457.00        2.057601E+14   8.5278E-06   8.5912E-06   0.99262
FLUX  775  1462.00        2.050564E+14   8.5124E-06   8.7108E-06   0.97722
FLUX  776  1467.50        2.042879E+14   8.5222E-06   8.6986E-06   0.97972
FLUX  777  1472.50        2.035942E+14   8.4608E-06   8.6870E-06   0.97396
FLUX  778  1477.50        2.029052E+14   8.4450E-06   8.6753E-06   0.97345
FLUX  779  1482.50        2.022209E+14   8.4530E-06   8.6633E-06   0.97573
FLUX  780  1487.50        2.015412E+14   8.3718E-06   8.6512E-06   0.96771
FLUX  781  1492.50        2.008660E+14   8.4768E-06   8.6388E-06   0.98124
FLUX  782  1497.50        2.001953E+14   8.4256E-06   8.6263E-06   0.97673
FLUX  783  1502.50        1.995291E+14   8.3498E-06   8.6136E-06   0.96938
FLUX  784  1507.50        1.988673E+14   8.3223E-06   8.6006E-06   0.96765
FLUX  785  1512.50        1.982099E+14   8.3941E-06   8.5873E-06   0.97750
FLUX  786  1517.50        1.975568E+14   8.3916E-06   8.5737E-06   0.97875
FLUX  787  1522.50        1.969080E+14   8.3384E-06   8.5598E-06   0.97414
FLUX  788  1527.50        1.962635E+14   8.3359E-06   8.5456E-06   0.97546
FLUX  789  1532.50        1.956232E+14   8.3108E-06   8.5310E-06   0.97420
FLUX  790  1537.50        1.949870E+14   8.3103E-06   8.5160E-06   0.97585
FLUX  791  1542.50        1.943549E+14   8.2352E-06   8.5006E-06   0.96877
FLUX  792  1547.50        1.937270E+14   8.2785E-06   8.4849E-06   0.97567
FLUX  793  1552.50        1.931031E+14   8.2616E-06   8.4687E-06   0.97554
FLUX  794  1557.50        1.924831E+14   8.1358E-06   8.4521E-06   0.96259
FLUX  795  1562.50        1.918672E+14   8.2859E-06   8.4349E-06   0.98234
FLUX  796  1567.50        1.912552E+14   8.1532E-06   8.4172E-06   0.96864
FLUX  797  1572.50        1.906471E+14   8.0394E-06   8.3989E-06   0.95719
FLUX  798  1577.50        1.900428E+14   8.1193E-06   8.3801E-06   0.96888
FLUX  799  1582.50        1.894423E+14   8.1631E-06   8.3606E-06   0.97638
FLUX  800  1587.50        1.888457E+14   7.7402E-06   8.3404E-06   0.92804
FLUX  801  1592.50        1.882527E+14   8.0943E-06   8.3195E-06   0.97293
FLUX  802  1597.50        1.876635E+14   8.1501E-06   8.2979E-06   0.98219
FLUX  803  1605.00        1.867866E+14   8.0659E-06   8.2639E-06   0.97603
FLUX  804  1615.00        1.856300E+14   7.8183E-06   8.2152E-06   0.95168
FLUX  805  1625.00        1.844877E+14   8.0740E-06   8.1620E-06   0.98922
FLUX  806  1635.00        1.833593E+14   7.9011E-06   8.1018E-06   0.97522
FLUX  807  1645.00        1.822447E+14   7.6115E-06   8.0325E-06   0.94759
FLUX  808  1655.00        1.811435E+14   7.8999E-06   7.9573E-06   0.99278
FLUX  809  1665.00        1.800556E+14   7.8371E-06   7.8831E-06   0.99417
FLUX  810  1675.00        1.789806E+14   7.6290E-06   7.8099E-06   0.97684
FLUX  811  1685.00        1.779184E+14   7.3228E-06   7.7377E-06   0.94639
FLUX  812  1695.00        1.768687E+14   7.6407E-06   7.6664E-06   0.99665
FLUX  813  1705.00        1.758314E+14   7.5362E-06   7.5960E-06   0.99213
FLUX  814  1715.00        1.748061E+14   7.4796E-06   7.5265E-06   0.99377
FLUX  815  1725.00        1.737928E+14   7.3690E-06   7.4579E-06   0.98809
FLUX  816  1735.00        1.727911E+14   6.9032E-06   7.3901E-06   0.93411
FLUX  817  1745.00        1.718009E+14   7.1995E-06   7.3232E-06   0.98311
FLUX  818  1755.00        1.708219E+14   7.2068E-06   7.2573E-06   0.99304
FLUX  819  1765.00        1.698541E+14   7.1352E-06   7.1921E-06   0.99209
FLUX  820  1775.00        1.688972E+14   7.0855E-06   7.1278E-06   0.99407
FLUX  821  1785.00        1.679510E+14   7.0303E-06   7.0643E-06   0.99518
FLUX  822  1795.00        1.670153E+14   6.9834E-06   7.0016E-06   0.99739
FLUX  823  1805.00        1.660900E+14   6.8943E-06   6.9398E-06   0.99345
FLUX  824  1815.00        1.651749E+14   6.4937E-06   6.8787E-06   0.94403
FLUX  825  1825.00        1.642699E+14   6.7030E-06   6.8184E-06   0.98308
FLUX  826  1835.00        1.633747E+14   6.7239E-06   6.7587E-06   0.99484
FLUX  827  1845.00        1.624892E+14   6.6478E-06   6.6999E-06   0.99223
FLUX  828  1855.00        1.616132E+14   6.6047E-06   6.6417E-06   0.99442
FLUX  829  1865.00        1.607466E+14   6.5193E-06   6.5843E-06   0.99012
FLUX  830  1875.00        1.598893E+14   6.0934E-06   6.5276E-06   0.93349
FLUX  831  1885.00        1.590411E+14   6.3979E-06   6.4716E-06   0.98862
FLUX  832  1895.00        1.582018E+14   6.3061E-06   6.4163E-06   0.98282
FLUX  833  1905.00        1.573714E+14   6.3390E-06   6.3617E-06   0.99643
FLUX  834  1915.00        1.565496E+14   6.2768E-06   6.3078E-06   0.99509
FLUX  835  1925.00        1.557364E+14   6.2272E-06   6.2545E-06   0.99564
FLUX  836  1935.00        1.549315E+14   6.1374E-06   6.2019E-06   0.98960
FLUX  837  1945.00        1.541350E+14   5.7732E-06   6.1499E-06   0.93875
FLUX  838  1955.00        1.533465E+14   6.0464E-06   6.0985E-06   0.99145
FLUX  839  1965.00        1.525662E+14   6.0174E-06   6.0478E-06   0.99497
FLUX  840  1975.00        1.517937E+14   5.9484E-06   5.9977E-06   0.99178
FLUX  841  1985.00        1.510290E+14   5.9192E-06   5.9482E-06   0.99513
FLUX  842  1995.00        1.502719E+14   5.8711E-06   5.8993E-06   0.99522
FLUX  843  2005.00        1.495224E+14   5.8368E-06   5.8510E-06   0.99758
FLUX  844  2015.00        1.487804E+14   5.7985E-06   5.8032E-06   0.99919
FLUX  845  2025.00        1.480457E+14   5.7337E-06   5.7560E-06   0.99613
FLUX  846  2035.00        1.473182E+14   5.6690E-06   5.7094E-06   0.99293
FLUX  847  2045.00        1.465978E+14   5.6579E-06   5.6633E-06   0.99905
FLUX  848  2055.00        1.458844E+14   5.6077E-06   5.6178E-06   0.99821
FLUX  849  2065.00        1.451780E+14   5.5459E-06   5.5727E-06   0.99519
FLUX  850  2075.00        1.444783E+14   5.5122E-06   5.5282E-06   0.99710
FLUX  851  2085.00        1.437854E+14   5.4711E-06   5.4843E-06   0.99759
FLUX  852  2095.00        1.430990E+14   5.4125E-06   5.4408E-06   0.99479
FLUX  853  2105.00        1.424192E+14   5.3853E-06   5.3978E-06   0.99767
FLUX  854  2115.00        1.417459E+14   5.3351E-06   5.3554E-06   0.99620
FLUX  855  2125.00        1.410788E+14   5.2933E-06   5.3134E-06   0.99622
FLUX  856  2135.00        1.404180E+14   5.2558E-06   5.2719E-06   0.99695
FLUX  857  2145.00        1.397634E+14   5.2246E-06   5.2309E-06   0.99880
FLUX  858  2155.00        1.391148E+14   5.1726E-06   5.1904E-06   0.99657
FLUX  859  2165.00        1.384723E+14   4.8802E-06   5.1503E-06   0.94757
FLUX  860  2175.00        1.378356E+14   5.0675E-06   5.1106E-06   0.99155
FLUX  861  2185.00        1.372048E+14   5.0491E-06   5.0714E-06   0.99559
FLUX  862  2195.00        1.365797E+14   5.0291E-06   5.0327E-06   0.99930
FLUX  863  2205.00        1.359603E+14   4.9684E-06   4.9943E-06   0.99481
FLUX  864  2215.00        1.353465E+14   4.9422E-06   4.9564E-06   0.99712
FLUX  865  2225.00        1.347382E+14   4.9117E-06   4.9189E-06   0.99853
FLUX  866  2235.00        1.341353E+14   4.8743E-06   4.8819E-06   0.99846
FLUX  867  2245.00        1.335379E+14   4.8386E-06   4.8452E-06   0.99865
FLUX  868  2255.00        1.329457E+14   4.7838E-06   4.8089E-06   0.99478
FLUX  869  2265.00        1.323587E+14   4.7578E-06   4.7731E-06   0.99680
FLUX  870  2275.00        1.317769E+14   4.7297E-06   4.7376E-06   0.99834
FLUX  871  2285.00        1.312002E+14   4.6869E-06   4.7269E-06   0.99156
FLUX  872  2295.00        1.306285E+14   4.6545E-06   4.6919E-06   0.99204
FLUX  873  2305.00        1.300618E+14   4.6302E-06   4.6572E-06   0.99419
FLUX  874  2315.00        1.295000E+14   4.5912E-06   4.6230E-06   0.99313
FLUX  875  2325.00        1.289430E+14   4.5597E-06   4.5891E-06   0.99357
FLUX  876  2335.00        1.283908E+14   4.5228E-06   4.5556E-06   0.99278
FLUX  877  2345.00        1.278433E+14   4.4982E-06   4.5225E-06   0.99462
FLUX  878  2355.00        1.273004E+14   4.4601E-06   4.4897E-06   0.99340
FLUX  879  2365.00        1.267622E+14   4.4338E-06   4.4573E-06   0.99472
FLUX  880  2375.00        1.262284E+14   4.3933E-06   4.4252E-06   0.99278
FLUX  881  2385.00        1.256992E+14   4.3588E-06   4.3935E-06   0.99211
FLUX  882  2395.00        1.251743E+14   4.3367E-06   4.3621E-06   0.99417
FLUX  883  2405.00        1.246538E+14   4.3034E-06   4.3310E-06   0.99362
FLUX  884  2415.00        1.241377E+14   4.2677E-06   4.3003E-06   0.99243
FLUX  885  2425.00        1.236258E+14   4.2431E-06   4.2699E-06   0.99374
FLUX  886  2435.00        1.231181E+14   4.2058E-06   4.2398E-06   0.99199
FLUX  887  2445.00        1.226145E+14   4.1806E-06   4.2100E-06   0.99303
FLUX  888  2455.00        1.221151E+14   4.1416E-06   4.1805E-06   0.99068
FLUX  889  2465.00        1.216197E+14   4.1253E-06   4.1513E-06   0.99372
FLUX  890  2475.00        1.211283E+14   4.0896E-06   4.1225E-06   0.99202
FLUX  891  2485.00        1.206408E+14   4.0537E-06   4.0939E-06   0.99019
FLUX  892  2495.00        1.201573E+14   4.0235E-06   4.0656E-06   0.98964
FLUX  893  2505.00        1.196776E+14   4.0182E-06   4.0376E-06   0.99520
FLUX  894  2515.00        1.192018E+14   3.9894E-06   4.0099E-06   0.99490
FLUX  895  2525.00        1.187297E+14   3.9385E-06   3.9825E-06   0.98895
FLUX  896  2535.00        1.182613E+14   3.9355E-06   3.9553E-06   0.99499
FLUX  897  2545.00        1.177967E+14   3.9099E-06   3.9284E-06   0.99530
FLUX  898  2555.00        1.173356E+14   3.8762E-06   3.9018E-06   0.99344
FLUX  899  2565.00        1.168782E+14   3.8075E-06   3.8754E-06   0.98247
FLUX  900  2575.00        1.164243E+14   3.8354E-06   3.8493E-06   0.99638
FLUX  901  2585.00        1.159739E+14   3.7960E-06   3.8235E-06   0.99280
FLUX  902  2595.00        1.155270E+14   3.7872E-06   3.7979E-06   0.99717
FLUX  903  2605.00        1.150835E+14   3.7509E-06   3.7726E-06   0.99424
FLUX  904  2615.00        1.146434E+14   3.6685E-06   3.7475E-06   0.97892
FLUX  905  2625.00        1.142067E+14   3.5477E-06   3.7227E-06   0.95299
FLUX  906  2635.00        1.137732E+14   3.6703E-06   3.6981E-06   0.99247
FLUX  907  2645.00        1.133431E+14   3.6570E-06   3.6738E-06   0.99543
FLUX  908  2655.00        1.129162E+14   3.6338E-06   3.6497E-06   0.99565
FLUX  909  2665.00        1.124925E+14   3.5919E-06   3.6258E-06   0.99065
FLUX  910  2675.00        1.120720E+14   3.5086E-06   3.6022E-06   0.97402
FLUX  911  2685.00        1.116546E+14   3.5677E-06   3.5788E-06   0.99690
FLUX  912  2695.00        1.112403E+14   3.5523E-06   3.5556E-06   0.99905
FLUX  913  2705.00        1.108290E+14   3.5274E-06   3.5327E-06   0.99852
FLUX  914  2715.00        1.104208E+14   3.5055E-06   3.5099E-06   0.99873
FLUX  915  2725.00        1.100156E+14   3.4830E-06   3.4874E-06   0.99874
FLUX  916  2735.00        1.096133E+14   3.4616E-06   3.4651E-06   0.99898
FLUX  917  2745.00        1.092140E+14   3.4389E-06   3.4430E-06   0.99881
FLUX  918  2755.00        1.088176E+14   3.3298E-06   3.4211E-06   0.97330
FLUX  919  2765.00        1.084240E+14   3.3701E-06   3.3994E-06   0.99138
FLUX  920  2775.00        1.080333E+14   3.3734E-06   3.3780E-06   0.99866
FLUX  921  2785.00        1.076454E+14   3.3530E-06   3.3567E-06   0.99892
FLUX  922  2795.00        1.072603E+14   3.3340E-06   3.3356E-06   0.99953
FLUX  923  2805.00        1.068779E+14   3.3129E-06   3.3147E-06   0.99945
FLUX  924  2815.00        1.064982E+14   3.2928E-06   3.2940E-06   0.99963
FLUX  925  2825.00        1.061212E+14   3.2718E-06   3.2735E-06   0.99948
FLUX  926  2835.00        1.057469E+14   3.2529E-06   3.2532E-06   0.99990
FLUX  927  2845.00        1.053752E+14   3.2282E-06   3.2331E-06   0.99848
FLUX  928  2855.00        1.050061E+14   3.2109E-06   3.2132E-06   0.99929
FLUX  929  2865.00        1.046396E+14   3.1778E-06   3.1934E-06   0.99511
FLUX  930  2875.00        1.042757E+14   3.0755E-06   3.1739E-06   0.96901
FLUX  931  2885.00        1.039142E+14   3.1481E-06   3.1545E-06   0.99798
FLUX  932  2895.00        1.035553E+14   3.1338E-06   3.1353E-06   0.99952
FLUX  933  2905.00        1.031988E+14   3.1146E-06   3.1162E-06   0.99948
FLUX  934  2915.00        1.028448E+14   3.0944E-06   3.0974E-06   0.99903
FLUX  935  2925.00        1.024932E+14   3.0731E-06   3.0787E-06   0.99819
FLUX  936  2935.00        1.021440E+14   3.0585E-06   3.0601E-06   0.99946
FLUX  937  2945.00        1.017971E+14   3.0383E-06   3.0418E-06   0.99885
FLUX  938  2955.00        1.014526E+14   3.0223E-06   3.0236E-06   0.99956
FLUX  939  2965.00        1.011105E+14   3.0043E-06   3.0055E-06   0.99960
FLUX  940  2975.00        1.007706E+14   2.9861E-06   2.9877E-06   0.99947
FLUX  941  2985.00        1.004330E+14   2.9691E-06   2.9699E-06   0.99972
FLUX  942  2995.00        1.000977E+14   2.9494E-06   2.9524E-06   0.99900
FLUX  943  3005.00        9.976456E+13   2.9321E-06   2.9350E-06   0.99904
FLUX  944  3015.00        9.943366E+13   2.9162E-06   2.9177E-06   0.99948
FLUX  945  3025.00        9.910496E+13   2.8974E-06   2.9006E-06   0.99889
FLUX  946  3035.00        9.877842E+13   2.8073E-06   2.8837E-06   0.97352
FLUX  947  3045.00        9.845402E+13   2.8362E-06   2.8668E-06   0.98932
FLUX  948  3055.00        9.813175E+13   2.8474E-06   2.8501E-06   0.99905
FLUX  949  3065.00        9.781158E+13   2.8293E-06   2.8335E-06   0.99850
FLUX  950  3075.00        9.749349E+13   2.8162E-06   2.8171E-06   0.99967
FLUX  951  3085.00        9.717747E+13   2.7961E-06   2.8008E-06   0.99830
FLUX  952  3095.00        9.686349E+13   2.7806E-06   2.7847E-06   0.99852
FLUX  953  3105.00        9.655153E+13   2.7663E-06   2.7687E-06   0.99914
FLUX  954  3115.00        9.624157E+13   2.7400E-06   2.7528E-06   0.99535
FLUX  955  3125.00        9.593360E+13   2.7338E-06   2.7371E-06   0.99879
FLUX  956  3135.00        9.562759E+13   2.7185E-06   2.7215E-06   0.99891
FLUX  957  3145.00        9.532353E+13   2.7035E-06   2.7060E-06   0.99906
FLUX  958  3155.00        9.502139E+13   2.6847E-06   2.6907E-06   0.99778
FLUX  959  3165.00        9.472117E+13   2.6736E-06   2.6755E-06   0.99932
FLUX  960  3175.00        9.442283E+13   2.6567E-06   2.6604E-06   0.99860
FLUX  961  3185.00        9.412637E+13   2.6436E-06   2.6454E-06   0.99930
FLUX  962  3195.00        9.383177E+13   2.6299E-06   2.6306E-06   0.99972
FLUX  963  3210.00        9.339330E+13   2.6061E-06   2.6086E-06   0.99904
FLUX  964  3230.00        9.281501E+13   2.5784E-06   2.5797E-06   0.99950
FLUX  965  3250.00        9.224385E+13   2.5495E-06   2.5513E-06   0.99930
FLUX  966  3270.00        9.167966E+13   2.5212E-06   2.5233E-06   0.99915
FLUX  967  3290.00        9.112234E+13   2.4487E-06   2.4988E-06   0.97996
FLUX  968  3310.00        9.057175E+13   2.4610E-06   2.4716E-06   0.99567
FLUX  969  3330.00        9.002778E+13   2.4380E-06   2.4449E-06   0.99716
FLUX  970  3350.00        8.949030E+13   2.4154E-06   2.4187E-06   0.99863
FLUX  971  3370.00        8.895920E+13   2.3869E-06   2.3928E-06   0.99753
FLUX  972  3390.00        8.843436E+13   2.3602E-06   2.3674E-06   0.99697
FLUX  973  3410.00        8.791569E+13   2.3348E-06   2.3423E-06   0.99680
FLUX  974  3430.00        8.740306E+13   2.3144E-06   2.3177E-06   0.99861
FLUX  975  3450.00        8.689638E+13   2.2919E-06   2.2934E-06   0.99933
FLUX  976  3470.00        8.639553E+13   2.2675E-06   2.2695E-06   0.99913
FLUX  977  3490.00        8.590043E+13   2.2445E-06   2.2460E-06   0.99932
FLUX  978  3510.00        8.541097E+13   2.2213E-06   2.2229E-06   0.99932
FLUX  979  3530.00        8.492705E+13   2.1972E-06   2.2001E-06   0.99870
FLUX  980  3550.00        8.444859E+13   2.1760E-06   2.1776E-06   0.99926
FLUX  981  3570.00        8.397549E+13   2.1521E-06   2.1555E-06   0.99843
FLUX  982  3590.00        8.350766E+13   2.1310E-06   2.1337E-06   0.99871
FLUX  983  3610.00        8.304501E+13   2.1106E-06   2.1123E-06   0.99921
FLUX  984  3630.00        8.258746E+13   2.0902E-06   2.0912E-06   0.99955
FLUX  985  3650.00        8.213493E+13   2.0655E-06   2.0704E-06   0.99764
FLUX  986  3670.00        8.168733E+13   2.0457E-06   2.0498E-06   0.99795
FLUX  987  3690.00        8.124458E+13   2.0198E-06   2.0296E-06   0.99515
FLUX  988  3710.00        8.080660E+13   2.0029E-06   2.0097E-06   0.99659
FLUX  989  3730.00        8.037332E+13   1.9755E-06   1.9901E-06   0.99267
FLUX  990  3750.00        7.994467E+13   1.9373E-06   1.9708E-06   0.98303
FLUX  991  3770.00        7.952056E+13   1.9478E-06   1.9517E-06   0.99797
FLUX  992  3790.00        7.910092E+13   1.9293E-06   1.9330E-06   0.99811
FLUX  993  3810.00        7.868569E+13   1.9082E-06   1.9144E-06   0.99673
FLUX  994  3830.00        7.827480E+13   1.8925E-06   1.8962E-06   0.99806
FLUX  995  3850.00        7.786818E+13   1.8770E-06   1.8782E-06   0.99933
FLUX  996  3870.00        7.746576E+13   1.8573E-06   1.8605E-06   0.99826
FLUX  997  3890.00        7.706748E+13   1.8398E-06   1.8430E-06   0.99829
FLUX  998  3910.00        7.667327E+13   1.8178E-06   1.8258E-06   0.99563
FLUX  999  3930.00        7.628308E+13   1.8074E-06   1.8088E-06   0.99922
FLUX 1000  3950.00        7.589683E+13   1.7890E-06   1.7920E-06   0.99834
FLUX 1001  3970.00        7.551448E+13   1.7742E-06   1.7755E-06   0.99928
FLUX 1002  3990.00        7.513596E+13   1.7539E-06   1.7592E-06   0.99702
FLUX 1003  4010.00        7.476122E+13   1.7361E-06   1.7431E-06   0.99601
FLUX 1004  4030.00        7.439020E+13   1.7192E-06   1.7272E-06   0.99532
FLUX 1005  4050.00        7.402284E+13   1.6866E-06   1.7116E-06   0.98541
FLUX 1006  4070.00        7.365909E+13   1.6936E-06   1.6962E-06   0.99849
FLUX 1007  4090.00        7.329890E+13   1.6784E-06   1.6809E-06   0.99851
FLUX 1008  4110.00        7.294221E+13   1.6650E-06   1.6659E-06   0.99942
FLUX 1009  4130.00        7.258898E+13   1.6505E-06   1.6511E-06   0.99966
FLUX 1010  4150.00        7.223916E+13   1.6344E-06   1.6365E-06   0.99875
FLUX 1011  4170.00        7.189269E+13   1.6092E-06   1.6220E-06   0.99207
FLUX 1012  4190.00        7.154952E+13   1.6060E-06   1.6078E-06   0.99885
FLUX 1013  4210.00        7.120962E+13   1.5891E-06   1.5937E-06   0.99711
FLUX 1014  4230.00        7.087293E+13   1.5797E-06   1.5799E-06   0.99992
FLUX 1015  4250.00        7.053941E+13   1.5649E-06   1.5662E-06   0.99921
FLUX 1016  4270.00        7.020902E+13   1.5524E-06   1.5527E-06   0.99983
FLUX 1017  4290.00        6.988170E+13   1.5369E-06   1.5393E-06   0.99840
FLUX 1018  4310.00        6.955742E+13   1.5210E-06   1.5261E-06   0.99662
FLUX 1019  4330.00        6.923614E+13   1.5076E-06   1.5131E-06   0.99636
FLUX 1020  4350.00        6.891782E+13   1.4917E-06   1.5003E-06   0.99425
FLUX 1021  4370.00        6.860240E+13   1.4653E-06   1.4876E-06   0.98499
FLUX 1022  4390.00        6.828986E+13   1.4643E-06   1.4751E-06   0.99265
FLUX 1023  4410.00        6.798016E+13   1.4487E-06   1.4628E-06   0.99043
FLUX 1024  4430.00        6.767325E+13   1.4378E-06   1.4506E-06   0.99123
FLUX 1025  4450.00        6.736910E+13   1.4259E-06   1.4385E-06   0.99124
FLUX 1026  4470.00        6.706767E+13   1.4121E-06   1.4271E-06   0.98953
FLUX 1027  4490.00        6.676893E+13   1.4021E-06   1.4153E-06   0.99067
FLUX 1028  4510.00        6.647284E+13   1.3897E-06   1.4037E-06   0.99001
FLUX 1029  4530.00        6.617936E+13   1.3774E-06   1.3922E-06   0.98937
FLUX 1030  4550.00        6.588846E+13   1.3675E-06   1.3809E-06   0.99030
FLUX 1031  4570.00        6.560011E+13   1.3573E-06   1.3697E-06   0.99096
FLUX 1032  4590.00        6.531427E+13   1.3444E-06   1.3586E-06   0.98956
FLUX 1033  4610.00        6.503091E+13   1.3361E-06   1.3477E-06   0.99139
FLUX 1034  4630.00        6.475000E+13   1.3249E-06   1.3369E-06   0.99106
FLUX 1035  4650.00        6.447150E+13   1.3001E-06   1.3262E-06   0.98029
FLUX 1036  4670.00        6.419540E+13   1.2935E-06   1.3156E-06   0.98315
FLUX 1037  4690.00        6.392164E+13   1.2961E-06   1.3052E-06   0.99300
FLUX 1038  4710.00        6.365021E+13   1.2865E-06   1.2949E-06   0.99349
FLUX 1039  4730.00        6.338108E+13   1.2778E-06   1.2847E-06   0.99457
FLUX 1040  4750.00        6.311421E+13   1.2673E-06   1.2747E-06   0.99420
FLUX 1041  4770.00        6.284958E+13   1.2575E-06   1.2648E-06   0.99430
FLUX 1042  4790.00        6.258716E+13   1.2485E-06   1.2549E-06   0.99486
FLUX 1043  4810.00        6.232692E+13   1.2379E-06   1.2452E-06   0.99412
FLUX 1044  4830.00        6.206884E+13   1.2295E-06   1.2356E-06   0.99504
FLUX 1045  4850.00        6.181289E+13   1.2195E-06   1.2261E-06   0.99457
FLUX 1046  4870.00        6.155903E+13   1.2103E-06   1.2168E-06   0.99472
FLUX 1047  4890.00        6.130726E+13   1.2011E-06   1.2075E-06   0.99475
FLUX 1048  4910.00        6.105753E+13   1.1924E-06   1.1983E-06   0.99507
FLUX 1049  4930.00        6.080984E+13   1.1830E-06   1.1893E-06   0.99475
FLUX 1050  4950.00        6.056414E+13   1.1741E-06   1.1803E-06   0.99477
FLUX 1051  4970.00        6.032042E+13   1.1650E-06   1.1714E-06   0.99446
FLUX 1052  4990.00        6.007866E+13   1.1577E-06   1.1627E-06   0.99568
FLUX 1053  5010.00        5.983882E+13   1.1478E-06   1.1540E-06   0.99461
FLUX 1054  5030.00        5.960089E+13   1.1403E-06   1.1455E-06   0.99546
FLUX 1055  5050.00        5.936485E+13   1.1305E-06   1.1370E-06   0.99433
FLUX 1056  5070.00        5.913067E+13   1.1229E-06   1.1286E-06   0.99494
FLUX 1057  5090.00        5.889833E+13   1.1153E-06   1.1203E-06   0.99548
FLUX 1058  5110.00        5.866781E+13   1.1062E-06   1.1121E-06   0.99463
FLUX 1059  5130.00        5.843908E+13   1.0888E-06   1.1040E-06   0.98617
FLUX 1060  5150.00        5.821214E+13   1.0908E-06   1.0960E-06   0.99525
FLUX 1061  5170.00        5.798694E+13   1.0837E-06   1.0881E-06   0.99599
FLUX 1062  5190.00        5.776349E+13   1.0754E-06   1.0802E-06   0.99556
FLUX 1063  5210.00        5.754175E+13   1.0674E-06   1.0725E-06   0.99530
FLUX 1064  5230.00        5.732170E+13   1.0599E-06   1.0648E-06   0.99541
FLUX 1065  5250.00        5.710333E+13   1.0531E-06   1.0572E-06   0.99611
FLUX 1066  5270.00        5.688662E+13   1.0455E-06   1.0497E-06   0.99603
FLUX 1067  5290.00        5.667155E+13   1.0378E-06   1.0423E-06   0.99574
FLUX 1068  5310.00        5.645810E+13   1.0313E-06   1.0349E-06   0.99653
FLUX 1069  5330.00        5.624625E+13   1.0237E-06   1.0276E-06   0.99621
FLUX 1070  5350.00        5.603598E+13   1.0170E-06   1.0204E-06   0.99666
FLUX 1071  5370.00        5.582728E+13   1.0090E-06   1.0133E-06   0.99573
FLUX 1072  5390.00        5.562013E+13   1.0026E-06   1.0062E-06   0.99641
FLUX 1073  5410.00        5.541451E+13   9.9648E-07   9.9927E-07   0.99721
FLUX 1074  5430.00        5.521040E+13   9.8868E-07   9.9237E-07   0.99629
FLUX 1075  5450.00        5.500780E+13   9.8291E-07   9.8553E-07   0.99734
FLUX 1076  5470.00        5.480667E+13   9.7514E-07   9.7877E-07   0.99630
FLUX 1077  5490.00        5.460701E+13   9.6922E-07   9.7208E-07   0.99706
FLUX 1078  5510.00        5.440880E+13   9.6308E-07   9.6545E-07   0.99755
FLUX 1079  5530.00        5.421202E+13   9.5549E-07   9.5889E-07   0.99645
FLUX 1080  5550.00        5.401667E+13   9.5003E-07   9.5240E-07   0.99751
FLUX 1081  5570.00        5.382271E+13   9.4425E-07   9.4597E-07   0.99818
FLUX 1082  5590.00        5.363014E+13   9.3647E-07   9.3961E-07   0.99665
FLUX 1083  5610.00        5.343895E+13   9.3144E-07   9.3332E-07   0.99799
FLUX 1084  5630.00        5.324911E+13   9.2503E-07   9.2708E-07   0.99778
FLUX 1085  5650.00        5.306062E+13   9.1955E-07   9.2091E-07   0.99853
FLUX 1086  5670.00        5.287346E+13   9.1353E-07   9.1480E-07   0.99861
FLUX 1087  5690.00        5.268761E+13   9.0705E-07   9.0875E-07   0.99813
FLUX 1088  5710.00        5.250306E+13   8.9958E-07   9.0276E-07   0.99648
FLUX 1089  5730.00        5.231981E+13   8.9569E-07   8.9683E-07   0.99872
FLUX 1090  5750.00        5.213783E+13   8.8983E-07   8.9096E-07   0.99873
FLUX 1091  5770.00        5.195711E+13   8.8398E-07   8.8514E-07   0.99869
FLUX 1092  5790.00        5.177763E+13   8.7827E-07   8.7939E-07   0.99873
FLUX 1093  5810.00        5.159940E+13   8.7266E-07   8.7368E-07   0.99883
FLUX 1094  5830.00        5.142238E+13   8.6717E-07   8.6804E-07   0.99901
FLUX 1095  5850.00        5.124658E+13   8.6180E-07   8.6255E-07   0.99914
FLUX 1096  5870.00        5.107198E+13   8.5605E-07   8.5701E-07   0.99889
FLUX 1097  5890.00        5.089856E+13   8.5000E-07   8.5152E-07   0.99821
FLUX 1098  5910.00        5.072631E+13   8.3781E-07   8.4608E-07   0.99022
FLUX 1099  5930.00        5.055523E+13   8.3989E-07   8.4070E-07   0.99903
FLUX 1100  5950.00        5.038529E+13   8.3099E-07   8.3537E-07   0.99476
FLUX 1101  5970.00        5.021650E+13   8.2905E-07   8.3009E-07   0.99875
FLUX 1102  5990.00        5.004883E+13   8.2422E-07   8.2486E-07   0.99923
FLUX 1103  6010.00        4.988228E+13   8.1886E-07   8.1967E-07   0.99901
FLUX 1104  6030.00        4.971683E+13   8.1405E-07   8.1454E-07   0.99940
FLUX 1105  6050.00        4.955248E+13   8.0901E-07   8.0946E-07   0.99945
FLUX 1106  6070.00        4.938921E+13   8.0380E-07   8.0442E-07   0.99924
FLUX 1107  6090.00        4.922701E+13   7.9867E-07   7.9943E-07   0.99905
FLUX 1108  6110.00        4.906588E+13   7.9323E-07   7.9448E-07   0.99843
FLUX 1109  6130.00        4.890579E+13   7.8907E-07   7.8958E-07   0.99935
FLUX 1110  6150.00        4.874675E+13   7.8445E-07   7.8473E-07   0.99964
FLUX 1111  6170.00        4.858874E+13   7.7956E-07   7.7992E-07   0.99953
FLUX 1112  6190.00        4.843174E+13   7.7486E-07   7.7516E-07   0.99961
FLUX 1113  6210.00        4.827576E+13   7.7019E-07   7.7043E-07   0.99968
FLUX 1114  6230.00        4.812079E+13   7.6466E-07   7.6576E-07   0.99857
FLUX 1115  6250.00        4.796680E+13   7.6065E-07   7.6112E-07   0.99938
FLUX 1116  6270.00        4.781380E+13   7.5604E-07   7.5653E-07   0.99935
FLUX 1117  6290.00        4.766176E+13   7.4843E-07   7.5197E-07   0.99529
FLUX 1118  6310.00        4.751070E+13   7.4667E-07   7.4746E-07   0.99895
FLUX 1119  6330.00        4.736058E+13   7.4282E-07   7.4299E-07   0.99978
FLUX 1120  6350.00        4.721142E+13   7.3835E-07   7.3856E-07   0.99972
FLUX 1121  6370.00        4.706319E+13   7.3390E-07   7.3417E-07   0.99964
FLUX 1122  6390.00        4.691588E+13   7.2952E-07   7.2981E-07   0.99959
FLUX 1123  6420.00        4.669665E+13   7.2321E-07   7.2336E-07   0.99980
FLUX 1124  6460.00        4.640751E+13   7.1455E-07   7.1488E-07   0.99954
FLUX 1125  6500.00        4.612192E+13   7.0614E-07   7.0655E-07   0.99942
FLUX 1126  6540.00        4.583983E+13   6.9828E-07   6.9837E-07   0.99988
FLUX 1127  6580.00        4.556117E+13   6.9026E-07   6.9033E-07   0.99990
FLUX 1128  6620.00        4.528588E+13   6.8227E-07   6.8242E-07   0.99978
FLUX 1129  6660.00        4.501389E+13   6.7460E-07   6.7466E-07   0.99992
FLUX 1130  6700.00        4.474515E+13   6.6690E-07   6.6702E-07   0.99982
FLUX 1131  6740.00        4.447960E+13   6.5928E-07   6.5951E-07   0.99964
FLUX 1132  6780.00        4.421718E+13   6.5036E-07   6.5213E-07   0.99728
FLUX 1133  6820.00        4.395784E+13   6.4480E-07   6.4487E-07   0.99988
FLUX 1134  6860.00        4.370153E+13   6.3765E-07   6.3773E-07   0.99987
FLUX 1135  6900.00        4.344819E+13   6.3062E-07   6.3071E-07   0.99986
FLUX 1136  6940.00        4.319777E+13   6.2364E-07   6.2381E-07   0.99973
FLUX 1137  6980.00        4.295021E+13   6.1696E-07   6.1702E-07   0.99991
FLUX 1138  7020.00        4.270548E+13   6.1009E-07   6.1033E-07   0.99960
FLUX 1139  7060.00        4.246353E+13   6.0368E-07   6.0376E-07   0.99987
FLUX 1140  7100.00        4.222430E+13   5.9724E-07   5.9729E-07   0.99992
FLUX 1141  7140.00        4.198774E+13   5.9087E-07   5.9092E-07   0.99991
FLUX 1142  7180.00        4.175383E+13   5.8458E-07   5.8466E-07   0.99987
FLUX 1143  7220.00        4.152251E+13   5.7833E-07   5.7849E-07   0.99972
FLUX 1144  7260.00        4.129373E+13   5.7230E-07   5.7243E-07   0.99979
FLUX 1145  7300.00        4.106747E+13   5.6644E-07   5.6645E-07   0.99998
FLUX 1146  7340.00        4.084366E+13   5.6043E-07   5.6057E-07   0.99975
FLUX 1147  7380.00        4.062229E+13   5.5475E-07   5.5478E-07   0.99994
FLUX 1148  7420.00        4.040330E+13   5.4896E-07   5.4908E-07   0.99978
FLUX 1149  7460.00        4.018666E+13   5.4078E-07   5.4347E-07   0.99505
FLUX 1150  7500.00        3.997233E+13   5.3418E-07   5.3794E-07   0.99300
FLUX 1151  7540.00        3.976028E+13   5.3240E-07   5.3250E-07   0.99981
FLUX 1152  7580.00        3.955046E+13   5.2710E-07   5.2714E-07   0.99992
FLUX 1153  7620.00        3.934285E+13   5.2182E-07   5.2186E-07   0.99991
FLUX 1154  7660.00        3.913740E+13   5.1664E-07   5.1666E-07   0.99997
FLUX 1155  7700.00        3.893409E+13   5.1145E-07   5.1154E-07   0.99983
FLUX 1156  7740.00        3.873288E+13   5.0648E-07   5.0649E-07   0.99997
FLUX 1157  7780.00        3.853374E+13   5.0132E-07   5.0152E-07   0.99961
FLUX 1158  7820.00        3.833664E+13   4.9661E-07   4.9662E-07   0.99998
FLUX 1159  7860.00        3.814154E+13   4.9178E-07   4.9179E-07   0.99999
FLUX 1160  7900.00        3.794842E+13   4.8702E-07   4.8703E-07   0.99998
FLUX 1161  7940.00        3.775724E+13   4.8232E-07   4.8234E-07   0.99997
FLUX 1162  7980.00        3.756798E+13   4.7770E-07   4.7772E-07   0.99997
FLUX 1163  8020.00        3.738061E+13   4.7310E-07   4.7316E-07   0.99987
FLUX 1164  8060.00        3.719510E+13   4.6859E-07   4.6867E-07   0.99982
FLUX 1165  8100.00        3.701142E+13   4.6423E-07   4.6424E-07   0.99998
FLUX 1166  8140.00        3.682955E+13   4.5942E-07   4.5987E-07   0.99901
FLUX 1167  8180.00        3.664945E+13   4.5548E-07   4.5557E-07   0.99980
FLUX 1168  8220.00        3.647111E+13   4.5131E-07   4.5132E-07   0.99997
FLUX 1169  8260.00        3.629449E+13   4.4711E-07   4.4714E-07   0.99993
FLUX 1170  8300.00        3.611958E+13   4.4299E-07   4.4301E-07   0.99995
FLUX 1171  8340.00        3.594634E+13   4.3882E-07   4.3894E-07   0.99973
FLUX 1172  8380.00        3.577476E+13   4.3484E-07   4.3492E-07   0.99981
FLUX 1173  8420.00        3.560481E+13   4.3093E-07   4.3096E-07   0.99993
FLUX 1174  8460.00        3.543647E+13   4.2704E-07   4.2706E-07   0.99997
FLUX 1175  8500.00        3.526971E+13   4.2319E-07   4.2320E-07   0.99998
FLUX 1176  8540.00        3.510451E+13   4.1939E-07   4.1940E-07   0.99997
FLUX 1177  8580.00        3.494085E+13   4.1563E-07   4.1565E-07   0.99995
FLUX 1178  8620.00        3.477871E+13   4.1191E-07   4.1195E-07   0.99990
FLUX 1179  8660.00        3.461807E+13   4.0784E-07   4.0830E-07   0.99889
FLUX 1180  8700.00        3.445891E+13   4.0469E-07   4.0469E-07   0.99999
FLUX 1181  8740.00        3.430120E+13   4.0055E-07   4.0114E-07   0.99854
FLUX 1182  8780.00        3.414493E+13   3.9702E-07   3.9763E-07   0.99847
FLUX 1183  8820.00        3.399008E+13   3.9410E-07   3.9417E-07   0.99984
FLUX 1184  8860.00        3.383662E+13   3.9069E-07   3.9075E-07   0.99986
FLUX 1185  8900.00        3.368455E+13   3.8731E-07   3.8737E-07   0.99983
FLUX 1186  8940.00        3.353384E+13   3.8401E-07   3.8404E-07   0.99990
FLUX 1187  8980.00        3.338447E+13   3.8065E-07   3.8076E-07   0.99971
FLUX 1188  9020.00        3.323642E+13   3.7746E-07   3.7751E-07   0.99986
FLUX 1189  9060.00        3.308968E+13   3.7430E-07   3.7431E-07   0.99999
FLUX 1190  9100.00        3.294423E+13   3.7106E-07   3.7114E-07   0.99978
FLUX 1191  9140.00        3.280005E+13   3.6795E-07   3.6802E-07   0.99981
FLUX 1192  9180.00        3.265713E+13   3.6491E-07   3.6493E-07   0.99994
FLUX 1193  9220.00        3.251546E+13   3.6188E-07   3.6189E-07   0.99998
FLUX 1194  9260.00        3.237500E+13   3.5885E-07   3.5888E-07   0.99993
FLUX 1195  9300.00        3.223575E+13   3.5591E-07   3.5591E-07   0.99999
FLUX 1196  9340.00        3.209770E+13   3.5295E-07   3.5298E-07   0.99991
FLUX 1197  9380.00        3.196082E+13   3.4954E-07   3.5008E-07   0.99846
FLUX 1198  9420.00        3.182511E+13   3.4721E-07   3.4722E-07   0.99998
FLUX 1199  9460.00        3.169054E+13   3.4436E-07   3.4439E-07   0.99991
FLUX 1200  9500.00        3.155710E+13   3.4159E-07   3.4160E-07   0.99997
FLUX 1201  9540.00        3.142479E+13   3.3879E-07   3.3884E-07   0.99986
FLUX 1202  9580.00        3.129358E+13   3.3608E-07   3.3611E-07   0.99990
FLUX 1203  9620.00        3.116346E+13   3.3337E-07   3.3342E-07   0.99987
FLUX 1204  9660.00        3.103442E+13   3.3072E-07   3.3076E-07   0.99989
FLUX 1205  9700.00        3.090644E+13   3.2812E-07   3.2813E-07   0.99999
FLUX 1206  9740.00        3.077952E+13   3.2543E-07   3.2553E-07   0.99970
FLUX 1207  9780.00        3.065363E+13   3.2288E-07   3.2296E-07   0.99974
FLUX 1208  9820.00        3.052877E+13   3.2039E-07   3.2042E-07   0.99991
FLUX 1209  9860.00        3.040492E+13   3.1789E-07   3.1792E-07   0.99993
FLUX 1210  9900.00        3.028207E+13   3.1542E-07   3.1544E-07   0.99993
FLUX 1211  9940.00        3.016021E+13   3.1292E-07   3.1299E-07   0.99980
FLUX 1212  9980.00        3.003933E+13   3.1054E-07   3.1057E-07   0.99993
FLUX 1213 10020.00        2.991941E+13   3.0815E-07   3.0817E-07   0.99993
FLUX 1214 20000.00        1.498962E+13   7.9772E-08   7.9773E-08   0.99999
FLUX 1215 40000.00        7.494812E+12   2.0108E-08   2.0109E-08   1.00000
FLUX 1216 60000.00        4.996542E+12   8.9126E-09   8.9126E-09   1.00000
FLUX 1217 80000.00        3.747406E+12   4.9910E-09   4.9910E-09   1.00000
FLUX 1218100000.00        2.997925E+12   3.1796E-09   3.1796E-09   1.00000
FLUX 1219120000.00        2.498271E+12   2.1985E-09   2.1985E-09   1.00000
FLUX 1220140000.00        2.141375E+12   1.6087E-09   1.6087E-09   1.00000
FLUX 1221160000.00        1.873703E+12   1.2271E-09   1.2271E-09   1.00000
FLUX
