TEFF   7500.  GRAVITY 1.50000 LTE 
TITLE  [-0.5] N(He)/Ntot=0.0784 VTURB=2.0  L/H=1.25 NOVER                       
FLUX    1     9.09        3.298047E+16   1.0000E-50   0.0000E+00   1.00000
FLUX    2     9.35        3.206337E+16   1.0000E-50   0.0000E+00   1.00000
FLUX    3     9.61        3.119589E+16   1.0000E-50   0.0000E+00   1.00000
FLUX    4     9.77        3.068501E+16   1.0000E-50   0.0000E+00   1.00000
FLUX    5     9.96        3.009965E+16   1.0000E-50   0.0000E+00   1.00000
FLUX    6    10.20        2.939142E+16   1.0000E-50   0.0000E+00   1.00000
FLUX    7    10.38        2.888174E+16   1.0000E-50   0.0000E+00   1.00000
FLUX    8    10.56        2.838944E+16   1.0000E-50   0.0000E+00   1.00000
FLUX    9    10.77        2.783589E+16   1.0000E-50   0.0000E+00   1.00000
FLUX   10    11.04        2.715512E+16   1.0000E-50   0.0000E+00   1.00000
FLUX   11    11.40        2.629759E+16   1.0000E-50   0.0000E+00   1.00000
FLUX   12    11.78        2.544928E+16   1.0000E-50   0.0000E+00   1.00000
FLUX   13    12.13        2.471496E+16   1.0000E-50   0.0000E+00   1.00000
FLUX   14    12.48        2.402183E+16   1.0000E-50   0.0000E+00   1.00000
FLUX   15    12.71        2.358714E+16   1.0000E-50   0.0000E+00   1.00000
FLUX   16    12.84        2.334833E+16   1.0000E-50   0.0000E+00   1.00000
FLUX   17    13.05        2.297261E+16   1.0000E-50   0.0000E+00   1.00000
FLUX   18    13.24        2.264294E+16   1.0000E-50   0.0000E+00   1.00000
FLUX   19    13.39        2.238928E+16   1.0000E-50   0.0000E+00   1.00000
FLUX   20    13.66        2.194674E+16   1.0000E-50   0.0000E+00   1.00000
FLUX   21    13.98        2.144438E+16   1.0000E-50   0.0000E+00   1.00000
FLUX   22    14.33        2.092062E+16   1.0000E-50   0.0000E+00   1.00000
FLUX   23    14.72        2.036634E+16   1.0000E-50   0.0000E+00   1.00000
FLUX   24    15.10        1.985381E+16   1.0000E-50   0.0000E+00   1.00000
FLUX   25    15.52        1.931653E+16   1.0000E-50   0.0000E+00   1.00000
FLUX   26    15.88        1.887862E+16   1.0000E-50   0.0000E+00   1.00000
FLUX   27    16.20        1.850571E+16   1.0000E-50   0.0000E+00   1.00000
FLUX   28    16.60        1.805979E+16   1.0000E-50   0.0000E+00   1.00000
FLUX   29    17.03        1.760379E+16   1.0000E-50   0.0000E+00   1.00000
FLUX   30    17.34        1.728907E+16   1.0000E-50   0.0000E+00   1.00000
FLUX   31    17.68        1.695659E+16   1.0000E-50   0.0000E+00   1.00000
FLUX   32    18.02        1.663665E+16   1.0000E-50   0.0000E+00   1.00000
FLUX   33    18.17        1.649931E+16   1.0000E-50   0.0000E+00   1.00000
FLUX   34    18.61        1.610922E+16   1.0000E-50   0.0000E+00   1.00000
FLUX   35    19.10        1.569594E+16   1.0000E-50   0.0000E+00   1.00000
FLUX   36    19.39        1.546119E+16   1.0000E-50   0.0000E+00   1.00000
FLUX   37    19.84        1.511051E+16   1.0000E-50   0.0000E+00   1.00000
FLUX   38    20.18        1.485592E+16   1.0000E-50   0.0000E+00   1.00000
FLUX   39    20.50        1.462402E+16   1.0000E-50   0.0000E+00   1.00000
FLUX   40    21.05        1.424192E+16   1.0000E-50   0.0000E+00   1.00000
FLUX   41    21.62        1.386644E+16   1.0000E-50   0.0000E+00   1.00000
FLUX   42    21.98        1.363933E+16   1.0000E-50   0.0000E+00   1.00000
FLUX   43    22.30        1.344361E+16   1.0000E-50   0.0000E+00   1.00000
FLUX   44    22.68        1.321836E+16   1.0000E-50   0.0000E+00   1.00000
FLUX   45    23.00        1.303446E+16   1.0000E-50   0.0000E+00   1.00000
FLUX   46    23.40        1.281165E+16   1.0000E-50   0.0000E+00   1.00000
FLUX   47    24.00        1.249135E+16   1.0000E-50   0.0000E+00   1.00000
FLUX   48    24.65        1.216197E+16   1.0000E-50   0.0000E+00   1.00000
FLUX   49    25.24        1.187767E+16   1.0000E-50   0.0000E+00   1.00000
FLUX   50    25.68        1.167416E+16   1.0000E-50   0.0000E+00   1.00000
FLUX   51    26.00        1.153048E+16   1.0000E-50   0.0000E+00   1.00000
FLUX   52    26.40        1.135578E+16   1.0000E-50   0.0000E+00   1.00000
FLUX   53    26.85        1.116546E+16   1.0000E-50   0.0000E+00   1.00000
FLUX   54    27.35        1.096133E+16   1.0000E-50   0.0000E+00   1.00000
FLUX   55    27.85        1.076454E+16   1.0000E-50   0.0000E+00   1.00000
FLUX   56    28.40        1.055607E+16   1.0000E-50   0.0000E+00   1.00000
FLUX   57    29.00        1.033767E+16   1.0000E-50   0.0000E+00   1.00000
FLUX   58    29.60        1.012813E+16   1.0000E-50   0.0000E+00   1.00000
FLUX   59    30.10        9.959884E+15   1.0000E-50   0.0000E+00   1.00000
FLUX   60    30.80        9.733523E+15   1.0000E-50   0.0000E+00   1.00000
FLUX   61    31.80        9.427437E+15   1.0000E-50   0.0000E+00   1.00000
FLUX   62    32.80        9.140015E+15   1.0000E-50   0.0000E+00   1.00000
FLUX   63    33.80        8.869601E+15   1.0000E-50   0.0000E+00   1.00000
FLUX   64    34.80        8.614727E+15   1.0000E-50   0.0000E+00   1.00000
FLUX   65    35.70        8.397549E+15   1.0000E-50   0.0000E+00   1.00000
FLUX   66    36.60        8.191052E+15   1.0000E-50   0.0000E+00   1.00000
FLUX   67    37.50        7.994467E+15   1.0000E-50   0.0000E+00   1.00000
FLUX   68    38.50        7.786818E+15   2.1439E-37   2.1439E-37   1.00000
FLUX   69    39.50        7.589684E+15   1.8175E-36   1.8175E-36   1.00000
FLUX   70    40.50        7.402284E+15   1.3053E-35   1.3053E-35   1.00000
FLUX   71    41.40        7.241365E+15   7.3594E-36   7.3595E-36   0.99998
FLUX   72    42.20        7.104088E+15   2.8929E-35   2.8930E-35   0.99998
FLUX   73    43.00        6.971919E+15   1.0783E-34   1.0784E-34   0.99991
FLUX   74    44.10        6.798016E+15   6.0700E-34   6.0702E-34   0.99997
FLUX   75    45.10        6.647284E+15   2.7036E-33   2.7037E-33   0.99998
FLUX   76    46.00        6.517228E+15   9.7871E-33   9.7873E-33   0.99998
FLUX   77    47.00        6.378564E+15   3.8483E-32   3.8487E-32   0.99990
FLUX   78    48.00        6.245677E+15   1.4248E-31   1.4248E-31   0.99998
FLUX   79    49.00        6.118214E+15   4.9896E-31   4.9897E-31   0.99998
FLUX   80    50.00        5.995850E+15   1.6561E-30   1.6562E-30   0.99998
FLUX   81    50.60        5.924753E+15   4.4141E-30   5.0563E-30   0.87298
FLUX   82    51.20        5.855322E+15   9.8004E-30   9.9293E-30   0.98702
FLUX   83    52.00        5.765240E+15   2.3543E-29   2.3789E-29   0.98966
FLUX   84    53.00        5.656462E+15   6.8164E-29   6.8172E-29   0.99988
FLUX   85    54.00        5.551713E+15   1.8617E-28   1.8747E-28   0.99306
FLUX   86    55.00        5.450773E+15   4.9595E-28   4.9608E-28   0.99974
FLUX   87    56.00        5.353438E+15   1.2650E-27   1.2651E-27   0.99991
FLUX   88    57.00        5.259518E+15   3.1153E-27   3.1154E-27   0.99998
FLUX   89    58.00        5.168836E+15   7.3383E-27   7.4226E-27   0.98864
FLUX   90    59.00        5.081229E+15   1.7132E-26   1.7136E-26   0.99978
FLUX   91    60.00        4.996542E+15   3.8387E-26   3.8399E-26   0.99969
FLUX   92    61.00        4.914631E+15   8.3643E-26   8.3644E-26   0.99998
FLUX   93    62.00        4.835363E+15   1.7735E-25   1.7737E-25   0.99991
FLUX   94    63.00        4.758611E+15   3.6656E-25   3.6659E-25   0.99993
FLUX   95    64.00        4.684258E+15   7.3973E-25   7.3987E-25   0.99981
FLUX   96    65.00        4.612192E+15   1.4590E-24   1.4591E-24   0.99997
FLUX   97    65.80        4.556117E+15   2.4720E-24   2.4721E-24   0.99997
FLUX   98    66.50        4.508158E+15   3.8758E-24   3.8775E-24   0.99957
FLUX   99    67.50        4.441370E+15   7.2464E-24   7.2483E-24   0.99973
FLUX  100    68.50        4.376533E+15   1.3282E-23   1.3285E-23   0.99978
FLUX  101    69.50        4.313561E+15   2.3894E-23   2.3894E-23   0.99998
FLUX  102    70.50        4.252376E+15   4.2153E-23   4.2209E-23   0.99869
FLUX  103    71.60        4.187046E+15   7.7365E-23   7.7371E-23   0.99993
FLUX  104    72.60        4.129373E+15   1.3192E-22   1.3192E-22   0.99998
FLUX  105    73.50        4.078810E+15   2.1042E-22   2.1044E-22   0.99992
FLUX  106    74.50        4.024060E+15   3.4849E-22   3.4858E-22   0.99973
FLUX  107    75.50        3.970762E+15   5.6887E-22   5.6906E-22   0.99965
FLUX  108    76.50        3.918856E+15   9.1582E-22   9.1611E-22   0.99969
FLUX  109    77.50        3.868290E+15   1.4547E-21   1.4551E-21   0.99973
FLUX  110    78.50        3.819013E+15   2.2817E-21   2.2817E-21   0.99998
FLUX  111    79.50        3.770975E+15   3.5182E-21   3.5337E-21   0.99561
FLUX  112    80.50        3.724130E+15   5.4008E-21   5.4080E-21   0.99868
FLUX  113    81.50        3.678436E+15   8.1804E-21   8.1819E-21   0.99981
FLUX  114    82.50        3.633848E+15   1.2243E-20   1.2245E-20   0.99990
FLUX  115    83.50        3.590329E+15   1.8132E-20   1.8134E-20   0.99987
FLUX  116    84.50        3.547840E+15   2.6581E-20   2.6583E-20   0.99993
FLUX  117    85.50        3.506345E+15   3.8583E-20   3.8587E-20   0.99988
FLUX  118    86.50        3.465809E+15   5.5477E-20   5.5479E-20   0.99997
FLUX  119    87.50        3.426200E+15   7.8948E-20   7.9036E-20   0.99890
FLUX  120    88.50        3.387486E+15   1.1161E-19   1.1161E-19   0.99992
FLUX  121    89.50        3.349637E+15   1.5628E-19   1.5628E-19   0.99997
FLUX  122    90.50        3.312624E+15   2.1655E-19   2.1702E-19   0.99783
FLUX  123    91.50        3.276421E+15   2.8814E-16   8.0773E-16   0.35673
FLUX  124    92.50        3.241000E+15   9.5385E-16   1.1160E-15   0.85471
FLUX  125    93.50        3.206337E+15   1.2727E-15   1.5212E-15   0.83665
FLUX  126    94.50        3.172407E+15   1.7657E-15   2.0545E-15   0.85944
FLUX  127    95.50        3.139188E+15   2.5562E-15   2.7598E-15   0.92624
FLUX  128    96.50        3.106658E+15   3.4366E-15   3.6543E-15   0.94043
FLUX  129    97.50        3.074795E+15   4.3637E-15   4.7746E-15   0.91394
FLUX  130    98.50        3.043579E+15   5.9362E-15   6.3821E-15   0.93013
FLUX  131    99.50        3.012990E+15   7.5032E-15   8.3260E-15   0.90118
FLUX  132   100.50        2.983010E+15   1.0447E-14   1.0782E-14   0.96895
FLUX  133   101.50        2.953621E+15   1.3477E-14   1.3767E-14   0.97896
FLUX  134   102.50        2.924805E+15   1.6768E-14   1.7976E-14   0.93279
FLUX  135   103.50        2.896546E+15   2.2231E-14   2.2926E-14   0.96971
FLUX  136   104.50        2.868828E+15   2.8819E-14   2.9291E-14   0.98389
FLUX  137   105.50        2.841635E+15   3.6753E-14   3.7235E-14   0.98705
FLUX  138   106.50        2.814953E+15   4.5407E-14   4.7173E-14   0.96256
FLUX  139   107.50        2.788767E+15   5.8127E-14   5.9565E-14   0.97585
FLUX  140   108.50        2.763065E+15   7.3277E-14   7.4904E-14   0.97827
FLUX  141   109.50        2.737831E+15   8.9469E-14   9.3734E-14   0.95450
FLUX  142   110.50        2.713054E+15   2.7735E-13   1.1213E-12   0.24735
FLUX  143   111.50        2.688722E+15   9.1638E-13   1.4978E-12   0.61183
FLUX  144   112.50        2.664822E+15   1.3443E-12   1.9331E-12   0.69539
FLUX  145   113.50        2.641344E+15   1.8572E-12   2.4055E-12   0.77207
FLUX  146   114.50        2.618275E+15   2.2910E-12   2.8741E-12   0.79713
FLUX  147   115.50        2.595606E+15   2.4448E-12   3.2826E-12   0.74477
FLUX  148   116.50        2.573326E+15   3.0986E-12   3.5476E-12   0.87343
FLUX  149   117.50        2.551426E+15   3.2676E-12   3.5662E-12   0.91625
FLUX  150   118.50        2.529895E+15   3.9897E-12   7.4881E-12   0.53281
FLUX  151   119.50        2.508724E+15   1.3284E-12   8.8583E-12   0.14997
FLUX  152   120.50        2.487905E+15   9.6302E-13   1.0410E-11   0.09251
FLUX  153   121.50        2.467428E+15   2.6633E-13   1.2168E-11   0.02189
FLUX  154   122.50        2.447286E+15   1.1861E-12   1.4753E-11   0.08040
FLUX  155   123.50        2.427470E+15   3.2276E-12   1.7090E-11   0.18886
FLUX  156   124.50        2.407972E+15   7.6033E-12   9.7061E-12   0.78336
FLUX  157   125.50        2.388785E+15   1.6481E-11   1.9140E-11   0.86109
FLUX  158   126.50        2.369901E+15   2.0282E-11   3.2790E-11   0.61855
FLUX  159   127.50        2.351314E+15   3.5718E-11   4.7906E-11   0.74558
FLUX  160   128.50        2.333016E+15   5.7655E-11   6.9238E-11   0.83271
FLUX  161   129.50        2.315000E+15   7.9955E-11   9.2582E-11   0.86362
FLUX  162   130.50        2.297261E+15   7.2649E-11   1.2220E-10   0.59449
FLUX  163   131.50        2.279791E+15   1.2436E-10   1.5531E-10   0.80069
FLUX  164   132.50        2.262585E+15   1.6372E-10   1.9442E-10   0.84206
FLUX  165   133.50        2.245637E+15   1.9029E-10   2.3824E-10   0.79870
FLUX  166   134.50        2.228941E+15   2.6042E-10   2.8823E-10   0.90351
FLUX  167   135.50        2.212491E+15   2.8639E-10   3.4419E-10   0.83205
FLUX  168   136.50        2.196282E+15   3.3046E-10   4.0781E-10   0.81033
FLUX  169   137.50        2.180309E+15   3.8366E-10   4.7832E-10   0.80209
FLUX  170   138.50        2.164567E+15   4.5032E-10   5.5695E-10   0.80854
FLUX  171   139.50        2.149050E+15   5.4235E-10   6.4302E-10   0.84345
FLUX  172   140.50        2.133754E+15   6.3084E-10   7.3881E-10   0.85385
FLUX  173   141.50        2.118675E+15   6.6933E-10   8.4196E-10   0.79497
FLUX  174   142.50        2.103807E+15   7.9220E-10   9.6036E-10   0.82490
FLUX  175   143.50        2.089146E+15   8.2246E-10   1.0839E-09   0.75878
FLUX  176   144.20        2.079005E+15   9.7980E-10   1.1781E-09   0.83169
FLUX  177   144.70        2.071821E+15   1.0854E-09   1.4484E-09   0.74935
FLUX  178   145.50        2.060430E+15   1.2696E-09   1.5872E-09   0.79988
FLUX  179   146.50        2.046365E+15   1.3230E-09   1.7749E-09   0.74540
FLUX  180   147.50        2.032492E+15   1.5044E-09   1.9743E-09   0.76202
FLUX  181   148.50        2.018805E+15   1.7317E-09   2.1856E-09   0.79235
FLUX  182   149.50        2.005301E+15   2.0389E-09   2.4122E-09   0.84524
FLUX  183   150.50        1.991977E+15   2.3028E-09   2.6486E-09   0.86944
FLUX  184   151.20        1.982755E+15   2.3417E-09   2.8240E-09   0.82923
FLUX  185   151.70        1.976220E+15   2.6099E-09   4.4762E-09   0.58306
FLUX  186   152.50        1.965852E+15   2.9183E-09   4.6456E-08   0.06282
FLUX  187   153.50        1.953046E+15   1.5795E-08   1.8594E-07   0.08494
FLUX  188   154.50        1.940405E+15   4.7083E-08   1.9924E-07   0.23631
FLUX  189   155.50        1.927926E+15   4.1990E-08   2.1186E-07   0.19820
FLUX  190   156.50        1.915607E+15   3.4159E-08   2.2482E-07   0.15194
FLUX  191   157.50        1.903444E+15   5.9416E-08   2.5030E-07   0.23737
FLUX  192   158.50        1.891435E+15   6.9821E-08   2.6296E-07   0.26552
FLUX  193   159.50        1.879577E+15   9.3452E-08   2.7569E-07   0.33897
FLUX  194   160.50        1.867866E+15   8.0036E-08   2.8786E-07   0.27804
FLUX  195   161.50        1.856300E+15   7.9848E-08   2.9970E-07   0.26643
FLUX  196   162.50        1.844877E+15   7.5184E-08   3.1763E-07   0.23671
FLUX  197   163.50        1.833593E+15   9.5943E-08   3.2942E-07   0.29124
FLUX  198   164.50        1.822447E+15   1.3760E-07   3.4103E-07   0.40348
FLUX  199   165.50        1.811435E+15   7.1172E-08   3.5266E-07   0.20181
FLUX  200   166.50        1.800556E+15   1.3209E-07   3.6371E-07   0.36318
FLUX  201   167.20        1.793017E+15   4.2350E-08   3.7138E-07   0.11404
FLUX  202   167.70        1.787671E+15   1.7557E-07   5.3163E-07   0.33025
FLUX  203   168.50        1.779184E+15   2.5413E-07   6.5021E-07   0.39084
FLUX  204   169.50        1.768687E+15   2.6494E-07   6.6485E-07   0.39850
FLUX  205   170.50        1.758314E+15   2.4324E-07   6.7938E-07   0.35803
FLUX  206   171.50        1.748061E+15   3.1515E-07   7.0444E-07   0.44738
FLUX  207   172.50        1.737928E+15   3.3763E-07   7.1885E-07   0.46968
FLUX  208   173.50        1.727911E+15   4.0819E-07   7.3259E-07   0.55718
FLUX  209   174.50        1.718009E+15   3.7591E-07   7.4671E-07   0.50343
FLUX  210   175.50        1.708219E+15   4.7539E-07   7.6036E-07   0.62522
FLUX  211   176.50        1.698541E+15   3.6946E-07   7.7347E-07   0.47767
FLUX  212   177.50        1.688972E+15   4.7095E-07   7.8666E-07   0.59867
FLUX  213   178.50        1.679510E+15   4.3091E-07   7.9990E-07   0.53870
FLUX  214   179.50        1.670153E+15   5.9585E-07   8.1263E-07   0.73323
FLUX  215   180.50        1.660900E+15   5.0250E-07   8.2539E-07   0.60880
FLUX  216   181.50        1.651749E+15   5.7318E-07   8.3816E-07   0.68386
FLUX  217   182.50        1.642699E+15   4.9065E-07   8.5091E-07   0.57661
FLUX  218   183.50        1.633747E+15   4.7450E-07   8.6343E-07   0.54955
FLUX  219   184.50        1.624892E+15   4.3758E-07   8.7602E-07   0.49952
FLUX  220   185.50        1.616132E+15   4.9788E-07   8.8880E-07   0.56017
FLUX  221   186.50        1.607466E+15   5.5094E-07   9.0127E-07   0.61129
FLUX  222   187.50        1.598893E+15   5.4404E-07   9.1593E-07   0.59398
FLUX  223   188.50        1.590411E+15   5.7292E-07   9.2825E-07   0.61720
FLUX  224   189.50        1.582018E+15   6.2810E-07   9.4064E-07   0.66773
FLUX  225   190.50        1.573714E+15   5.7229E-07   9.5281E-07   0.60063
FLUX  226   191.50        1.565496E+15   6.2866E-07   9.6501E-07   0.65146
FLUX  227   192.50        1.557364E+15   6.4314E-07   9.7718E-07   0.65816
FLUX  228   193.50        1.549315E+15   5.0134E-07   9.8944E-07   0.50669
FLUX  229   194.50        1.541350E+15   7.1320E-07   1.0016E-06   0.71208
FLUX  230   195.50        1.533465E+15   7.3389E-07   1.0136E-06   0.72402
FLUX  231   196.70        1.524110E+15   8.0370E-07   1.0283E-06   0.78160
FLUX  232   197.60        1.517169E+15   7.9459E-07   1.0449E-06   0.76043
FLUX  233   198.40        1.511051E+15   7.7386E-07   1.0549E-06   0.73358
FLUX  234   199.50        1.502719E+15   7.6050E-07   1.0714E-06   0.70983
FLUX  235   200.50        1.495224E+15   7.3183E-07   1.0840E-06   0.67515
FLUX  236   201.50        1.487804E+15   6.9665E-07   1.0967E-06   0.63525
FLUX  237   202.50        1.480457E+15   6.6143E-07   1.1095E-06   0.59617
FLUX  238   203.50        1.473182E+15   7.7282E-07   1.1221E-06   0.68872
FLUX  239   204.50        1.465978E+15   8.6152E-07   1.1349E-06   0.75913
FLUX  240   205.50        1.458844E+15   7.8727E-07   1.1478E-06   0.68592
FLUX  241   206.50        1.451780E+15   7.5510E-07   1.1608E-06   0.65052
FLUX  242   207.40        1.445480E+15   9.4853E-07   1.1725E-06   0.80898
FLUX  243   207.80        1.442697E+15   9.9718E-07   1.2263E-06   0.81319
FLUX  244   208.50        1.437854E+15   9.5872E-07   1.2363E-06   0.77547
FLUX  245   209.50        1.430990E+15   9.1606E-07   1.2508E-06   0.73239
FLUX  246   210.50        1.424192E+15   8.5866E-07   1.2654E-06   0.67856
FLUX  247   211.50        1.417459E+15   8.8561E-07   1.2802E-06   0.69179
FLUX  248   212.50        1.410788E+15   9.2160E-07   1.2950E-06   0.71169
FLUX  249   213.50        1.404180E+15   7.1352E-07   1.3098E-06   0.54475
FLUX  250   214.50        1.397634E+15   8.8229E-07   1.3248E-06   0.66597
FLUX  251   215.50        1.391148E+15   9.1379E-07   1.3400E-06   0.68194
FLUX  252   216.50        1.384723E+15   8.3752E-07   1.3553E-06   0.61795
FLUX  253   217.50        1.378356E+15   8.4779E-07   1.3707E-06   0.61850
FLUX  254   218.50        1.372048E+15   8.9581E-07   1.3862E-06   0.64624
FLUX  255   219.50        1.365797E+15   1.0068E-06   1.4018E-06   0.71821
FLUX  256   220.50        1.359603E+15   9.6923E-07   1.4176E-06   0.68369
FLUX  257   221.50        1.353465E+15   8.3756E-07   1.4336E-06   0.58422
FLUX  258   222.50        1.347382E+15   8.2384E-07   1.4500E-06   0.56815
FLUX  259   223.50        1.341353E+15   1.0355E-06   1.4662E-06   0.70625
FLUX  260   224.50        1.335379E+15   9.2647E-07   1.4825E-06   0.62493
FLUX  261   225.50        1.329457E+15   8.3701E-07   1.5008E-06   0.55770
FLUX  262   226.50        1.323587E+15   8.4980E-07   1.5174E-06   0.56004
FLUX  263   227.50        1.317769E+15   9.7934E-07   1.5341E-06   0.63837
FLUX  264   228.50        1.312002E+15   1.0370E-06   1.5509E-06   0.66867
FLUX  265   229.50        1.306285E+15   9.5196E-07   1.5678E-06   0.60719
FLUX  266   230.50        1.300618E+15   1.0104E-06   1.5849E-06   0.63753
FLUX  267   231.50        1.295000E+15   9.7121E-07   1.6021E-06   0.60622
FLUX  268   232.50        1.289430E+15   9.3652E-07   1.6194E-06   0.57830
FLUX  269   233.50        1.283908E+15   7.2328E-07   1.6374E-06   0.44174
FLUX  270   234.50        1.278433E+15   5.8340E-07   1.6549E-06   0.35253
FLUX  271   235.50        1.273004E+15   9.1773E-07   1.6726E-06   0.54869
FLUX  272   236.50        1.267622E+15   6.0283E-07   1.6904E-06   0.35661
FLUX  273   237.50        1.262284E+15   8.0608E-07   1.7085E-06   0.47182
FLUX  274   238.50        1.256992E+15   4.9131E-07   1.7266E-06   0.28455
FLUX  275   239.50        1.251743E+15   6.4844E-07   1.7450E-06   0.37161
FLUX  276   240.50        1.246538E+15   6.2318E-07   1.7634E-06   0.35340
FLUX  277   241.50        1.241377E+15   7.4626E-07   1.7819E-06   0.41880
FLUX  278   242.50        1.236258E+15   1.0639E-06   1.8006E-06   0.59084
FLUX  279   243.50        1.231181E+15   1.0465E-06   1.8194E-06   0.57519
FLUX  280   244.50        1.226145E+15   1.1362E-06   1.8390E-06   0.61785
FLUX  281   245.50        1.221151E+15   1.1291E-06   1.8581E-06   0.60769
FLUX  282   246.50        1.216197E+15   1.1169E-06   1.8773E-06   0.59495
FLUX  283   247.50        1.211283E+15   1.0537E-06   1.8966E-06   0.55555
FLUX  284   248.50        1.206408E+15   1.1057E-06   1.9161E-06   0.57705
FLUX  285   249.50        1.201573E+15   1.0692E-06   1.9356E-06   0.55237
FLUX  286   250.50        1.196776E+15   1.3472E-06   1.9558E-06   0.68881
FLUX  287   251.30        1.192967E+15   1.0848E-06   1.9717E-06   0.55021
FLUX  288   251.80        1.190598E+15   1.1638E-06   2.0017E-06   0.58142
FLUX  289   252.50        1.187297E+15   1.0029E-06   2.0159E-06   0.49751
FLUX  290   253.50        1.182613E+15   9.6965E-07   2.0364E-06   0.47617
FLUX  291   254.50        1.177967E+15   9.9902E-07   2.0570E-06   0.48567
FLUX  292   255.50        1.173356E+15   1.1524E-06   2.0777E-06   0.55467
FLUX  293   256.50        1.168782E+15   1.0744E-06   2.0986E-06   0.51194
FLUX  294   257.50        1.164243E+15   1.2329E-06   2.1196E-06   0.58164
FLUX  295   258.50        1.159739E+15   1.1745E-06   2.1408E-06   0.54864
FLUX  296   259.50        1.155270E+15   1.0947E-06   2.1621E-06   0.50630
FLUX  297   260.50        1.150835E+15   9.9084E-07   2.1835E-06   0.45379
FLUX  298   261.50        1.146434E+15   9.3636E-07   2.2050E-06   0.42466
FLUX  299   262.50        1.142067E+15   1.1921E-06   2.2266E-06   0.53541
FLUX  300   263.50        1.137732E+15   1.3567E-06   2.2484E-06   0.60338
FLUX  301   264.50        1.133431E+15   1.8249E-06   2.2703E-06   0.80380
FLUX  302   265.50        1.129162E+15   1.8499E-06   2.2923E-06   0.80703
FLUX  303   266.50        1.124925E+15   1.5722E-06   2.3144E-06   0.67932
FLUX  304   267.50        1.120720E+15   1.7173E-06   2.3366E-06   0.73494
FLUX  305   268.50        1.116546E+15   1.7086E-06   2.3589E-06   0.72431
FLUX  306   269.50        1.112403E+15   1.6217E-06   2.3813E-06   0.68100
FLUX  307   270.50        1.108290E+15   1.7107E-06   2.4040E-06   0.71158
FLUX  308   271.50        1.104208E+15   1.5349E-06   2.4267E-06   0.63252
FLUX  309   272.50        1.100156E+15   1.5779E-06   2.4494E-06   0.64420
FLUX  310   273.50        1.096133E+15   1.7357E-06   2.4723E-06   0.70204
FLUX  311   274.50        1.092140E+15   1.1522E-06   2.4953E-06   0.46176
FLUX  312   275.50        1.088176E+15   1.3400E-06   2.5184E-06   0.53210
FLUX  313   276.50        1.084241E+15   1.4945E-06   2.5416E-06   0.58801
FLUX  314   277.50        1.080333E+15   1.7815E-06   2.5648E-06   0.69457
FLUX  315   278.50        1.076454E+15   1.5736E-06   2.5882E-06   0.60800
FLUX  316   279.50        1.072603E+15   6.6538E-07   2.6117E-06   0.25477
FLUX  317   280.50        1.068779E+15   8.6260E-07   2.6353E-06   0.32733
FLUX  318   281.50        1.064982E+15   1.8533E-06   2.6590E-06   0.69701
FLUX  319   282.50        1.061212E+15   2.1066E-06   2.6828E-06   0.78522
FLUX  320   283.50        1.057469E+15   2.0198E-06   2.7067E-06   0.74623
FLUX  321   284.50        1.053752E+15   1.9554E-06   2.7307E-06   0.71607
FLUX  322   285.50        1.050061E+15   1.8181E-06   2.7548E-06   0.65999
FLUX  323   286.50        1.046396E+15   2.1080E-06   2.7789E-06   0.75859
FLUX  324   287.50        1.042757E+15   2.0504E-06   2.8031E-06   0.73147
FLUX  325   288.50        1.039142E+15   2.1270E-06   2.8275E-06   0.75225
FLUX  326   289.50        1.035553E+15   2.0211E-06   2.8519E-06   0.70868
FLUX  327   291.00        1.030215E+15   2.4181E-06   2.8888E-06   0.83706
FLUX  328   293.00        1.023183E+15   2.3437E-06   2.9381E-06   0.79768
FLUX  329   295.00        1.016246E+15   2.3591E-06   2.9878E-06   0.78956
FLUX  330   297.00        1.009402E+15   2.5206E-06   3.0378E-06   0.82976
FLUX  331   299.00        1.002651E+15   2.6000E-06   3.0881E-06   0.84195
FLUX  332   301.00        9.959884E+14   2.7167E-06   3.1387E-06   0.86557
FLUX  333   303.00        9.894142E+14   2.7359E-06   3.1895E-06   0.85776
FLUX  334   305.00        9.829262E+14   2.7707E-06   3.2407E-06   0.85499
FLUX  335   307.00        9.765228E+14   2.8248E-06   3.2920E-06   0.85806
FLUX  336   309.00        9.702023E+14   2.9667E-06   3.3437E-06   0.88725
FLUX  337   311.00        9.639630E+14   2.9026E-06   3.3956E-06   0.85482
FLUX  338   313.00        9.578035E+14   2.9291E-06   3.4477E-06   0.84959
FLUX  339   315.00        9.517222E+14   3.1096E-06   3.5000E-06   0.88846
FLUX  340   317.00        9.457177E+14   3.1504E-06   3.5527E-06   0.88676
FLUX  341   319.00        9.397884E+14   2.9950E-06   3.6055E-06   0.83066
FLUX  342   321.00        9.339330E+14   3.1794E-06   3.6586E-06   0.86902
FLUX  343   323.00        9.281502E+14   3.1043E-06   3.7118E-06   0.83633
FLUX  344   325.00        9.224385E+14   3.2857E-06   3.7652E-06   0.87265
FLUX  345   327.00        9.167966E+14   3.3836E-06   3.8187E-06   0.88606
FLUX  346   329.00        9.112234E+14   3.4894E-06   3.8723E-06   0.90112
FLUX  347   331.00        9.057175E+14   3.6094E-06   3.9260E-06   0.91936
FLUX  348   333.00        9.002778E+14   3.5710E-06   3.9799E-06   0.89727
FLUX  349   335.00        8.949030E+14   3.5710E-06   4.0338E-06   0.88527
FLUX  350   337.00        8.895920E+14   3.5939E-06   4.0878E-06   0.87916
FLUX  351   339.00        8.843437E+14   3.6833E-06   4.1420E-06   0.88928
FLUX  352   341.00        8.791569E+14   3.8289E-06   4.1961E-06   0.91249
FLUX  353   343.00        8.740306E+14   3.9405E-06   4.2504E-06   0.92710
FLUX  354   345.00        8.689638E+14   3.9616E-06   4.3047E-06   0.92031
FLUX  355   347.00        8.639553E+14   3.9495E-06   4.3590E-06   0.90606
FLUX  356   349.00        8.590043E+14   3.9718E-06   4.4134E-06   0.89995
FLUX  357   351.00        8.541097E+14   4.1547E-06   4.4678E-06   0.92993
FLUX  358   353.00        8.492705E+14   4.2428E-06   4.5222E-06   0.93822
FLUX  359   355.00        8.444859E+14   4.3868E-06   4.5766E-06   0.95853
FLUX  360   357.00        8.397549E+14   4.2716E-06   4.6310E-06   0.92239
FLUX  361   359.00        8.350766E+14   4.3250E-06   4.6854E-06   0.92308
FLUX  362   361.00        8.304501E+14   4.4081E-06   4.7398E-06   0.93001
FLUX  363   363.00        8.258747E+14   4.5237E-06   4.7941E-06   0.94360
FLUX  364   364.00        8.236058E+14   4.4746E-06   4.8214E-06   0.92808
FLUX  365   365.00        8.213493E+14   4.6764E-06   2.8218E-05   0.16573
FLUX  366   367.00        8.168733E+14   4.6702E-06   2.8155E-05   0.16588
FLUX  367   369.00        8.124458E+14   5.0571E-06   2.8094E-05   0.18001
FLUX  368   371.00        8.080660E+14   6.6219E-06   2.8030E-05   0.23625
FLUX  369   373.00        8.037332E+14   8.9378E-06   2.7965E-05   0.31960
FLUX  370   375.00        7.994467E+14   1.3414E-05   2.7901E-05   0.48076
FLUX  371   377.00        7.952056E+14   1.4433E-05   2.7841E-05   0.51839
FLUX  372   379.00        7.910092E+14   1.8010E-05   2.7776E-05   0.64838
FLUX  373   381.00        7.868570E+14   2.0576E-05   2.7711E-05   0.74255
FLUX  374   383.00        7.827480E+14   1.6337E-05   2.7645E-05   0.59096
FLUX  375   385.00        7.786818E+14   2.2104E-05   2.7580E-05   0.80145
FLUX  376   387.00        7.746576E+14   2.3875E-05   2.7514E-05   0.86773
FLUX  377   389.00        7.706748E+14   1.5608E-05   2.7448E-05   0.56864
FLUX  378   391.00        7.667327E+14   2.3450E-05   2.7382E-05   0.85640
FLUX  379   393.00        7.628308E+14   1.8561E-05   2.7316E-05   0.67949
FLUX  380   395.00        7.589684E+14   2.3545E-05   2.7249E-05   0.86408
FLUX  381   397.00        7.551448E+14   1.4088E-05   2.7183E-05   0.51827
FLUX  382   399.00        7.513596E+14   2.4199E-05   2.7116E-05   0.89244
FLUX  383   401.00        7.476122E+14   2.5068E-05   2.7050E-05   0.92675
FLUX  384   403.00        7.439020E+14   2.4872E-05   2.6983E-05   0.92174
FLUX  385   405.00        7.402284E+14   2.4932E-05   2.6917E-05   0.92627
FLUX  386   407.00        7.365909E+14   2.4520E-05   2.6851E-05   0.91322
FLUX  387   409.00        7.329890E+14   2.2536E-05   2.6785E-05   0.84138
FLUX  388   411.00        7.294221E+14   1.7684E-05   2.6719E-05   0.66186
FLUX  389   413.00        7.258898E+14   2.4493E-05   2.6654E-05   0.91890
FLUX  390   415.00        7.223916E+14   2.5101E-05   2.6590E-05   0.94400
FLUX  391   417.00        7.189269E+14   2.4647E-05   2.6525E-05   0.92917
FLUX  392   419.00        7.154952E+14   2.4698E-05   2.6461E-05   0.93339
FLUX  393   421.00        7.120962E+14   2.4754E-05   2.6396E-05   0.93777
FLUX  394   423.00        7.087293E+14   2.4481E-05   2.6332E-05   0.92971
FLUX  395   425.00        7.053941E+14   2.4606E-05   2.6268E-05   0.93674
FLUX  396   427.00        7.020902E+14   2.4224E-05   2.6204E-05   0.92444
FLUX  397   429.00        6.988170E+14   2.4444E-05   2.6140E-05   0.93511
FLUX  398   431.00        6.955742E+14   2.3281E-05   2.6077E-05   0.89279
FLUX  399   433.00        6.923614E+14   2.0750E-05   2.6014E-05   0.79764
FLUX  400   435.00        6.891782E+14   1.8012E-05   2.5950E-05   0.69409
FLUX  401   437.00        6.860240E+14   2.4372E-05   2.5887E-05   0.94147
FLUX  402   439.00        6.828986E+14   2.4123E-05   2.5825E-05   0.93411
FLUX  403   441.00        6.798016E+14   2.3755E-05   2.5762E-05   0.92208
FLUX  404   443.00        6.767325E+14   2.4111E-05   2.5700E-05   0.93818
FLUX  405   445.00        6.736910E+14   2.4304E-05   2.5638E-05   0.94797
FLUX  406   447.00        6.706767E+14   2.4249E-05   2.5576E-05   0.94811
FLUX  407   449.00        6.676893E+14   2.4244E-05   2.5514E-05   0.95022
FLUX  408   451.00        6.647284E+14   2.4686E-05   2.5453E-05   0.96986
FLUX  409   453.00        6.617936E+14   2.4043E-05   2.5392E-05   0.94687
FLUX  410   455.00        6.588846E+14   2.3683E-05   2.5331E-05   0.93495
FLUX  411   457.00        6.560011E+14   2.4528E-05   2.5270E-05   0.97061
FLUX  412   459.00        6.531427E+14   2.3899E-05   2.5210E-05   0.94803
FLUX  413   461.00        6.503091E+14   2.4664E-05   2.5149E-05   0.98069
FLUX  414   463.00        6.475000E+14   2.4098E-05   2.5089E-05   0.96048
FLUX  415   465.00        6.447151E+14   2.4474E-05   2.5029E-05   0.97780
FLUX  416   467.00        6.419540E+14   2.4426E-05   2.4970E-05   0.97823
FLUX  417   469.00        6.392164E+14   2.4083E-05   2.4911E-05   0.96676
FLUX  418   471.00        6.365021E+14   2.3491E-05   2.4852E-05   0.94525
FLUX  419   473.00        6.338108E+14   2.4307E-05   2.4793E-05   0.98038
FLUX  420   475.00        6.311421E+14   2.4467E-05   2.4735E-05   0.98918
FLUX  421   477.00        6.284958E+14   2.4229E-05   2.4677E-05   0.98187
FLUX  422   479.00        6.258716E+14   2.4176E-05   2.4619E-05   0.98199
FLUX  423   481.00        6.232692E+14   2.4047E-05   2.4561E-05   0.97905
FLUX  424   483.00        6.206884E+14   2.3743E-05   2.4504E-05   0.96896
FLUX  425   485.00        6.181289E+14   2.0650E-05   2.4446E-05   0.84469
FLUX  426   487.00        6.155903E+14   1.6776E-05   2.4389E-05   0.68782
FLUX  427   489.00        6.130726E+14   2.3290E-05   2.4333E-05   0.95713
FLUX  428   491.00        6.105754E+14   2.3690E-05   2.4276E-05   0.97584
FLUX  429   493.00        6.080984E+14   2.3346E-05   2.4220E-05   0.96392
FLUX  430   495.00        6.056414E+14   2.3707E-05   2.4164E-05   0.98107
FLUX  431   497.00        6.032042E+14   2.3931E-05   2.4109E-05   0.99261
FLUX  432   499.00        6.007866E+14   2.3419E-05   2.4053E-05   0.97364
FLUX  433   501.00        5.983882E+14   2.2869E-05   2.3998E-05   0.95294
FLUX  434   503.00        5.960089E+14   2.3402E-05   2.3944E-05   0.97737
FLUX  435   505.00        5.936485E+14   2.3264E-05   2.3889E-05   0.97385
FLUX  436   507.00        5.913067E+14   2.3515E-05   2.3834E-05   0.98661
FLUX  437   509.00        5.889833E+14   2.3403E-05   2.3780E-05   0.98415
FLUX  438   511.00        5.866781E+14   2.3394E-05   2.3726E-05   0.98599
FLUX  439   513.00        5.843908E+14   2.3077E-05   2.3672E-05   0.97484
FLUX  440   515.00        5.821214E+14   2.2896E-05   2.3618E-05   0.96941
FLUX  441   517.00        5.798694E+14   2.2504E-05   2.3565E-05   0.95496
FLUX  442   519.00        5.776349E+14   2.2460E-05   2.3512E-05   0.95528
FLUX  443   521.00        5.754175E+14   2.2651E-05   2.3459E-05   0.96558
FLUX  444   523.00        5.732170E+14   2.2481E-05   2.3406E-05   0.96049
FLUX  445   525.00        5.710333E+14   2.2925E-05   2.3353E-05   0.98167
FLUX  446   527.00        5.688662E+14   2.2085E-05   2.3301E-05   0.94783
FLUX  447   529.00        5.667155E+14   2.2785E-05   2.3249E-05   0.98004
FLUX  448   531.00        5.645810E+14   2.2495E-05   2.3197E-05   0.96972
FLUX  449   533.00        5.624625E+14   2.2218E-05   2.3146E-05   0.95993
FLUX  450   535.00        5.603598E+14   2.2775E-05   2.3094E-05   0.98620
FLUX  451   537.00        5.582728E+14   2.2580E-05   2.3043E-05   0.97990
FLUX  452   539.00        5.562013E+14   2.2496E-05   2.2992E-05   0.97841
FLUX  453   541.00        5.541451E+14   2.2295E-05   2.2941E-05   0.97181
FLUX  454   543.00        5.521041E+14   2.2299E-05   2.2891E-05   0.97415
FLUX  455   545.00        5.500780E+14   2.2507E-05   2.2841E-05   0.98540
FLUX  456   547.00        5.480667E+14   2.2450E-05   2.2790E-05   0.98509
FLUX  457   549.00        5.460701E+14   2.2491E-05   2.2740E-05   0.98905
FLUX  458   551.00        5.440880E+14   2.2398E-05   2.2690E-05   0.98709
FLUX  459   553.00        5.421203E+14   2.2269E-05   2.2641E-05   0.98360
FLUX  460   555.00        5.401667E+14   2.2446E-05   2.2591E-05   0.99357
FLUX  461   557.00        5.382271E+14   2.2292E-05   2.2542E-05   0.98888
FLUX  462   559.00        5.363014E+14   2.2220E-05   2.2493E-05   0.98787
FLUX  463   561.00        5.343895E+14   2.2239E-05   2.2444E-05   0.99085
FLUX  464   563.00        5.324911E+14   2.2276E-05   2.2396E-05   0.99460
FLUX  465   565.00        5.306062E+14   2.2106E-05   2.2348E-05   0.98917
FLUX  466   567.00        5.287346E+14   2.2029E-05   2.2299E-05   0.98786
FLUX  467   569.00        5.268761E+14   2.2119E-05   2.2251E-05   0.99406
FLUX  468   571.00        5.250306E+14   2.2076E-05   2.2203E-05   0.99425
FLUX  469   573.00        5.231981E+14   2.2123E-05   2.2155E-05   0.99854
FLUX  470   575.00        5.213783E+14   2.2024E-05   2.2108E-05   0.99624
FLUX  471   577.00        5.195711E+14   2.2003E-05   2.2060E-05   0.99740
FLUX  472   579.00        5.177763E+14   2.1925E-05   2.2013E-05   0.99604
FLUX  473   581.00        5.159940E+14   2.1897E-05   2.1965E-05   0.99691
FLUX  474   583.00        5.142238E+14   2.1859E-05   2.1918E-05   0.99732
FLUX  475   585.00        5.124658E+14   2.1796E-05   2.1871E-05   0.99657
FLUX  476   587.00        5.107198E+14   2.1767E-05   2.1824E-05   0.99737
FLUX  477   589.00        5.089856E+14   2.1454E-05   2.1778E-05   0.98512
FLUX  478   591.00        5.072631E+14   2.1670E-05   2.1731E-05   0.99719
FLUX  479   593.00        5.055523E+14   2.1622E-05   2.1685E-05   0.99711
FLUX  480   595.00        5.038529E+14   2.1564E-05   2.1639E-05   0.99653
FLUX  481   597.00        5.021650E+14   2.1547E-05   2.1593E-05   0.99787
FLUX  482   599.00        5.004883E+14   2.1433E-05   2.1547E-05   0.99472
FLUX  483   601.00        4.988228E+14   2.1377E-05   2.1501E-05   0.99422
FLUX  484   603.00        4.971683E+14   2.1378E-05   2.1456E-05   0.99635
FLUX  485   605.00        4.955248E+14   2.1338E-05   2.1411E-05   0.99660
FLUX  486   607.00        4.938921E+14   2.1332E-05   2.1366E-05   0.99840
FLUX  487   609.00        4.922701E+14   2.1250E-05   2.1321E-05   0.99667
FLUX  488   611.00        4.906588E+14   2.1170E-05   2.1276E-05   0.99500
FLUX  489   613.00        4.890579E+14   2.1039E-05   2.1232E-05   0.99093
FLUX  490   615.00        4.874675E+14   2.0796E-05   2.1188E-05   0.98151
FLUX  491   617.00        4.858874E+14   2.0939E-05   2.1143E-05   0.99034
FLUX  492   619.00        4.843174E+14   2.1037E-05   2.1099E-05   0.99703
FLUX  493   621.00        4.827576E+14   2.1013E-05   2.1055E-05   0.99799
FLUX  494   623.00        4.812079E+14   2.0892E-05   2.1011E-05   0.99434
FLUX  495   625.00        4.796680E+14   2.0532E-05   2.0967E-05   0.97924
FLUX  496   627.00        4.781380E+14   2.0889E-05   2.0924E-05   0.99835
FLUX  497   629.00        4.766176E+14   2.0841E-05   2.0880E-05   0.99813
FLUX  498   631.00        4.751070E+14   2.0675E-05   2.0837E-05   0.99223
FLUX  499   633.00        4.736058E+14   2.0710E-05   2.0794E-05   0.99598
FLUX  500   635.00        4.721142E+14   2.0566E-05   2.0750E-05   0.99110
FLUX  501   637.00        4.706319E+14   2.0533E-05   2.0707E-05   0.99160
FLUX  502   639.00        4.691588E+14   2.0579E-05   2.0664E-05   0.99584
FLUX  503   641.00        4.676950E+14   2.0433E-05   2.0622E-05   0.99087
FLUX  504   643.00        4.662403E+14   2.0459E-05   2.0579E-05   0.99416
FLUX  505   645.00        4.647946E+14   2.0247E-05   2.0536E-05   0.98590
FLUX  506   647.00        4.633578E+14   2.0410E-05   2.0494E-05   0.99591
FLUX  507   649.00        4.619299E+14   2.0144E-05   2.0452E-05   0.98494
FLUX  508   651.00        4.605108E+14   2.0192E-05   2.0409E-05   0.98934
FLUX  509   653.00        4.591003E+14   2.0065E-05   2.0367E-05   0.98515
FLUX  510   655.00        4.576985E+14   1.8430E-05   2.0326E-05   0.90670
FLUX  511   657.00        4.563052E+14   1.4695E-05   2.0284E-05   0.72444
FLUX  512   659.00        4.549203E+14   1.9639E-05   2.0243E-05   0.97019
FLUX  513   661.00        4.535439E+14   1.9992E-05   2.0201E-05   0.98966
FLUX  514   663.00        4.521757E+14   2.0071E-05   2.0159E-05   0.99560
FLUX  515   665.00        4.508158E+14   2.0064E-05   2.0118E-05   0.99730
FLUX  516   667.00        4.494640E+14   2.0008E-05   2.0077E-05   0.99656
FLUX  517   669.00        4.481203E+14   1.9999E-05   2.0035E-05   0.99818
FLUX  518   671.00        4.467846E+14   1.9954E-05   1.9994E-05   0.99801
FLUX  519   673.00        4.454569E+14   1.9911E-05   1.9953E-05   0.99787
FLUX  520   675.00        4.441370E+14   1.9842E-05   1.9912E-05   0.99647
FLUX  521   677.00        4.428250E+14   1.9856E-05   1.9871E-05   0.99923
FLUX  522   679.00        4.415206E+14   1.9800E-05   1.9831E-05   0.99846
FLUX  523   681.00        4.402239E+14   1.9771E-05   1.9790E-05   0.99903
FLUX  524   683.00        4.389348E+14   1.9691E-05   1.9749E-05   0.99703
FLUX  525   685.00        4.376533E+14   1.9668E-05   1.9709E-05   0.99791
FLUX  526   687.00        4.363792E+14   1.9649E-05   1.9669E-05   0.99901
FLUX  527   689.00        4.351125E+14   1.9612E-05   1.9628E-05   0.99918
FLUX  528   691.00        4.338531E+14   1.9569E-05   1.9588E-05   0.99903
FLUX  529   693.00        4.326010E+14   1.9523E-05   1.9548E-05   0.99868
FLUX  530   695.00        4.313561E+14   1.9487E-05   1.9508E-05   0.99893
FLUX  531   697.00        4.301184E+14   1.9441E-05   1.9469E-05   0.99857
FLUX  532   699.00        4.288877E+14   1.9412E-05   1.9429E-05   0.99913
FLUX  533   701.00        4.276641E+14   1.9299E-05   1.9389E-05   0.99536
FLUX  534   703.00        4.264474E+14   1.9306E-05   1.9350E-05   0.99774
FLUX  535   705.00        4.252376E+14   1.9286E-05   1.9310E-05   0.99871
FLUX  536   707.00        4.240347E+14   1.9253E-05   1.9271E-05   0.99906
FLUX  537   709.00        4.228385E+14   1.9217E-05   1.9232E-05   0.99924
FLUX  538   711.00        4.216491E+14   1.8944E-05   1.9193E-05   0.98703
FLUX  539   713.00        4.204663E+14   1.9077E-05   1.9154E-05   0.99597
FLUX  540   715.00        4.192902E+14   1.9061E-05   1.9115E-05   0.99717
FLUX  541   717.00        4.181206E+14   1.9030E-05   1.9076E-05   0.99760
FLUX  542   719.00        4.169576E+14   1.8961E-05   1.9037E-05   0.99599
FLUX  543   721.00        4.158010E+14   1.8931E-05   1.8999E-05   0.99645
FLUX  544   723.00        4.146508E+14   1.8873E-05   1.8960E-05   0.99541
FLUX  545   725.00        4.135069E+14   1.8861E-05   1.8922E-05   0.99678
FLUX  546   727.00        4.123693E+14   1.8854E-05   1.8884E-05   0.99841
FLUX  547   729.00        4.112380E+14   1.8765E-05   1.8846E-05   0.99571
FLUX  548   731.00        4.101129E+14   1.8701E-05   1.8809E-05   0.99430
FLUX  549   733.00        4.089939E+14   1.8695E-05   1.8770E-05   0.99597
FLUX  550   735.00        4.078810E+14   1.8686E-05   1.8732E-05   0.99752
FLUX  551   737.00        4.067741E+14   1.8678E-05   1.8694E-05   0.99910
FLUX  552   739.00        4.056732E+14   1.8603E-05   1.8656E-05   0.99713
FLUX  553   741.00        4.045783E+14   1.8518E-05   1.8619E-05   0.99461
FLUX  554   743.00        4.034892E+14   1.8467E-05   1.8581E-05   0.99388
FLUX  555   745.00        4.024060E+14   1.8452E-05   1.8543E-05   0.99506
FLUX  556   747.00        4.013286E+14   1.8340E-05   1.8506E-05   0.99106
FLUX  557   749.00        4.002570E+14   1.8352E-05   1.8468E-05   0.99370
FLUX  558   751.00        3.991911E+14   1.8342E-05   1.8431E-05   0.99518
FLUX  559   753.00        3.981308E+14   1.8345E-05   1.8394E-05   0.99735
FLUX  560   755.00        3.970762E+14   1.8346E-05   1.8356E-05   0.99946
FLUX  561   757.00        3.960271E+14   1.8283E-05   1.8319E-05   0.99800
FLUX  562   759.00        3.949835E+14   1.8263E-05   1.8282E-05   0.99896
FLUX  563   761.00        3.939455E+14   1.8228E-05   1.8245E-05   0.99905
FLUX  564   763.00        3.929128E+14   1.8193E-05   1.8209E-05   0.99915
FLUX  565   765.00        3.918856E+14   1.8125E-05   1.8172E-05   0.99743
FLUX  566   767.00        3.908638E+14   1.8066E-05   1.8135E-05   0.99617
FLUX  567   769.00        3.898472E+14   1.8061E-05   1.8099E-05   0.99794
FLUX  568   771.00        3.888359E+14   1.7968E-05   1.8062E-05   0.99480
FLUX  569   773.00        3.878299E+14   1.8004E-05   1.8026E-05   0.99879
FLUX  570   775.00        3.868290E+14   1.7957E-05   1.7989E-05   0.99823
FLUX  571   777.00        3.858333E+14   1.7593E-05   1.7953E-05   0.97994
FLUX  572   779.00        3.848427E+14   1.7908E-05   1.7917E-05   0.99951
FLUX  573   781.00        3.838572E+14   1.7865E-05   1.7881E-05   0.99915
FLUX  574   783.00        3.828768E+14   1.7793E-05   1.7845E-05   0.99712
FLUX  575   785.00        3.819013E+14   1.7722E-05   1.7809E-05   0.99514
FLUX  576   787.00        3.809307E+14   1.7684E-05   1.7773E-05   0.99502
FLUX  577   789.00        3.799651E+14   1.7625E-05   1.7737E-05   0.99368
FLUX  578   791.00        3.790044E+14   1.7631E-05   1.7701E-05   0.99606
FLUX  579   793.00        3.780485E+14   1.7593E-05   1.7666E-05   0.99592
FLUX  580   795.00        3.770975E+14   1.7535E-05   1.7630E-05   0.99458
FLUX  581   797.00        3.761512E+14   1.7585E-05   1.7595E-05   0.99945
FLUX  582   799.00        3.752096E+14   1.7442E-05   1.7559E-05   0.99332
FLUX  583   801.00        3.742728E+14   1.7492E-05   1.7524E-05   0.99820
FLUX  584   803.00        3.733406E+14   1.7447E-05   1.7489E-05   0.99760
FLUX  585   805.00        3.724130E+14   1.7428E-05   1.7453E-05   0.99853
FLUX  586   807.00        3.714901E+14   1.7387E-05   1.7418E-05   0.99818
FLUX  587   809.00        3.705717E+14   1.7349E-05   1.7383E-05   0.99805
FLUX  588   811.00        3.696578E+14   1.7337E-05   1.7348E-05   0.99934
FLUX  589   813.00        3.687485E+14   1.7310E-05   1.7313E-05   0.99978
FLUX  590   815.00        3.678436E+14   1.7273E-05   1.7279E-05   0.99966
FLUX  591   817.00        3.669431E+14   1.7238E-05   1.7244E-05   0.99965
FLUX  592   819.00        3.660470E+14   1.7046E-05   1.7209E-05   0.99051
FLUX  593   821.00        3.651553E+14   1.7109E-05   2.1646E-05   0.79039
FLUX  594   823.00        3.642679E+14   1.7071E-05   2.1591E-05   0.79064
FLUX  595   825.00        3.633848E+14   1.7027E-05   2.1536E-05   0.79062
FLUX  596   827.00        3.625060E+14   1.7136E-05   2.1482E-05   0.79772
FLUX  597   829.00        3.616315E+14   1.7080E-05   2.1428E-05   0.79710
FLUX  598   831.00        3.607611E+14   1.7000E-05   2.1374E-05   0.79538
FLUX  599   833.00        3.598950E+14   1.6769E-05   2.1320E-05   0.78652
FLUX  600   835.00        3.590329E+14   1.6912E-05   2.1266E-05   0.79524
FLUX  601   837.00        3.581750E+14   1.6624E-05   2.1213E-05   0.78367
FLUX  602   839.00        3.573212E+14   1.6651E-05   2.1160E-05   0.78694
FLUX  603   841.00        3.564715E+14   1.6606E-05   2.1107E-05   0.78677
FLUX  604   843.00        3.556257E+14   1.6997E-05   2.1054E-05   0.80732
FLUX  605   845.00        3.547840E+14   1.6790E-05   2.1001E-05   0.79947
FLUX  606   847.00        3.539463E+14   1.6259E-05   2.0949E-05   0.77614
FLUX  607   849.00        3.531125E+14   1.7772E-05   2.0897E-05   0.85049
FLUX  608   851.00        3.522826E+14   1.5941E-05   2.0845E-05   0.76476
FLUX  609   853.00        3.514566E+14   1.8213E-05   2.0793E-05   0.87593
FLUX  610   855.00        3.506345E+14   1.5182E-05   2.0741E-05   0.73199
FLUX  611   857.00        3.498162E+14   1.8777E-05   2.0690E-05   0.90754
FLUX  612   859.00        3.490017E+14   1.7586E-05   2.0639E-05   0.85207
FLUX  613   861.00        3.481911E+14   1.7094E-05   2.0588E-05   0.83032
FLUX  614   863.00        3.473841E+14   1.9468E-05   2.0537E-05   0.94793
FLUX  615   865.00        3.465809E+14   1.9079E-05   2.0486E-05   0.93132
FLUX  616   867.00        3.457814E+14   1.5234E-05   2.0436E-05   0.74547
FLUX  617   869.00        3.449856E+14   1.9324E-05   2.0386E-05   0.94790
FLUX  618   871.00        3.441935E+14   1.9978E-05   2.0336E-05   0.98239
FLUX  619   873.00        3.434049E+14   1.9582E-05   2.0286E-05   0.96529
FLUX  620   875.00        3.426200E+14   1.5741E-05   2.0236E-05   0.77788
FLUX  621   877.00        3.418387E+14   1.9066E-05   2.0187E-05   0.94448
FLUX  622   879.00        3.410609E+14   1.9900E-05   2.0138E-05   0.98818
FLUX  623   881.00        3.402866E+14   1.9816E-05   2.0089E-05   0.98645
FLUX  624   883.00        3.395159E+14   1.9547E-05   2.0040E-05   0.97541
FLUX  625   885.00        3.387486E+14   1.8467E-05   1.9991E-05   0.92376
FLUX  626   887.00        3.379848E+14   1.5718E-05   1.9942E-05   0.78819
FLUX  627   889.00        3.372244E+14   1.9362E-05   1.9894E-05   0.97325
FLUX  628   891.00        3.364675E+14   1.9557E-05   1.9846E-05   0.98543
FLUX  629   893.00        3.357139E+14   1.9533E-05   1.9798E-05   0.98664
FLUX  630   895.00        3.349637E+14   1.9653E-05   1.9750E-05   0.99507
FLUX  631   897.00        3.342168E+14   1.9545E-05   1.9702E-05   0.99199
FLUX  632   899.00        3.334733E+14   1.9228E-05   1.9655E-05   0.97826
FLUX  633   901.00        3.327331E+14   1.5958E-05   1.9608E-05   0.81385
FLUX  634   903.00        3.319961E+14   1.7696E-05   1.9560E-05   0.90467
FLUX  635   905.00        3.312624E+14   1.9251E-05   1.9513E-05   0.98656
FLUX  636   907.00        3.305320E+14   1.8945E-05   1.9467E-05   0.97319
FLUX  637   909.00        3.298047E+14   1.8771E-05   1.9420E-05   0.96660
FLUX  638   911.00        3.290807E+14   1.9144E-05   1.9374E-05   0.98813
FLUX  639   913.00        3.283598E+14   1.9247E-05   1.9327E-05   0.99585
FLUX  640   915.00        3.276421E+14   1.9255E-05   1.9281E-05   0.99866
FLUX  641   917.00        3.269275E+14   1.9138E-05   1.9235E-05   0.99493
FLUX  642   919.00        3.262160E+14   1.8970E-05   1.9189E-05   0.98858
FLUX  643   921.00        3.255076E+14   1.8333E-05   1.9144E-05   0.95764
FLUX  644   923.00        3.248023E+14   1.4804E-05   1.9098E-05   0.77517
FLUX  645   925.00        3.241000E+14   1.7905E-05   1.9053E-05   0.93978
FLUX  646   927.00        3.234008E+14   1.8431E-05   1.9008E-05   0.96967
FLUX  647   929.00        3.227045E+14   1.8877E-05   1.8963E-05   0.99550
FLUX  648   931.00        3.220113E+14   1.8891E-05   1.8918E-05   0.99857
FLUX  649   933.00        3.213210E+14   1.8831E-05   1.8873E-05   0.99774
FLUX  650   935.00        3.206337E+14   1.8806E-05   1.8829E-05   0.99880
FLUX  651   937.00        3.199493E+14   1.8775E-05   1.8784E-05   0.99952
FLUX  652   939.00        3.192678E+14   1.8650E-05   1.8740E-05   0.99517
FLUX  653   941.00        3.185893E+14   1.8246E-05   1.8696E-05   0.97590
FLUX  654   943.00        3.179136E+14   1.8532E-05   1.8652E-05   0.99356
FLUX  655   945.00        3.172407E+14   1.8540E-05   1.8609E-05   0.99632
FLUX  656   947.00        3.165707E+14   1.8525E-05   1.8565E-05   0.99786
FLUX  657   949.00        3.159036E+14   1.8458E-05   1.8522E-05   0.99656
FLUX  658   951.00        3.152392E+14   1.8307E-05   1.8478E-05   0.99070
FLUX  659   953.00        3.145776E+14   1.7595E-05   1.8435E-05   0.95443
FLUX  660   955.00        3.139188E+14   1.4498E-05   1.8392E-05   0.78826
FLUX  661   957.00        3.132628E+14   1.7716E-05   1.8349E-05   0.96547
FLUX  662   959.00        3.126095E+14   1.8167E-05   1.8307E-05   0.99236
FLUX  663   961.00        3.119589E+14   1.8073E-05   1.8264E-05   0.98952
FLUX  664   963.00        3.113110E+14   1.7941E-05   1.8222E-05   0.98461
FLUX  665   965.00        3.106658E+14   1.8110E-05   1.8180E-05   0.99616
FLUX  666   967.00        3.100233E+14   1.7910E-05   1.8138E-05   0.98746
FLUX  667   969.00        3.093834E+14   1.7975E-05   1.8096E-05   0.99333
FLUX  668   971.00        3.087461E+14   1.8045E-05   1.8054E-05   0.99950
FLUX  669   973.00        3.081115E+14   1.7990E-05   1.8012E-05   0.99880
FLUX  670   975.00        3.074795E+14   1.7889E-05   1.7971E-05   0.99548
FLUX  671   977.00        3.068501E+14   1.7918E-05   1.7929E-05   0.99938
FLUX  672   979.00        3.062232E+14   1.7873E-05   1.7888E-05   0.99916
FLUX  673   981.00        3.055989E+14   1.7825E-05   1.7847E-05   0.99880
FLUX  674   983.00        3.049771E+14   1.7778E-05   1.7806E-05   0.99847
FLUX  675   985.00        3.043579E+14   1.7663E-05   1.7765E-05   0.99424
FLUX  676   987.00        3.037411E+14   1.7653E-05   1.7724E-05   0.99601
FLUX  677   989.00        3.031269E+14   1.7532E-05   1.7684E-05   0.99145
FLUX  678   991.00        3.025151E+14   1.7574E-05   1.7643E-05   0.99608
FLUX  679   993.00        3.019058E+14   1.7514E-05   1.7603E-05   0.99494
FLUX  680   995.00        3.012990E+14   1.7506E-05   1.7563E-05   0.99679
FLUX  681   997.00        3.006946E+14   1.7499E-05   1.7522E-05   0.99867
FLUX  682   999.00        3.000926E+14   1.7421E-05   1.7483E-05   0.99647
FLUX  683  1002.50        2.990449E+14   1.6610E-05   1.7413E-05   0.95386
FLUX  684  1007.50        2.975608E+14   1.5970E-05   1.7314E-05   0.92235
FLUX  685  1012.50        2.960914E+14   1.7051E-05   1.7216E-05   0.99040
FLUX  686  1017.50        2.946364E+14   1.7070E-05   1.7119E-05   0.99710
FLUX  687  1022.50        2.931956E+14   1.7000E-05   1.7023E-05   0.99865
FLUX  688  1027.50        2.917689E+14   1.6919E-05   1.6928E-05   0.99949
FLUX  689  1032.50        2.903559E+14   1.6762E-05   1.6833E-05   0.99576
FLUX  690  1037.50        2.889566E+14   1.6710E-05   1.6739E-05   0.99825
FLUX  691  1042.50        2.875707E+14   1.6623E-05   1.6646E-05   0.99860
FLUX  692  1047.50        2.861981E+14   1.6391E-05   1.6554E-05   0.99017
FLUX  693  1052.50        2.848385E+14   1.6378E-05   1.6462E-05   0.99489
FLUX  694  1057.50        2.834917E+14   1.6311E-05   1.6371E-05   0.99634
FLUX  695  1062.50        2.821576E+14   1.6208E-05   1.6281E-05   0.99554
FLUX  696  1067.50        2.808361E+14   1.5882E-05   1.6191E-05   0.98088
FLUX  697  1072.50        2.795268E+14   1.5953E-05   1.6102E-05   0.99075
FLUX  698  1077.50        2.782297E+14   1.5908E-05   1.6014E-05   0.99337
FLUX  699  1082.50        2.769446E+14   1.5815E-05   1.5927E-05   0.99300
FLUX  700  1087.50        2.756713E+14   1.5703E-05   1.5840E-05   0.99135
FLUX  701  1092.50        2.744096E+14   1.4130E-05   1.5754E-05   0.89691
FLUX  702  1097.50        2.731595E+14   1.5225E-05   1.5668E-05   0.97169
FLUX  703  1102.50        2.719206E+14   1.5548E-05   1.5583E-05   0.99774
FLUX  704  1107.50        2.706930E+14   1.5490E-05   1.5499E-05   0.99943
FLUX  705  1112.50        2.694764E+14   1.5382E-05   1.5416E-05   0.99784
FLUX  706  1117.50        2.682707E+14   1.5306E-05   1.5333E-05   0.99827
FLUX  707  1122.50        2.670757E+14   1.5240E-05   1.5250E-05   0.99935
FLUX  708  1127.50        2.658914E+14   1.4977E-05   1.5169E-05   0.98739
FLUX  709  1132.50        2.647174E+14   1.4897E-05   1.5088E-05   0.98735
FLUX  710  1137.50        2.635538E+14   1.4946E-05   1.5007E-05   0.99589
FLUX  711  1142.50        2.624004E+14   1.4821E-05   1.4927E-05   0.99288
FLUX  712  1147.50        2.612571E+14   1.4835E-05   1.4848E-05   0.99910
FLUX  713  1152.50        2.601236E+14   1.4764E-05   1.4769E-05   0.99962
FLUX  714  1157.50        2.590000E+14   1.4674E-05   1.4691E-05   0.99884
FLUX  715  1162.50        2.578860E+14   1.4476E-05   1.4614E-05   0.99057
FLUX  716  1167.50        2.567816E+14   1.4324E-05   1.4536E-05   0.98542
FLUX  717  1172.50        2.556866E+14   1.4451E-05   1.4460E-05   0.99936
FLUX  718  1177.50        2.546008E+14   1.4154E-05   1.4384E-05   0.98404
FLUX  719  1182.50        2.535243E+14   1.4188E-05   1.4309E-05   0.99157
FLUX  720  1187.50        2.524568E+14   1.4053E-05   1.4234E-05   0.98729
FLUX  721  1192.50        2.513983E+14   1.4158E-05   1.4160E-05   0.99992
FLUX  722  1197.50        2.503486E+14   1.3972E-05   1.4086E-05   0.99193
FLUX  723  1202.50        2.493077E+14   1.3974E-05   1.4013E-05   0.99726
FLUX  724  1207.50        2.482754E+14   1.3874E-05   1.3940E-05   0.99531
FLUX  725  1212.50        2.472515E+14   1.3814E-05   1.3867E-05   0.99615
FLUX  726  1217.50        2.462361E+14   1.3779E-05   1.3796E-05   0.99877
FLUX  727  1222.50        2.452290E+14   1.3697E-05   1.3724E-05   0.99802
FLUX  728  1227.50        2.442301E+14   1.3604E-05   1.3654E-05   0.99633
FLUX  729  1232.50        2.432394E+14   1.3546E-05   1.3583E-05   0.99726
FLUX  730  1237.50        2.422566E+14   1.3491E-05   1.3514E-05   0.99834
FLUX  731  1242.50        2.412817E+14   1.3439E-05   1.3444E-05   0.99960
FLUX  732  1247.50        2.403146E+14   1.3350E-05   1.3376E-05   0.99810
FLUX  733  1252.50        2.393553E+14   1.3281E-05   1.3307E-05   0.99799
FLUX  734  1257.50        2.384036E+14   1.3150E-05   1.3240E-05   0.99320
FLUX  735  1262.50        2.374594E+14   1.3112E-05   1.3172E-05   0.99541
FLUX  736  1267.50        2.365227E+14   1.3093E-05   1.3105E-05   0.99907
FLUX  737  1272.50        2.355933E+14   1.3029E-05   1.3039E-05   0.99923
FLUX  738  1277.50        2.346712E+14   1.2848E-05   1.2973E-05   0.99036
FLUX  739  1282.50        2.337563E+14   1.1574E-05   1.2907E-05   0.89670
FLUX  740  1287.50        2.328485E+14   1.2754E-05   1.2842E-05   0.99309
FLUX  741  1292.50        2.319478E+14   1.2759E-05   1.2778E-05   0.99854
FLUX  742  1297.50        2.310539E+14   1.2700E-05   1.2714E-05   0.99894
FLUX  743  1302.50        2.301670E+14   1.2644E-05   1.2650E-05   0.99956
FLUX  744  1307.50        2.292868E+14   1.2584E-05   1.2587E-05   0.99981
FLUX  745  1312.50        2.284133E+14   1.2512E-05   1.2524E-05   0.99910
FLUX  746  1317.50        2.275465E+14   1.2422E-05   1.2461E-05   0.99687
FLUX  747  1322.50        2.266862E+14   1.2394E-05   1.2399E-05   0.99957
FLUX  748  1327.50        2.258324E+14   1.2331E-05   1.2338E-05   0.99947
FLUX  749  1332.50        2.249850E+14   1.2272E-05   1.2276E-05   0.99966
FLUX  750  1337.50        2.241439E+14   1.2211E-05   1.2215E-05   0.99962
FLUX  751  1342.50        2.233091E+14   1.2150E-05   1.2155E-05   0.99955
FLUX  752  1347.50        2.224805E+14   1.2088E-05   1.2095E-05   0.99946
FLUX  753  1352.50        2.216580E+14   1.2006E-05   1.2035E-05   0.99759
FLUX  754  1357.50        2.208416E+14   1.1948E-05   1.1976E-05   0.99766
FLUX  755  1362.50        2.200312E+14   1.1910E-05   1.1917E-05   0.99937
FLUX  756  1367.50        2.192267E+14   1.1842E-05   1.1859E-05   0.99860
FLUX  757  1372.50        2.184281E+14   1.1703E-05   1.1801E-05   0.99177
FLUX  758  1377.50        2.176352E+14   1.1712E-05   1.1743E-05   0.99736
FLUX  759  1382.50        2.168481E+14   1.1661E-05   1.1685E-05   0.99792
FLUX  760  1387.50        2.160667E+14   1.1627E-05   1.1628E-05   0.99989
FLUX  761  1392.50        2.152908E+14   1.1545E-05   1.1572E-05   0.99765
FLUX  762  1397.50        2.145206E+14   1.1504E-05   1.1515E-05   0.99903
FLUX  763  1402.50        2.137558E+14   1.1450E-05   1.1459E-05   0.99919
FLUX  764  1407.50        2.129964E+14   1.1401E-05   1.1404E-05   0.99974
FLUX  765  1412.50        2.122425E+14   1.1337E-05   1.1349E-05   0.99895
FLUX  766  1417.50        2.114938E+14   1.1286E-05   1.1294E-05   0.99933
FLUX  767  1422.50        2.107504E+14   1.1226E-05   1.1239E-05   0.99881
FLUX  768  1427.50        2.100123E+14   1.1169E-05   1.1185E-05   0.99856
FLUX  769  1432.50        2.092792E+14   1.1123E-05   1.1131E-05   0.99924
FLUX  770  1437.50        2.085513E+14   1.1076E-05   1.1078E-05   0.99986
FLUX  771  1442.50        2.078284E+14   1.0865E-05   1.1024E-05   0.98555
FLUX  772  1447.50        2.071105E+14   1.0963E-05   1.0972E-05   0.99927
FLUX  773  1452.50        2.063976E+14   1.0834E-05   1.0919E-05   0.99225
FLUX  774  1457.00        2.057601E+14   1.0860E-05   1.0872E-05   0.99889
FLUX  775  1462.00        2.050564E+14   1.0788E-05   1.1613E-05   0.92899
FLUX  776  1467.50        2.042879E+14   1.0768E-05   1.1551E-05   0.93228
FLUX  777  1472.50        2.035942E+14   1.0706E-05   1.1494E-05   0.93138
FLUX  778  1477.50        2.029052E+14   1.0627E-05   1.1439E-05   0.92905
FLUX  779  1482.50        2.022209E+14   1.0598E-05   1.1383E-05   0.93103
FLUX  780  1487.50        2.015412E+14   1.0511E-05   1.1328E-05   0.92786
FLUX  781  1492.50        2.008660E+14   1.0521E-05   1.1273E-05   0.93332
FLUX  782  1497.50        2.001953E+14   1.0461E-05   1.1218E-05   0.93245
FLUX  783  1502.50        1.995291E+14   1.0334E-05   1.1164E-05   0.92566
FLUX  784  1507.50        1.988673E+14   1.0304E-05   1.1110E-05   0.92745
FLUX  785  1512.50        1.982099E+14   1.0267E-05   1.1056E-05   0.92859
FLUX  786  1517.50        1.975568E+14   1.0221E-05   1.1003E-05   0.92895
FLUX  787  1522.50        1.969080E+14   1.0300E-05   1.0950E-05   0.94061
FLUX  788  1527.50        1.962635E+14   1.0041E-05   1.0897E-05   0.92138
FLUX  789  1532.50        1.956232E+14   1.0014E-05   1.0845E-05   0.92336
FLUX  790  1537.50        1.949870E+14   1.0196E-05   1.0793E-05   0.94474
FLUX  791  1542.50        1.943549E+14   9.7967E-06   1.0741E-05   0.91209
FLUX  792  1547.50        1.937270E+14   1.0155E-05   1.0689E-05   0.95004
FLUX  793  1552.50        1.931031E+14   1.0173E-05   1.0638E-05   0.95632
FLUX  794  1557.50        1.924831E+14   9.5912E-06   1.0587E-05   0.90595
FLUX  795  1562.50        1.918672E+14   1.0231E-05   1.0536E-05   0.97108
FLUX  796  1567.50        1.912552E+14   9.9610E-06   1.0486E-05   0.94996
FLUX  797  1572.50        1.906471E+14   9.5171E-06   1.0435E-05   0.91199
FLUX  798  1577.50        1.900428E+14   1.0129E-05   1.0385E-05   0.97529
FLUX  799  1582.50        1.894423E+14   1.0129E-05   1.0336E-05   0.98002
FLUX  800  1587.50        1.888457E+14   9.1654E-06   1.0286E-05   0.89103
FLUX  801  1592.50        1.882527E+14   9.9817E-06   1.0237E-05   0.97507
FLUX  802  1597.50        1.876635E+14   1.0092E-05   1.0188E-05   0.99057
FLUX  803  1605.00        1.867866E+14   9.9387E-06   1.0115E-05   0.98259
FLUX  804  1615.00        1.856300E+14   9.4456E-06   1.0018E-05   0.94286
FLUX  805  1625.00        1.844877E+14   9.9093E-06   9.9220E-06   0.99873
FLUX  806  1635.00        1.833593E+14   9.6689E-06   9.8264E-06   0.98397
FLUX  807  1645.00        1.822447E+14   9.1845E-06   9.7309E-06   0.94384
FLUX  808  1655.00        1.811435E+14   9.6208E-06   9.6361E-06   0.99842
FLUX  809  1665.00        1.800556E+14   9.5315E-06   9.5426E-06   0.99884
FLUX  810  1675.00        1.789806E+14   9.3036E-06   9.4504E-06   0.98446
FLUX  811  1685.00        1.779184E+14   8.8406E-06   9.3597E-06   0.94455
FLUX  812  1695.00        1.768687E+14   9.2612E-06   9.2702E-06   0.99903
FLUX  813  1705.00        1.758314E+14   9.1556E-06   9.1820E-06   0.99712
FLUX  814  1715.00        1.748061E+14   9.0874E-06   9.0950E-06   0.99916
FLUX  815  1725.00        1.737928E+14   8.9597E-06   9.0093E-06   0.99450
FLUX  816  1735.00        1.727911E+14   8.3378E-06   8.9248E-06   0.93422
FLUX  817  1745.00        1.718009E+14   8.7504E-06   8.8415E-06   0.98969
FLUX  818  1755.00        1.708219E+14   8.7210E-06   8.7593E-06   0.99563
FLUX  819  1765.00        1.698541E+14   8.6351E-06   8.6782E-06   0.99503
FLUX  820  1775.00        1.688972E+14   8.5761E-06   8.5982E-06   0.99743
FLUX  821  1785.00        1.679510E+14   8.4917E-06   8.5194E-06   0.99676
FLUX  822  1795.00        1.670153E+14   8.4378E-06   8.4416E-06   0.99955
FLUX  823  1805.00        1.660900E+14   8.3308E-06   8.3649E-06   0.99592
FLUX  824  1815.00        1.651749E+14   7.8137E-06   8.2892E-06   0.94263
FLUX  825  1825.00        1.642699E+14   8.1215E-06   8.2146E-06   0.98866
FLUX  826  1835.00        1.633747E+14   8.1282E-06   8.1410E-06   0.99843
FLUX  827  1845.00        1.624892E+14   8.0588E-06   8.0683E-06   0.99882
FLUX  828  1855.00        1.616132E+14   7.9749E-06   7.9967E-06   0.99727
FLUX  829  1865.00        1.607466E+14   7.9025E-06   7.9260E-06   0.99704
FLUX  830  1875.00        1.598893E+14   7.3442E-06   7.8562E-06   0.93483
FLUX  831  1885.00        1.590411E+14   7.7380E-06   7.7874E-06   0.99366
FLUX  832  1895.00        1.582018E+14   7.6773E-06   7.7194E-06   0.99454
FLUX  833  1905.00        1.573714E+14   7.6499E-06   7.6524E-06   0.99967
FLUX  834  1915.00        1.565496E+14   7.5827E-06   7.5862E-06   0.99954
FLUX  835  1925.00        1.557364E+14   7.5152E-06   7.5209E-06   0.99924
FLUX  836  1935.00        1.549315E+14   7.4353E-06   7.4564E-06   0.99717
FLUX  837  1945.00        1.541350E+14   6.9564E-06   7.3927E-06   0.94098
FLUX  838  1955.00        1.533465E+14   7.3103E-06   7.3299E-06   0.99733
FLUX  839  1965.00        1.525662E+14   7.2641E-06   7.2678E-06   0.99949
FLUX  840  1975.00        1.517937E+14   7.1908E-06   7.2066E-06   0.99782
FLUX  841  1985.00        1.510290E+14   7.1424E-06   7.1461E-06   0.99948
FLUX  842  1995.00        1.502719E+14   7.0828E-06   7.0863E-06   0.99951
FLUX  843  2005.00        1.495224E+14   7.0254E-06   7.0273E-06   0.99973
FLUX  844  2015.00        1.487804E+14   6.9683E-06   6.9691E-06   0.99988
FLUX  845  2025.00        1.480457E+14   6.9080E-06   6.9116E-06   0.99949
FLUX  846  2035.00        1.473182E+14   6.8490E-06   6.8547E-06   0.99916
FLUX  847  2045.00        1.465978E+14   6.7981E-06   6.7986E-06   0.99992
FLUX  848  2055.00        1.458844E+14   6.7421E-06   6.7432E-06   0.99985
FLUX  849  2065.00        1.451780E+14   6.6815E-06   6.6884E-06   0.99897
FLUX  850  2075.00        1.444783E+14   6.6302E-06   6.6343E-06   0.99938
FLUX  851  2085.00        1.437854E+14   6.5785E-06   6.5809E-06   0.99964
FLUX  852  2095.00        1.430990E+14   6.5241E-06   6.5280E-06   0.99939
FLUX  853  2105.00        1.424192E+14   6.4703E-06   6.4759E-06   0.99915
FLUX  854  2115.00        1.417459E+14   6.4087E-06   6.4243E-06   0.99757
FLUX  855  2125.00        1.410788E+14   6.3571E-06   6.3733E-06   0.99746
FLUX  856  2135.00        1.404180E+14   6.3103E-06   6.3230E-06   0.99800
FLUX  857  2145.00        1.397634E+14   6.2709E-06   6.2732E-06   0.99964
FLUX  858  2155.00        1.391148E+14   6.2136E-06   6.2240E-06   0.99833
FLUX  859  2165.00        1.384723E+14   5.8313E-06   6.1754E-06   0.94428
FLUX  860  2175.00        1.378356E+14   6.1015E-06   6.1274E-06   0.99577
FLUX  861  2185.00        1.372048E+14   6.0755E-06   6.0799E-06   0.99927
FLUX  862  2195.00        1.365797E+14   6.0328E-06   6.0330E-06   0.99997
FLUX  863  2205.00        1.359603E+14   5.9802E-06   5.9867E-06   0.99893
FLUX  864  2215.00        1.353465E+14   5.9264E-06   5.9408E-06   0.99758
FLUX  865  2225.00        1.347382E+14   5.8949E-06   5.8955E-06   0.99990
FLUX  866  2235.00        1.341353E+14   5.8499E-06   5.8507E-06   0.99987
FLUX  867  2245.00        1.335379E+14   5.8058E-06   5.8064E-06   0.99990
FLUX  868  2255.00        1.329457E+14   5.7513E-06   5.7627E-06   0.99802
FLUX  869  2265.00        1.323587E+14   5.7166E-06   5.7194E-06   0.99951
FLUX  870  2275.00        1.317769E+14   5.6744E-06   5.6766E-06   0.99961
FLUX  871  2285.00        1.312002E+14   5.6346E-06   5.7791E-06   0.97499
FLUX  872  2295.00        1.306285E+14   5.5908E-06   5.7355E-06   0.97477
FLUX  873  2305.00        1.300618E+14   5.5550E-06   5.6925E-06   0.97585
FLUX  874  2315.00        1.295000E+14   5.5140E-06   5.6499E-06   0.97595
FLUX  875  2325.00        1.289430E+14   5.4758E-06   5.6078E-06   0.97646
FLUX  876  2335.00        1.283908E+14   5.4352E-06   5.5662E-06   0.97648
FLUX  877  2345.00        1.278433E+14   5.3958E-06   5.5250E-06   0.97661
FLUX  878  2355.00        1.273004E+14   5.3565E-06   5.4842E-06   0.97671
FLUX  879  2365.00        1.267622E+14   5.3159E-06   5.4440E-06   0.97648
FLUX  880  2375.00        1.262284E+14   5.2781E-06   5.4041E-06   0.97669
FLUX  881  2385.00        1.256992E+14   5.2381E-06   5.3647E-06   0.97639
FLUX  882  2395.00        1.251743E+14   5.1986E-06   5.3257E-06   0.97613
FLUX  883  2405.00        1.246538E+14   5.1541E-06   5.2872E-06   0.97484
FLUX  884  2415.00        1.241377E+14   5.1082E-06   5.2491E-06   0.97317
FLUX  885  2425.00        1.236258E+14   5.1101E-06   5.2113E-06   0.98057
FLUX  886  2435.00        1.231181E+14   5.0331E-06   5.1740E-06   0.97276
FLUX  887  2445.00        1.226145E+14   4.9876E-06   5.1371E-06   0.97088
FLUX  888  2455.00        1.221151E+14   5.0039E-06   5.1006E-06   0.98104
FLUX  889  2465.00        1.216197E+14   4.9346E-06   5.0645E-06   0.97434
FLUX  890  2475.00        1.211283E+14   4.9030E-06   5.0288E-06   0.97499
FLUX  891  2485.00        1.206408E+14   4.9250E-06   4.9934E-06   0.98631
FLUX  892  2495.00        1.201573E+14   4.7487E-06   4.9584E-06   0.95771
FLUX  893  2505.00        1.196776E+14   4.8695E-06   4.9238E-06   0.98898
FLUX  894  2515.00        1.192018E+14   4.8396E-06   4.8895E-06   0.98978
FLUX  895  2525.00        1.187297E+14   4.6312E-06   4.8556E-06   0.95377
FLUX  896  2535.00        1.182613E+14   4.7737E-06   4.8221E-06   0.98997
FLUX  897  2545.00        1.177967E+14   4.7542E-06   4.7889E-06   0.99275
FLUX  898  2555.00        1.173356E+14   4.7113E-06   4.7560E-06   0.99059
FLUX  899  2565.00        1.168782E+14   4.4805E-06   4.7235E-06   0.94855
FLUX  900  2575.00        1.164243E+14   4.6566E-06   4.6913E-06   0.99259
FLUX  901  2585.00        1.159739E+14   4.6299E-06   4.6595E-06   0.99364
FLUX  902  2595.00        1.155270E+14   4.6095E-06   4.6280E-06   0.99601
FLUX  903  2605.00        1.150835E+14   4.5508E-06   4.5967E-06   0.99001
FLUX  904  2615.00        1.146434E+14   4.3220E-06   4.5658E-06   0.94659
FLUX  905  2625.00        1.142067E+14   4.2559E-06   4.5353E-06   0.93841
FLUX  906  2635.00        1.137732E+14   4.4733E-06   4.5050E-06   0.99298
FLUX  907  2645.00        1.133431E+14   4.4706E-06   4.4750E-06   0.99901
FLUX  908  2655.00        1.129162E+14   4.4397E-06   4.4453E-06   0.99873
FLUX  909  2665.00        1.124925E+14   4.3905E-06   4.4159E-06   0.99425
FLUX  910  2675.00        1.120720E+14   4.1417E-06   4.3868E-06   0.94411
FLUX  911  2685.00        1.116546E+14   4.3416E-06   4.3580E-06   0.99623
FLUX  912  2695.00        1.112403E+14   4.3289E-06   4.3295E-06   0.99987
FLUX  913  2705.00        1.108290E+14   4.2980E-06   4.3012E-06   0.99924
FLUX  914  2715.00        1.104208E+14   4.2728E-06   4.2733E-06   0.99989
FLUX  915  2725.00        1.100156E+14   4.2450E-06   4.2456E-06   0.99988
FLUX  916  2735.00        1.096133E+14   4.2172E-06   4.2181E-06   0.99979
FLUX  917  2745.00        1.092140E+14   4.1866E-06   4.1910E-06   0.99896
FLUX  918  2755.00        1.088176E+14   3.9606E-06   4.1641E-06   0.95113
FLUX  919  2765.00        1.084241E+14   4.0838E-06   4.1374E-06   0.98704
FLUX  920  2775.00        1.080333E+14   4.1099E-06   4.1110E-06   0.99973
FLUX  921  2785.00        1.076454E+14   4.0844E-06   4.0849E-06   0.99989
FLUX  922  2795.00        1.072603E+14   4.0589E-06   4.0590E-06   0.99999
FLUX  923  2805.00        1.068779E+14   4.0331E-06   4.0333E-06   0.99995
FLUX  924  2815.00        1.064982E+14   4.0075E-06   4.0079E-06   0.99988
FLUX  925  2825.00        1.061212E+14   3.9823E-06   3.9828E-06   0.99989
FLUX  926  2835.00        1.057469E+14   3.9578E-06   3.9578E-06   0.99999
FLUX  927  2845.00        1.053752E+14   3.9308E-06   3.9331E-06   0.99942
FLUX  928  2855.00        1.050061E+14   3.9083E-06   3.9087E-06   0.99990
FLUX  929  2865.00        1.046396E+14   3.8574E-06   3.8844E-06   0.99304
FLUX  930  2875.00        1.042757E+14   3.6588E-06   3.8604E-06   0.94778
FLUX  931  2885.00        1.039142E+14   3.8298E-06   3.8366E-06   0.99823
FLUX  932  2895.00        1.035553E+14   3.8108E-06   3.8130E-06   0.99941
FLUX  933  2905.00        1.031988E+14   3.7894E-06   3.7897E-06   0.99994
FLUX  934  2915.00        1.028448E+14   3.7620E-06   3.7665E-06   0.99881
FLUX  935  2925.00        1.024932E+14   3.7425E-06   3.7436E-06   0.99970
FLUX  936  2935.00        1.021440E+14   3.7208E-06   3.7209E-06   0.99997
FLUX  937  2945.00        1.017971E+14   3.6980E-06   3.6984E-06   0.99988
FLUX  938  2955.00        1.014526E+14   3.6760E-06   3.6761E-06   0.99997
FLUX  939  2965.00        1.011105E+14   3.6539E-06   3.6540E-06   0.99998
FLUX  940  2975.00        1.007706E+14   3.6318E-06   3.6321E-06   0.99993
FLUX  941  2985.00        1.004330E+14   3.6103E-06   3.6104E-06   0.99998
FLUX  942  2995.00        1.000977E+14   3.5882E-06   3.5888E-06   0.99983
FLUX  943  3005.00        9.976456E+13   3.5667E-06   3.5675E-06   0.99976
FLUX  944  3015.00        9.943367E+13   3.5453E-06   3.5464E-06   0.99970
FLUX  945  3025.00        9.910496E+13   3.5228E-06   3.5254E-06   0.99924
FLUX  946  3035.00        9.877842E+13   3.3640E-06   3.5047E-06   0.95985
FLUX  947  3045.00        9.845402E+13   3.4217E-06   3.4841E-06   0.98207
FLUX  948  3055.00        9.813175E+13   3.4620E-06   3.4637E-06   0.99949
FLUX  949  3065.00        9.781158E+13   3.4426E-06   3.4435E-06   0.99975
FLUX  950  3075.00        9.749350E+13   3.4227E-06   3.4234E-06   0.99979
FLUX  951  3085.00        9.717747E+13   3.3994E-06   3.4036E-06   0.99876
FLUX  952  3095.00        9.686349E+13   3.3820E-06   3.3839E-06   0.99943
FLUX  953  3105.00        9.655153E+13   3.3618E-06   3.3644E-06   0.99925
FLUX  954  3115.00        9.624157E+13   3.3396E-06   3.3450E-06   0.99838
FLUX  955  3125.00        9.593360E+13   3.3227E-06   3.3258E-06   0.99905
FLUX  956  3135.00        9.562759E+13   3.3042E-06   3.3068E-06   0.99923
FLUX  957  3145.00        9.532353E+13   3.2842E-06   3.2879E-06   0.99886
FLUX  958  3155.00        9.502139E+13   3.2681E-06   3.2692E-06   0.99966
FLUX  959  3165.00        9.472117E+13   3.2506E-06   3.2507E-06   0.99997
FLUX  960  3175.00        9.442283E+13   3.2301E-06   3.2323E-06   0.99932
FLUX  961  3185.00        9.412637E+13   3.2138E-06   3.2140E-06   0.99994
FLUX  962  3195.00        9.383177E+13   3.1955E-06   3.1960E-06   0.99987
FLUX  963  3210.00        9.339330E+13   3.1685E-06   3.1691E-06   0.99980
FLUX  964  3230.00        9.281502E+13   3.1338E-06   3.1339E-06   0.99997
FLUX  965  3250.00        9.224385E+13   3.0990E-06   3.0992E-06   0.99993
FLUX  966  3270.00        9.167966E+13   3.0646E-06   3.0651E-06   0.99983
FLUX  967  3290.00        9.112234E+13   2.9370E-06   3.0629E-06   0.95888
FLUX  968  3310.00        9.057175E+13   2.9765E-06   3.0294E-06   0.98252
FLUX  969  3330.00        9.002778E+13   2.9549E-06   2.9964E-06   0.98612
FLUX  970  3350.00        8.949030E+13   2.9252E-06   2.9640E-06   0.98690
FLUX  971  3370.00        8.895920E+13   2.8907E-06   2.9321E-06   0.98588
FLUX  972  3390.00        8.843437E+13   2.8615E-06   2.9007E-06   0.98649
FLUX  973  3410.00        8.791569E+13   2.8321E-06   2.8698E-06   0.98686
FLUX  974  3430.00        8.740306E+13   2.8040E-06   2.8393E-06   0.98755
FLUX  975  3450.00        8.689638E+13   2.7764E-06   2.8094E-06   0.98823
FLUX  976  3470.00        8.639553E+13   2.7475E-06   2.7799E-06   0.98833
FLUX  977  3490.00        8.590043E+13   2.7190E-06   2.7509E-06   0.98837
FLUX  978  3510.00        8.541097E+13   2.6916E-06   2.7224E-06   0.98870
FLUX  979  3530.00        8.492705E+13   2.6640E-06   2.6943E-06   0.98876
FLUX  980  3550.00        8.444859E+13   2.6346E-06   2.6666E-06   0.98800
FLUX  981  3570.00        8.397549E+13   2.6050E-06   2.6394E-06   0.98699
FLUX  982  3590.00        8.350766E+13   2.5908E-06   2.6125E-06   0.99167
FLUX  983  3610.00        8.304501E+13   2.5501E-06   2.5861E-06   0.98609
FLUX  984  3630.00        8.258747E+13   2.5412E-06   2.5601E-06   0.99262
FLUX  985  3650.00        8.213493E+13   2.4956E-06   2.5344E-06   0.98469
FLUX  986  3670.00        8.168733E+13   2.4931E-06   2.5092E-06   0.99357
FLUX  987  3690.00        8.124458E+13   2.4386E-06   2.4843E-06   0.98162
FLUX  988  3710.00        8.080660E+13   2.4436E-06   2.4598E-06   0.99341
FLUX  989  3730.00        8.037332E+13   2.3941E-06   2.4357E-06   0.98295
FLUX  990  3750.00        7.994467E+13   2.3221E-06   2.4119E-06   0.96278
FLUX  991  3770.00        7.952056E+13   2.3755E-06   2.3884E-06   0.99457
FLUX  992  3790.00        7.910092E+13   2.3551E-06   2.3653E-06   0.99568
FLUX  993  3810.00        7.868570E+13   2.3042E-06   2.3426E-06   0.98361
FLUX  994  3830.00        7.827480E+13   2.2950E-06   2.3201E-06   0.98915
FLUX  995  3850.00        7.786818E+13   2.2907E-06   2.2980E-06   0.99684
FLUX  996  3870.00        7.746576E+13   2.2674E-06   2.2762E-06   0.99616
FLUX  997  3890.00        7.706748E+13   2.2457E-06   2.2547E-06   0.99601
FLUX  998  3910.00        7.667327E+13   2.1770E-06   2.2335E-06   0.97472
FLUX  999  3930.00        7.628308E+13   2.2090E-06   2.2126E-06   0.99838
FLUX 1000  3950.00        7.589684E+13   2.1906E-06   2.1920E-06   0.99936
FLUX 1001  3970.00        7.551448E+13   2.1711E-06   2.1717E-06   0.99973
FLUX 1002  3990.00        7.513596E+13   2.1482E-06   2.1517E-06   0.99841
FLUX 1003  4010.00        7.476122E+13   2.1098E-06   2.1319E-06   0.98963
FLUX 1004  4030.00        7.439020E+13   2.0712E-06   2.1124E-06   0.98050
FLUX 1005  4050.00        7.402284E+13   2.0373E-06   2.0932E-06   0.97328
FLUX 1006  4070.00        7.365909E+13   2.0722E-06   2.0742E-06   0.99904
FLUX 1007  4090.00        7.329890E+13   2.0538E-06   2.0555E-06   0.99917
FLUX 1008  4110.00        7.294221E+13   2.0369E-06   2.0371E-06   0.99991
FLUX 1009  4130.00        7.258898E+13   2.0186E-06   2.0189E-06   0.99990
FLUX 1010  4150.00        7.223916E+13   1.9995E-06   2.0009E-06   0.99931
FLUX 1011  4170.00        7.189269E+13   1.9281E-06   1.9832E-06   0.97224
FLUX 1012  4190.00        7.154952E+13   1.9635E-06   1.9657E-06   0.99887
FLUX 1013  4210.00        7.120962E+13   1.9467E-06   1.9484E-06   0.99912
FLUX 1014  4230.00        7.087293E+13   1.9313E-06   1.9314E-06   0.99997
FLUX 1015  4250.00        7.053941E+13   1.9144E-06   1.9146E-06   0.99991
FLUX 1016  4270.00        7.020902E+13   1.8979E-06   1.8980E-06   0.99998
FLUX 1017  4290.00        6.988170E+13   1.8816E-06   1.8816E-06   0.99999
FLUX 1018  4310.00        6.955742E+13   1.8654E-06   1.8654E-06   0.99997
FLUX 1019  4330.00        6.923614E+13   1.8493E-06   1.8495E-06   0.99990
FLUX 1020  4350.00        6.891782E+13   1.8335E-06   1.8337E-06   0.99990
FLUX 1021  4370.00        6.860240E+13   1.7727E-06   1.8181E-06   0.97502
FLUX 1022  4390.00        6.828986E+13   1.7961E-06   1.8028E-06   0.99631
FLUX 1023  4410.00        6.798016E+13   1.7870E-06   1.7876E-06   0.99963
FLUX 1024  4430.00        6.767325E+13   1.7724E-06   1.7726E-06   0.99986
FLUX 1025  4450.00        6.736910E+13   1.7575E-06   1.7579E-06   0.99981
FLUX 1026  4470.00        6.706767E+13   1.7462E-06   1.7516E-06   0.99696
FLUX 1027  4490.00        6.676893E+13   1.7283E-06   1.7370E-06   0.99496
FLUX 1028  4510.00        6.647284E+13   1.7144E-06   1.7227E-06   0.99521
FLUX 1029  4530.00        6.617936E+13   1.7003E-06   1.7085E-06   0.99521
FLUX 1030  4550.00        6.588846E+13   1.6866E-06   1.6945E-06   0.99532
FLUX 1031  4570.00        6.560011E+13   1.6727E-06   1.6807E-06   0.99522
FLUX 1032  4590.00        6.531427E+13   1.6589E-06   1.6670E-06   0.99512
FLUX 1033  4610.00        6.503091E+13   1.6459E-06   1.6535E-06   0.99537
FLUX 1034  4630.00        6.475000E+13   1.6316E-06   1.6402E-06   0.99477
FLUX 1035  4650.00        6.447151E+13   1.5757E-06   1.6270E-06   0.96843
FLUX 1036  4670.00        6.419540E+13   1.5616E-06   1.6140E-06   0.96751
FLUX 1037  4690.00        6.392164E+13   1.5913E-06   1.6012E-06   0.99383
FLUX 1038  4710.00        6.365021E+13   1.5812E-06   1.5885E-06   0.99545
FLUX 1039  4730.00        6.338108E+13   1.5691E-06   1.5759E-06   0.99571
FLUX 1040  4750.00        6.311421E+13   1.5564E-06   1.5635E-06   0.99546
FLUX 1041  4770.00        6.284958E+13   1.5444E-06   1.5513E-06   0.99558
FLUX 1042  4790.00        6.258716E+13   1.5325E-06   1.5391E-06   0.99566
FLUX 1043  4810.00        6.232692E+13   1.5205E-06   1.5272E-06   0.99563
FLUX 1044  4830.00        6.206884E+13   1.5095E-06   1.5153E-06   0.99614
FLUX 1045  4850.00        6.181289E+13   1.4967E-06   1.5036E-06   0.99538
FLUX 1046  4870.00        6.155903E+13   1.4865E-06   1.4921E-06   0.99624
FLUX 1047  4890.00        6.130726E+13   1.4738E-06   1.4807E-06   0.99536
FLUX 1048  4910.00        6.105754E+13   1.4638E-06   1.4694E-06   0.99625
FLUX 1049  4930.00        6.080984E+13   1.4507E-06   1.4582E-06   0.99487
FLUX 1050  4950.00        6.056414E+13   1.4427E-06   1.4472E-06   0.99690
FLUX 1051  4970.00        6.032042E+13   1.4275E-06   1.4362E-06   0.99390
FLUX 1052  4990.00        6.007866E+13   1.4211E-06   1.4254E-06   0.99698
FLUX 1053  5010.00        5.983882E+13   1.4103E-06   1.4148E-06   0.99685
FLUX 1054  5030.00        5.960089E+13   1.3944E-06   1.4042E-06   0.99299
FLUX 1055  5050.00        5.936485E+13   1.3901E-06   1.3938E-06   0.99739
FLUX 1056  5070.00        5.913067E+13   1.3798E-06   1.3834E-06   0.99739
FLUX 1057  5090.00        5.889833E+13   1.3614E-06   1.3732E-06   0.99141
FLUX 1058  5110.00        5.866781E+13   1.3576E-06   1.3631E-06   0.99595
FLUX 1059  5130.00        5.843908E+13   1.3139E-06   1.3532E-06   0.97101
FLUX 1060  5150.00        5.821214E+13   1.3388E-06   1.3433E-06   0.99663
FLUX 1061  5170.00        5.798694E+13   1.3196E-06   1.3335E-06   0.98954
FLUX 1062  5190.00        5.776349E+13   1.3214E-06   1.3239E-06   0.99813
FLUX 1063  5210.00        5.754175E+13   1.3140E-06   1.3143E-06   0.99974
FLUX 1064  5230.00        5.732170E+13   1.3045E-06   1.3048E-06   0.99976
FLUX 1065  5250.00        5.710333E+13   1.2911E-06   1.2955E-06   0.99664
FLUX 1066  5270.00        5.688662E+13   1.2711E-06   1.2862E-06   0.98824
FLUX 1067  5290.00        5.667155E+13   1.2766E-06   1.2771E-06   0.99960
FLUX 1068  5310.00        5.645810E+13   1.2679E-06   1.2680E-06   0.99990
FLUX 1069  5330.00        5.624625E+13   1.2590E-06   1.2591E-06   0.99991
FLUX 1070  5350.00        5.603598E+13   1.2501E-06   1.2502E-06   0.99989
FLUX 1071  5370.00        5.582728E+13   1.2295E-06   1.2414E-06   0.99035
FLUX 1072  5390.00        5.562013E+13   1.2226E-06   1.2328E-06   0.99180
FLUX 1073  5410.00        5.541451E+13   1.2241E-06   1.2242E-06   0.99991
FLUX 1074  5430.00        5.521041E+13   1.2154E-06   1.2157E-06   0.99978
FLUX 1075  5450.00        5.500780E+13   1.2071E-06   1.2073E-06   0.99986
FLUX 1076  5470.00        5.480667E+13   1.1986E-06   1.1989E-06   0.99975
FLUX 1077  5490.00        5.460701E+13   1.1906E-06   1.1907E-06   0.99989
FLUX 1078  5510.00        5.440880E+13   1.1798E-06   1.1825E-06   0.99765
FLUX 1079  5530.00        5.421203E+13   1.1529E-06   1.1745E-06   0.98161
FLUX 1080  5550.00        5.401667E+13   1.1662E-06   1.1665E-06   0.99978
FLUX 1081  5570.00        5.382271E+13   1.1583E-06   1.1586E-06   0.99977
FLUX 1082  5590.00        5.363014E+13   1.1501E-06   1.1508E-06   0.99946
FLUX 1083  5610.00        5.343895E+13   1.1428E-06   1.1430E-06   0.99985
FLUX 1084  5630.00        5.324911E+13   1.1352E-06   1.1353E-06   0.99990
FLUX 1085  5650.00        5.306062E+13   1.1277E-06   1.1277E-06   0.99997
FLUX 1086  5670.00        5.287346E+13   1.1201E-06   1.1202E-06   0.99990
FLUX 1087  5690.00        5.268761E+13   1.1123E-06   1.1128E-06   0.99952
FLUX 1088  5710.00        5.250306E+13   1.0807E-06   1.1054E-06   0.97765
FLUX 1089  5730.00        5.231981E+13   1.0969E-06   1.0981E-06   0.99887
FLUX 1090  5750.00        5.213783E+13   1.0909E-06   1.0909E-06   0.99998
FLUX 1091  5770.00        5.195711E+13   1.0837E-06   1.0838E-06   0.99995
FLUX 1092  5790.00        5.177763E+13   1.0765E-06   1.0767E-06   0.99988
FLUX 1093  5810.00        5.159940E+13   1.0696E-06   1.0697E-06   0.99997
FLUX 1094  5830.00        5.142238E+13   1.0621E-06   1.0627E-06   0.99940
FLUX 1095  5850.00        5.124658E+13   1.0554E-06   1.0584E-06   0.99719
FLUX 1096  5870.00        5.107198E+13   1.0485E-06   1.0515E-06   0.99707
FLUX 1097  5890.00        5.089856E+13   1.0401E-06   1.0448E-06   0.99550
FLUX 1098  5910.00        5.072631E+13   1.0078E-06   1.0381E-06   0.97081
FLUX 1099  5930.00        5.055523E+13   1.0272E-06   1.0314E-06   0.99593
FLUX 1100  5950.00        5.038529E+13   9.9921E-07   1.0249E-06   0.97498
FLUX 1101  5970.00        5.021650E+13   1.0108E-06   1.0183E-06   0.99256
FLUX 1102  5990.00        5.004883E+13   1.0091E-06   1.0119E-06   0.99726
FLUX 1103  6010.00        4.988228E+13   1.0030E-06   1.0055E-06   0.99751
FLUX 1104  6030.00        4.971683E+13   9.9682E-07   9.9916E-07   0.99765
FLUX 1105  6050.00        4.955248E+13   9.9061E-07   9.9289E-07   0.99770
FLUX 1106  6070.00        4.938921E+13   9.8440E-07   9.8667E-07   0.99769
FLUX 1107  6090.00        4.922701E+13   9.7825E-07   9.8052E-07   0.99769
FLUX 1108  6110.00        4.906588E+13   9.7202E-07   9.7442E-07   0.99753
FLUX 1109  6130.00        4.890579E+13   9.6625E-07   9.6838E-07   0.99781
FLUX 1110  6150.00        4.874675E+13   9.6029E-07   9.6239E-07   0.99782
FLUX 1111  6170.00        4.858874E+13   9.5440E-07   9.5646E-07   0.99785
FLUX 1112  6190.00        4.843174E+13   9.4850E-07   9.5058E-07   0.99781
FLUX 1113  6210.00        4.827576E+13   9.4276E-07   9.4476E-07   0.99788
FLUX 1114  6230.00        4.812079E+13   9.3680E-07   9.3899E-07   0.99767
FLUX 1115  6250.00        4.796680E+13   9.3109E-07   9.3328E-07   0.99766
FLUX 1116  6270.00        4.781380E+13   9.2462E-07   9.2761E-07   0.99677
FLUX 1117  6290.00        4.766176E+13   8.9621E-07   9.2200E-07   0.97203
FLUX 1118  6310.00        4.751070E+13   9.1263E-07   9.1644E-07   0.99584
FLUX 1119  6330.00        4.736058E+13   9.0884E-07   9.1093E-07   0.99771
FLUX 1120  6350.00        4.721142E+13   9.0334E-07   9.0546E-07   0.99766
FLUX 1121  6370.00        4.706319E+13   8.9947E-07   9.0005E-07   0.99936
FLUX 1122  6390.00        4.691588E+13   8.9316E-07   8.9469E-07   0.99829
FLUX 1123  6420.00        4.669665E+13   8.8615E-07   8.8673E-07   0.99935
FLUX 1124  6460.00        4.640751E+13   8.7520E-07   8.7628E-07   0.99877
FLUX 1125  6500.00        4.612192E+13   8.6463E-07   8.6602E-07   0.99840
FLUX 1126  6540.00        4.583983E+13   8.5540E-07   8.5593E-07   0.99937
FLUX 1127  6580.00        4.556117E+13   8.4477E-07   8.4602E-07   0.99852
FLUX 1128  6620.00        4.528588E+13   8.3518E-07   8.3628E-07   0.99867
FLUX 1129  6660.00        4.501389E+13   8.2601E-07   8.2671E-07   0.99915
FLUX 1130  6700.00        4.474515E+13   8.1671E-07   8.1731E-07   0.99927
FLUX 1131  6740.00        4.447960E+13   8.0572E-07   8.0806E-07   0.99711
FLUX 1132  6780.00        4.421718E+13   7.8677E-07   7.9897E-07   0.98473
FLUX 1133  6820.00        4.395784E+13   7.8765E-07   7.9003E-07   0.99700
FLUX 1134  6860.00        4.370153E+13   7.8111E-07   7.8124E-07   0.99984
FLUX 1135  6900.00        4.344819E+13   7.7234E-07   7.7259E-07   0.99967
FLUX 1136  6940.00        4.319777E+13   7.6120E-07   7.6409E-07   0.99622
FLUX 1137  6980.00        4.295021E+13   7.5549E-07   7.5573E-07   0.99969
FLUX 1138  7020.00        4.270548E+13   7.4732E-07   7.4750E-07   0.99976
FLUX 1139  7060.00        4.246353E+13   7.3916E-07   7.3941E-07   0.99966
FLUX 1140  7100.00        4.222430E+13   7.2809E-07   7.3144E-07   0.99541
FLUX 1141  7140.00        4.198775E+13   7.2349E-07   7.2361E-07   0.99985
FLUX 1142  7180.00        4.175383E+13   7.1578E-07   7.1589E-07   0.99984
FLUX 1143  7220.00        4.152251E+13   7.0794E-07   7.0831E-07   0.99949
FLUX 1144  7260.00        4.129373E+13   6.9676E-07   7.0084E-07   0.99419
FLUX 1145  7300.00        4.106747E+13   6.9313E-07   6.9348E-07   0.99949
FLUX 1146  7340.00        4.084366E+13   6.8616E-07   6.8624E-07   0.99987
FLUX 1147  7380.00        4.062229E+13   6.7895E-07   6.7912E-07   0.99975
FLUX 1148  7420.00        4.040330E+13   6.7071E-07   6.7213E-07   0.99790
FLUX 1149  7460.00        4.018666E+13   6.5404E-07   6.6524E-07   0.98317
FLUX 1150  7500.00        3.997233E+13   6.3869E-07   6.5846E-07   0.96998
FLUX 1151  7540.00        3.976028E+13   6.4992E-07   6.5178E-07   0.99714
FLUX 1152  7580.00        3.955046E+13   6.4502E-07   6.4520E-07   0.99972
FLUX 1153  7620.00        3.934285E+13   6.3864E-07   6.3872E-07   0.99987
FLUX 1154  7660.00        3.913740E+13   6.3225E-07   6.3234E-07   0.99987
FLUX 1155  7700.00        3.893409E+13   6.2598E-07   6.2605E-07   0.99989
FLUX 1156  7740.00        3.873288E+13   6.1960E-07   6.1986E-07   0.99959
FLUX 1157  7780.00        3.853374E+13   6.0711E-07   6.1375E-07   0.98918
FLUX 1158  7820.00        3.833664E+13   6.0761E-07   6.0774E-07   0.99979
FLUX 1159  7860.00        3.814154E+13   6.0179E-07   6.0181E-07   0.99997
FLUX 1160  7900.00        3.794842E+13   5.9596E-07   5.9597E-07   0.99997
FLUX 1161  7940.00        3.775724E+13   5.9020E-07   5.9022E-07   0.99997
FLUX 1162  7980.00        3.756798E+13   5.8448E-07   5.8454E-07   0.99990
FLUX 1163  8020.00        3.738061E+13   5.7889E-07   5.7895E-07   0.99989
FLUX 1164  8060.00        3.719510E+13   5.7338E-07   5.7344E-07   0.99990
FLUX 1165  8100.00        3.701142E+13   5.6798E-07   5.6800E-07   0.99997
FLUX 1166  8140.00        3.682955E+13   5.5639E-07   5.6265E-07   0.98888
FLUX 1167  8180.00        3.664945E+13   5.5601E-07   5.5736E-07   0.99757
FLUX 1168  8220.00        3.647111E+13   5.5210E-07   5.5215E-07   0.99991
FLUX 1169  8260.00        3.629449E+13   5.4700E-07   5.4702E-07   0.99997
FLUX 1170  8300.00        3.611958E+13   5.4190E-07   5.4195E-07   0.99990
FLUX 1171  8340.00        3.594634E+13   5.3681E-07   5.3696E-07   0.99973
FLUX 1172  8380.00        3.577476E+13   5.3181E-07   5.3203E-07   0.99959
FLUX 1173  8420.00        3.560481E+13   5.2707E-07   5.2717E-07   0.99980
FLUX 1174  8460.00        3.543647E+13   5.2233E-07   5.2238E-07   0.99990
FLUX 1175  8500.00        3.526971E+13   5.1744E-07   5.1765E-07   0.99959
FLUX 1176  8540.00        3.510451E+13   5.1294E-07   5.1298E-07   0.99992
FLUX 1177  8580.00        3.494085E+13   5.0801E-07   5.0838E-07   0.99928
FLUX 1178  8620.00        3.477871E+13   5.0373E-07   5.0384E-07   0.99979
FLUX 1179  8660.00        3.461807E+13   4.9221E-07   4.9936E-07   0.98568
FLUX 1180  8700.00        3.445891E+13   4.9452E-07   4.9493E-07   0.99917
FLUX 1181  8740.00        3.430120E+13   4.8647E-07   4.9057E-07   0.99164
FLUX 1182  8780.00        3.414493E+13   4.8248E-07   4.8626E-07   0.99222
FLUX 1183  8820.00        3.399008E+13   4.8197E-07   4.8201E-07   0.99991
FLUX 1184  8860.00        3.383663E+13   4.7708E-07   4.7782E-07   0.99846
FLUX 1185  8900.00        3.368455E+13   4.7363E-07   4.7368E-07   0.99990
FLUX 1186  8940.00        3.353384E+13   4.6958E-07   4.6959E-07   0.99998
FLUX 1187  8980.00        3.338447E+13   4.6551E-07   4.6555E-07   0.99991
FLUX 1188  9020.00        3.323642E+13   4.6147E-07   4.6157E-07   0.99977
FLUX 1189  9060.00        3.308968E+13   4.5677E-07   4.5764E-07   0.99811
FLUX 1190  9100.00        3.294423E+13   4.5371E-07   4.5376E-07   0.99991
FLUX 1191  9140.00        3.280005E+13   4.4988E-07   4.4992E-07   0.99990
FLUX 1192  9180.00        3.265714E+13   4.4612E-07   4.4614E-07   0.99997
FLUX 1193  9220.00        3.251546E+13   4.4236E-07   4.4240E-07   0.99991
FLUX 1194  9260.00        3.237500E+13   4.3712E-07   4.3871E-07   0.99639
FLUX 1195  9300.00        3.223575E+13   4.3505E-07   4.3506E-07   0.99997
FLUX 1196  9340.00        3.209770E+13   4.3145E-07   4.3146E-07   0.99997
FLUX 1197  9380.00        3.196082E+13   4.2174E-07   4.2790E-07   0.98560
FLUX 1198  9420.00        3.182511E+13   4.2362E-07   4.2439E-07   0.99818
FLUX 1199  9460.00        3.169054E+13   4.2089E-07   4.2092E-07   0.99992
FLUX 1200  9500.00        3.155711E+13   4.1669E-07   4.1750E-07   0.99808
FLUX 1201  9540.00        3.142479E+13   4.1282E-07   4.1411E-07   0.99689
FLUX 1202  9580.00        3.129358E+13   4.1076E-07   4.1076E-07   0.99998
FLUX 1203  9620.00        3.116346E+13   4.0743E-07   4.0746E-07   0.99991
FLUX 1204  9660.00        3.103442E+13   4.0419E-07   4.0420E-07   0.99998
FLUX 1205  9700.00        3.090644E+13   4.0096E-07   4.0097E-07   0.99998
FLUX 1206  9740.00        3.077952E+13   3.9774E-07   3.9778E-07   0.99990
FLUX 1207  9780.00        3.065363E+13   3.9462E-07   3.9463E-07   0.99997
FLUX 1208  9820.00        3.052877E+13   3.9116E-07   3.9152E-07   0.99907
FLUX 1209  9860.00        3.040492E+13   3.8634E-07   3.8844E-07   0.99457
FLUX 1210  9900.00        3.028207E+13   3.8540E-07   3.8540E-07   0.99998
FLUX 1211  9940.00        3.016021E+13   3.8239E-07   3.8240E-07   0.99997
FLUX 1212  9980.00        3.003933E+13   3.7940E-07   3.7943E-07   0.99991
FLUX 1213 10020.00        2.991941E+13   3.7646E-07   3.7649E-07   0.99991
FLUX 1214 20000.00        1.498963E+13   9.6813E-08   9.6814E-08   0.99999
FLUX 1215 40000.00        7.494813E+12   2.4221E-08   2.4222E-08   1.00000
FLUX 1216 60000.00        4.996542E+12   1.0694E-08   1.0694E-08   1.00000
FLUX 1217 80000.00        3.747406E+12   5.9747E-09   5.9747E-09   1.00000
FLUX 1218100000.00        2.997925E+12   3.8000E-09   3.8000E-09   1.00000
FLUX 1219120000.00        2.498271E+12   2.6242E-09   2.6242E-09   1.00000
FLUX 1220140000.00        2.141375E+12   1.9185E-09   1.9185E-09   1.00000
FLUX 1221160000.00        1.873703E+12   1.4624E-09   1.4624E-09   1.00000
FLUX
