TEFF   6000.  GRAVITY 0.00000 LTE 
TITLE  [-0.5] VTURB=2  L/H=1.25 NOVER NEW ODF                                   
FLUX    1     9.09        3.298047E+16   2.5000E-39   2.5000E-39   1.00000
FLUX    2     9.35        3.206337E+16   2.5000E-39   2.5000E-39   1.00000
FLUX    3     9.61        3.119589E+16   2.5000E-39   2.5000E-39   1.00000
FLUX    4     9.77        3.068500E+16   2.5000E-39   2.5000E-39   1.00000
FLUX    5     9.96        3.009965E+16   2.5000E-39   2.5000E-39   1.00000
FLUX    6    10.20        2.939142E+16   2.5000E-39   2.5000E-39   1.00000
FLUX    7    10.38        2.888174E+16   2.5000E-39   2.5000E-39   1.00000
FLUX    8    10.56        2.838944E+16   2.5000E-39   2.5000E-39   1.00000
FLUX    9    10.77        2.783589E+16   2.5000E-39   2.5000E-39   1.00000
FLUX   10    11.04        2.715512E+16   2.5000E-39   2.5000E-39   1.00000
FLUX   11    11.40        2.629759E+16   1.1541-149   1.1542-149   0.99998
FLUX   12    11.78        2.544928E+16   6.4386-145   6.4387-145   0.99998
FLUX   13    12.13        2.471496E+16   8.2234-141   8.2236-141   0.99998
FLUX   14    12.48        2.402184E+16   6.1449-137   6.1450-137   0.99998
FLUX   15    12.71        2.358714E+16   1.6474-134   1.6474-134   0.99998
FLUX   16    12.84        2.334833E+16   3.5526-133   3.5527-133   0.99998
FLUX   17    13.05        2.297260E+16   4.4504-131   4.4505-131   0.99998
FLUX   18    13.24        2.264294E+16   3.0785-129   3.0786-129   0.99998
FLUX   19    13.39        2.238928E+16   8.0123-128   8.0125-128   0.99998
FLUX   20    13.66        2.194674E+16   2.3570-125   2.3570-125   0.99998
FLUX   21    13.98        2.144439E+16   1.4910-122   1.4910-122   0.99998
FLUX   22    14.33        2.092062E+16   1.2354-119   1.2354-119   0.99998
FLUX   23    14.72        2.036634E+16   1.5084-116   1.5085-116   0.99998
FLUX   24    15.10        1.985381E+16   1.0743-113   1.0743-113   0.99998
FLUX   25    15.52        1.931653E+16   1.0462-110   1.0462-110   0.99998
FLUX   26    15.88        1.887862E+16   2.8405-108   2.8405-108   0.99998
FLUX   27    16.20        1.850571E+16   3.3488-106   3.3489-106   0.99998
FLUX   28    16.60        1.805979E+16   1.0014-103   1.0014-103   0.99998
FLUX   29    17.03        1.760379E+16   3.3937-101   3.3938-101   0.99998
FLUX   30    17.34        1.728907E+16   1.8863E-99   1.8864E-99   0.99998
FLUX   31    17.68        1.695659E+16   1.3127E-97   1.3127E-97   0.99998
FLUX   32    18.02        1.663665E+16   7.7670E-96   7.7672E-96   0.99998
FLUX   33    18.17        1.649931E+16   4.4735E-95   4.4736E-95   0.99998
FLUX   34    18.61        1.610921E+16   6.4525E-93   6.4526E-93   0.99998
FLUX   35    19.10        1.569594E+16   1.2450E-90   1.2451E-90   0.99998
FLUX   36    19.39        1.546119E+16   2.4644E-89   2.4644E-89   0.99998
FLUX   37    19.84        1.511051E+16   2.1261E-87   2.1261E-87   0.99998
FLUX   38    20.18        1.485592E+16   5.4063E-86   5.4064E-86   0.99998
FLUX   39    20.50        1.462402E+16   1.0302E-84   1.0302E-84   0.99998
FLUX   40    21.05        1.424192E+16   1.3144E-82   1.3144E-82   0.99998
FLUX   41    21.62        1.386644E+16   1.5361E-80   1.5361E-80   0.99998
FLUX   42    21.98        1.363933E+16   2.7304E-79   2.7304E-79   0.99998
FLUX   43    22.30        1.344361E+16   3.2498E-78   3.2499E-78   0.99998
FLUX   44    22.68        1.321836E+16   5.6183E-77   5.6184E-77   0.99998
FLUX   45    23.00        1.303446E+16   5.7561E-76   5.7562E-76   0.99998
FLUX   46    23.40        1.281165E+16   9.6096E-75   9.6097E-75   0.99998
FLUX   47    24.00        1.249135E+16   5.4814E-73   5.4815E-73   0.99998
FLUX   48    24.65        1.216197E+16   3.4954E-71   3.4955E-71   0.99998
FLUX   49    25.24        1.187767E+16   1.2580E-69   1.2580E-69   0.99998
FLUX   50    25.68        1.167416E+16   1.6323E-68   1.6323E-68   0.99998
FLUX   51    26.00        1.153048E+16   9.9587E-68   9.9589E-68   0.99998
FLUX   52    26.40        1.135578E+16   8.9675E-67   8.9676E-67   0.99998
FLUX   53    26.85        1.116546E+16   9.7976E-66   9.7978E-66   0.99998
FLUX   54    27.35        1.096133E+16   1.2702E-64   1.2702E-64   0.99998
FLUX   55    27.85        1.076454E+16   1.5013E-63   1.5013E-63   0.99998
FLUX   56    28.40        1.055607E+16   2.0482E-62   2.0483E-62   0.99998
FLUX   57    29.00        1.033767E+16   3.1554E-61   3.1554E-61   0.99998
FLUX   58    29.60        1.012812E+16   4.3329E-60   4.3330E-60   0.99998
FLUX   59    30.10        9.959883E+15   3.5486E-59   3.5489E-59   0.99992
FLUX   60    30.80        9.733523E+15   5.9908E-58   5.9910E-58   0.99998
FLUX   61    31.80        9.427437E+15   2.7204E-56   2.7205E-56   0.99998
FLUX   62    32.80        9.140015E+15   9.7312E-55   9.7314E-55   0.99998
FLUX   63    33.80        8.869601E+15   2.7984E-53   2.7984E-53   0.99998
FLUX   64    34.80        8.614727E+15   6.6025E-52   6.6026E-52   0.99998
FLUX   65    35.70        8.397549E+15   9.7079E-51   9.7081E-51   0.99998
FLUX   66    36.60        8.191052E+15   1.2478E-49   1.2478E-49   0.99998
FLUX   67    37.50        7.994467E+15   1.4121E-48   1.4121E-48   0.99998
FLUX   68    38.50        7.786818E+15   1.8246E-47   1.8246E-47   0.99998
FLUX   69    39.50        7.589683E+15   2.0611E-46   2.0611E-46   0.99998
FLUX   70    40.50        7.402284E+15   2.0577E-45   2.0577E-45   0.99998
FLUX   71    41.40        7.241364E+15   1.4799E-44   1.4800E-44   0.99998
FLUX   72    42.20        7.104087E+15   7.9423E-44   7.9424E-44   0.99998
FLUX   73    43.00        6.971919E+15   3.9954E-43   3.9954E-43   0.99998
FLUX   74    44.10        6.798016E+15   3.3361E-42   3.3362E-42   0.99997
FLUX   75    45.10        6.647284E+15   2.0914E-41   2.0914E-41   0.99998
FLUX   76    46.00        6.517228E+15   1.0168E-40   1.0168E-40   0.99998
FLUX   77    47.00        6.378564E+15   5.4754E-40   5.4758E-40   0.99993
FLUX   78    48.00        6.245677E+15   2.7401E-39   2.7401E-39   0.99998
FLUX   79    49.00        6.118214E+15   1.2812E-38   1.2812E-38   0.99998
FLUX   80    50.00        5.995850E+15   5.6122E-38   5.6123E-38   0.99998
FLUX   81    50.60        5.924753E+15   1.7587E-37   2.0067E-37   0.87640
FLUX   82    51.20        5.855322E+15   4.5558E-37   4.6117E-37   0.98789
FLUX   83    52.00        5.765240E+15   1.3423E-36   1.3553E-36   0.99040
FLUX   84    53.00        5.656462E+15   4.9702E-36   4.9706E-36   0.99992
FLUX   85    54.00        5.551713E+15   1.7231E-35   1.7334E-35   0.99405
FLUX   86    55.00        5.450773E+15   5.7663E-35   5.7670E-35   0.99988
FLUX   87    56.00        5.353437E+15   1.8338E-34   1.8340E-34   0.99993
FLUX   88    57.00        5.259517E+15   5.5882E-34   5.5883E-34   0.99998
FLUX   89    58.00        5.168836E+15   1.6176E-33   1.6354E-33   0.98911
FLUX   90    59.00        5.081229E+15   4.6046E-33   4.6055E-33   0.99981
FLUX   91    60.00        4.996542E+15   1.2502E-32   1.2505E-32   0.99974
FLUX   92    61.00        4.914631E+15   3.2800E-32   3.2801E-32   0.99998
FLUX   93    62.00        4.835363E+15   8.3243E-32   8.3250E-32   0.99991
FLUX   94    63.00        4.758611E+15   2.0477E-31   2.0478E-31   0.99993
FLUX   95    64.00        4.684258E+15   4.8914E-31   4.8921E-31   0.99987
FLUX   96    65.00        4.612192E+15   1.1360E-30   1.1360E-30   0.99997
FLUX   97    65.80        4.556117E+15   2.1857E-30   2.1858E-30   0.99997
FLUX   98    66.50        4.508158E+15   3.8207E-30   3.8223E-30   0.99957
FLUX   99    67.50        4.441370E+15   8.3113E-30   8.3136E-30   0.99972
FLUX  100    68.50        4.376533E+15   1.7649E-29   1.7651E-29   0.99986
FLUX  101    69.50        4.313561E+15   3.6620E-29   3.6620E-29   0.99998
FLUX  102    70.50        4.252376E+15   7.4219E-29   7.4317E-29   0.99869
FLUX  103    71.60        4.187046E+15   1.5797E-28   1.5798E-28   0.99993
FLUX  104    72.60        4.129373E+15   3.0699E-28   3.0700E-28   0.99998
FLUX  105    73.50        4.078809E+15   5.4918E-28   5.4923E-28   0.99992
FLUX  106    74.50        4.024060E+15   1.0298E-27   1.0300E-27   0.99974
FLUX  107    75.50        3.970762E+15   1.8969E-27   1.8975E-27   0.99965
FLUX  108    76.50        3.918856E+15   3.4354E-27   3.4363E-27   0.99972
FLUX  109    77.50        3.868290E+15   6.1197E-27   6.1214E-27   0.99973
FLUX  110    78.50        3.819013E+15   1.0733E-26   1.0733E-26   0.99998
FLUX  111    79.50        3.770975E+15   1.8459E-26   1.8536E-26   0.99582
FLUX  112    80.50        3.724130E+15   3.1505E-26   3.1547E-26   0.99868
FLUX  113    81.50        3.678436E+15   5.2929E-26   5.2939E-26   0.99981
FLUX  114    82.50        3.633848E+15   8.7647E-26   8.7655E-26   0.99990
FLUX  115    83.50        3.590329E+15   1.4327E-25   1.4328E-25   0.99993
FLUX  116    84.50        3.547840E+15   2.3126E-25   2.3128E-25   0.99993
FLUX  117    85.50        3.506345E+15   3.6882E-25   3.6885E-25   0.99992
FLUX  118    86.50        3.465809E+15   5.8135E-25   5.8136E-25   0.99997
FLUX  119    87.50        3.426200E+15   9.0509E-25   9.0605E-25   0.99895
FLUX  120    88.50        3.387486E+15   1.3968E-24   1.3969E-24   0.99992
FLUX  121    89.50        3.349637E+15   2.1312E-24   2.1312E-24   0.99997
FLUX  122    90.50        3.312624E+15   3.2153E-24   3.2187E-24   0.99896
FLUX  123    91.50        3.276421E+15   1.1856E-20   2.9876E-20   0.39684
FLUX  124    92.50        3.241000E+15   4.2915E-20   4.5935E-20   0.93426
FLUX  125    93.50        3.206337E+15   6.4875E-20   6.9875E-20   0.92845
FLUX  126    94.50        3.172407E+15   9.8154E-20   1.0529E-19   0.93223
FLUX  127    95.50        3.139188E+15   1.5314E-19   1.5732E-19   0.97343
FLUX  128    96.50        3.106658E+15   2.2722E-19   2.3257E-19   0.97697
FLUX  129    97.50        3.074795E+15   3.3221E-19   3.4034E-19   0.97611
FLUX  130    98.50        3.043579E+15   4.8462E-19   4.9780E-19   0.97353
FLUX  131    99.50        3.012990E+15   6.9663E-19   7.1896E-19   0.96894
FLUX  132   100.50        2.983010E+15   1.0260E-18   1.0301E-18   0.99603
FLUX  133   101.50        2.953621E+15   1.4581E-18   1.4617E-18   0.99751
FLUX  134   102.50        2.924805E+15   2.0260E-18   2.0740E-18   0.97689
FLUX  135   103.50        2.896546E+15   2.8973E-18   2.9085E-18   0.99618
FLUX  136   104.50        2.868828E+15   4.0486E-18   4.0584E-18   0.99760
FLUX  137   105.50        2.841635E+15   5.6161E-18   5.6249E-18   0.99844
FLUX  138   106.50        2.814953E+15   7.7013E-18   7.7479E-18   0.99399
FLUX  139   107.50        2.788767E+15   1.0567E-17   1.0608E-17   0.99605
FLUX  140   108.50        2.763064E+15   1.4395E-17   1.4439E-17   0.99698
FLUX  141   109.50        2.737831E+15   1.9395E-17   1.9535E-17   0.99279
FLUX  142   110.50        2.713054E+15   6.6737E-17   3.2427E-16   0.20580
FLUX  143   111.50        2.688722E+15   2.8589E-16   4.6420E-16   0.61589
FLUX  144   112.50        2.664822E+15   4.5040E-16   6.4039E-16   0.70333
FLUX  145   113.50        2.641344E+15   6.6696E-16   8.4786E-16   0.78664
FLUX  146   114.50        2.618275E+15   8.9209E-16   1.0762E-15   0.82890
FLUX  147   115.50        2.595606E+15   9.8565E-16   1.3013E-15   0.75743
FLUX  148   116.50        2.573326E+15   1.3544E-15   1.4837E-15   0.91288
FLUX  149   117.50        2.551426E+15   1.4906E-15   1.5699E-15   0.94948
FLUX  150   118.50        2.529894E+15   2.0418E-15   3.7780E-15   0.54044
FLUX  151   119.50        2.508724E+15   6.9280E-16   4.7642E-15   0.14542
FLUX  152   120.50        2.487905E+15   5.8349E-16   5.9617E-15   0.09787
FLUX  153   121.50        2.467428E+15   3.5420E-16   7.4118E-15   0.04779
FLUX  154   122.50        2.447286E+15   8.4431E-16   9.3387E-15   0.09041
FLUX  155   123.50        2.427470E+15   2.1040E-15   1.1486E-14   0.18318
FLUX  156   124.50        2.407972E+15   4.8757E-15   5.7565E-15   0.84699
FLUX  157   125.50        2.388785E+15   1.0753E-14   1.2236E-14   0.87878
FLUX  158   126.50        2.369901E+15   1.4269E-14   2.2645E-14   0.63013
FLUX  159   127.50        2.351314E+15   2.6369E-14   3.5568E-14   0.74138
FLUX  160   128.50        2.333016E+15   4.6275E-14   5.5374E-14   0.83568
FLUX  161   129.50        2.315000E+15   7.0352E-14   7.9361E-14   0.88648
FLUX  162   130.50        2.297261E+15   6.5717E-14   1.1226E-13   0.58538
FLUX  163   131.50        2.279791E+15   1.2524E-13   1.5238E-13   0.82192
FLUX  164   132.50        2.262585E+15   1.7303E-13   2.0343E-13   0.85058
FLUX  165   133.50        2.245637E+15   2.2625E-13   2.6513E-13   0.85335
FLUX  166   134.50        2.228940E+15   3.1371E-13   3.4040E-13   0.92160
FLUX  167   135.50        2.212491E+15   3.6956E-13   4.3059E-13   0.85826
FLUX  168   136.50        2.196282E+15   4.6080E-13   5.3957E-13   0.85402
FLUX  169   137.50        2.180309E+15   5.5287E-13   6.6797E-13   0.82768
FLUX  170   138.50        2.164567E+15   6.7968E-13   8.1983E-13   0.82906
FLUX  171   139.50        2.149050E+15   8.5530E-13   9.9593E-13   0.85879
FLUX  172   140.50        2.133754E+15   1.0431E-12   1.2025E-12   0.86748
FLUX  173   141.50        2.118675E+15   1.1759E-12   1.4386E-12   0.81742
FLUX  174   142.50        2.103807E+15   1.3957E-12   1.7149E-12   0.81386
FLUX  175   143.50        2.089146E+15   1.5536E-12   2.0261E-12   0.76678
FLUX  176   144.20        2.079005E+15   1.9402E-12   2.2726E-12   0.85373
FLUX  177   144.70        2.071821E+15   2.0560E-12   2.5405E-12   0.80931
FLUX  178   145.50        2.060430E+15   2.4234E-12   2.8793E-12   0.84165
FLUX  179   146.50        2.046365E+15   2.6629E-12   3.3581E-12   0.79299
FLUX  180   147.50        2.032492E+15   3.1310E-12   3.8984E-12   0.80315
FLUX  181   148.50        2.018805E+15   3.7110E-12   4.5064E-12   0.82349
FLUX  182   149.50        2.005301E+15   4.6452E-12   5.1936E-12   0.89441
FLUX  183   150.50        1.991977E+15   5.4482E-12   5.9579E-12   0.91444
FLUX  184   151.20        1.982755E+15   5.5173E-12   6.5491E-12   0.84245
FLUX  185   151.70        1.976220E+15   6.3443E-12   8.0609E-12   0.78704
FLUX  186   152.50        1.965852E+15   7.7443E-12   1.5009E-11   0.51598
FLUX  187   153.50        1.953046E+15   1.2435E-11   2.5176E-11   0.49390
FLUX  188   154.50        1.940405E+15   1.7907E-11   2.9354E-11   0.61004
FLUX  189   155.50        1.927926E+15   1.9385E-11   3.4016E-11   0.56988
FLUX  190   156.50        1.915607E+15   1.7977E-11   3.9355E-11   0.45680
FLUX  191   157.50        1.903444E+15   2.9129E-11   4.6526E-11   0.62608
FLUX  192   158.50        1.891435E+15   3.5615E-11   5.3453E-11   0.66628
FLUX  193   159.50        1.879577E+15   4.7762E-11   6.1305E-11   0.77908
FLUX  194   160.50        1.867866E+15   4.8270E-11   7.0036E-11   0.68922
FLUX  195   161.50        1.856300E+15   4.9362E-11   7.9767E-11   0.61883
FLUX  196   162.50        1.844877E+15   5.0318E-11   9.1385E-11   0.55061
FLUX  197   163.50        1.833593E+15   6.1409E-11   1.0357E-10   0.59293
FLUX  198   164.50        1.822447E+15   7.7326E-11   1.1711E-10   0.66031
FLUX  199   165.50        1.811435E+15   4.3849E-11   1.3220E-10   0.33169
FLUX  200   166.50        1.800556E+15   8.1092E-11   1.4870E-10   0.54533
FLUX  201   167.20        1.793017E+15   4.7098E-11   1.6126E-10   0.29206
FLUX  202   167.70        1.787671E+15   1.0066E-10   2.0494E-10   0.49114
FLUX  203   168.50        1.779184E+15   1.4597E-10   3.7235E-10   0.39203
FLUX  204   169.50        1.768687E+15   1.6937E-10   4.3888E-10   0.38591
FLUX  205   170.50        1.758314E+15   1.6808E-10   5.0912E-10   0.33015
FLUX  206   171.50        1.748061E+15   2.3860E-10   8.2216E-10   0.29021
FLUX  207   172.50        1.737928E+15   2.9809E-10   9.3272E-10   0.31960
FLUX  208   173.50        1.727911E+15   4.0453E-10   1.0461E-09   0.38669
FLUX  209   174.50        1.718009E+15   3.6458E-10   1.1759E-09   0.31004
FLUX  210   175.50        1.708219E+15   5.2558E-10   1.3130E-09   0.40030
FLUX  211   176.50        1.698541E+15   5.1823E-10   1.4590E-09   0.35520
FLUX  212   177.50        1.688972E+15   6.3569E-10   1.6211E-09   0.39212
FLUX  213   178.50        1.679510E+15   6.3314E-10   1.8041E-09   0.35094
FLUX  214   179.50        1.670153E+15   1.0217E-09   2.0038E-09   0.50987
FLUX  215   180.50        1.660900E+15   7.1846E-10   2.2269E-09   0.32263
FLUX  216   181.50        1.651749E+15   9.2537E-10   2.4735E-09   0.37411
FLUX  217   182.50        1.642699E+15   8.1074E-10   2.7353E-09   0.29640
FLUX  218   183.50        1.633747E+15   1.1144E-09   3.0095E-09   0.37029
FLUX  219   184.50        1.624892E+15   1.1373E-09   3.2996E-09   0.34468
FLUX  220   185.50        1.616132E+15   1.4692E-09   3.6095E-09   0.40702
FLUX  221   186.50        1.607466E+15   1.8369E-09   3.9343E-09   0.46691
FLUX  222   187.50        1.598893E+15   1.8996E-09   4.4896E-09   0.42311
FLUX  223   188.50        1.590411E+15   2.2262E-09   4.8539E-09   0.45863
FLUX  224   189.50        1.582018E+15   2.6262E-09   5.2437E-09   0.50083
FLUX  225   190.50        1.573714E+15   2.4574E-09   5.6488E-09   0.43503
FLUX  226   191.50        1.565496E+15   2.7539E-09   6.0727E-09   0.45349
FLUX  227   192.50        1.557364E+15   2.5412E-09   6.5169E-09   0.38993
FLUX  228   193.50        1.549315E+15   1.8949E-09   6.9958E-09   0.27086
FLUX  229   194.50        1.541350E+15   3.9331E-09   7.4940E-09   0.52484
FLUX  230   195.50        1.533465E+15   4.5333E-09   8.0150E-09   0.56560
FLUX  231   196.70        1.524110E+15   5.5681E-09   8.6847E-09   0.64113
FLUX  232   197.60        1.517168E+15   5.6804E-09   9.9789E-09   0.56924
FLUX  233   198.40        1.511051E+15   5.9283E-09   1.0505E-08   0.56436
FLUX  234   199.50        1.502719E+15   6.5284E-09   1.1733E-08   0.55642
FLUX  235   200.50        1.495224E+15   6.5060E-09   1.2497E-08   0.52063
FLUX  236   201.50        1.487804E+15   6.1364E-09   1.3303E-08   0.46127
FLUX  237   202.50        1.480457E+15   5.6528E-09   1.4158E-08   0.39926
FLUX  238   203.50        1.473182E+15   8.2894E-09   1.5027E-08   0.55164
FLUX  239   204.50        1.465978E+15   9.6860E-09   1.5942E-08   0.60759
FLUX  240   205.50        1.458844E+15   7.8820E-09   1.6896E-08   0.46651
FLUX  241   206.50        1.451780E+15   7.5405E-09   1.7890E-08   0.42148
FLUX  242   207.40        1.445480E+15   1.1816E-08   1.8812E-08   0.62812
FLUX  243   207.80        1.442697E+15   1.5557E-08   3.5133E-08   0.44282
FLUX  244   208.50        1.437854E+15   1.5990E-08   3.6509E-08   0.43797
FLUX  245   209.50        1.430990E+15   1.6951E-08   3.8542E-08   0.43981
FLUX  246   210.50        1.424192E+15   1.7856E-08   4.0658E-08   0.43918
FLUX  247   211.50        1.417459E+15   1.9373E-08   4.2855E-08   0.45205
FLUX  248   212.50        1.410788E+15   1.8104E-08   4.5091E-08   0.40149
FLUX  249   213.50        1.404180E+15   1.4748E-08   4.7388E-08   0.31123
FLUX  250   214.50        1.397634E+15   2.0589E-08   4.9772E-08   0.41366
FLUX  251   215.50        1.391148E+15   2.3410E-08   5.2256E-08   0.44799
FLUX  252   216.50        1.384723E+15   1.8431E-08   5.4847E-08   0.33604
FLUX  253   217.50        1.378356E+15   2.1329E-08   5.7498E-08   0.37095
FLUX  254   218.50        1.372048E+15   2.4719E-08   6.0226E-08   0.41045
FLUX  255   219.50        1.365797E+15   3.1445E-08   6.3061E-08   0.49865
FLUX  256   220.50        1.359603E+15   2.8071E-08   6.6011E-08   0.42524
FLUX  257   221.50        1.353465E+15   2.0408E-08   6.9070E-08   0.29547
FLUX  258   222.50        1.347382E+15   2.1598E-08   7.2467E-08   0.29803
FLUX  259   223.50        1.341353E+15   3.5521E-08   7.5677E-08   0.46938
FLUX  260   224.50        1.335379E+15   3.1587E-08   7.9006E-08   0.39981
FLUX  261   225.50        1.329457E+15   2.1403E-08   8.4118E-08   0.25444
FLUX  262   226.50        1.323587E+15   1.8903E-08   8.7648E-08   0.21567
FLUX  263   227.50        1.317769E+15   3.1481E-08   9.1289E-08   0.34485
FLUX  264   228.50        1.312002E+15   3.4285E-08   9.4974E-08   0.36100
FLUX  265   229.50        1.306285E+15   3.5165E-08   9.8737E-08   0.35614
FLUX  266   230.50        1.300618E+15   3.8996E-08   1.0261E-07   0.38003
FLUX  267   231.50        1.295000E+15   3.4622E-08   1.0660E-07   0.32478
FLUX  268   232.50        1.289430E+15   3.0995E-08   1.1071E-07   0.27997
FLUX  269   233.50        1.283908E+15   1.4351E-08   1.1534E-07   0.12442
FLUX  270   234.50        1.278433E+15   1.0651E-08   1.1958E-07   0.08907
FLUX  271   235.50        1.273004E+15   2.1613E-08   1.2391E-07   0.17443
FLUX  272   236.50        1.267622E+15   1.1304E-08   1.2836E-07   0.08806
FLUX  273   237.50        1.262284E+15   1.6570E-08   1.3293E-07   0.12465
FLUX  274   238.50        1.256992E+15   8.8589E-09   1.3763E-07   0.06437
FLUX  275   239.50        1.251743E+15   1.2627E-08   1.4244E-07   0.08865
FLUX  276   240.50        1.246538E+15   1.2459E-08   1.4730E-07   0.08458
FLUX  277   241.50        1.241377E+15   2.1110E-08   1.5223E-07   0.13867
FLUX  278   242.50        1.236258E+15   5.1701E-08   1.5729E-07   0.32870
FLUX  279   243.50        1.231181E+15   5.5273E-08   1.6247E-07   0.34021
FLUX  280   244.50        1.226145E+15   6.5827E-08   1.6847E-07   0.39073
FLUX  281   245.50        1.221151E+15   6.8152E-08   1.7387E-07   0.39197
FLUX  282   246.50        1.216197E+15   6.3073E-08   1.7937E-07   0.35164
FLUX  283   247.50        1.211283E+15   5.8003E-08   1.8489E-07   0.31373
FLUX  284   248.50        1.206408E+15   5.5164E-08   1.9052E-07   0.28955
FLUX  285   249.50        1.201573E+15   5.9912E-08   1.9627E-07   0.30525
FLUX  286   250.50        1.196776E+15   8.8464E-08   2.0272E-07   0.43639
FLUX  287   251.30        1.192967E+15   5.9932E-08   2.0748E-07   0.28885
FLUX  288   251.80        1.190598E+15   6.4765E-08   2.3539E-07   0.27513
FLUX  289   252.50        1.187297E+15   5.0413E-08   2.4017E-07   0.20990
FLUX  290   253.50        1.182613E+15   5.5377E-08   2.4708E-07   0.22412
FLUX  291   254.50        1.177967E+15   6.1002E-08   2.5403E-07   0.24014
FLUX  292   255.50        1.173356E+15   8.0012E-08   2.6111E-07   0.30643
FLUX  293   256.50        1.168782E+15   5.4895E-08   2.6832E-07   0.20459
FLUX  294   257.50        1.164243E+15   6.7716E-08   2.7566E-07   0.24565
FLUX  295   258.50        1.159739E+15   4.8813E-08   2.8313E-07   0.17240
FLUX  296   259.50        1.155270E+15   3.9904E-08   2.9073E-07   0.13725
FLUX  297   260.50        1.150835E+15   3.1505E-08   2.9845E-07   0.10556
FLUX  298   261.50        1.146434E+15   3.0509E-08   3.0616E-07   0.09965
FLUX  299   262.50        1.142067E+15   4.1930E-08   3.1400E-07   0.13353
FLUX  300   263.50        1.137732E+15   8.0303E-08   3.2224E-07   0.24920
FLUX  301   264.50        1.133431E+15   1.6392E-07   3.3033E-07   0.49623
FLUX  302   265.50        1.129162E+15   1.8719E-07   3.3855E-07   0.55292
FLUX  303   266.50        1.124925E+15   1.3829E-07   3.4691E-07   0.39863
FLUX  304   267.50        1.120720E+15   1.5815E-07   3.5539E-07   0.44500
FLUX  305   268.50        1.116546E+15   1.6822E-07   3.6393E-07   0.46222
FLUX  306   269.50        1.112403E+15   1.5129E-07   3.7252E-07   0.40613
FLUX  307   270.50        1.108290E+15   1.7297E-07   3.8154E-07   0.45335
FLUX  308   271.50        1.104208E+15   1.2251E-07   3.9036E-07   0.31383
FLUX  309   272.50        1.100156E+15   1.2386E-07   3.9931E-07   0.31019
FLUX  310   273.50        1.096133E+15   1.2299E-07   4.0838E-07   0.30116
FLUX  311   274.50        1.092140E+15   5.6079E-08   4.1758E-07   0.13430
FLUX  312   275.50        1.088176E+15   7.7390E-08   4.2689E-07   0.18129
FLUX  313   276.50        1.084240E+15   1.0309E-07   4.3627E-07   0.23630
FLUX  314   277.50        1.080333E+15   1.1642E-07   4.4567E-07   0.26122
FLUX  315   278.50        1.076454E+15   7.6737E-08   4.5518E-07   0.16859
FLUX  316   279.50        1.072603E+15   2.5824E-08   4.6482E-07   0.05556
FLUX  317   280.50        1.068779E+15   3.3575E-08   4.7457E-07   0.07075
FLUX  318   281.50        1.064982E+15   1.0356E-07   4.8444E-07   0.21378
FLUX  319   282.50        1.061212E+15   1.7127E-07   4.9443E-07   0.34640
FLUX  320   283.50        1.057469E+15   1.9366E-07   5.0453E-07   0.38384
FLUX  321   284.50        1.053752E+15   2.0938E-07   5.1475E-07   0.40677
FLUX  322   285.50        1.050061E+15   1.7204E-07   5.2497E-07   0.32771
FLUX  323   286.50        1.046396E+15   2.3703E-07   5.3526E-07   0.44282
FLUX  324   287.50        1.042757E+15   2.5493E-07   5.4566E-07   0.46720
FLUX  325   288.50        1.039142E+15   2.6905E-07   5.5617E-07   0.48376
FLUX  326   289.50        1.035553E+15   2.6934E-07   5.6680E-07   0.47520
FLUX  327   291.00        1.030215E+15   3.5076E-07   5.8315E-07   0.60149
FLUX  328   293.00        1.023183E+15   3.3542E-07   6.0504E-07   0.55438
FLUX  329   295.00        1.016246E+15   3.3096E-07   6.2723E-07   0.52765
FLUX  330   297.00        1.009402E+15   3.9560E-07   6.4964E-07   0.60896
FLUX  331   299.00        1.002650E+15   4.0508E-07   6.7246E-07   0.60239
FLUX  332   301.00        9.959884E+14   4.5563E-07   6.9567E-07   0.65495
FLUX  333   303.00        9.894142E+14   4.6673E-07   7.1927E-07   0.64890
FLUX  334   305.00        9.829262E+14   4.9283E-07   7.4305E-07   0.66325
FLUX  335   307.00        9.765228E+14   4.8107E-07   7.6710E-07   0.62713
FLUX  336   309.00        9.702023E+14   5.5006E-07   7.9170E-07   0.69478
FLUX  337   311.00        9.639630E+14   5.4145E-07   8.1645E-07   0.66318
FLUX  338   313.00        9.578035E+14   5.4660E-07   8.4160E-07   0.64947
FLUX  339   315.00        9.517222E+14   5.9749E-07   8.6693E-07   0.68920
FLUX  340   317.00        9.457177E+14   5.9933E-07   8.9243E-07   0.67157
FLUX  341   319.00        9.397884E+14   5.5273E-07   9.1826E-07   0.60193
FLUX  342   321.00        9.339330E+14   6.3001E-07   9.4440E-07   0.66710
FLUX  343   323.00        9.281501E+14   5.4737E-07   9.7091E-07   0.56377
FLUX  344   325.00        9.224385E+14   6.5869E-07   9.9766E-07   0.66023
FLUX  345   327.00        9.167966E+14   7.3519E-07   1.0245E-06   0.71763
FLUX  346   329.00        9.112234E+14   7.4773E-07   1.0515E-06   0.71108
FLUX  347   331.00        9.057175E+14   7.9841E-07   1.0788E-06   0.74006
FLUX  348   333.00        9.002778E+14   7.7965E-07   1.1064E-06   0.70466
FLUX  349   335.00        8.949030E+14   7.7534E-07   1.1342E-06   0.68357
FLUX  350   337.00        8.895920E+14   7.6519E-07   1.1623E-06   0.65833
FLUX  351   339.00        8.843436E+14   8.2816E-07   1.1905E-06   0.69565
FLUX  352   341.00        8.791569E+14   8.9420E-07   1.2188E-06   0.73369
FLUX  353   343.00        8.740306E+14   9.4793E-07   1.2473E-06   0.75999
FLUX  354   345.00        8.689638E+14   9.6127E-07   1.2760E-06   0.75332
FLUX  355   347.00        8.639553E+14   9.5222E-07   1.3050E-06   0.72967
FLUX  356   349.00        8.590043E+14   9.6446E-07   1.3341E-06   0.72291
FLUX  357   351.00        8.541097E+14   1.0430E-06   1.3634E-06   0.76496
FLUX  358   353.00        8.492705E+14   1.0548E-06   1.3927E-06   0.75734
FLUX  359   355.00        8.444859E+14   1.1642E-06   1.4222E-06   0.81859
FLUX  360   357.00        8.397549E+14   1.0741E-06   1.4519E-06   0.73981
FLUX  361   359.00        8.350766E+14   1.1115E-06   1.4817E-06   0.75012
FLUX  362   361.00        8.304501E+14   1.1404E-06   1.5117E-06   0.75439
FLUX  363   363.00        8.258746E+14   1.2016E-06   1.5419E-06   0.77932
FLUX  364   364.00        8.236058E+14   1.1873E-06   1.5570E-06   0.76253
FLUX  365   365.00        8.213493E+14   1.2688E-06   6.6615E-06   0.19047
FLUX  366   367.00        8.168733E+14   1.3168E-06   6.7083E-06   0.19629
FLUX  367   369.00        8.124458E+14   1.5108E-06   6.7548E-06   0.22367
FLUX  368   371.00        8.080660E+14   1.9774E-06   6.8010E-06   0.29075
FLUX  369   373.00        8.037332E+14   2.6753E-06   6.8467E-06   0.39074
FLUX  370   375.00        7.994467E+14   3.3872E-06   6.8920E-06   0.49147
FLUX  371   377.00        7.952056E+14   3.5407E-06   6.9440E-06   0.50989
FLUX  372   379.00        7.910092E+14   4.0713E-06   6.9883E-06   0.58259
FLUX  373   381.00        7.868569E+14   4.5781E-06   7.0314E-06   0.65110
FLUX  374   383.00        7.827480E+14   3.8925E-06   7.0736E-06   0.55028
FLUX  375   385.00        7.786818E+14   4.5902E-06   7.1164E-06   0.64501
FLUX  376   387.00        7.746576E+14   4.9961E-06   7.1580E-06   0.69797
FLUX  377   389.00        7.706748E+14   4.0521E-06   7.1992E-06   0.56285
FLUX  378   391.00        7.667327E+14   4.1712E-06   7.2401E-06   0.57612
FLUX  379   393.00        7.628308E+14   1.5341E-06   7.2807E-06   0.21071
FLUX  380   395.00        7.589683E+14   3.0445E-06   7.3209E-06   0.41586
FLUX  381   397.00        7.551448E+14   1.7465E-06   7.3604E-06   0.23729
FLUX  382   399.00        7.513596E+14   4.6874E-06   7.3989E-06   0.63353
FLUX  383   401.00        7.476122E+14   5.4355E-06   7.4378E-06   0.73079
FLUX  384   403.00        7.439020E+14   5.5127E-06   7.4758E-06   0.73741
FLUX  385   405.00        7.402284E+14   5.4937E-06   7.5134E-06   0.73119
FLUX  386   407.00        7.365909E+14   5.4403E-06   7.5507E-06   0.72050
FLUX  387   409.00        7.329890E+14   5.8871E-06   7.5876E-06   0.77588
FLUX  388   411.00        7.294221E+14   5.3372E-06   7.6243E-06   0.70002
FLUX  389   413.00        7.258898E+14   5.8916E-06   7.6608E-06   0.76906
FLUX  390   415.00        7.223916E+14   6.2405E-06   7.6966E-06   0.81081
FLUX  391   417.00        7.189269E+14   6.0477E-06   7.7317E-06   0.78219
FLUX  392   419.00        7.154952E+14   6.1625E-06   7.7662E-06   0.79351
FLUX  393   421.00        7.120962E+14   6.1501E-06   7.8003E-06   0.78845
FLUX  394   423.00        7.087293E+14   6.0962E-06   7.8339E-06   0.77819
FLUX  395   425.00        7.053941E+14   6.3551E-06   7.8672E-06   0.80779
FLUX  396   427.00        7.020902E+14   6.3410E-06   7.9002E-06   0.80264
FLUX  397   429.00        6.988170E+14   6.3094E-06   7.9329E-06   0.79535
FLUX  398   431.00        6.955742E+14   5.9667E-06   7.9653E-06   0.74909
FLUX  399   433.00        6.923614E+14   6.3368E-06   7.9976E-06   0.79234
FLUX  400   435.00        6.891782E+14   5.8779E-06   8.0294E-06   0.73204
FLUX  401   437.00        6.860240E+14   6.8879E-06   8.0604E-06   0.85454
FLUX  402   439.00        6.828986E+14   6.7218E-06   8.0912E-06   0.83076
FLUX  403   441.00        6.798016E+14   6.5963E-06   8.1216E-06   0.81219
FLUX  404   443.00        6.767325E+14   6.7158E-06   8.1518E-06   0.82383
FLUX  405   445.00        6.736910E+14   6.8078E-06   8.1818E-06   0.83206
FLUX  406   447.00        6.706767E+14   6.9689E-06   8.2115E-06   0.84867
FLUX  407   449.00        6.676893E+14   7.1047E-06   8.2410E-06   0.86212
FLUX  408   451.00        6.647284E+14   7.5126E-06   8.2697E-06   0.90846
FLUX  409   453.00        6.617936E+14   7.0637E-06   8.2980E-06   0.85125
FLUX  410   455.00        6.588846E+14   7.1001E-06   8.3261E-06   0.85275
FLUX  411   457.00        6.560011E+14   7.5402E-06   8.3535E-06   0.90264
FLUX  412   459.00        6.531427E+14   7.2499E-06   8.3804E-06   0.86509
FLUX  413   461.00        6.503091E+14   7.6688E-06   8.4071E-06   0.91219
FLUX  414   463.00        6.475000E+14   7.5656E-06   8.4335E-06   0.89709
FLUX  415   465.00        6.447150E+14   7.7429E-06   8.4596E-06   0.91527
FLUX  416   467.00        6.419540E+14   7.8337E-06   8.4855E-06   0.92318
FLUX  417   469.00        6.392164E+14   7.7475E-06   8.5112E-06   0.91027
FLUX  418   471.00        6.365021E+14   7.5628E-06   8.5367E-06   0.88591
FLUX  419   473.00        6.338108E+14   7.9392E-06   8.5620E-06   0.92726
FLUX  420   475.00        6.311421E+14   8.1098E-06   8.5870E-06   0.94442
FLUX  421   477.00        6.284958E+14   8.0444E-06   8.6119E-06   0.93410
FLUX  422   479.00        6.258716E+14   8.0926E-06   8.6365E-06   0.93703
FLUX  423   481.00        6.232692E+14   8.1321E-06   8.6603E-06   0.93901
FLUX  424   483.00        6.206884E+14   8.1408E-06   8.6837E-06   0.93747
FLUX  425   485.00        6.181289E+14   7.6810E-06   8.7111E-06   0.88175
FLUX  426   487.00        6.155903E+14   6.6575E-06   8.7341E-06   0.76225
FLUX  427   489.00        6.130726E+14   8.1059E-06   8.7568E-06   0.92566
FLUX  428   491.00        6.105753E+14   8.1846E-06   8.7792E-06   0.93227
FLUX  429   493.00        6.080984E+14   7.9892E-06   8.8012E-06   0.90774
FLUX  430   495.00        6.056414E+14   8.3294E-06   8.8230E-06   0.94406
FLUX  431   497.00        6.032042E+14   8.4730E-06   8.8445E-06   0.95800
FLUX  432   499.00        6.007866E+14   8.0268E-06   8.8658E-06   0.90537
FLUX  433   501.00        5.983882E+14   7.7710E-06   8.8869E-06   0.87444
FLUX  434   503.00        5.960089E+14   8.2216E-06   8.9078E-06   0.92297
FLUX  435   505.00        5.936485E+14   8.2785E-06   8.9284E-06   0.92721
FLUX  436   507.00        5.913067E+14   8.4904E-06   8.9487E-06   0.94878
FLUX  437   509.00        5.889833E+14   8.3869E-06   8.9685E-06   0.93515
FLUX  438   511.00        5.866781E+14   8.4329E-06   8.9881E-06   0.93822
FLUX  439   513.00        5.843908E+14   8.2013E-06   9.0075E-06   0.91050
FLUX  440   515.00        5.821214E+14   8.2025E-06   9.0268E-06   0.90869
FLUX  441   517.00        5.798694E+14   8.1337E-06   9.0457E-06   0.89918
FLUX  442   519.00        5.776349E+14   8.1099E-06   9.0645E-06   0.89468
FLUX  443   521.00        5.754175E+14   8.2245E-06   9.0830E-06   0.90548
FLUX  444   523.00        5.732170E+14   8.3390E-06   9.1013E-06   0.91624
FLUX  445   525.00        5.710333E+14   8.5099E-06   9.1194E-06   0.93316
FLUX  446   527.00        5.688662E+14   8.0038E-06   9.1373E-06   0.87595
FLUX  447   529.00        5.667155E+14   8.5614E-06   9.1548E-06   0.93519
FLUX  448   531.00        5.645810E+14   8.5166E-06   9.1720E-06   0.92854
FLUX  449   533.00        5.624625E+14   8.3188E-06   9.1890E-06   0.90531
FLUX  450   535.00        5.603598E+14   8.7114E-06   9.2057E-06   0.94630
FLUX  451   537.00        5.582728E+14   8.7661E-06   9.2223E-06   0.95053
FLUX  452   539.00        5.562013E+14   8.6849E-06   9.2398E-06   0.93994
FLUX  453   541.00        5.541451E+14   8.6049E-06   9.2556E-06   0.92970
FLUX  454   543.00        5.521040E+14   8.6844E-06   9.2711E-06   0.93672
FLUX  455   545.00        5.500780E+14   8.9178E-06   9.2864E-06   0.96030
FLUX  456   547.00        5.480667E+14   8.8533E-06   9.3016E-06   0.95181
FLUX  457   549.00        5.460701E+14   8.8788E-06   9.3166E-06   0.95301
FLUX  458   551.00        5.440880E+14   8.8794E-06   9.3314E-06   0.95156
FLUX  459   553.00        5.421202E+14   8.9570E-06   9.3460E-06   0.95838
FLUX  460   555.00        5.401667E+14   9.0878E-06   9.3605E-06   0.97087
FLUX  461   557.00        5.382271E+14   9.0351E-06   9.3748E-06   0.96376
FLUX  462   559.00        5.363014E+14   8.9945E-06   9.3889E-06   0.95799
FLUX  463   561.00        5.343895E+14   9.0940E-06   9.4028E-06   0.96716
FLUX  464   563.00        5.324911E+14   9.1800E-06   9.4184E-06   0.97469
FLUX  465   565.00        5.306062E+14   9.1235E-06   9.4319E-06   0.96730
FLUX  466   567.00        5.287346E+14   9.0186E-06   9.4453E-06   0.95483
FLUX  467   569.00        5.268761E+14   9.1963E-06   9.4584E-06   0.97228
FLUX  468   571.00        5.250306E+14   9.1436E-06   9.4711E-06   0.96542
FLUX  469   573.00        5.231981E+14   9.3863E-06   9.4835E-06   0.98975
FLUX  470   575.00        5.213783E+14   9.3147E-06   9.4957E-06   0.98094
FLUX  471   577.00        5.195711E+14   9.3783E-06   9.5076E-06   0.98640
FLUX  472   579.00        5.177763E+14   9.3079E-06   9.5194E-06   0.97779
FLUX  473   581.00        5.159940E+14   9.3659E-06   9.5310E-06   0.98268
FLUX  474   583.00        5.142238E+14   9.4306E-06   9.5424E-06   0.98829
FLUX  475   585.00        5.124658E+14   9.3833E-06   9.5536E-06   0.98217
FLUX  476   587.00        5.107198E+14   9.4398E-06   9.5646E-06   0.98695
FLUX  477   589.00        5.089856E+14   9.2401E-06   9.5754E-06   0.96498
FLUX  478   591.00        5.072631E+14   9.4479E-06   9.5861E-06   0.98558
FLUX  479   593.00        5.055523E+14   9.4507E-06   9.5966E-06   0.98480
FLUX  480   595.00        5.038529E+14   9.4843E-06   9.6076E-06   0.98717
FLUX  481   597.00        5.021650E+14   9.5264E-06   9.6177E-06   0.99051
FLUX  482   599.00        5.004883E+14   9.4736E-06   9.6277E-06   0.98400
FLUX  483   601.00        4.988228E+14   9.4431E-06   9.6375E-06   0.97984
FLUX  484   603.00        4.971683E+14   9.4793E-06   9.6471E-06   0.98260
FLUX  485   605.00        4.955248E+14   9.5404E-06   9.6567E-06   0.98795
FLUX  486   607.00        4.938921E+14   9.5965E-06   9.6661E-06   0.99280
FLUX  487   609.00        4.922701E+14   9.5178E-06   9.6752E-06   0.98373
FLUX  488   611.00        4.906588E+14   9.4499E-06   9.6841E-06   0.97582
FLUX  489   613.00        4.890579E+14   9.3611E-06   9.6928E-06   0.96579
FLUX  490   615.00        4.874675E+14   9.3267E-06   9.7013E-06   0.96139
FLUX  491   617.00        4.858874E+14   9.3537E-06   9.7097E-06   0.96334
FLUX  492   619.00        4.843174E+14   9.5709E-06   9.7179E-06   0.98488
FLUX  493   621.00        4.827576E+14   9.6203E-06   9.7259E-06   0.98914
FLUX  494   623.00        4.812079E+14   9.4732E-06   9.7337E-06   0.97323
FLUX  495   625.00        4.796680E+14   9.2078E-06   9.7414E-06   0.94523
FLUX  496   627.00        4.781380E+14   9.6183E-06   9.7519E-06   0.98630
FLUX  497   629.00        4.766176E+14   9.6322E-06   9.7592E-06   0.98698
FLUX  498   631.00        4.751070E+14   9.4472E-06   9.7664E-06   0.96732
FLUX  499   633.00        4.736058E+14   9.5720E-06   9.7734E-06   0.97939
FLUX  500   635.00        4.721142E+14   9.6148E-06   9.7805E-06   0.98306
FLUX  501   637.00        4.706319E+14   9.6045E-06   9.7871E-06   0.98134
FLUX  502   639.00        4.691588E+14   9.6368E-06   9.7937E-06   0.98399
FLUX  503   641.00        4.676950E+14   9.5371E-06   9.8000E-06   0.97318
FLUX  504   643.00        4.662403E+14   9.6111E-06   9.8062E-06   0.98010
FLUX  505   645.00        4.647946E+14   9.5579E-06   9.8123E-06   0.97408
FLUX  506   647.00        4.633578E+14   9.6657E-06   9.8182E-06   0.98446
FLUX  507   649.00        4.619299E+14   9.4766E-06   9.8240E-06   0.96464
FLUX  508   651.00        4.605107E+14   9.6356E-06   9.8300E-06   0.98022
FLUX  509   653.00        4.591003E+14   9.7102E-06   9.8353E-06   0.98728
FLUX  510   655.00        4.576985E+14   9.3078E-06   9.8423E-06   0.94569
FLUX  511   657.00        4.563052E+14   7.7783E-06   9.8474E-06   0.78989
FLUX  512   659.00        4.549203E+14   9.6052E-06   9.8523E-06   0.97492
FLUX  513   661.00        4.535439E+14   9.6655E-06   9.8570E-06   0.98057
FLUX  514   663.00        4.521757E+14   9.7926E-06   9.8616E-06   0.99300
FLUX  515   665.00        4.508158E+14   9.7717E-06   9.8661E-06   0.99043
FLUX  516   667.00        4.494640E+14   9.7423E-06   9.8705E-06   0.98701
FLUX  517   669.00        4.481203E+14   9.8129E-06   9.8747E-06   0.99375
FLUX  518   671.00        4.467846E+14   9.7801E-06   9.8787E-06   0.99001
FLUX  519   673.00        4.454569E+14   9.8272E-06   9.8826E-06   0.99439
FLUX  520   675.00        4.441370E+14   9.7544E-06   9.8864E-06   0.98665
FLUX  521   677.00        4.428250E+14   9.8312E-06   9.8900E-06   0.99405
FLUX  522   679.00        4.415206E+14   9.7896E-06   9.8935E-06   0.98950
FLUX  523   681.00        4.402239E+14   9.8333E-06   9.8969E-06   0.99358
FLUX  524   683.00        4.389348E+14   9.8006E-06   9.9001E-06   0.98995
FLUX  525   685.00        4.376533E+14   9.7918E-06   9.9032E-06   0.98876
FLUX  526   687.00        4.363792E+14   9.8443E-06   9.9061E-06   0.99376
FLUX  527   689.00        4.351125E+14   9.8657E-06   9.9089E-06   0.99564
FLUX  528   691.00        4.338531E+14   9.8595E-06   9.9116E-06   0.99474
FLUX  529   693.00        4.326010E+14   9.8566E-06   9.9142E-06   0.99419
FLUX  530   695.00        4.313561E+14   9.8523E-06   9.9166E-06   0.99351
FLUX  531   697.00        4.301184E+14   9.8661E-06   9.9189E-06   0.99467
FLUX  532   699.00        4.288877E+14   9.8698E-06   9.9212E-06   0.99482
FLUX  533   701.00        4.276640E+14   9.7579E-06   9.9233E-06   0.98333
FLUX  534   703.00        4.264474E+14   9.8402E-06   9.9251E-06   0.99145
FLUX  535   705.00        4.252376E+14   9.8762E-06   9.9269E-06   0.99490
FLUX  536   707.00        4.240346E+14   9.8641E-06   9.9285E-06   0.99351
FLUX  537   709.00        4.228385E+14   9.8780E-06   9.9300E-06   0.99476
FLUX  538   711.00        4.216491E+14   9.7299E-06   9.9314E-06   0.97971
FLUX  539   713.00        4.204663E+14   9.8109E-06   9.9326E-06   0.98775
FLUX  540   715.00        4.192902E+14   9.8304E-06   9.9338E-06   0.98959
FLUX  541   717.00        4.181206E+14   9.8384E-06   9.9348E-06   0.99030
FLUX  542   719.00        4.169576E+14   9.7465E-06   9.9357E-06   0.98095
FLUX  543   721.00        4.158010E+14   9.7861E-06   9.9365E-06   0.98487
FLUX  544   723.00        4.146508E+14   9.7914E-06   9.9372E-06   0.98533
FLUX  545   725.00        4.135069E+14   9.8455E-06   9.9388E-06   0.99062
FLUX  546   727.00        4.123693E+14   9.8644E-06   9.9392E-06   0.99248
FLUX  547   729.00        4.112380E+14   9.7779E-06   9.9395E-06   0.98375
FLUX  548   731.00        4.101129E+14   9.7627E-06   9.9419E-06   0.98197
FLUX  549   733.00        4.089939E+14   9.8079E-06   9.9420E-06   0.98651
FLUX  550   735.00        4.078809E+14   9.8246E-06   9.9419E-06   0.98820
FLUX  551   737.00        4.067741E+14   9.8926E-06   9.9418E-06   0.99505
FLUX  552   739.00        4.056732E+14   9.8105E-06   9.9415E-06   0.98682
FLUX  553   741.00        4.045783E+14   9.7355E-06   9.9412E-06   0.97931
FLUX  554   743.00        4.034892E+14   9.7536E-06   9.9407E-06   0.98118
FLUX  555   745.00        4.024060E+14   9.7886E-06   9.9401E-06   0.98476
FLUX  556   747.00        4.013286E+14   9.7804E-06   9.9394E-06   0.98401
FLUX  557   749.00        4.002570E+14   9.7860E-06   9.9386E-06   0.98465
FLUX  558   751.00        3.991911E+14   9.8072E-06   9.9377E-06   0.98687
FLUX  559   753.00        3.981308E+14   9.8352E-06   9.9367E-06   0.98979
FLUX  560   755.00        3.970762E+14   9.8998E-06   9.9356E-06   0.99640
FLUX  561   757.00        3.960271E+14   9.8430E-06   9.9344E-06   0.99080
FLUX  562   759.00        3.949835E+14   9.8719E-06   9.9331E-06   0.99384
FLUX  563   761.00        3.939455E+14   9.8767E-06   9.9317E-06   0.99446
FLUX  564   763.00        3.929128E+14   9.8875E-06   9.9301E-06   0.99570
FLUX  565   765.00        3.918856E+14   9.8435E-06   9.9285E-06   0.99144
FLUX  566   767.00        3.908638E+14   9.7775E-06   9.9267E-06   0.98496
FLUX  567   769.00        3.898472E+14   9.8568E-06   9.9249E-06   0.99313
FLUX  568   771.00        3.888359E+14   9.7813E-06   9.9230E-06   0.98572
FLUX  569   773.00        3.878299E+14   9.8272E-06   9.9210E-06   0.99055
FLUX  570   775.00        3.868290E+14   9.8243E-06   9.9189E-06   0.99047
FLUX  571   777.00        3.858333E+14   9.7090E-06   9.9167E-06   0.97906
FLUX  572   779.00        3.848427E+14   9.8806E-06   9.9144E-06   0.99659
FLUX  573   781.00        3.838572E+14   9.8772E-06   9.9120E-06   0.99648
FLUX  574   783.00        3.828768E+14   9.8177E-06   9.9096E-06   0.99073
FLUX  575   785.00        3.819013E+14   9.7808E-06   9.9070E-06   0.98726
FLUX  576   787.00        3.809307E+14   9.8368E-06   9.9044E-06   0.99317
FLUX  577   789.00        3.799651E+14   9.8058E-06   9.9017E-06   0.99031
FLUX  578   791.00        3.790044E+14   9.7999E-06   9.8989E-06   0.99000
FLUX  579   793.00        3.780485E+14   9.7646E-06   9.8960E-06   0.98672
FLUX  580   795.00        3.770975E+14   9.7619E-06   9.8930E-06   0.98675
FLUX  581   797.00        3.761512E+14   9.8684E-06   9.8901E-06   0.99780
FLUX  582   799.00        3.752096E+14   9.8280E-06   9.8870E-06   0.99403
FLUX  583   801.00        3.742728E+14   9.8219E-06   9.8838E-06   0.99374
FLUX  584   803.00        3.733406E+14   9.8083E-06   9.8804E-06   0.99270
FLUX  585   805.00        3.724130E+14   9.8140E-06   9.8770E-06   0.99362
FLUX  586   807.00        3.714901E+14   9.8261E-06   9.8735E-06   0.99519
FLUX  587   809.00        3.705717E+14   9.7920E-06   9.8699E-06   0.99211
FLUX  588   811.00        3.696578E+14   9.8433E-06   9.8663E-06   0.99767
FLUX  589   813.00        3.687485E+14   9.8517E-06   9.8625E-06   0.99890
FLUX  590   815.00        3.678436E+14   9.8396E-06   9.8587E-06   0.99806
FLUX  591   817.00        3.669431E+14   9.8358E-06   9.8549E-06   0.99807
FLUX  592   819.00        3.660470E+14   9.6735E-06   9.8509E-06   0.98199
FLUX  593   821.00        3.651553E+14   9.7427E-06   1.1033E-05   0.88303
FLUX  594   823.00        3.642679E+14   9.7284E-06   1.1026E-05   0.88228
FLUX  595   825.00        3.633848E+14   9.7157E-06   1.1020E-05   0.88167
FLUX  596   827.00        3.625060E+14   9.8170E-06   1.1013E-05   0.89142
FLUX  597   829.00        3.616315E+14   9.7981E-06   1.1006E-05   0.89027
FLUX  598   831.00        3.607611E+14   9.7273E-06   1.0999E-05   0.88441
FLUX  599   833.00        3.598950E+14   9.5952E-06   1.0992E-05   0.87296
FLUX  600   835.00        3.590329E+14   9.7961E-06   1.0985E-05   0.89181
FLUX  601   837.00        3.581750E+14   9.6627E-06   1.0977E-05   0.88023
FLUX  602   839.00        3.573212E+14   9.7229E-06   1.0970E-05   0.88631
FLUX  603   841.00        3.564715E+14   9.7896E-06   1.0963E-05   0.89297
FLUX  604   843.00        3.556257E+14   9.9412E-06   1.0956E-05   0.90741
FLUX  605   845.00        3.547840E+14   9.8184E-06   1.0948E-05   0.89679
FLUX  606   847.00        3.539463E+14   9.7561E-06   1.0941E-05   0.89171
FLUX  607   849.00        3.531125E+14   9.8805E-06   1.0934E-05   0.90368
FLUX  608   851.00        3.522826E+14   9.1980E-06   1.0926E-05   0.84183
FLUX  609   853.00        3.514566E+14   9.8887E-06   1.0919E-05   0.90568
FLUX  610   855.00        3.506345E+14   7.8219E-06   1.0911E-05   0.71685
FLUX  611   857.00        3.498162E+14   1.0448E-05   1.0904E-05   0.95824
FLUX  612   859.00        3.490017E+14   1.0281E-05   1.0896E-05   0.94358
FLUX  613   861.00        3.481911E+14   1.0097E-05   1.0889E-05   0.92727
FLUX  614   863.00        3.473841E+14   1.0660E-05   1.0881E-05   0.97968
FLUX  615   865.00        3.465809E+14   1.0384E-05   1.0873E-05   0.95499
FLUX  616   867.00        3.457814E+14   8.1952E-06   1.0866E-05   0.75424
FLUX  617   869.00        3.449856E+14   1.0403E-05   1.0858E-05   0.95815
FLUX  618   871.00        3.441935E+14   1.0719E-05   1.0850E-05   0.98792
FLUX  619   873.00        3.434049E+14   1.0674E-05   1.0842E-05   0.98450
FLUX  620   875.00        3.426200E+14   9.8224E-06   1.0834E-05   0.90661
FLUX  621   877.00        3.418387E+14   1.0674E-05   1.0826E-05   0.98592
FLUX  622   879.00        3.410609E+14   1.0724E-05   1.0818E-05   0.99131
FLUX  623   881.00        3.402866E+14   1.0661E-05   1.0810E-05   0.98614
FLUX  624   883.00        3.395159E+14   1.0560E-05   1.0802E-05   0.97756
FLUX  625   885.00        3.387486E+14   1.0475E-05   1.0794E-05   0.97046
FLUX  626   887.00        3.379848E+14   9.7827E-06   1.0786E-05   0.90695
FLUX  627   889.00        3.372244E+14   1.0644E-05   1.0778E-05   0.98754
FLUX  628   891.00        3.364674E+14   1.0654E-05   1.0770E-05   0.98927
FLUX  629   893.00        3.357139E+14   1.0598E-05   1.0762E-05   0.98476
FLUX  630   895.00        3.349637E+14   1.0657E-05   1.0753E-05   0.99102
FLUX  631   897.00        3.342168E+14   1.0657E-05   1.0745E-05   0.99182
FLUX  632   899.00        3.334733E+14   1.0608E-05   1.0737E-05   0.98803
FLUX  633   901.00        3.327331E+14   9.8036E-06   1.0729E-05   0.91379
FLUX  634   903.00        3.319961E+14   1.0394E-05   1.0720E-05   0.96956
FLUX  635   905.00        3.312624E+14   1.0670E-05   1.0712E-05   0.99614
FLUX  636   907.00        3.305320E+14   1.0418E-05   1.0703E-05   0.97331
FLUX  637   909.00        3.298047E+14   1.0246E-05   1.0695E-05   0.95808
FLUX  638   911.00        3.290807E+14   1.0484E-05   1.0686E-05   0.98107
FLUX  639   913.00        3.283598E+14   1.0607E-05   1.0678E-05   0.99339
FLUX  640   915.00        3.276421E+14   1.0638E-05   1.0669E-05   0.99706
FLUX  641   917.00        3.269275E+14   1.0603E-05   1.0660E-05   0.99465
FLUX  642   919.00        3.262160E+14   1.0590E-05   1.0652E-05   0.99426
FLUX  643   921.00        3.255076E+14   1.0422E-05   1.0643E-05   0.97925
FLUX  644   923.00        3.248023E+14   9.5407E-06   1.0634E-05   0.89718
FLUX  645   925.00        3.241000E+14   1.0260E-05   1.0625E-05   0.96562
FLUX  646   927.00        3.234008E+14   1.0399E-05   1.0617E-05   0.97951
FLUX  647   929.00        3.227045E+14   1.0561E-05   1.0608E-05   0.99556
FLUX  648   931.00        3.220113E+14   1.0568E-05   1.0599E-05   0.99704
FLUX  649   933.00        3.213210E+14   1.0538E-05   1.0590E-05   0.99511
FLUX  650   935.00        3.206337E+14   1.0537E-05   1.0581E-05   0.99576
FLUX  651   937.00        3.199493E+14   1.0538E-05   1.0573E-05   0.99675
FLUX  652   939.00        3.192678E+14   1.0509E-05   1.0564E-05   0.99478
FLUX  653   941.00        3.185893E+14   1.0179E-05   1.0555E-05   0.96444
FLUX  654   943.00        3.179136E+14   1.0403E-05   1.0546E-05   0.98642
FLUX  655   945.00        3.172407E+14   1.0418E-05   1.0537E-05   0.98871
FLUX  656   947.00        3.165707E+14   1.0492E-05   1.0528E-05   0.99658
FLUX  657   949.00        3.159036E+14   1.0507E-05   1.0519E-05   0.99883
FLUX  658   951.00        3.152392E+14   1.0468E-05   1.0510E-05   0.99602
FLUX  659   953.00        3.145776E+14   1.0383E-05   1.0501E-05   0.98874
FLUX  660   955.00        3.139188E+14   9.5440E-06   1.0492E-05   0.90967
FLUX  661   957.00        3.132628E+14   1.0366E-05   1.0483E-05   0.98889
FLUX  662   959.00        3.126095E+14   1.0445E-05   1.0474E-05   0.99725
FLUX  663   961.00        3.119589E+14   1.0345E-05   1.0464E-05   0.98857
FLUX  664   963.00        3.113110E+14   1.0266E-05   1.0455E-05   0.98186
FLUX  665   965.00        3.106658E+14   1.0341E-05   1.0446E-05   0.98994
FLUX  666   967.00        3.100233E+14   1.0235E-05   1.0437E-05   0.98066
FLUX  667   969.00        3.093834E+14   1.0276E-05   1.0428E-05   0.98543
FLUX  668   971.00        3.087461E+14   1.0389E-05   1.0418E-05   0.99719
FLUX  669   973.00        3.081115E+14   1.0373E-05   1.0409E-05   0.99649
FLUX  670   975.00        3.074795E+14   1.0250E-05   1.0400E-05   0.98562
FLUX  671   977.00        3.068500E+14   1.0356E-05   1.0390E-05   0.99670
FLUX  672   979.00        3.062232E+14   1.0333E-05   1.0381E-05   0.99540
FLUX  673   981.00        3.055989E+14   1.0339E-05   1.0372E-05   0.99683
FLUX  674   983.00        3.049771E+14   1.0335E-05   1.0362E-05   0.99735
FLUX  675   985.00        3.043579E+14   1.0255E-05   1.0353E-05   0.99056
FLUX  676   987.00        3.037411E+14   1.0266E-05   1.0344E-05   0.99248
FLUX  677   989.00        3.031269E+14   1.0214E-05   1.0334E-05   0.98841
FLUX  678   991.00        3.025151E+14   1.0237E-05   1.0325E-05   0.99147
FLUX  679   993.00        3.019058E+14   1.0248E-05   1.0315E-05   0.99347
FLUX  680   995.00        3.012990E+14   1.0246E-05   1.0306E-05   0.99423
FLUX  681   997.00        3.006946E+14   1.0267E-05   1.0296E-05   0.99716
FLUX  682   999.00        3.000926E+14   1.0260E-05   1.0287E-05   0.99739
FLUX  683  1002.50        2.990449E+14   1.0098E-05   1.0270E-05   0.98326
FLUX  684  1007.50        2.975608E+14   9.8930E-06   1.0246E-05   0.96552
FLUX  685  1012.50        2.960914E+14   1.0108E-05   1.0222E-05   0.98886
FLUX  686  1017.50        2.946364E+14   1.0114E-05   1.0198E-05   0.99173
FLUX  687  1022.50        2.931956E+14   1.0120E-05   1.0174E-05   0.99461
FLUX  688  1027.50        2.917689E+14   1.0134E-05   1.0150E-05   0.99843
FLUX  689  1032.50        2.903559E+14   1.0020E-05   1.0126E-05   0.98951
FLUX  690  1037.50        2.889566E+14   1.0048E-05   1.0102E-05   0.99468
FLUX  691  1042.50        2.875707E+14   1.0044E-05   1.0078E-05   0.99666
FLUX  692  1047.50        2.861981E+14   9.8861E-06   1.0053E-05   0.98337
FLUX  693  1052.50        2.848385E+14   9.9400E-06   1.0029E-05   0.99114
FLUX  694  1057.50        2.834917E+14   9.9294E-06   1.0004E-05   0.99251
FLUX  695  1062.50        2.821576E+14   9.8890E-06   9.9797E-06   0.99091
FLUX  696  1067.50        2.808361E+14   9.7174E-06   9.9550E-06   0.97613
FLUX  697  1072.50        2.795268E+14   9.7980E-06   9.9303E-06   0.98668
FLUX  698  1077.50        2.782297E+14   9.7881E-06   9.9056E-06   0.98814
FLUX  699  1082.50        2.769446E+14   9.7368E-06   9.8809E-06   0.98542
FLUX  700  1087.50        2.756713E+14   9.7388E-06   9.8562E-06   0.98809
FLUX  701  1092.50        2.744096E+14   9.3442E-06   9.8315E-06   0.95043
FLUX  702  1097.50        2.731595E+14   9.6514E-06   9.8067E-06   0.98416
FLUX  703  1102.50        2.719206E+14   9.7439E-06   9.7819E-06   0.99611
FLUX  704  1107.50        2.706930E+14   9.7404E-06   9.7570E-06   0.99830
FLUX  705  1112.50        2.694764E+14   9.6717E-06   9.7320E-06   0.99380
FLUX  706  1117.50        2.682707E+14   9.6449E-06   9.7071E-06   0.99359
FLUX  707  1122.50        2.670757E+14   9.6579E-06   9.6821E-06   0.99750
FLUX  708  1127.50        2.658913E+14   9.4967E-06   9.6572E-06   0.98339
FLUX  709  1132.50        2.647174E+14   9.4747E-06   9.6322E-06   0.98364
FLUX  710  1137.50        2.635538E+14   9.5255E-06   9.6073E-06   0.99148
FLUX  711  1142.50        2.624004E+14   9.4276E-06   9.5823E-06   0.98386
FLUX  712  1147.50        2.612571E+14   9.5324E-06   9.5572E-06   0.99740
FLUX  713  1152.50        2.601236E+14   9.5173E-06   9.5321E-06   0.99845
FLUX  714  1157.50        2.590000E+14   9.4656E-06   9.5070E-06   0.99565
FLUX  715  1162.50        2.578860E+14   9.3166E-06   9.4818E-06   0.98258
FLUX  716  1167.50        2.567816E+14   9.2579E-06   9.4567E-06   0.97898
FLUX  717  1172.50        2.556866E+14   9.4107E-06   9.4316E-06   0.99779
FLUX  718  1177.50        2.546008E+14   9.2119E-06   9.4064E-06   0.97932
FLUX  719  1182.50        2.535243E+14   9.2558E-06   9.3813E-06   0.98662
FLUX  720  1187.50        2.524568E+14   9.1625E-06   9.3563E-06   0.97928
FLUX  721  1192.50        2.513983E+14   9.3271E-06   9.3312E-06   0.99956
FLUX  722  1197.50        2.503486E+14   9.1592E-06   9.3061E-06   0.98422
FLUX  723  1202.50        2.493077E+14   9.2228E-06   9.2809E-06   0.99374
FLUX  724  1207.50        2.482754E+14   9.1779E-06   9.2557E-06   0.99160
FLUX  725  1212.50        2.472515E+14   9.1660E-06   9.2306E-06   0.99301
FLUX  726  1217.50        2.462361E+14   9.1831E-06   9.2054E-06   0.99759
FLUX  727  1222.50        2.452290E+14   9.1451E-06   9.1802E-06   0.99618
FLUX  728  1227.50        2.442301E+14   9.1024E-06   9.1550E-06   0.99425
FLUX  729  1232.50        2.432393E+14   9.0897E-06   9.1299E-06   0.99559
FLUX  730  1237.50        2.422566E+14   9.0706E-06   9.1048E-06   0.99624
FLUX  731  1242.50        2.412817E+14   9.0637E-06   9.0797E-06   0.99824
FLUX  732  1247.50        2.403146E+14   9.0335E-06   9.0546E-06   0.99766
FLUX  733  1252.50        2.393553E+14   8.9818E-06   9.0295E-06   0.99472
FLUX  734  1257.50        2.384036E+14   8.9162E-06   9.0044E-06   0.99020
FLUX  735  1262.50        2.374594E+14   8.9192E-06   8.9794E-06   0.99330
FLUX  736  1267.50        2.365227E+14   8.9276E-06   8.9544E-06   0.99701
FLUX  737  1272.50        2.355933E+14   8.9218E-06   8.9294E-06   0.99916
FLUX  738  1277.50        2.346712E+14   8.8862E-06   8.9044E-06   0.99796
FLUX  739  1282.50        2.337563E+14   8.4143E-06   8.8795E-06   0.94762
FLUX  740  1287.50        2.328485E+14   8.8314E-06   8.8545E-06   0.99739
FLUX  741  1292.50        2.319478E+14   8.7946E-06   8.8296E-06   0.99604
FLUX  742  1297.50        2.310539E+14   8.7781E-06   8.8047E-06   0.99698
FLUX  743  1302.50        2.301670E+14   8.7618E-06   8.7798E-06   0.99795
FLUX  744  1307.50        2.292868E+14   8.7459E-06   8.7549E-06   0.99897
FLUX  745  1312.50        2.284133E+14   8.6948E-06   8.7299E-06   0.99598
FLUX  746  1317.50        2.275465E+14   8.6500E-06   8.7050E-06   0.99369
FLUX  747  1322.50        2.266862E+14   8.6654E-06   8.6801E-06   0.99831
FLUX  748  1327.50        2.258324E+14   8.6228E-06   8.6552E-06   0.99626
FLUX  749  1332.50        2.249850E+14   8.6094E-06   8.6302E-06   0.99758
FLUX  750  1337.50        2.241439E+14   8.5865E-06   8.6053E-06   0.99781
FLUX  751  1342.50        2.233091E+14   8.5659E-06   8.5804E-06   0.99830
FLUX  752  1347.50        2.224805E+14   8.5428E-06   8.5556E-06   0.99851
FLUX  753  1352.50        2.216580E+14   8.4972E-06   8.5307E-06   0.99607
FLUX  754  1357.50        2.208416E+14   8.4518E-06   8.5059E-06   0.99364
FLUX  755  1362.50        2.200312E+14   8.4608E-06   8.4811E-06   0.99761
FLUX  756  1367.50        2.192267E+14   8.4281E-06   8.4563E-06   0.99666
FLUX  757  1372.50        2.184280E+14   8.3107E-06   8.4315E-06   0.98567
FLUX  758  1377.50        2.176352E+14   8.3505E-06   8.4067E-06   0.99332
FLUX  759  1382.50        2.168481E+14   8.3344E-06   8.3818E-06   0.99434
FLUX  760  1387.50        2.160667E+14   8.3451E-06   8.3570E-06   0.99858
FLUX  761  1392.50        2.152908E+14   8.2883E-06   8.3322E-06   0.99474
FLUX  762  1397.50        2.145206E+14   8.2815E-06   8.3074E-06   0.99688
FLUX  763  1402.50        2.137558E+14   8.2475E-06   8.2826E-06   0.99577
FLUX  764  1407.50        2.129964E+14   8.2457E-06   8.2577E-06   0.99854
FLUX  765  1412.50        2.122425E+14   8.1983E-06   8.2329E-06   0.99579
FLUX  766  1417.50        2.114938E+14   8.1870E-06   8.2081E-06   0.99743
FLUX  767  1422.50        2.107504E+14   8.1371E-06   8.1833E-06   0.99436
FLUX  768  1427.50        2.100123E+14   8.1011E-06   8.1585E-06   0.99297
FLUX  769  1432.50        2.092792E+14   8.1096E-06   8.1336E-06   0.99706
FLUX  770  1437.50        2.085513E+14   8.1017E-06   8.1087E-06   0.99914
FLUX  771  1442.50        2.078284E+14   7.8954E-06   8.0838E-06   0.97670
FLUX  772  1447.50        2.071105E+14   8.0368E-06   8.0588E-06   0.99727
FLUX  773  1452.50        2.063976E+14   7.9190E-06   8.0339E-06   0.98569
FLUX  774  1457.00        2.057601E+14   7.9724E-06   8.0115E-06   0.99513
FLUX  775  1462.00        2.050564E+14   7.9246E-06   8.3960E-06   0.94385
FLUX  776  1467.50        2.042879E+14   7.9374E-06   8.3688E-06   0.94845
FLUX  777  1472.50        2.035942E+14   7.8734E-06   8.3439E-06   0.94361
FLUX  778  1477.50        2.029052E+14   7.8334E-06   8.3190E-06   0.94164
FLUX  779  1482.50        2.022209E+14   7.8249E-06   8.2939E-06   0.94345
FLUX  780  1487.50        2.015412E+14   7.7545E-06   8.2688E-06   0.93781
FLUX  781  1492.50        2.008660E+14   7.8123E-06   8.2435E-06   0.94769
FLUX  782  1497.50        2.001953E+14   7.7783E-06   8.2183E-06   0.94646
FLUX  783  1502.50        1.995291E+14   7.6628E-06   8.1929E-06   0.93530
FLUX  784  1507.50        1.988673E+14   7.6609E-06   8.1675E-06   0.93798
FLUX  785  1512.50        1.982099E+14   7.6859E-06   8.1419E-06   0.94398
FLUX  786  1517.50        1.975568E+14   7.6736E-06   8.1163E-06   0.94546
FLUX  787  1522.50        1.969080E+14   7.7473E-06   8.0906E-06   0.95757
FLUX  788  1527.50        1.962635E+14   7.5867E-06   8.0647E-06   0.94072
FLUX  789  1532.50        1.956232E+14   7.5818E-06   8.0388E-06   0.94315
FLUX  790  1537.50        1.949870E+14   7.7202E-06   8.0127E-06   0.96349
FLUX  791  1542.50        1.943549E+14   7.4698E-06   7.9866E-06   0.93529
FLUX  792  1547.50        1.937270E+14   7.6920E-06   7.9603E-06   0.96630
FLUX  793  1552.50        1.931031E+14   7.7168E-06   7.9339E-06   0.97264
FLUX  794  1557.50        1.924831E+14   7.4201E-06   7.9073E-06   0.93838
FLUX  795  1562.50        1.918672E+14   7.7289E-06   7.8806E-06   0.98075
FLUX  796  1567.50        1.912552E+14   7.6309E-06   7.8538E-06   0.97162
FLUX  797  1572.50        1.906471E+14   7.3801E-06   7.8268E-06   0.94293
FLUX  798  1577.50        1.900428E+14   7.6185E-06   7.7996E-06   0.97678
FLUX  799  1582.50        1.894423E+14   7.6590E-06   7.7723E-06   0.98542
FLUX  800  1587.50        1.888457E+14   7.1905E-06   7.7448E-06   0.92843
FLUX  801  1592.50        1.882527E+14   7.6205E-06   7.7170E-06   0.98749
FLUX  802  1597.50        1.876635E+14   7.6326E-06   7.6891E-06   0.99265
FLUX  803  1605.00        1.867866E+14   7.5613E-06   7.6468E-06   0.98882
FLUX  804  1615.00        1.856300E+14   7.3289E-06   7.5893E-06   0.96569
FLUX  805  1625.00        1.844877E+14   7.5028E-06   7.5305E-06   0.99632
FLUX  806  1635.00        1.833593E+14   7.3932E-06   7.4695E-06   0.98979
FLUX  807  1645.00        1.822447E+14   7.1419E-06   7.4053E-06   0.96443
FLUX  808  1655.00        1.811435E+14   7.3070E-06   7.3394E-06   0.99559
FLUX  809  1665.00        1.800556E+14   7.2474E-06   7.2744E-06   0.99630
FLUX  810  1675.00        1.789806E+14   7.1530E-06   7.2102E-06   0.99207
FLUX  811  1685.00        1.779184E+14   6.9049E-06   7.1468E-06   0.96615
FLUX  812  1695.00        1.768687E+14   7.0711E-06   7.0843E-06   0.99814
FLUX  813  1705.00        1.758314E+14   6.9707E-06   7.0224E-06   0.99263
FLUX  814  1715.00        1.748061E+14   6.9381E-06   6.9614E-06   0.99666
FLUX  815  1725.00        1.737928E+14   6.8400E-06   6.9012E-06   0.99114
FLUX  816  1735.00        1.727911E+14   6.5664E-06   6.8417E-06   0.95977
FLUX  817  1745.00        1.718009E+14   6.7030E-06   6.7829E-06   0.98822
FLUX  818  1755.00        1.708219E+14   6.6736E-06   6.7249E-06   0.99236
FLUX  819  1765.00        1.698541E+14   6.6052E-06   6.6676E-06   0.99064
FLUX  820  1775.00        1.688972E+14   6.5699E-06   6.6111E-06   0.99377
FLUX  821  1785.00        1.679510E+14   6.5096E-06   6.5552E-06   0.99304
FLUX  822  1795.00        1.670153E+14   6.4888E-06   6.5000E-06   0.99827
FLUX  823  1805.00        1.660900E+14   6.4074E-06   6.4455E-06   0.99409
FLUX  824  1815.00        1.651749E+14   6.1846E-06   6.3917E-06   0.96760
FLUX  825  1825.00        1.642699E+14   6.2903E-06   6.3385E-06   0.99238
FLUX  826  1835.00        1.633747E+14   6.2628E-06   6.2860E-06   0.99631
FLUX  827  1845.00        1.624892E+14   6.2069E-06   6.2341E-06   0.99563
FLUX  828  1855.00        1.616132E+14   6.1485E-06   6.1828E-06   0.99444
FLUX  829  1865.00        1.607466E+14   6.1088E-06   6.1322E-06   0.99619
FLUX  830  1875.00        1.598893E+14   5.8173E-06   6.0822E-06   0.95645
FLUX  831  1885.00        1.590411E+14   5.9922E-06   6.0327E-06   0.99327
FLUX  832  1895.00        1.582018E+14   5.9003E-06   5.9839E-06   0.98603
FLUX  833  1905.00        1.573714E+14   5.9258E-06   5.9356E-06   0.99834
FLUX  834  1915.00        1.565496E+14   5.8742E-06   5.8879E-06   0.99767
FLUX  835  1925.00        1.557364E+14   5.8249E-06   5.8407E-06   0.99730
FLUX  836  1935.00        1.549315E+14   5.7717E-06   5.7941E-06   0.99613
FLUX  837  1945.00        1.541350E+14   5.5525E-06   5.7480E-06   0.96600
FLUX  838  1955.00        1.533465E+14   5.6857E-06   5.7024E-06   0.99708
FLUX  839  1965.00        1.525662E+14   5.6435E-06   5.6574E-06   0.99754
FLUX  840  1975.00        1.517937E+14   5.5788E-06   5.6129E-06   0.99393
FLUX  841  1985.00        1.510290E+14   5.5532E-06   5.5689E-06   0.99719
FLUX  842  1995.00        1.502719E+14   5.5108E-06   5.5254E-06   0.99737
FLUX  843  2005.00        1.495224E+14   5.4753E-06   5.4824E-06   0.99871
FLUX  844  2015.00        1.487804E+14   5.4374E-06   5.4399E-06   0.99954
FLUX  845  2025.00        1.480457E+14   5.3860E-06   5.3979E-06   0.99781
FLUX  846  2035.00        1.473182E+14   5.3357E-06   5.3563E-06   0.99615
FLUX  847  2045.00        1.465978E+14   5.3130E-06   5.3153E-06   0.99958
FLUX  848  2055.00        1.458844E+14   5.2697E-06   5.2747E-06   0.99906
FLUX  849  2065.00        1.451780E+14   5.2182E-06   5.2345E-06   0.99689
FLUX  850  2075.00        1.444783E+14   5.1839E-06   5.1948E-06   0.99790
FLUX  851  2085.00        1.437854E+14   5.1482E-06   5.1556E-06   0.99856
FLUX  852  2095.00        1.430990E+14   5.1023E-06   5.1167E-06   0.99717
FLUX  853  2105.00        1.424192E+14   5.0669E-06   5.0783E-06   0.99774
FLUX  854  2115.00        1.417459E+14   5.0183E-06   5.0404E-06   0.99561
FLUX  855  2125.00        1.410788E+14   4.9820E-06   5.0028E-06   0.99584
FLUX  856  2135.00        1.404180E+14   4.9466E-06   4.9657E-06   0.99616
FLUX  857  2145.00        1.397634E+14   4.9247E-06   4.9290E-06   0.99913
FLUX  858  2155.00        1.391148E+14   4.8896E-06   4.8926E-06   0.99938
FLUX  859  2165.00        1.384723E+14   4.7093E-06   4.8567E-06   0.96965
FLUX  860  2175.00        1.378356E+14   4.8083E-06   4.8211E-06   0.99735
FLUX  861  2185.00        1.372048E+14   4.7742E-06   4.7859E-06   0.99754
FLUX  862  2195.00        1.365797E+14   4.7498E-06   4.7511E-06   0.99971
FLUX  863  2205.00        1.359603E+14   4.6992E-06   4.7167E-06   0.99628
FLUX  864  2215.00        1.353465E+14   4.6625E-06   4.6826E-06   0.99571
FLUX  865  2225.00        1.347382E+14   4.6455E-06   4.6489E-06   0.99926
FLUX  866  2235.00        1.341353E+14   4.6120E-06   4.6156E-06   0.99922
FLUX  867  2245.00        1.335379E+14   4.5798E-06   4.5826E-06   0.99939
FLUX  868  2255.00        1.329457E+14   4.5210E-06   4.5499E-06   0.99364
FLUX  869  2265.00        1.323587E+14   4.5060E-06   4.5176E-06   0.99742
FLUX  870  2275.00        1.317769E+14   4.4786E-06   4.4857E-06   0.99844
FLUX  871  2285.00        1.312002E+14   4.4478E-06   4.5331E-06   0.98118
FLUX  872  2295.00        1.306285E+14   4.4120E-06   4.5008E-06   0.98028
FLUX  873  2305.00        1.300618E+14   4.3920E-06   4.4689E-06   0.98279
FLUX  874  2315.00        1.295000E+14   4.3582E-06   4.4373E-06   0.98217
FLUX  875  2325.00        1.289430E+14   4.3314E-06   4.4060E-06   0.98307
FLUX  876  2335.00        1.283908E+14   4.2984E-06   4.3751E-06   0.98247
FLUX  877  2345.00        1.278433E+14   4.2698E-06   4.3445E-06   0.98280
FLUX  878  2355.00        1.273004E+14   4.2413E-06   4.3142E-06   0.98311
FLUX  879  2365.00        1.267622E+14   4.2099E-06   4.2842E-06   0.98265
FLUX  880  2375.00        1.262284E+14   4.1823E-06   4.2545E-06   0.98303
FLUX  881  2385.00        1.256992E+14   4.1509E-06   4.2251E-06   0.98242
FLUX  882  2395.00        1.251743E+14   4.1221E-06   4.1961E-06   0.98238
FLUX  883  2405.00        1.246538E+14   4.0890E-06   4.1673E-06   0.98121
FLUX  884  2415.00        1.241377E+14   4.0572E-06   4.1388E-06   0.98029
FLUX  885  2425.00        1.236258E+14   4.0625E-06   4.1106E-06   0.98830
FLUX  886  2435.00        1.231181E+14   3.9957E-06   4.0827E-06   0.97869
FLUX  887  2445.00        1.226145E+14   3.9690E-06   4.0551E-06   0.97878
FLUX  888  2455.00        1.221151E+14   3.9790E-06   4.0277E-06   0.98790
FLUX  889  2465.00        1.216197E+14   3.9358E-06   4.0006E-06   0.98378
FLUX  890  2475.00        1.211283E+14   3.9110E-06   3.9738E-06   0.98419
FLUX  891  2485.00        1.206408E+14   3.9050E-06   3.9473E-06   0.98929
FLUX  892  2495.00        1.201573E+14   3.8176E-06   3.9210E-06   0.97363
FLUX  893  2505.00        1.196776E+14   3.8705E-06   3.8949E-06   0.99373
FLUX  894  2515.00        1.192018E+14   3.8443E-06   3.8692E-06   0.99357
FLUX  895  2525.00        1.187297E+14   3.7457E-06   3.8436E-06   0.97453
FLUX  896  2535.00        1.182613E+14   3.7978E-06   3.8184E-06   0.99461
FLUX  897  2545.00        1.177967E+14   3.7750E-06   3.7933E-06   0.99518
FLUX  898  2555.00        1.173356E+14   3.7454E-06   3.7685E-06   0.99385
FLUX  899  2565.00        1.168782E+14   3.6368E-06   3.7440E-06   0.97138
FLUX  900  2575.00        1.164243E+14   3.7032E-06   3.7197E-06   0.99556
FLUX  901  2585.00        1.159739E+14   3.6738E-06   3.6956E-06   0.99410
FLUX  902  2595.00        1.155270E+14   3.6676E-06   3.6718E-06   0.99887
FLUX  903  2605.00        1.150835E+14   3.6388E-06   3.6481E-06   0.99744
FLUX  904  2615.00        1.146434E+14   3.5288E-06   3.6247E-06   0.97355
FLUX  905  2625.00        1.142067E+14   3.4821E-06   3.6015E-06   0.96683
FLUX  906  2635.00        1.137732E+14   3.5695E-06   3.5786E-06   0.99747
FLUX  907  2645.00        1.133431E+14   3.5483E-06   3.5558E-06   0.99788
FLUX  908  2655.00        1.129162E+14   3.5213E-06   3.5333E-06   0.99660
FLUX  909  2665.00        1.124925E+14   3.4881E-06   3.5110E-06   0.99347
FLUX  910  2675.00        1.120720E+14   3.3963E-06   3.4889E-06   0.97346
FLUX  911  2685.00        1.116546E+14   3.4628E-06   3.4670E-06   0.99879
FLUX  912  2695.00        1.112403E+14   3.4438E-06   3.4452E-06   0.99957
FLUX  913  2705.00        1.108290E+14   3.4166E-06   3.4237E-06   0.99791
FLUX  914  2715.00        1.104208E+14   3.4005E-06   3.4024E-06   0.99945
FLUX  915  2725.00        1.100156E+14   3.3793E-06   3.3813E-06   0.99941
FLUX  916  2735.00        1.096133E+14   3.3583E-06   3.3604E-06   0.99937
FLUX  917  2745.00        1.092140E+14   3.3392E-06   3.3397E-06   0.99987
FLUX  918  2755.00        1.088176E+14   3.2391E-06   3.3191E-06   0.97588
FLUX  919  2765.00        1.084240E+14   3.2853E-06   3.2988E-06   0.99590
FLUX  920  2775.00        1.080333E+14   3.2764E-06   3.2786E-06   0.99932
FLUX  921  2785.00        1.076454E+14   3.2570E-06   3.2586E-06   0.99951
FLUX  922  2795.00        1.072603E+14   3.2384E-06   3.2388E-06   0.99987
FLUX  923  2805.00        1.068779E+14   3.2183E-06   3.2192E-06   0.99971
FLUX  924  2815.00        1.064982E+14   3.1986E-06   3.1998E-06   0.99963
FLUX  925  2825.00        1.061212E+14   3.1794E-06   3.1805E-06   0.99964
FLUX  926  2835.00        1.057469E+14   3.1612E-06   3.1614E-06   0.99993
FLUX  927  2845.00        1.053752E+14   3.1380E-06   3.1425E-06   0.99855
FLUX  928  2855.00        1.050061E+14   3.1230E-06   3.1237E-06   0.99978
FLUX  929  2865.00        1.046396E+14   3.1014E-06   3.1052E-06   0.99879
FLUX  930  2875.00        1.042757E+14   3.0097E-06   3.0867E-06   0.97503
FLUX  931  2885.00        1.039142E+14   3.0659E-06   3.0685E-06   0.99917
FLUX  932  2895.00        1.035553E+14   3.0483E-06   3.0504E-06   0.99934
FLUX  933  2905.00        1.031988E+14   3.0317E-06   3.0324E-06   0.99976
FLUX  934  2915.00        1.028448E+14   3.0089E-06   3.0146E-06   0.99811
FLUX  935  2925.00        1.024932E+14   2.9936E-06   2.9970E-06   0.99888
FLUX  936  2935.00        1.021440E+14   2.9787E-06   2.9795E-06   0.99975
FLUX  937  2945.00        1.017971E+14   2.9601E-06   2.9622E-06   0.99931
FLUX  938  2955.00        1.014526E+14   2.9442E-06   2.9450E-06   0.99974
FLUX  939  2965.00        1.011105E+14   2.9275E-06   2.9279E-06   0.99984
FLUX  940  2975.00        1.007706E+14   2.9102E-06   2.9110E-06   0.99970
FLUX  941  2985.00        1.004330E+14   2.8939E-06   2.8943E-06   0.99987
FLUX  942  2995.00        1.000977E+14   2.8758E-06   2.8777E-06   0.99934
FLUX  943  3005.00        9.976456E+13   2.8593E-06   2.8612E-06   0.99934
FLUX  944  3015.00        9.943366E+13   2.8429E-06   2.8449E-06   0.99929
FLUX  945  3025.00        9.910496E+13   2.8277E-06   2.8287E-06   0.99965
FLUX  946  3035.00        9.877842E+13   2.7542E-06   2.8127E-06   0.97922
FLUX  947  3045.00        9.845402E+13   2.7831E-06   2.7967E-06   0.99513
FLUX  948  3055.00        9.813175E+13   2.7793E-06   2.7809E-06   0.99941
FLUX  949  3065.00        9.781158E+13   2.7627E-06   2.7653E-06   0.99906
FLUX  950  3075.00        9.749349E+13   2.7486E-06   2.7497E-06   0.99958
FLUX  951  3085.00        9.717747E+13   2.7281E-06   2.7343E-06   0.99773
FLUX  952  3095.00        9.686349E+13   2.7148E-06   2.7191E-06   0.99845
FLUX  953  3105.00        9.655153E+13   2.6992E-06   2.7039E-06   0.99827
FLUX  954  3115.00        9.624157E+13   2.6765E-06   2.6889E-06   0.99540
FLUX  955  3125.00        9.593360E+13   2.6690E-06   2.6740E-06   0.99816
FLUX  956  3135.00        9.562759E+13   2.6541E-06   2.6592E-06   0.99809
FLUX  957  3145.00        9.532353E+13   2.6393E-06   2.6445E-06   0.99803
FLUX  958  3155.00        9.502139E+13   2.6263E-06   2.6300E-06   0.99861
FLUX  959  3165.00        9.472117E+13   2.6147E-06   2.6155E-06   0.99969
FLUX  960  3175.00        9.442283E+13   2.5969E-06   2.6012E-06   0.99834
FLUX  961  3185.00        9.412637E+13   2.5862E-06   2.5870E-06   0.99967
FLUX  962  3195.00        9.383177E+13   2.5721E-06   2.5730E-06   0.99966
FLUX  963  3210.00        9.339330E+13   2.5503E-06   2.5521E-06   0.99930
FLUX  964  3230.00        9.281501E+13   2.5241E-06   2.5246E-06   0.99981
FLUX  965  3250.00        9.224385E+13   2.4967E-06   2.4975E-06   0.99966
FLUX  966  3270.00        9.167966E+13   2.4696E-06   2.4709E-06   0.99948
FLUX  967  3290.00        9.112234E+13   2.4092E-06   2.4596E-06   0.97950
FLUX  968  3310.00        9.057175E+13   2.4128E-06   2.4336E-06   0.99145
FLUX  969  3330.00        9.002778E+13   2.3885E-06   2.4079E-06   0.99194
FLUX  970  3350.00        8.949030E+13   2.3662E-06   2.3827E-06   0.99309
FLUX  971  3370.00        8.895920E+13   2.3373E-06   2.3578E-06   0.99131
FLUX  972  3390.00        8.843436E+13   2.3131E-06   2.3333E-06   0.99131
FLUX  973  3410.00        8.791569E+13   2.2895E-06   2.3092E-06   0.99148
FLUX  974  3430.00        8.740306E+13   2.2691E-06   2.2855E-06   0.99284
FLUX  975  3450.00        8.689638E+13   2.2489E-06   2.2621E-06   0.99414
FLUX  976  3470.00        8.639553E+13   2.2256E-06   2.2391E-06   0.99399
FLUX  977  3490.00        8.590043E+13   2.2035E-06   2.2164E-06   0.99418
FLUX  978  3510.00        8.541097E+13   2.1818E-06   2.1941E-06   0.99439
FLUX  979  3530.00        8.492705E+13   2.1587E-06   2.1721E-06   0.99384
FLUX  980  3550.00        8.444859E+13   2.1363E-06   2.1504E-06   0.99345
FLUX  981  3570.00        8.397549E+13   2.1126E-06   2.1291E-06   0.99226
FLUX  982  3590.00        8.350766E+13   2.1000E-06   2.1080E-06   0.99617
FLUX  983  3610.00        8.304501E+13   2.0711E-06   2.0873E-06   0.99222
FLUX  984  3630.00        8.258746E+13   2.0608E-06   2.0669E-06   0.99704
FLUX  985  3650.00        8.213493E+13   2.0285E-06   2.0467E-06   0.99107
FLUX  986  3670.00        8.168733E+13   2.0200E-06   2.0269E-06   0.99658
FLUX  987  3690.00        8.124458E+13   1.9842E-06   2.0074E-06   0.98847
FLUX  988  3710.00        8.080660E+13   1.9809E-06   1.9881E-06   0.99639
FLUX  989  3730.00        8.037332E+13   1.9543E-06   1.9691E-06   0.99247
FLUX  990  3750.00        7.994467E+13   1.9081E-06   1.9504E-06   0.97834
FLUX  991  3770.00        7.952056E+13   1.9269E-06   1.9319E-06   0.99741
FLUX  992  3790.00        7.910092E+13   1.9099E-06   1.9137E-06   0.99802
FLUX  993  3810.00        7.868569E+13   1.8794E-06   1.8958E-06   0.99136
FLUX  994  3830.00        7.827480E+13   1.8717E-06   1.8781E-06   0.99663
FLUX  995  3850.00        7.786818E+13   1.8590E-06   1.8606E-06   0.99913
FLUX  996  3870.00        7.746576E+13   1.8387E-06   1.8434E-06   0.99745
FLUX  997  3890.00        7.706748E+13   1.8230E-06   1.8264E-06   0.99812
FLUX  998  3910.00        7.667327E+13   1.7896E-06   1.8097E-06   0.98891
FLUX  999  3930.00        7.628308E+13   1.7918E-06   1.7931E-06   0.99923
FLUX 1000  3950.00        7.589683E+13   1.7749E-06   1.7768E-06   0.99891
FLUX 1001  3970.00        7.551448E+13   1.7596E-06   1.7608E-06   0.99935
FLUX 1002  3990.00        7.513596E+13   1.7393E-06   1.7449E-06   0.99682
FLUX 1003  4010.00        7.476122E+13   1.7219E-06   1.7292E-06   0.99574
FLUX 1004  4030.00        7.439020E+13   1.6982E-06   1.7138E-06   0.99089
FLUX 1005  4050.00        7.402284E+13   1.6745E-06   1.6986E-06   0.98581
FLUX 1006  4070.00        7.365909E+13   1.6817E-06   1.6835E-06   0.99892
FLUX 1007  4090.00        7.329890E+13   1.6655E-06   1.6687E-06   0.99812
FLUX 1008  4110.00        7.294221E+13   1.6536E-06   1.6540E-06   0.99971
FLUX 1009  4130.00        7.258898E+13   1.6391E-06   1.6396E-06   0.99970
FLUX 1010  4150.00        7.223916E+13   1.6237E-06   1.6253E-06   0.99898
FLUX 1011  4170.00        7.189269E+13   1.5937E-06   1.6112E-06   0.98912
FLUX 1012  4190.00        7.154952E+13   1.5955E-06   1.5973E-06   0.99887
FLUX 1013  4210.00        7.120962E+13   1.5799E-06   1.5836E-06   0.99763
FLUX 1014  4230.00        7.087293E+13   1.5699E-06   1.5701E-06   0.99990
FLUX 1015  4250.00        7.053941E+13   1.5559E-06   1.5567E-06   0.99949
FLUX 1016  4270.00        7.020902E+13   1.5433E-06   1.5435E-06   0.99989
FLUX 1017  4290.00        6.988170E+13   1.5302E-06   1.5304E-06   0.99985
FLUX 1018  4310.00        6.955742E+13   1.5170E-06   1.5176E-06   0.99963
FLUX 1019  4330.00        6.923614E+13   1.5036E-06   1.5048E-06   0.99917
FLUX 1020  4350.00        6.891782E+13   1.4911E-06   1.4923E-06   0.99922
FLUX 1021  4370.00        6.860240E+13   1.4632E-06   1.4799E-06   0.98875
FLUX 1022  4390.00        6.828986E+13   1.4658E-06   1.4676E-06   0.99878
FLUX 1023  4410.00        6.798016E+13   1.4528E-06   1.4555E-06   0.99813
FLUX 1024  4430.00        6.767325E+13   1.4416E-06   1.4436E-06   0.99865
FLUX 1025  4450.00        6.736910E+13   1.4297E-06   1.4318E-06   0.99857
FLUX 1026  4470.00        6.706767E+13   1.4194E-06   1.4235E-06   0.99713
FLUX 1027  4490.00        6.676893E+13   1.4064E-06   1.4120E-06   0.99608
FLUX 1028  4510.00        6.647284E+13   1.3954E-06   1.4005E-06   0.99636
FLUX 1029  4530.00        6.617936E+13   1.3841E-06   1.3892E-06   0.99634
FLUX 1030  4550.00        6.588846E+13   1.3732E-06   1.3781E-06   0.99648
FLUX 1031  4570.00        6.560011E+13   1.3620E-06   1.3671E-06   0.99629
FLUX 1032  4590.00        6.531427E+13   1.3507E-06   1.3562E-06   0.99600
FLUX 1033  4610.00        6.503091E+13   1.3411E-06   1.3454E-06   0.99680
FLUX 1034  4630.00        6.475000E+13   1.3304E-06   1.3348E-06   0.99674
FLUX 1035  4650.00        6.447150E+13   1.3041E-06   1.3243E-06   0.98479
FLUX 1036  4670.00        6.419540E+13   1.2960E-06   1.3139E-06   0.98643
FLUX 1037  4690.00        6.392164E+13   1.2995E-06   1.3036E-06   0.99682
FLUX 1038  4710.00        6.365021E+13   1.2901E-06   1.2935E-06   0.99739
FLUX 1039  4730.00        6.338108E+13   1.2809E-06   1.2834E-06   0.99800
FLUX 1040  4750.00        6.311421E+13   1.2702E-06   1.2735E-06   0.99740
FLUX 1041  4770.00        6.284958E+13   1.2606E-06   1.2637E-06   0.99756
FLUX 1042  4790.00        6.258716E+13   1.2512E-06   1.2540E-06   0.99778
FLUX 1043  4810.00        6.232692E+13   1.2414E-06   1.2444E-06   0.99753
FLUX 1044  4830.00        6.206884E+13   1.2335E-06   1.2350E-06   0.99884
FLUX 1045  4850.00        6.181289E+13   1.2224E-06   1.2256E-06   0.99738
FLUX 1046  4870.00        6.155903E+13   1.2149E-06   1.2164E-06   0.99880
FLUX 1047  4890.00        6.130726E+13   1.2040E-06   1.2072E-06   0.99735
FLUX 1048  4910.00        6.105753E+13   1.1964E-06   1.1981E-06   0.99852
FLUX 1049  4930.00        6.080984E+13   1.1855E-06   1.1892E-06   0.99692
FLUX 1050  4950.00        6.056414E+13   1.1789E-06   1.1803E-06   0.99879
FLUX 1051  4970.00        6.032042E+13   1.1672E-06   1.1716E-06   0.99624
FLUX 1052  4990.00        6.007866E+13   1.1618E-06   1.1629E-06   0.99904
FLUX 1053  5010.00        5.983882E+13   1.1532E-06   1.1544E-06   0.99896
FLUX 1054  5030.00        5.960089E+13   1.1410E-06   1.1459E-06   0.99574
FLUX 1055  5050.00        5.936485E+13   1.1364E-06   1.1375E-06   0.99903
FLUX 1056  5070.00        5.913067E+13   1.1284E-06   1.1292E-06   0.99922
FLUX 1057  5090.00        5.889833E+13   1.1156E-06   1.1210E-06   0.99516
FLUX 1058  5110.00        5.866781E+13   1.1117E-06   1.1129E-06   0.99890
FLUX 1059  5130.00        5.843908E+13   1.0924E-06   1.1049E-06   0.98870
FLUX 1060  5150.00        5.821214E+13   1.0962E-06   1.0970E-06   0.99924
FLUX 1061  5170.00        5.798694E+13   1.0832E-06   1.0891E-06   0.99451
FLUX 1062  5190.00        5.776349E+13   1.0807E-06   1.0814E-06   0.99934
FLUX 1063  5210.00        5.754175E+13   1.0728E-06   1.0737E-06   0.99912
FLUX 1064  5230.00        5.732170E+13   1.0652E-06   1.0661E-06   0.99914
FLUX 1065  5250.00        5.710333E+13   1.0578E-06   1.0586E-06   0.99924
FLUX 1066  5270.00        5.688662E+13   1.0448E-06   1.0511E-06   0.99399
FLUX 1067  5290.00        5.667155E+13   1.0432E-06   1.0438E-06   0.99942
FLUX 1068  5310.00        5.645810E+13   1.0360E-06   1.0365E-06   0.99954
FLUX 1069  5330.00        5.624625E+13   1.0288E-06   1.0293E-06   0.99954
FLUX 1070  5350.00        5.603598E+13   1.0217E-06   1.0221E-06   0.99956
FLUX 1071  5370.00        5.582728E+13   1.0101E-06   1.0151E-06   0.99511
FLUX 1072  5390.00        5.562013E+13   1.0051E-06   1.0081E-06   0.99707
FLUX 1073  5410.00        5.541451E+13   1.0008E-06   1.0012E-06   0.99967
FLUX 1074  5430.00        5.521040E+13   9.9352E-07   9.9432E-07   0.99920
FLUX 1075  5450.00        5.500780E+13   9.8705E-07   9.8754E-07   0.99950
FLUX 1076  5470.00        5.480667E+13   9.7955E-07   9.8084E-07   0.99869
FLUX 1077  5490.00        5.460701E+13   9.7374E-07   9.7420E-07   0.99954
FLUX 1078  5510.00        5.440880E+13   9.6727E-07   9.6762E-07   0.99964
FLUX 1079  5530.00        5.421202E+13   9.5360E-07   9.6112E-07   0.99218
FLUX 1080  5550.00        5.401667E+13   9.5430E-07   9.5467E-07   0.99961
FLUX 1081  5570.00        5.382271E+13   9.4780E-07   9.4830E-07   0.99948
FLUX 1082  5590.00        5.363014E+13   9.4053E-07   9.4198E-07   0.99845
FLUX 1083  5610.00        5.343895E+13   9.3533E-07   9.3573E-07   0.99957
FLUX 1084  5630.00        5.324911E+13   9.2913E-07   9.2954E-07   0.99955
FLUX 1085  5650.00        5.306062E+13   9.2324E-07   9.2341E-07   0.99981
FLUX 1086  5670.00        5.287346E+13   9.1708E-07   9.1735E-07   0.99971
FLUX 1087  5690.00        5.268761E+13   9.1110E-07   9.1134E-07   0.99973
FLUX 1088  5710.00        5.250306E+13   8.9779E-07   9.0539E-07   0.99161
FLUX 1089  5730.00        5.231981E+13   8.9935E-07   8.9949E-07   0.99984
FLUX 1090  5750.00        5.213783E+13   8.9355E-07   8.9366E-07   0.99988
FLUX 1091  5770.00        5.195711E+13   8.8770E-07   8.8788E-07   0.99980
FLUX 1092  5790.00        5.177763E+13   8.8178E-07   8.8215E-07   0.99958
FLUX 1093  5810.00        5.159940E+13   8.7634E-07   8.7648E-07   0.99984
FLUX 1094  5830.00        5.142238E+13   8.7070E-07   8.7087E-07   0.99980
FLUX 1095  5850.00        5.124658E+13   8.6600E-07   8.6620E-07   0.99976
FLUX 1096  5870.00        5.107198E+13   8.6039E-07   8.6069E-07   0.99966
FLUX 1097  5890.00        5.089856E+13   8.5445E-07   8.5522E-07   0.99910
FLUX 1098  5910.00        5.072631E+13   8.4075E-07   8.4980E-07   0.98935
FLUX 1099  5930.00        5.055523E+13   8.4402E-07   8.4444E-07   0.99950
FLUX 1100  5950.00        5.038529E+13   8.2976E-07   8.3913E-07   0.98884
FLUX 1101  5970.00        5.021650E+13   8.3303E-07   8.3386E-07   0.99901
FLUX 1102  5990.00        5.004883E+13   8.2836E-07   8.2865E-07   0.99965
FLUX 1103  6010.00        4.988228E+13   8.2310E-07   8.2348E-07   0.99954
FLUX 1104  6030.00        4.971683E+13   8.1819E-07   8.1836E-07   0.99979
FLUX 1105  6050.00        4.955248E+13   8.1313E-07   8.1329E-07   0.99981
FLUX 1106  6070.00        4.938921E+13   8.0799E-07   8.0827E-07   0.99966
FLUX 1107  6090.00        4.922701E+13   8.0291E-07   8.0329E-07   0.99952
FLUX 1108  6110.00        4.906588E+13   7.9744E-07   7.9836E-07   0.99885
FLUX 1109  6130.00        4.890579E+13   7.9324E-07   7.9347E-07   0.99970
FLUX 1110  6150.00        4.874675E+13   7.8850E-07   7.8863E-07   0.99984
FLUX 1111  6170.00        4.858874E+13   7.8365E-07   7.8383E-07   0.99977
FLUX 1112  6190.00        4.843174E+13   7.7879E-07   7.7908E-07   0.99963
FLUX 1113  6210.00        4.827576E+13   7.7427E-07   7.7437E-07   0.99988
FLUX 1114  6230.00        4.812079E+13   7.6890E-07   7.6970E-07   0.99896
FLUX 1115  6250.00        4.796680E+13   7.6486E-07   7.6507E-07   0.99973
FLUX 1116  6270.00        4.781380E+13   7.6013E-07   7.6048E-07   0.99954
FLUX 1117  6290.00        4.766176E+13   7.4862E-07   7.5594E-07   0.99031
FLUX 1118  6310.00        4.751070E+13   7.5064E-07   7.5143E-07   0.99894
FLUX 1119  6330.00        4.736058E+13   7.4674E-07   7.4697E-07   0.99969
FLUX 1120  6350.00        4.721142E+13   7.4213E-07   7.4255E-07   0.99945
FLUX 1121  6370.00        4.706319E+13   7.3802E-07   7.3816E-07   0.99981
FLUX 1122  6390.00        4.691588E+13   7.3321E-07   7.3381E-07   0.99918
FLUX 1123  6420.00        4.669665E+13   7.2729E-07   7.2736E-07   0.99989
FLUX 1124  6460.00        4.640751E+13   7.1845E-07   7.1890E-07   0.99938
FLUX 1125  6500.00        4.612192E+13   7.1000E-07   7.1058E-07   0.99918
FLUX 1126  6540.00        4.583983E+13   7.0232E-07   7.0240E-07   0.99989
FLUX 1127  6580.00        4.556117E+13   6.9386E-07   6.9436E-07   0.99928
FLUX 1128  6620.00        4.528588E+13   6.8593E-07   6.8646E-07   0.99922
FLUX 1129  6660.00        4.501389E+13   6.7852E-07   6.7869E-07   0.99974
FLUX 1130  6700.00        4.474515E+13   6.7095E-07   6.7106E-07   0.99984
FLUX 1131  6740.00        4.447960E+13   6.6276E-07   6.6355E-07   0.99880
FLUX 1132  6780.00        4.421718E+13   6.5315E-07   6.5617E-07   0.99540
FLUX 1133  6820.00        4.395784E+13   6.4805E-07   6.4891E-07   0.99867
FLUX 1134  6860.00        4.370153E+13   6.4165E-07   6.4177E-07   0.99981
FLUX 1135  6900.00        4.344819E+13   6.3446E-07   6.3474E-07   0.99955
FLUX 1136  6940.00        4.319777E+13   6.2664E-07   6.2783E-07   0.99810
FLUX 1137  6980.00        4.295021E+13   6.2082E-07   6.2104E-07   0.99966
FLUX 1138  7020.00        4.270548E+13   6.1408E-07   6.1435E-07   0.99956
FLUX 1139  7060.00        4.246353E+13   6.0752E-07   6.0776E-07   0.99960
FLUX 1140  7100.00        4.222430E+13   6.0015E-07   6.0128E-07   0.99812
FLUX 1141  7140.00        4.198774E+13   5.9479E-07   5.9491E-07   0.99980
FLUX 1142  7180.00        4.175383E+13   5.8844E-07   5.8863E-07   0.99967
FLUX 1143  7220.00        4.152251E+13   5.8200E-07   5.8246E-07   0.99921
FLUX 1144  7260.00        4.129373E+13   5.7487E-07   5.7638E-07   0.99739
FLUX 1145  7300.00        4.106747E+13   5.7033E-07   5.7039E-07   0.99989
FLUX 1146  7340.00        4.084366E+13   5.6434E-07   5.6450E-07   0.99972
FLUX 1147  7380.00        4.062229E+13   5.5861E-07   5.5869E-07   0.99985
FLUX 1148  7420.00        4.040330E+13   5.5280E-07   5.5299E-07   0.99967
FLUX 1149  7460.00        4.018666E+13   5.4398E-07   5.4737E-07   0.99380
FLUX 1150  7500.00        3.997233E+13   5.3535E-07   5.4183E-07   0.98803
FLUX 1151  7540.00        3.976028E+13   5.3622E-07   5.3638E-07   0.99971
FLUX 1152  7580.00        3.955046E+13   5.3089E-07   5.3101E-07   0.99978
FLUX 1153  7620.00        3.934285E+13   5.2564E-07   5.2572E-07   0.99985
FLUX 1154  7660.00        3.913740E+13   5.2044E-07   5.2050E-07   0.99988
FLUX 1155  7700.00        3.893409E+13   5.1530E-07   5.1537E-07   0.99986
FLUX 1156  7740.00        3.873288E+13   5.1027E-07   5.1031E-07   0.99992
FLUX 1157  7780.00        3.853374E+13   5.0372E-07   5.0532E-07   0.99682
FLUX 1158  7820.00        3.833664E+13   5.0040E-07   5.0041E-07   0.99998
FLUX 1159  7860.00        3.814154E+13   4.9555E-07   4.9557E-07   0.99997
FLUX 1160  7900.00        3.794842E+13   4.9078E-07   4.9079E-07   0.99998
FLUX 1161  7940.00        3.775724E+13   4.8606E-07   4.8609E-07   0.99993
FLUX 1162  7980.00        3.756798E+13   4.8141E-07   4.8145E-07   0.99991
FLUX 1163  8020.00        3.738061E+13   4.7680E-07   4.7688E-07   0.99984
FLUX 1164  8060.00        3.719510E+13   4.7230E-07   4.7237E-07   0.99984
FLUX 1165  8100.00        3.701142E+13   4.6791E-07   4.6793E-07   0.99997
FLUX 1166  8140.00        3.682955E+13   4.6177E-07   4.6355E-07   0.99617
FLUX 1167  8180.00        3.664945E+13   4.5910E-07   4.5923E-07   0.99971
FLUX 1168  8220.00        3.647111E+13   4.5493E-07   4.5497E-07   0.99991
FLUX 1169  8260.00        3.629449E+13   4.5073E-07   4.5077E-07   0.99993
FLUX 1170  8300.00        3.611958E+13   4.4656E-07   4.4662E-07   0.99986
FLUX 1171  8340.00        3.594634E+13   4.4235E-07   4.4254E-07   0.99958
FLUX 1172  8380.00        3.577476E+13   4.3821E-07   4.3850E-07   0.99932
FLUX 1173  8420.00        3.560481E+13   4.3441E-07   4.3453E-07   0.99974
FLUX 1174  8460.00        3.543647E+13   4.3056E-07   4.3060E-07   0.99990
FLUX 1175  8500.00        3.526971E+13   4.2664E-07   4.2673E-07   0.99978
FLUX 1176  8540.00        3.510451E+13   4.2287E-07   4.2291E-07   0.99989
FLUX 1177  8580.00        3.494085E+13   4.1894E-07   4.1914E-07   0.99953
FLUX 1178  8620.00        3.477871E+13   4.1536E-07   4.1542E-07   0.99985
FLUX 1179  8660.00        3.461807E+13   4.1015E-07   4.1175E-07   0.99609
FLUX 1180  8700.00        3.445891E+13   4.0806E-07   4.0813E-07   0.99981
FLUX 1181  8740.00        3.430120E+13   4.0359E-07   4.0456E-07   0.99760
FLUX 1182  8780.00        3.414493E+13   4.0015E-07   4.0103E-07   0.99781
FLUX 1183  8820.00        3.399008E+13   3.9748E-07   3.9755E-07   0.99983
FLUX 1184  8860.00        3.383662E+13   3.9380E-07   3.9411E-07   0.99922
FLUX 1185  8900.00        3.368455E+13   3.9066E-07   3.9072E-07   0.99984
FLUX 1186  8940.00        3.353384E+13   3.8733E-07   3.8737E-07   0.99991
FLUX 1187  8980.00        3.338447E+13   3.8396E-07   3.8406E-07   0.99974
FLUX 1188  9020.00        3.323642E+13   3.8075E-07   3.8080E-07   0.99987
FLUX 1189  9060.00        3.308968E+13   3.7726E-07   3.7757E-07   0.99918
FLUX 1190  9100.00        3.294423E+13   3.7430E-07   3.7439E-07   0.99975
FLUX 1191  9140.00        3.280005E+13   3.7118E-07   3.7125E-07   0.99983
FLUX 1192  9180.00        3.265713E+13   3.6812E-07   3.6814E-07   0.99993
FLUX 1193  9220.00        3.251546E+13   3.6507E-07   3.6508E-07   0.99997
FLUX 1194  9260.00        3.237500E+13   3.6160E-07   3.6205E-07   0.99876
FLUX 1195  9300.00        3.223575E+13   3.5905E-07   3.5906E-07   0.99998
FLUX 1196  9340.00        3.209770E+13   3.5609E-07   3.5611E-07   0.99994
FLUX 1197  9380.00        3.196082E+13   3.5176E-07   3.5319E-07   0.99595
FLUX 1198  9420.00        3.182511E+13   3.5028E-07   3.5031E-07   0.99992
FLUX 1199  9460.00        3.169054E+13   3.4744E-07   3.4747E-07   0.99992
FLUX 1200  9500.00        3.155710E+13   3.4455E-07   3.4465E-07   0.99969
FLUX 1201  9540.00        3.142479E+13   3.4137E-07   3.4188E-07   0.99850
FLUX 1202  9580.00        3.129358E+13   3.3912E-07   3.3913E-07   0.99998
FLUX 1203  9620.00        3.116346E+13   3.3638E-07   3.3642E-07   0.99987
FLUX 1204  9660.00        3.103442E+13   3.3374E-07   3.3374E-07   0.99998
FLUX 1205  9700.00        3.090644E+13   3.3109E-07   3.3109E-07   0.99998
FLUX 1206  9740.00        3.077952E+13   3.2840E-07   3.2848E-07   0.99976
FLUX 1207  9780.00        3.065363E+13   3.2586E-07   3.2589E-07   0.99989
FLUX 1208  9820.00        3.052877E+13   3.2329E-07   3.2334E-07   0.99986
FLUX 1209  9860.00        3.040492E+13   3.2019E-07   3.2081E-07   0.99805
FLUX 1210  9900.00        3.028207E+13   3.1831E-07   3.1832E-07   0.99998
FLUX 1211  9940.00        3.016021E+13   3.1582E-07   3.1585E-07   0.99991
FLUX 1212  9980.00        3.003933E+13   3.1338E-07   3.1341E-07   0.99988
FLUX 1213 10020.00        2.991941E+13   3.1097E-07   3.1100E-07   0.99988
FLUX 1214 20000.00        1.498962E+13   8.0452E-08   8.0454E-08   0.99999
FLUX 1215 40000.00        7.494812E+12   2.0214E-08   2.0214E-08   1.00000
FLUX 1216 60000.00        4.996542E+12   8.9435E-09   8.9435E-09   1.00000
FLUX 1217 80000.00        3.747406E+12   5.0034E-09   5.0034E-09   1.00000
FLUX 1218100000.00        2.997925E+12   3.1857E-09   3.1857E-09   1.00000
FLUX 1219120000.00        2.498271E+12   2.2019E-09   2.2019E-09   1.00000
FLUX 1220140000.00        2.141375E+12   1.6109E-09   1.6109E-09   1.00000
FLUX 1221160000.00        1.873703E+12   1.2286E-09   1.2286E-09   1.00000
FLUX
