TEFF   8500.  GRAVITY 1.50000 LTE 
TITLE  [-0.5] N(He)/Ntot=0.0784 VTURB=2.0  L/H=1.25 NOVER                       
FLUX    1     9.09        3.298047E+16   1.0000E-50   0.0000E+00   1.00000
FLUX    2     9.35        3.206337E+16   1.0000E-50   0.0000E+00   1.00000
FLUX    3     9.61        3.119589E+16   1.0000E-50   0.0000E+00   1.00000
FLUX    4     9.77        3.068501E+16   1.0000E-50   0.0000E+00   1.00000
FLUX    5     9.96        3.009965E+16   1.0000E-50   0.0000E+00   1.00000
FLUX    6    10.20        2.939142E+16   1.0000E-50   0.0000E+00   1.00000
FLUX    7    10.38        2.888174E+16   1.0000E-50   0.0000E+00   1.00000
FLUX    8    10.56        2.838944E+16   1.0000E-50   0.0000E+00   1.00000
FLUX    9    10.77        2.783589E+16   1.0000E-50   0.0000E+00   1.00000
FLUX   10    11.04        2.715512E+16   1.0000E-50   0.0000E+00   1.00000
FLUX   11    11.40        2.629759E+16   1.0000E-50   0.0000E+00   1.00000
FLUX   12    11.78        2.544928E+16   1.0000E-50   0.0000E+00   1.00000
FLUX   13    12.13        2.471496E+16   1.0000E-50   0.0000E+00   1.00000
FLUX   14    12.48        2.402183E+16   1.0000E-50   0.0000E+00   1.00000
FLUX   15    12.71        2.358714E+16   1.0000E-50   0.0000E+00   1.00000
FLUX   16    12.84        2.334833E+16   1.0000E-50   0.0000E+00   1.00000
FLUX   17    13.05        2.297261E+16   1.0000E-50   0.0000E+00   1.00000
FLUX   18    13.24        2.264294E+16   1.0000E-50   0.0000E+00   1.00000
FLUX   19    13.39        2.238928E+16   1.0000E-50   0.0000E+00   1.00000
FLUX   20    13.66        2.194674E+16   1.0000E-50   0.0000E+00   1.00000
FLUX   21    13.98        2.144438E+16   1.0000E-50   0.0000E+00   1.00000
FLUX   22    14.33        2.092062E+16   1.0000E-50   0.0000E+00   1.00000
FLUX   23    14.72        2.036634E+16   1.0000E-50   0.0000E+00   1.00000
FLUX   24    15.10        1.985381E+16   1.0000E-50   0.0000E+00   1.00000
FLUX   25    15.52        1.931653E+16   1.0000E-50   0.0000E+00   1.00000
FLUX   26    15.88        1.887862E+16   1.0000E-50   0.0000E+00   1.00000
FLUX   27    16.20        1.850571E+16   1.0000E-50   0.0000E+00   1.00000
FLUX   28    16.60        1.805979E+16   1.0000E-50   0.0000E+00   1.00000
FLUX   29    17.03        1.760379E+16   1.0000E-50   0.0000E+00   1.00000
FLUX   30    17.34        1.728907E+16   1.0000E-50   0.0000E+00   1.00000
FLUX   31    17.68        1.695659E+16   1.0000E-50   0.0000E+00   1.00000
FLUX   32    18.02        1.663665E+16   1.0000E-50   0.0000E+00   1.00000
FLUX   33    18.17        1.649931E+16   1.0000E-50   0.0000E+00   1.00000
FLUX   34    18.61        1.610922E+16   1.0000E-50   0.0000E+00   1.00000
FLUX   35    19.10        1.569594E+16   1.0000E-50   0.0000E+00   1.00000
FLUX   36    19.39        1.546119E+16   1.0000E-50   0.0000E+00   1.00000
FLUX   37    19.84        1.511051E+16   1.0000E-50   0.0000E+00   1.00000
FLUX   38    20.18        1.485592E+16   1.0000E-50   0.0000E+00   1.00000
FLUX   39    20.50        1.462402E+16   1.0000E-50   0.0000E+00   1.00000
FLUX   40    21.05        1.424192E+16   1.0000E-50   0.0000E+00   1.00000
FLUX   41    21.62        1.386644E+16   1.0000E-50   0.0000E+00   1.00000
FLUX   42    21.98        1.363933E+16   1.0000E-50   0.0000E+00   1.00000
FLUX   43    22.30        1.344361E+16   1.0000E-50   0.0000E+00   1.00000
FLUX   44    22.68        1.321836E+16   1.0000E-50   0.0000E+00   1.00000
FLUX   45    23.00        1.303446E+16   1.0000E-50   0.0000E+00   1.00000
FLUX   46    23.40        1.281165E+16   1.0000E-50   0.0000E+00   1.00000
FLUX   47    24.00        1.249135E+16   1.0000E-50   0.0000E+00   1.00000
FLUX   48    24.65        1.216197E+16   1.0000E-50   0.0000E+00   1.00000
FLUX   49    25.24        1.187767E+16   1.0000E-50   0.0000E+00   1.00000
FLUX   50    25.68        1.167416E+16   1.0000E-50   0.0000E+00   1.00000
FLUX   51    26.00        1.153048E+16   1.0000E-50   0.0000E+00   1.00000
FLUX   52    26.40        1.135578E+16   1.0000E-50   0.0000E+00   1.00000
FLUX   53    26.85        1.116546E+16   1.0000E-50   0.0000E+00   1.00000
FLUX   54    27.35        1.096133E+16   1.0000E-50   0.0000E+00   1.00000
FLUX   55    27.85        1.076454E+16   1.0000E-50   0.0000E+00   1.00000
FLUX   56    28.40        1.055607E+16   1.0000E-50   0.0000E+00   1.00000
FLUX   57    29.00        1.033767E+16   1.0000E-50   0.0000E+00   1.00000
FLUX   58    29.60        1.012813E+16   1.0000E-50   0.0000E+00   1.00000
FLUX   59    30.10        9.959884E+15   1.0000E-50   0.0000E+00   1.00000
FLUX   60    30.80        9.733523E+15   1.0000E-50   0.0000E+00   1.00000
FLUX   61    31.80        9.427437E+15   1.0000E-50   0.0000E+00   1.00000
FLUX   62    32.80        9.140015E+15   1.0000E-50   0.0000E+00   1.00000
FLUX   63    33.80        8.869601E+15   1.1367E-37   1.1367E-37   0.99999
FLUX   64    34.80        8.614727E+15   1.3256E-36   1.3256E-36   0.99999
FLUX   65    35.70        8.397549E+15   9.8033E-36   9.8035E-36   0.99998
FLUX   66    36.60        8.191052E+15   6.5545E-35   6.5546E-35   0.99999
FLUX   67    37.50        7.994467E+15   4.0005E-34   4.0007E-34   0.99994
FLUX   68    38.50        7.786818E+15   2.7042E-33   2.7042E-33   0.99999
FLUX   69    39.50        7.589684E+15   1.6589E-32   1.6590E-32   0.99995
FLUX   70    40.50        7.402284E+15   9.3071E-32   9.3072E-32   0.99999
FLUX   71    41.40        7.241365E+15   4.0933E-31   4.0933E-31   0.99999
FLUX   72    42.20        7.104088E+15   1.4475E-30   1.4475E-30   0.99999
FLUX   73    43.00        6.971919E+15   4.8815E-30   4.8821E-30   0.99987
FLUX   74    44.10        6.798016E+15   2.4173E-29   2.4173E-29   0.99999
FLUX   75    45.10        6.647284E+15   9.6672E-29   9.6673E-29   0.99999
FLUX   76    46.00        6.517228E+15   3.1950E-28   3.1950E-28   0.99999
FLUX   77    47.00        6.378564E+15   1.1421E-27   1.1421E-27   0.99998
FLUX   78    48.00        6.245677E+15   3.8665E-27   3.8665E-27   0.99999
FLUX   79    49.00        6.118214E+15   1.2458E-26   1.2458E-26   1.00000
FLUX   80    50.00        5.995850E+15   3.8279E-26   3.8279E-26   1.00000
FLUX   81    50.60        5.924753E+15   7.9081E-26   8.1867E-26   0.96596
FLUX   82    51.20        5.855322E+15   1.5342E-25   1.5385E-25   0.99719
FLUX   83    52.00        5.765240E+15   3.4786E-25   3.4871E-25   0.99756
FLUX   84    53.00        5.656462E+15   9.3631E-25   9.3643E-25   0.99987
FLUX   85    54.00        5.551713E+15   2.4194E-24   2.4240E-24   0.99812
FLUX   86    55.00        5.450773E+15   6.0589E-24   6.0594E-24   0.99992
FLUX   87    56.00        5.353438E+15   1.4649E-23   1.4649E-23   0.99998
FLUX   88    57.00        5.259518E+15   3.4338E-23   3.4339E-23   1.00000
FLUX   89    58.00        5.168836E+15   7.8001E-23   7.8134E-23   0.99830
FLUX   90    59.00        5.081229E+15   1.7281E-22   1.7282E-22   0.99995
FLUX   91    60.00        4.996542E+15   3.7207E-22   3.7209E-22   0.99994
FLUX   92    61.00        4.914631E+15   7.8052E-22   7.8052E-22   1.00000
FLUX   93    62.00        4.835363E+15   1.5979E-21   1.5979E-21   0.99999
FLUX   94    63.00        4.758611E+15   3.1983E-21   3.1983E-21   1.00000
FLUX   95    64.00        4.684258E+15   6.2611E-21   6.2614E-21   0.99996
FLUX   96    65.00        4.612192E+15   1.2001E-20   1.2001E-20   0.99999
FLUX   97    65.80        4.556117E+15   1.9896E-20   1.9896E-20   1.00000
FLUX   98    66.50        4.508158E+15   3.0653E-20   3.0653E-20   0.99997
FLUX   99    67.50        4.441370E+15   5.5938E-20   5.5940E-20   0.99998
FLUX  100    68.50        4.376533E+15   1.0029E-19   1.0030E-19   0.99998
FLUX  101    69.50        4.313561E+15   1.7674E-19   1.7674E-19   1.00000
FLUX  102    70.50        4.252376E+15   3.0627E-19   3.0630E-19   0.99990
FLUX  103    71.60        4.187046E+15   5.5063E-19   5.5063E-19   1.00000
FLUX  104    72.60        4.129373E+15   9.2361E-19   9.2361E-19   1.00000
FLUX  105    73.50        4.078810E+15   1.4534E-18   1.4534E-18   1.00000
FLUX  106    74.50        4.024060E+15   2.3736E-18   2.3737E-18   0.99999
FLUX  107    75.50        3.970762E+15   3.8246E-18   3.8246E-18   0.99999
FLUX  108    76.50        3.918856E+15   6.0827E-18   6.0829E-18   0.99998
FLUX  109    77.50        3.868290E+15   9.5550E-18   9.5551E-18   0.99999
FLUX  110    78.50        3.819013E+15   1.4832E-17   1.4832E-17   1.00000
FLUX  111    79.50        3.770975E+15   2.2763E-17   2.2767E-17   0.99983
FLUX  112    80.50        3.724130E+15   3.4554E-17   3.4556E-17   0.99995
FLUX  113    81.50        3.678436E+15   5.1895E-17   5.1895E-17   0.99999
FLUX  114    82.50        3.633848E+15   7.7138E-17   7.7138E-17   1.00000
FLUX  115    83.50        3.590329E+15   1.1353E-16   1.1354E-16   0.99998
FLUX  116    84.50        3.547840E+15   1.6553E-16   1.6553E-16   1.00000
FLUX  117    85.50        3.506345E+15   2.3915E-16   2.3915E-16   1.00000
FLUX  118    86.50        3.465809E+15   3.4243E-16   3.4243E-16   1.00000
FLUX  119    87.50        3.426200E+15   4.8612E-16   4.8613E-16   0.99997
FLUX  120    88.50        3.387486E+15   6.8446E-16   6.8446E-16   1.00000
FLUX  121    89.50        3.349637E+15   9.5604E-16   9.5604E-16   1.00000
FLUX  122    90.50        3.312624E+15   1.3251E-15   1.3252E-15   0.99994
FLUX  123    91.50        3.276421E+15   1.1764E-13   1.0002E-12   0.11761
FLUX  124    92.50        3.241000E+15   6.8432E-13   1.2925E-12   0.52944
FLUX  125    93.50        3.206337E+15   9.4360E-13   1.6375E-12   0.57624
FLUX  126    94.50        3.172407E+15   1.3478E-12   2.0522E-12   0.65675
FLUX  127    95.50        3.139188E+15   2.0338E-12   2.5810E-12   0.78800
FLUX  128    96.50        3.106658E+15   2.6133E-12   3.1095E-12   0.84042
FLUX  129    97.50        3.074795E+15   2.5429E-12   3.6091E-12   0.70457
FLUX  130    98.50        3.043579E+15   4.0019E-12   4.7899E-12   0.83549
FLUX  131    99.50        3.012990E+15   4.5862E-12   5.7908E-12   0.79198
FLUX  132   100.50        2.983010E+15   6.0387E-12   6.9138E-12   0.87343
FLUX  133   101.50        2.953621E+15   6.7657E-12   7.8913E-12   0.85736
FLUX  134   102.50        2.924805E+15   6.5803E-12   1.0392E-11   0.63323
FLUX  135   103.50        2.896546E+15   1.0029E-11   1.2260E-11   0.81802
FLUX  136   104.50        2.868828E+15   1.3578E-11   1.4860E-11   0.91377
FLUX  137   105.50        2.841635E+15   1.6617E-11   1.7842E-11   0.93132
FLUX  138   106.50        2.814953E+15   1.9100E-11   2.1372E-11   0.89367
FLUX  139   107.50        2.788767E+15   2.3743E-11   2.5575E-11   0.92837
FLUX  140   108.50        2.763065E+15   2.8282E-11   3.0516E-11   0.92679
FLUX  141   109.50        2.737831E+15   3.1787E-11   3.6234E-11   0.87726
FLUX  142   110.50        2.713054E+15   7.3667E-11   7.3313E-10   0.10048
FLUX  143   111.50        2.688722E+15   3.1638E-10   1.2423E-09   0.25468
FLUX  144   112.50        2.664822E+15   4.8509E-10   1.6834E-09   0.28817
FLUX  145   113.50        2.641344E+15   6.6287E-10   2.2814E-09   0.29056
FLUX  146   114.50        2.618275E+15   5.7835E-10   1.9334E-09   0.29914
FLUX  147   115.50        2.595606E+15   4.7713E-10   1.2669E-09   0.37662
FLUX  148   116.50        2.573326E+15   4.0828E-10   6.9581E-10   0.58677
FLUX  149   117.50        2.551426E+15   3.3798E-10   4.2172E-10   0.80144
FLUX  150   118.50        2.529895E+15   1.8663E-09   2.1106E-08   0.08843
FLUX  151   119.50        2.508724E+15   1.1672E-10   2.2237E-08   0.00525
FLUX  152   120.50        2.487905E+15   7.6938E-11   2.3024E-08   0.00334
FLUX  153   121.50        2.467428E+15   1.6440E-11   2.3546E-08   0.00070
FLUX  154   122.50        2.447286E+15   8.6287E-11   3.5540E-08   0.00243
FLUX  155   123.50        2.427470E+15   2.5077E-10   3.5752E-08   0.00701
FLUX  156   124.50        2.407972E+15   5.0802E-10   7.6128E-10   0.66733
FLUX  157   125.50        2.388785E+15   3.6409E-09   3.0468E-08   0.11950
FLUX  158   126.50        2.369901E+15   6.4791E-09   8.9097E-08   0.07272
FLUX  159   127.50        2.351314E+15   4.2114E-08   1.4940E-07   0.28189
FLUX  160   128.50        2.333016E+15   1.0249E-07   2.4370E-07   0.42056
FLUX  161   129.50        2.315000E+15   1.2082E-07   3.3101E-07   0.36500
FLUX  162   130.50        2.297261E+15   5.0686E-08   4.3037E-07   0.11777
FLUX  163   131.50        2.279791E+15   2.0469E-07   5.2270E-07   0.39159
FLUX  164   132.50        2.262585E+15   3.0230E-07   6.1646E-07   0.49038
FLUX  165   133.50        2.245637E+15   2.5486E-07   7.0396E-07   0.36204
FLUX  166   134.50        2.228941E+15   4.6372E-07   7.8809E-07   0.58841
FLUX  167   135.50        2.212491E+15   4.8677E-07   8.6732E-07   0.56124
FLUX  168   136.50        2.196282E+15   4.3813E-07   9.4514E-07   0.46356
FLUX  169   137.50        2.180309E+15   5.2126E-07   1.0169E-06   0.51259
FLUX  170   138.50        2.164567E+15   5.6936E-07   1.0855E-06   0.52449
FLUX  171   139.50        2.149050E+15   6.4172E-07   1.1487E-06   0.55865
FLUX  172   140.50        2.133754E+15   7.2030E-07   1.2099E-06   0.59536
FLUX  173   141.50        2.118675E+15   6.7526E-07   1.2655E-06   0.53357
FLUX  174   142.50        2.103807E+15   8.2407E-07   1.3312E-06   0.61906
FLUX  175   143.50        2.089146E+15   7.6454E-07   1.3809E-06   0.55366
FLUX  176   144.20        2.079005E+15   8.8366E-07   1.4155E-06   0.62427
FLUX  177   144.70        2.071821E+15   1.0151E-06   1.5838E-06   0.64092
FLUX  178   145.50        2.060430E+15   1.0655E-06   1.6224E-06   0.65677
FLUX  179   146.50        2.046365E+15   9.9932E-07   1.6702E-06   0.59831
FLUX  180   147.50        2.032492E+15   9.7763E-07   1.7153E-06   0.56996
FLUX  181   148.50        2.018805E+15   1.1235E-06   1.7575E-06   0.63927
FLUX  182   149.50        2.005301E+15   1.2556E-06   1.7987E-06   0.69809
FLUX  183   150.50        1.991977E+15   1.3310E-06   1.8363E-06   0.72481
FLUX  184   151.20        1.982755E+15   1.1971E-06   1.8622E-06   0.64286
FLUX  185   151.70        1.976220E+15   1.3347E-06   2.0351E-06   0.65582
FLUX  186   152.50        1.965852E+15   1.2369E-06   2.3735E-06   0.52111
FLUX  187   153.50        1.953046E+15   1.2509E-06   2.5436E-06   0.49178
FLUX  188   154.50        1.940405E+15   1.6890E-06   2.5908E-06   0.65192
FLUX  189   155.50        1.927926E+15   1.4958E-06   2.6351E-06   0.56763
FLUX  190   156.50        1.915607E+15   1.3903E-06   2.6788E-06   0.51901
FLUX  191   157.50        1.903444E+15   1.5801E-06   2.7260E-06   0.57964
FLUX  192   158.50        1.891435E+15   1.7929E-06   2.7667E-06   0.64803
FLUX  193   159.50        1.879577E+15   2.0614E-06   2.8066E-06   0.73448
FLUX  194   160.50        1.867866E+15   1.8740E-06   2.8450E-06   0.65870
FLUX  195   161.50        1.856300E+15   1.8511E-06   2.8823E-06   0.64224
FLUX  196   162.50        1.844877E+15   1.6793E-06   2.9211E-06   0.57491
FLUX  197   163.50        1.833593E+15   1.8220E-06   2.9565E-06   0.61628
FLUX  198   164.50        1.822447E+15   1.9772E-06   2.9911E-06   0.66103
FLUX  199   165.50        1.811435E+15   1.6018E-06   3.0253E-06   0.52946
FLUX  200   166.50        1.800556E+15   2.0115E-06   3.0582E-06   0.65774
FLUX  201   167.20        1.793017E+15   1.0278E-06   3.0808E-06   0.33362
FLUX  202   167.70        1.787671E+15   1.9702E-06   3.1417E-06   0.62713
FLUX  203   168.50        1.779184E+15   2.2882E-06   3.1900E-06   0.71730
FLUX  204   169.50        1.768687E+15   2.1853E-06   3.2211E-06   0.67842
FLUX  205   170.50        1.758314E+15   2.0312E-06   3.2516E-06   0.62467
FLUX  206   171.50        1.748061E+15   2.1033E-06   3.2837E-06   0.64054
FLUX  207   172.50        1.737928E+15   2.1274E-06   3.3132E-06   0.64210
FLUX  208   173.50        1.727911E+15   2.3487E-06   3.3419E-06   0.70281
FLUX  209   174.50        1.718009E+15   2.2808E-06   3.3704E-06   0.67671
FLUX  210   175.50        1.708219E+15   2.6570E-06   3.3983E-06   0.78185
FLUX  211   176.50        1.698541E+15   2.2521E-06   3.4255E-06   0.65745
FLUX  212   177.50        1.688972E+15   2.5712E-06   3.4525E-06   0.74473
FLUX  213   178.50        1.679510E+15   2.4969E-06   3.4792E-06   0.71767
FLUX  214   179.50        1.670153E+15   2.9625E-06   3.5053E-06   0.84516
FLUX  215   180.50        1.660900E+15   2.7940E-06   3.5311E-06   0.79126
FLUX  216   181.50        1.651749E+15   2.8597E-06   3.5567E-06   0.80403
FLUX  217   182.50        1.642699E+15   2.7290E-06   3.5821E-06   0.76184
FLUX  218   183.50        1.633747E+15   2.6395E-06   3.6075E-06   0.73168
FLUX  219   184.50        1.624892E+15   2.4684E-06   3.6328E-06   0.67947
FLUX  220   185.50        1.616132E+15   2.6310E-06   3.6579E-06   0.71926
FLUX  221   186.50        1.607466E+15   2.6795E-06   3.6827E-06   0.72758
FLUX  222   187.50        1.598893E+15   2.8752E-06   3.7076E-06   0.77549
FLUX  223   188.50        1.590411E+15   2.8886E-06   3.7320E-06   0.77403
FLUX  224   189.50        1.582018E+15   2.9144E-06   3.7562E-06   0.77590
FLUX  225   190.50        1.573714E+15   2.7605E-06   3.7803E-06   0.73023
FLUX  226   191.50        1.565496E+15   2.9594E-06   3.8050E-06   0.77776
FLUX  227   192.50        1.557364E+15   3.0675E-06   3.8288E-06   0.80117
FLUX  228   193.50        1.549315E+15   2.9709E-06   3.8525E-06   0.77116
FLUX  229   194.50        1.541350E+15   3.2376E-06   3.8760E-06   0.83529
FLUX  230   195.50        1.533465E+15   3.2379E-06   3.8995E-06   0.83036
FLUX  231   196.70        1.524110E+15   3.4152E-06   3.9275E-06   0.86956
FLUX  232   197.60        1.517169E+15   3.4011E-06   3.9496E-06   0.86112
FLUX  233   198.40        1.511051E+15   3.3204E-06   3.9684E-06   0.83670
FLUX  234   199.50        1.502719E+15   3.2428E-06   3.9945E-06   0.81183
FLUX  235   200.50        1.495224E+15   3.2540E-06   4.0177E-06   0.80992
FLUX  236   201.50        1.487804E+15   3.0959E-06   4.0409E-06   0.76614
FLUX  237   202.50        1.480457E+15   3.1448E-06   4.0642E-06   0.77379
FLUX  238   203.50        1.473182E+15   3.2865E-06   4.0873E-06   0.80407
FLUX  239   204.50        1.465978E+15   3.5009E-06   4.1105E-06   0.85168
FLUX  240   205.50        1.458844E+15   3.2892E-06   4.1338E-06   0.79568
FLUX  241   206.50        1.451780E+15   3.2465E-06   4.1571E-06   0.78096
FLUX  242   207.40        1.445480E+15   3.6241E-06   4.1782E-06   0.86738
FLUX  243   207.80        1.442697E+15   3.7295E-06   4.1964E-06   0.88874
FLUX  244   208.50        1.437854E+15   3.6713E-06   4.2129E-06   0.87144
FLUX  245   209.50        1.430990E+15   3.5724E-06   4.2366E-06   0.84322
FLUX  246   210.50        1.424192E+15   3.4730E-06   4.2603E-06   0.81520
FLUX  247   211.50        1.417459E+15   3.4987E-06   4.2841E-06   0.81668
FLUX  248   212.50        1.410788E+15   3.6094E-06   4.3080E-06   0.83784
FLUX  249   213.50        1.404180E+15   2.9624E-06   4.3319E-06   0.68385
FLUX  250   214.50        1.397634E+15   3.4272E-06   4.3560E-06   0.78678
FLUX  251   215.50        1.391148E+15   3.5812E-06   4.3801E-06   0.81761
FLUX  252   216.50        1.384723E+15   3.4251E-06   4.4044E-06   0.77765
FLUX  253   217.50        1.378356E+15   3.4031E-06   4.4288E-06   0.76841
FLUX  254   218.50        1.372048E+15   3.4348E-06   4.4533E-06   0.77129
FLUX  255   219.50        1.365797E+15   3.7499E-06   4.4779E-06   0.83742
FLUX  256   220.50        1.359603E+15   3.6141E-06   4.5027E-06   0.80266
FLUX  257   221.50        1.353465E+15   3.2646E-06   4.5277E-06   0.72103
FLUX  258   222.50        1.347382E+15   3.2043E-06   4.5528E-06   0.70381
FLUX  259   223.50        1.341353E+15   3.7072E-06   4.5780E-06   0.80980
FLUX  260   224.50        1.335379E+15   3.3331E-06   4.6033E-06   0.72408
FLUX  261   225.50        1.329457E+15   3.2618E-06   4.6291E-06   0.70463
FLUX  262   226.50        1.323587E+15   3.3538E-06   4.6548E-06   0.72051
FLUX  263   227.50        1.317769E+15   3.6449E-06   4.6806E-06   0.77872
FLUX  264   228.50        1.312002E+15   3.8169E-06   4.7066E-06   0.81098
FLUX  265   229.50        1.306285E+15   3.5988E-06   4.7327E-06   0.76040
FLUX  266   230.50        1.300618E+15   3.5785E-06   4.7590E-06   0.75195
FLUX  267   231.50        1.295000E+15   3.4563E-06   4.7854E-06   0.72225
FLUX  268   232.50        1.289430E+15   3.4497E-06   4.8121E-06   0.71688
FLUX  269   233.50        1.283908E+15   3.1122E-06   4.8390E-06   0.64314
FLUX  270   234.50        1.278433E+15   2.7843E-06   4.8660E-06   0.57219
FLUX  271   235.50        1.273004E+15   3.5249E-06   4.8931E-06   0.72038
FLUX  272   236.50        1.267622E+15   2.8833E-06   4.9204E-06   0.58598
FLUX  273   237.50        1.262284E+15   3.3188E-06   4.9480E-06   0.67074
FLUX  274   238.50        1.256992E+15   2.6347E-06   4.9757E-06   0.52952
FLUX  275   239.50        1.251743E+15   3.0971E-06   5.0035E-06   0.61898
FLUX  276   240.50        1.246538E+15   2.9367E-06   5.0316E-06   0.58364
FLUX  277   241.50        1.241377E+15   3.1733E-06   5.0598E-06   0.62716
FLUX  278   242.50        1.236258E+15   3.6713E-06   5.0883E-06   0.72153
FLUX  279   243.50        1.231181E+15   3.5634E-06   5.1169E-06   0.69640
FLUX  280   244.50        1.226145E+15   3.8573E-06   5.1458E-06   0.74961
FLUX  281   245.50        1.221151E+15   3.7364E-06   5.1748E-06   0.72204
FLUX  282   246.50        1.216197E+15   3.7201E-06   5.2040E-06   0.71487
FLUX  283   247.50        1.211283E+15   3.5946E-06   5.2333E-06   0.68688
FLUX  284   248.50        1.206408E+15   3.8631E-06   5.2628E-06   0.73404
FLUX  285   249.50        1.201573E+15   3.7615E-06   5.2925E-06   0.71072
FLUX  286   250.50        1.196776E+15   4.2797E-06   5.3225E-06   0.80409
FLUX  287   251.30        1.192967E+15   3.7458E-06   5.3465E-06   0.70061
FLUX  288   251.80        1.190598E+15   3.9161E-06   5.3649E-06   0.72995
FLUX  289   252.50        1.187297E+15   3.5920E-06   5.3861E-06   0.66691
FLUX  290   253.50        1.182613E+15   3.5414E-06   5.4170E-06   0.65376
FLUX  291   254.50        1.177967E+15   3.6255E-06   5.4481E-06   0.66545
FLUX  292   255.50        1.173356E+15   3.9257E-06   5.4794E-06   0.71645
FLUX  293   256.50        1.168782E+15   3.8839E-06   5.5109E-06   0.70477
FLUX  294   257.50        1.164243E+15   4.2509E-06   5.5425E-06   0.76696
FLUX  295   258.50        1.159739E+15   4.2028E-06   5.5743E-06   0.75396
FLUX  296   259.50        1.155270E+15   4.0568E-06   5.6063E-06   0.72361
FLUX  297   260.50        1.150835E+15   3.8544E-06   5.6385E-06   0.68359
FLUX  298   261.50        1.146434E+15   3.8225E-06   5.6707E-06   0.67408
FLUX  299   262.50        1.142067E+15   4.2751E-06   5.7032E-06   0.74960
FLUX  300   263.50        1.137732E+15   4.4067E-06   5.7358E-06   0.76828
FLUX  301   264.50        1.133431E+15   5.1884E-06   5.7686E-06   0.89942
FLUX  302   265.50        1.129162E+15   5.1450E-06   5.8016E-06   0.88683
FLUX  303   266.50        1.124925E+15   4.6691E-06   5.8347E-06   0.80023
FLUX  304   267.50        1.120720E+15   4.9440E-06   5.8679E-06   0.84256
FLUX  305   268.50        1.116546E+15   4.9035E-06   5.9013E-06   0.83092
FLUX  306   269.50        1.112403E+15   4.7531E-06   5.9348E-06   0.80088
FLUX  307   270.50        1.108290E+15   4.9318E-06   5.9685E-06   0.82631
FLUX  308   271.50        1.104208E+15   4.6681E-06   6.0023E-06   0.77773
FLUX  309   272.50        1.100156E+15   4.7850E-06   6.0362E-06   0.79271
FLUX  310   273.50        1.096133E+15   5.2594E-06   6.0703E-06   0.86641
FLUX  311   274.50        1.092140E+15   4.1932E-06   6.1046E-06   0.68690
FLUX  312   275.50        1.088176E+15   4.4074E-06   6.1389E-06   0.71795
FLUX  313   276.50        1.084241E+15   4.6466E-06   6.1734E-06   0.75269
FLUX  314   277.50        1.080333E+15   5.1865E-06   6.2080E-06   0.83546
FLUX  315   278.50        1.076454E+15   5.0641E-06   6.2427E-06   0.81120
FLUX  316   279.50        1.072603E+15   3.3216E-06   6.2775E-06   0.52912
FLUX  317   280.50        1.068779E+15   3.9086E-06   6.3125E-06   0.61919
FLUX  318   281.50        1.064982E+15   5.4612E-06   6.3476E-06   0.86036
FLUX  319   282.50        1.061212E+15   5.6717E-06   6.3828E-06   0.88858
FLUX  320   283.50        1.057469E+15   5.4520E-06   6.4182E-06   0.84946
FLUX  321   284.50        1.053752E+15   5.3069E-06   6.4536E-06   0.82231
FLUX  322   285.50        1.050061E+15   5.1347E-06   6.4892E-06   0.79128
FLUX  323   286.50        1.046396E+15   5.5846E-06   6.5248E-06   0.85591
FLUX  324   287.50        1.042757E+15   5.4387E-06   6.5606E-06   0.82900
FLUX  325   288.50        1.039142E+15   5.6182E-06   6.5964E-06   0.85170
FLUX  326   289.50        1.035553E+15   5.3800E-06   6.6324E-06   0.81118
FLUX  327   291.00        1.030215E+15   6.1391E-06   6.6865E-06   0.91814
FLUX  328   293.00        1.023183E+15   5.9894E-06   6.7590E-06   0.88614
FLUX  329   295.00        1.016246E+15   6.0545E-06   6.8318E-06   0.88623
FLUX  330   297.00        1.009402E+15   6.2952E-06   6.9049E-06   0.91170
FLUX  331   299.00        1.002651E+15   6.4535E-06   6.9783E-06   0.92480
FLUX  332   301.00        9.959884E+14   6.6786E-06   7.0520E-06   0.94705
FLUX  333   303.00        9.894142E+14   6.7036E-06   7.1260E-06   0.94073
FLUX  334   305.00        9.829262E+14   6.7171E-06   7.2002E-06   0.93290
FLUX  335   307.00        9.765228E+14   6.7327E-06   7.2746E-06   0.92550
FLUX  336   309.00        9.702023E+14   6.9924E-06   7.3492E-06   0.95146
FLUX  337   311.00        9.639630E+14   6.8814E-06   7.4239E-06   0.92693
FLUX  338   313.00        9.578035E+14   6.9205E-06   7.4988E-06   0.92288
FLUX  339   315.00        9.517222E+14   7.1689E-06   7.5739E-06   0.94653
FLUX  340   317.00        9.457177E+14   7.2403E-06   7.6494E-06   0.94652
FLUX  341   319.00        9.397884E+14   7.0486E-06   7.7250E-06   0.91244
FLUX  342   321.00        9.339330E+14   7.3339E-06   7.8006E-06   0.94018
FLUX  343   323.00        9.281502E+14   7.2702E-06   7.8763E-06   0.92305
FLUX  344   325.00        9.224385E+14   7.4700E-06   7.9521E-06   0.93938
FLUX  345   327.00        9.167966E+14   7.5687E-06   8.0278E-06   0.94281
FLUX  346   329.00        9.112234E+14   7.7659E-06   8.1035E-06   0.95835
FLUX  347   331.00        9.057175E+14   7.9175E-06   8.1792E-06   0.96800
FLUX  348   333.00        9.002778E+14   7.8460E-06   8.2548E-06   0.95047
FLUX  349   335.00        8.949030E+14   7.8177E-06   8.3304E-06   0.93846
FLUX  350   337.00        8.895920E+14   7.9408E-06   8.4059E-06   0.94467
FLUX  351   339.00        8.843437E+14   8.0129E-06   8.4813E-06   0.94477
FLUX  352   341.00        8.791569E+14   8.2897E-06   8.5567E-06   0.96880
FLUX  353   343.00        8.740306E+14   8.4010E-06   8.6319E-06   0.97324
FLUX  354   345.00        8.689638E+14   8.4594E-06   8.7070E-06   0.97157
FLUX  355   347.00        8.639553E+14   8.4375E-06   8.7819E-06   0.96079
FLUX  356   349.00        8.590043E+14   8.4947E-06   8.8565E-06   0.95915
FLUX  357   351.00        8.541097E+14   8.7269E-06   8.9309E-06   0.97716
FLUX  358   353.00        8.492705E+14   8.8893E-06   9.0052E-06   0.98713
FLUX  359   355.00        8.444859E+14   9.0052E-06   9.0793E-06   0.99184
FLUX  360   357.00        8.397549E+14   8.9432E-06   9.1531E-06   0.97707
FLUX  361   359.00        8.350766E+14   9.0206E-06   9.2267E-06   0.97766
FLUX  362   361.00        8.304501E+14   9.1267E-06   9.3002E-06   0.98135
FLUX  363   363.00        8.258747E+14   9.2184E-06   9.3730E-06   0.98351
FLUX  364   364.00        8.236058E+14   9.1913E-06   9.4096E-06   0.97680
FLUX  365   365.00        8.213493E+14   9.4749E-06   4.1636E-05   0.22757
FLUX  366   367.00        8.168733E+14   9.4132E-06   4.1595E-05   0.22630
FLUX  367   369.00        8.124458E+14   1.0198E-05   4.1580E-05   0.24525
FLUX  368   371.00        8.080660E+14   1.3816E-05   4.1534E-05   0.33264
FLUX  369   373.00        8.037332E+14   2.0732E-05   4.1486E-05   0.49973
FLUX  370   375.00        7.994467E+14   2.9707E-05   4.1435E-05   0.71694
FLUX  371   377.00        7.952056E+14   2.9930E-05   4.1383E-05   0.72324
FLUX  372   379.00        7.910092E+14   3.3681E-05   4.1329E-05   0.81495
FLUX  373   381.00        7.868570E+14   3.7014E-05   4.1272E-05   0.89683
FLUX  374   383.00        7.827480E+14   3.0890E-05   4.1214E-05   0.74951
FLUX  375   385.00        7.786818E+14   3.8496E-05   4.1153E-05   0.93543
FLUX  376   387.00        7.746576E+14   3.9481E-05   4.1091E-05   0.96083
FLUX  377   389.00        7.706748E+14   3.0894E-05   4.1027E-05   0.75302
FLUX  378   391.00        7.667327E+14   3.9172E-05   4.0962E-05   0.95630
FLUX  379   393.00        7.628308E+14   3.7532E-05   4.0895E-05   0.91778
FLUX  380   395.00        7.589684E+14   3.9886E-05   4.0826E-05   0.97699
FLUX  381   397.00        7.551448E+14   2.9913E-05   4.0755E-05   0.73396
FLUX  382   399.00        7.513596E+14   3.9899E-05   4.0684E-05   0.98071
FLUX  383   401.00        7.476122E+14   3.9793E-05   4.0611E-05   0.97986
FLUX  384   403.00        7.439020E+14   3.9636E-05   4.0536E-05   0.97780
FLUX  385   405.00        7.402284E+14   3.9707E-05   4.0460E-05   0.98139
FLUX  386   407.00        7.365909E+14   3.9331E-05   4.0383E-05   0.97395
FLUX  387   409.00        7.329890E+14   3.8293E-05   4.0304E-05   0.95010
FLUX  388   411.00        7.294221E+14   3.1463E-05   4.0224E-05   0.78218
FLUX  389   413.00        7.258898E+14   3.9127E-05   4.0144E-05   0.97466
FLUX  390   415.00        7.223916E+14   3.9635E-05   4.0063E-05   0.98930
FLUX  391   417.00        7.189269E+14   3.8995E-05   3.9981E-05   0.97533
FLUX  392   419.00        7.154952E+14   3.9186E-05   3.9898E-05   0.98216
FLUX  393   421.00        7.120962E+14   3.9169E-05   3.9813E-05   0.98383
FLUX  394   423.00        7.087293E+14   3.8915E-05   3.9728E-05   0.97953
FLUX  395   425.00        7.053941E+14   3.8729E-05   3.9642E-05   0.97697
FLUX  396   427.00        7.020902E+14   3.8637E-05   3.9555E-05   0.97679
FLUX  397   429.00        6.988170E+14   3.8628E-05   3.9467E-05   0.97875
FLUX  398   431.00        6.955742E+14   3.7734E-05   3.9378E-05   0.95825
FLUX  399   433.00        6.923614E+14   3.5639E-05   3.9289E-05   0.90711
FLUX  400   435.00        6.891782E+14   3.1330E-05   3.9198E-05   0.79926
FLUX  401   437.00        6.860240E+14   3.8495E-05   3.9108E-05   0.98433
FLUX  402   439.00        6.828986E+14   3.7899E-05   3.9016E-05   0.97138
FLUX  403   441.00        6.798016E+14   3.7796E-05   3.8924E-05   0.97101
FLUX  404   443.00        6.767325E+14   3.8313E-05   3.8831E-05   0.98668
FLUX  405   445.00        6.736910E+14   3.8103E-05   3.8737E-05   0.98362
FLUX  406   447.00        6.706767E+14   3.7984E-05   3.8643E-05   0.98294
FLUX  407   449.00        6.676893E+14   3.7631E-05   3.8549E-05   0.97618
FLUX  408   451.00        6.647284E+14   3.7809E-05   3.8454E-05   0.98324
FLUX  409   453.00        6.617936E+14   3.7526E-05   3.8358E-05   0.97829
FLUX  410   455.00        6.588846E+14   3.6877E-05   3.8262E-05   0.96380
FLUX  411   457.00        6.560011E+14   3.7575E-05   3.8166E-05   0.98452
FLUX  412   459.00        6.531427E+14   3.7090E-05   3.8069E-05   0.97429
FLUX  413   461.00        6.503091E+14   3.7837E-05   3.7971E-05   0.99645
FLUX  414   463.00        6.475000E+14   3.7070E-05   3.7874E-05   0.97878
FLUX  415   465.00        6.447151E+14   3.7605E-05   3.7776E-05   0.99547
FLUX  416   467.00        6.419540E+14   3.7383E-05   3.7677E-05   0.99219
FLUX  417   469.00        6.392164E+14   3.7319E-05   3.7579E-05   0.99310
FLUX  418   471.00        6.365021E+14   3.6707E-05   3.7480E-05   0.97938
FLUX  419   473.00        6.338108E+14   3.7198E-05   3.7381E-05   0.99513
FLUX  420   475.00        6.311421E+14   3.7184E-05   3.7281E-05   0.99741
FLUX  421   477.00        6.284958E+14   3.7072E-05   3.7181E-05   0.99707
FLUX  422   479.00        6.258716E+14   3.6970E-05   3.7082E-05   0.99700
FLUX  423   481.00        6.232692E+14   3.6791E-05   3.6982E-05   0.99486
FLUX  424   483.00        6.206884E+14   3.6511E-05   3.6881E-05   0.98995
FLUX  425   485.00        6.181289E+14   3.4053E-05   3.6781E-05   0.92583
FLUX  426   487.00        6.155903E+14   2.8421E-05   3.6680E-05   0.77483
FLUX  427   489.00        6.130726E+14   3.6206E-05   3.6580E-05   0.98978
FLUX  428   491.00        6.105754E+14   3.6315E-05   3.6479E-05   0.99552
FLUX  429   493.00        6.080984E+14   3.5857E-05   3.6378E-05   0.98568
FLUX  430   495.00        6.056414E+14   3.6128E-05   3.6277E-05   0.99591
FLUX  431   497.00        6.032042E+14   3.6130E-05   3.6176E-05   0.99874
FLUX  432   499.00        6.007866E+14   3.5891E-05   3.6075E-05   0.99492
FLUX  433   501.00        5.983882E+14   3.5311E-05   3.5974E-05   0.98157
FLUX  434   503.00        5.960089E+14   3.5597E-05   3.5873E-05   0.99231
FLUX  435   505.00        5.936485E+14   3.5379E-05   3.5772E-05   0.98902
FLUX  436   507.00        5.913067E+14   3.5511E-05   3.5671E-05   0.99553
FLUX  437   509.00        5.889833E+14   3.5422E-05   3.5569E-05   0.99585
FLUX  438   511.00        5.866781E+14   3.5272E-05   3.5468E-05   0.99446
FLUX  439   513.00        5.843908E+14   3.5131E-05   3.5367E-05   0.99332
FLUX  440   515.00        5.821214E+14   3.4964E-05   3.5267E-05   0.99143
FLUX  441   517.00        5.798694E+14   3.4495E-05   3.5166E-05   0.98092
FLUX  442   519.00        5.776349E+14   3.4430E-05   3.5065E-05   0.98190
FLUX  443   521.00        5.754175E+14   3.4687E-05   3.4965E-05   0.99205
FLUX  444   523.00        5.732170E+14   3.4212E-05   3.4864E-05   0.98129
FLUX  445   525.00        5.710333E+14   3.4516E-05   3.4764E-05   0.99286
FLUX  446   527.00        5.688662E+14   3.3965E-05   3.4664E-05   0.97985
FLUX  447   529.00        5.667155E+14   3.4342E-05   3.4564E-05   0.99357
FLUX  448   531.00        5.645810E+14   3.3887E-05   3.4464E-05   0.98325
FLUX  449   533.00        5.624625E+14   3.3961E-05   3.4364E-05   0.98825
FLUX  450   535.00        5.603598E+14   3.4166E-05   3.4265E-05   0.99712
FLUX  451   537.00        5.582728E+14   3.3962E-05   3.4165E-05   0.99404
FLUX  452   539.00        5.562013E+14   3.3894E-05   3.4066E-05   0.99495
FLUX  453   541.00        5.541451E+14   3.3719E-05   3.3967E-05   0.99271
FLUX  454   543.00        5.521041E+14   3.3599E-05   3.3868E-05   0.99206
FLUX  455   545.00        5.500780E+14   3.3664E-05   3.3769E-05   0.99690
FLUX  456   547.00        5.480667E+14   3.3538E-05   3.3670E-05   0.99606
FLUX  457   549.00        5.460701E+14   3.3475E-05   3.3572E-05   0.99711
FLUX  458   551.00        5.440880E+14   3.3326E-05   3.3474E-05   0.99560
FLUX  459   553.00        5.421203E+14   3.3174E-05   3.3376E-05   0.99397
FLUX  460   555.00        5.401667E+14   3.3220E-05   3.3278E-05   0.99825
FLUX  461   557.00        5.382271E+14   3.3100E-05   3.3180E-05   0.99758
FLUX  462   559.00        5.363014E+14   3.3025E-05   3.3083E-05   0.99826
FLUX  463   561.00        5.343895E+14   3.2956E-05   3.2986E-05   0.99911
FLUX  464   563.00        5.324911E+14   3.2851E-05   3.2889E-05   0.99885
FLUX  465   565.00        5.306062E+14   3.2692E-05   3.2792E-05   0.99693
FLUX  466   567.00        5.287346E+14   3.2624E-05   3.2696E-05   0.99779
FLUX  467   569.00        5.268761E+14   3.2569E-05   3.2599E-05   0.99908
FLUX  468   571.00        5.250306E+14   3.2481E-05   3.2503E-05   0.99932
FLUX  469   573.00        5.231981E+14   3.2393E-05   3.2408E-05   0.99954
FLUX  470   575.00        5.213783E+14   3.2287E-05   3.2312E-05   0.99921
FLUX  471   577.00        5.195711E+14   3.2201E-05   3.2217E-05   0.99950
FLUX  472   579.00        5.177763E+14   3.2081E-05   3.2122E-05   0.99873
FLUX  473   581.00        5.159940E+14   3.1998E-05   3.2027E-05   0.99910
FLUX  474   583.00        5.142238E+14   3.1895E-05   3.1933E-05   0.99883
FLUX  475   585.00        5.124658E+14   3.1824E-05   3.1839E-05   0.99954
FLUX  476   587.00        5.107198E+14   3.1680E-05   3.1745E-05   0.99796
FLUX  477   589.00        5.089856E+14   3.1452E-05   3.1651E-05   0.99371
FLUX  478   591.00        5.072631E+14   3.1532E-05   3.1558E-05   0.99917
FLUX  479   593.00        5.055523E+14   3.1446E-05   3.1465E-05   0.99939
FLUX  480   595.00        5.038529E+14   3.1297E-05   3.1372E-05   0.99760
FLUX  481   597.00        5.021650E+14   3.1251E-05   3.1280E-05   0.99906
FLUX  482   599.00        5.004883E+14   3.1093E-05   3.1188E-05   0.99696
FLUX  483   601.00        4.988228E+14   3.1064E-05   3.1096E-05   0.99896
FLUX  484   603.00        4.971683E+14   3.0988E-05   3.1005E-05   0.99947
FLUX  485   605.00        4.955248E+14   3.0881E-05   3.0914E-05   0.99895
FLUX  486   607.00        4.938921E+14   3.0801E-05   3.0823E-05   0.99927
FLUX  487   609.00        4.922701E+14   3.0702E-05   3.0733E-05   0.99900
FLUX  488   611.00        4.906588E+14   3.0610E-05   3.0643E-05   0.99892
FLUX  489   613.00        4.890579E+14   3.0517E-05   3.0554E-05   0.99879
FLUX  490   615.00        4.874675E+14   3.0193E-05   3.0464E-05   0.99109
FLUX  491   617.00        4.858874E+14   3.0339E-05   3.0375E-05   0.99881
FLUX  492   619.00        4.843174E+14   3.0266E-05   3.0286E-05   0.99932
FLUX  493   621.00        4.827576E+14   3.0185E-05   3.0198E-05   0.99957
FLUX  494   623.00        4.812079E+14   3.0073E-05   3.0110E-05   0.99879
FLUX  495   625.00        4.796680E+14   2.9762E-05   3.0022E-05   0.99135
FLUX  496   627.00        4.781380E+14   2.9926E-05   2.9934E-05   0.99971
FLUX  497   629.00        4.766176E+14   2.9833E-05   2.9847E-05   0.99953
FLUX  498   631.00        4.751070E+14   2.9688E-05   2.9760E-05   0.99758
FLUX  499   633.00        4.736058E+14   2.9652E-05   2.9673E-05   0.99927
FLUX  500   635.00        4.721142E+14   2.9367E-05   2.9587E-05   0.99258
FLUX  501   637.00        4.706319E+14   2.9324E-05   2.9501E-05   0.99402
FLUX  502   639.00        4.691588E+14   2.9380E-05   2.9415E-05   0.99880
FLUX  503   641.00        4.676950E+14   2.9257E-05   2.9330E-05   0.99751
FLUX  504   643.00        4.662403E+14   2.9207E-05   2.9244E-05   0.99871
FLUX  505   645.00        4.647946E+14   2.8980E-05   2.9160E-05   0.99385
FLUX  506   647.00        4.633578E+14   2.9065E-05   2.9075E-05   0.99966
FLUX  507   649.00        4.619299E+14   2.8897E-05   2.8991E-05   0.99678
FLUX  508   651.00        4.605108E+14   2.8775E-05   2.8907E-05   0.99544
FLUX  509   653.00        4.591003E+14   2.8594E-05   2.8823E-05   0.99206
FLUX  510   655.00        4.576985E+14   2.6893E-05   2.8740E-05   0.93574
FLUX  511   657.00        4.563052E+14   2.1730E-05   2.8657E-05   0.75829
FLUX  512   659.00        4.549203E+14   2.8127E-05   2.8574E-05   0.98435
FLUX  513   661.00        4.535439E+14   2.8359E-05   2.8492E-05   0.99534
FLUX  514   663.00        4.521757E+14   2.8365E-05   2.8409E-05   0.99844
FLUX  515   665.00        4.508158E+14   2.8312E-05   2.8328E-05   0.99944
FLUX  516   667.00        4.494640E+14   2.8219E-05   2.8246E-05   0.99904
FLUX  517   669.00        4.481203E+14   2.8144E-05   2.8165E-05   0.99927
FLUX  518   671.00        4.467846E+14   2.8075E-05   2.8084E-05   0.99970
FLUX  519   673.00        4.454569E+14   2.7974E-05   2.8003E-05   0.99897
FLUX  520   675.00        4.441370E+14   2.7911E-05   2.7923E-05   0.99956
FLUX  521   677.00        4.428250E+14   2.7837E-05   2.7843E-05   0.99980
FLUX  522   679.00        4.415206E+14   2.7753E-05   2.7763E-05   0.99963
FLUX  523   681.00        4.402239E+14   2.7677E-05   2.7684E-05   0.99976
FLUX  524   683.00        4.389348E+14   2.7582E-05   2.7605E-05   0.99917
FLUX  525   685.00        4.376533E+14   2.7512E-05   2.7526E-05   0.99949
FLUX  526   687.00        4.363792E+14   2.7437E-05   2.7448E-05   0.99963
FLUX  527   689.00        4.351125E+14   2.7363E-05   2.7369E-05   0.99978
FLUX  528   691.00        4.338531E+14   2.7280E-05   2.7292E-05   0.99959
FLUX  529   693.00        4.326010E+14   2.7199E-05   2.7214E-05   0.99943
FLUX  530   695.00        4.313561E+14   2.7128E-05   2.7137E-05   0.99966
FLUX  531   697.00        4.301184E+14   2.7048E-05   2.7060E-05   0.99957
FLUX  532   699.00        4.288877E+14   2.6979E-05   2.6984E-05   0.99984
FLUX  533   701.00        4.276641E+14   2.6864E-05   2.6907E-05   0.99838
FLUX  534   703.00        4.264474E+14   2.6823E-05   2.6831E-05   0.99970
FLUX  535   705.00        4.252376E+14   2.6736E-05   2.6756E-05   0.99925
FLUX  536   707.00        4.240347E+14   2.6668E-05   2.6680E-05   0.99955
FLUX  537   709.00        4.228385E+14   2.6603E-05   2.6605E-05   0.99990
FLUX  538   711.00        4.216491E+14   2.6451E-05   2.6531E-05   0.99700
FLUX  539   713.00        4.204663E+14   2.6434E-05   2.6456E-05   0.99916
FLUX  540   715.00        4.192902E+14   2.6366E-05   2.6382E-05   0.99940
FLUX  541   717.00        4.181206E+14   2.6298E-05   2.6308E-05   0.99963
FLUX  542   719.00        4.169576E+14   2.6217E-05   2.6234E-05   0.99934
FLUX  543   721.00        4.158010E+14   2.6148E-05   2.6161E-05   0.99950
FLUX  544   723.00        4.146508E+14   2.6048E-05   2.6088E-05   0.99848
FLUX  545   725.00        4.135069E+14   2.5993E-05   2.6015E-05   0.99916
FLUX  546   727.00        4.123693E+14   2.5931E-05   2.5942E-05   0.99957
FLUX  547   729.00        4.112380E+14   2.5847E-05   2.5870E-05   0.99910
FLUX  548   731.00        4.101129E+14   2.5748E-05   2.5798E-05   0.99803
FLUX  549   733.00        4.089939E+14   2.5703E-05   2.5727E-05   0.99908
FLUX  550   735.00        4.078810E+14   2.5641E-05   2.5655E-05   0.99945
FLUX  551   737.00        4.067741E+14   2.5581E-05   2.5584E-05   0.99990
FLUX  552   739.00        4.056732E+14   2.5503E-05   2.5513E-05   0.99961
FLUX  553   741.00        4.045783E+14   2.5420E-05   2.5442E-05   0.99912
FLUX  554   743.00        4.034892E+14   2.5325E-05   2.5372E-05   0.99814
FLUX  555   745.00        4.024060E+14   2.5263E-05   2.5302E-05   0.99845
FLUX  556   747.00        4.013286E+14   2.5150E-05   2.5232E-05   0.99675
FLUX  557   749.00        4.002570E+14   2.5123E-05   2.5163E-05   0.99841
FLUX  558   751.00        3.991911E+14   2.5050E-05   2.5093E-05   0.99827
FLUX  559   753.00        3.981308E+14   2.5012E-05   2.5024E-05   0.99949
FLUX  560   755.00        3.970762E+14   2.4952E-05   2.4955E-05   0.99988
FLUX  561   757.00        3.960271E+14   2.4877E-05   2.4887E-05   0.99958
FLUX  562   759.00        3.949835E+14   2.4813E-05   2.4819E-05   0.99976
FLUX  563   761.00        3.939455E+14   2.4749E-05   2.4751E-05   0.99992
FLUX  564   763.00        3.929128E+14   2.4679E-05   2.4683E-05   0.99983
FLUX  565   765.00        3.918856E+14   2.4595E-05   2.4616E-05   0.99915
FLUX  566   767.00        3.908638E+14   2.4533E-05   2.4549E-05   0.99937
FLUX  567   769.00        3.898472E+14   2.4473E-05   2.4482E-05   0.99964
FLUX  568   771.00        3.888359E+14   2.4376E-05   2.4415E-05   0.99838
FLUX  569   773.00        3.878299E+14   2.4345E-05   2.4349E-05   0.99982
FLUX  570   775.00        3.868290E+14   2.4277E-05   2.4283E-05   0.99975
FLUX  571   777.00        3.858333E+14   2.3785E-05   2.4217E-05   0.98218
FLUX  572   779.00        3.848427E+14   2.4147E-05   2.4151E-05   0.99982
FLUX  573   781.00        3.838572E+14   2.4083E-05   2.4086E-05   0.99988
FLUX  574   783.00        3.828768E+14   2.4009E-05   2.4021E-05   0.99951
FLUX  575   785.00        3.819013E+14   2.3925E-05   2.3956E-05   0.99871
FLUX  576   787.00        3.809307E+14   2.3816E-05   2.3892E-05   0.99682
FLUX  577   789.00        3.799651E+14   2.3714E-05   2.3827E-05   0.99525
FLUX  578   791.00        3.790044E+14   2.3744E-05   2.3763E-05   0.99917
FLUX  579   793.00        3.780485E+14   2.3690E-05   2.3700E-05   0.99957
FLUX  580   795.00        3.770975E+14   2.3584E-05   2.3636E-05   0.99779
FLUX  581   797.00        3.761512E+14   2.3571E-05   2.3573E-05   0.99990
FLUX  582   799.00        3.752096E+14   2.3364E-05   2.3510E-05   0.99378
FLUX  583   801.00        3.742728E+14   2.3441E-05   2.3447E-05   0.99973
FLUX  584   803.00        3.733406E+14   2.3377E-05   2.3385E-05   0.99967
FLUX  585   805.00        3.724130E+14   2.3318E-05   2.3322E-05   0.99983
FLUX  586   807.00        3.714901E+14   2.3251E-05   2.3260E-05   0.99960
FLUX  587   809.00        3.705717E+14   2.3191E-05   2.3198E-05   0.99971
FLUX  588   811.00        3.696578E+14   2.3129E-05   2.3137E-05   0.99966
FLUX  589   813.00        3.687485E+14   2.3073E-05   2.3075E-05   0.99992
FLUX  590   815.00        3.678436E+14   2.3012E-05   2.3014E-05   0.99991
FLUX  591   817.00        3.669431E+14   2.2952E-05   2.2953E-05   0.99992
FLUX  592   819.00        3.660470E+14   2.2825E-05   2.2893E-05   0.99704
FLUX  593   821.00        3.651553E+14   2.2868E-05   2.8797E-05   0.79412
FLUX  594   823.00        3.642679E+14   2.2818E-05   2.8710E-05   0.79477
FLUX  595   825.00        3.633848E+14   2.2784E-05   2.8623E-05   0.79600
FLUX  596   827.00        3.625060E+14   2.2820E-05   2.8536E-05   0.79968
FLUX  597   829.00        3.616315E+14   2.2722E-05   2.8450E-05   0.79868
FLUX  598   831.00        3.607611E+14   2.2609E-05   2.8364E-05   0.79712
FLUX  599   833.00        3.598950E+14   2.2375E-05   2.8278E-05   0.79124
FLUX  600   835.00        3.590329E+14   2.2419E-05   2.8193E-05   0.79522
FLUX  601   837.00        3.581750E+14   2.1972E-05   2.8108E-05   0.78169
FLUX  602   839.00        3.573212E+14   2.2118E-05   2.8023E-05   0.78928
FLUX  603   841.00        3.564715E+14   2.2044E-05   2.7939E-05   0.78899
FLUX  604   843.00        3.556257E+14   2.2735E-05   2.7855E-05   0.81617
FLUX  605   845.00        3.547840E+14   2.2499E-05   2.7772E-05   0.81013
FLUX  606   847.00        3.539463E+14   2.1726E-05   2.7689E-05   0.78466
FLUX  607   849.00        3.531125E+14   2.4082E-05   2.7606E-05   0.87235
FLUX  608   851.00        3.522826E+14   2.1626E-05   2.7523E-05   0.78575
FLUX  609   853.00        3.514566E+14   2.4730E-05   2.7441E-05   0.90120
FLUX  610   855.00        3.506345E+14   2.1253E-05   2.7359E-05   0.77683
FLUX  611   857.00        3.498162E+14   2.5399E-05   2.7277E-05   0.93115
FLUX  612   859.00        3.490017E+14   2.3877E-05   2.7196E-05   0.87794
FLUX  613   861.00        3.481911E+14   2.3262E-05   2.7115E-05   0.85788
FLUX  614   863.00        3.473841E+14   2.6374E-05   2.7034E-05   0.97559
FLUX  615   865.00        3.465809E+14   2.6109E-05   2.6954E-05   0.96866
FLUX  616   867.00        3.457814E+14   2.1265E-05   2.6874E-05   0.79130
FLUX  617   869.00        3.449856E+14   2.6266E-05   2.6794E-05   0.98029
FLUX  618   871.00        3.441935E+14   2.6556E-05   2.6715E-05   0.99407
FLUX  619   873.00        3.434049E+14   2.6275E-05   2.6636E-05   0.98648
FLUX  620   875.00        3.426200E+14   2.1326E-05   2.6557E-05   0.80302
FLUX  621   877.00        3.418387E+14   2.5764E-05   2.6478E-05   0.97304
FLUX  622   879.00        3.410609E+14   2.6309E-05   2.6400E-05   0.99655
FLUX  623   881.00        3.402866E+14   2.6251E-05   2.6322E-05   0.99730
FLUX  624   883.00        3.395159E+14   2.6045E-05   2.6245E-05   0.99239
FLUX  625   885.00        3.387486E+14   2.5097E-05   2.6167E-05   0.95911
FLUX  626   887.00        3.379848E+14   2.1233E-05   2.6090E-05   0.81383
FLUX  627   889.00        3.372244E+14   2.5772E-05   2.6014E-05   0.99071
FLUX  628   891.00        3.364675E+14   2.5772E-05   2.5938E-05   0.99364
FLUX  629   893.00        3.357139E+14   2.5687E-05   2.5862E-05   0.99326
FLUX  630   895.00        3.349637E+14   2.5770E-05   2.5786E-05   0.99940
FLUX  631   897.00        3.342168E+14   2.5674E-05   2.5711E-05   0.99856
FLUX  632   899.00        3.334733E+14   2.5432E-05   2.5636E-05   0.99206
FLUX  633   901.00        3.327331E+14   2.1477E-05   2.5561E-05   0.84022
FLUX  634   903.00        3.319961E+14   2.3809E-05   2.5487E-05   0.93420
FLUX  635   905.00        3.312624E+14   2.5285E-05   2.5412E-05   0.99501
FLUX  636   907.00        3.305320E+14   2.5011E-05   2.5339E-05   0.98709
FLUX  637   909.00        3.298047E+14   2.4802E-05   2.5265E-05   0.98166
FLUX  638   911.00        3.290807E+14   2.5033E-05   2.5192E-05   0.99371
FLUX  639   913.00        3.283598E+14   2.5056E-05   2.5119E-05   0.99748
FLUX  640   915.00        3.276421E+14   2.5035E-05   2.5046E-05   0.99955
FLUX  641   917.00        3.269275E+14   2.4930E-05   2.4974E-05   0.99824
FLUX  642   919.00        3.262160E+14   2.4764E-05   2.4902E-05   0.99445
FLUX  643   921.00        3.255076E+14   2.4347E-05   2.4830E-05   0.98052
FLUX  644   923.00        3.248023E+14   1.9747E-05   2.4759E-05   0.79759
FLUX  645   925.00        3.241000E+14   2.3899E-05   2.4688E-05   0.96806
FLUX  646   927.00        3.234008E+14   2.4048E-05   2.4617E-05   0.97691
FLUX  647   929.00        3.227045E+14   2.4505E-05   2.4546E-05   0.99834
FLUX  648   931.00        3.220113E+14   2.4462E-05   2.4476E-05   0.99946
FLUX  649   933.00        3.213210E+14   2.4378E-05   2.4406E-05   0.99886
FLUX  650   935.00        3.206337E+14   2.4326E-05   2.4336E-05   0.99959
FLUX  651   937.00        3.199493E+14   2.4261E-05   2.4267E-05   0.99977
FLUX  652   939.00        3.192678E+14   2.4114E-05   2.4197E-05   0.99656
FLUX  653   941.00        3.185893E+14   2.3848E-05   2.4128E-05   0.98838
FLUX  654   943.00        3.179136E+14   2.4023E-05   2.4060E-05   0.99847
FLUX  655   945.00        3.172407E+14   2.3977E-05   2.3991E-05   0.99941
FLUX  656   947.00        3.165707E+14   2.3903E-05   2.3923E-05   0.99916
FLUX  657   949.00        3.159036E+14   2.3843E-05   2.3855E-05   0.99948
FLUX  658   951.00        3.152392E+14   2.3708E-05   2.3788E-05   0.99663
FLUX  659   953.00        3.145776E+14   2.3165E-05   2.3721E-05   0.97657
FLUX  660   955.00        3.139188E+14   1.9095E-05   2.3654E-05   0.80729
FLUX  661   957.00        3.132628E+14   2.3217E-05   2.3587E-05   0.98432
FLUX  662   959.00        3.126095E+14   2.3464E-05   2.3520E-05   0.99762
FLUX  663   961.00        3.119589E+14   2.3384E-05   2.3454E-05   0.99700
FLUX  664   963.00        3.113110E+14   2.3163E-05   2.3388E-05   0.99039
FLUX  665   965.00        3.106658E+14   2.3308E-05   2.3322E-05   0.99940
FLUX  666   967.00        3.100233E+14   2.3114E-05   2.3257E-05   0.99386
FLUX  667   969.00        3.093834E+14   2.3167E-05   2.3192E-05   0.99894
FLUX  668   971.00        3.087461E+14   2.3125E-05   2.3127E-05   0.99993
FLUX  669   973.00        3.081115E+14   2.3057E-05   2.3062E-05   0.99977
FLUX  670   975.00        3.074795E+14   2.2983E-05   2.2998E-05   0.99936
FLUX  671   977.00        3.068501E+14   2.2932E-05   2.2934E-05   0.99991
FLUX  672   979.00        3.062232E+14   2.2867E-05   2.2870E-05   0.99986
FLUX  673   981.00        3.055989E+14   2.2795E-05   2.2806E-05   0.99952
FLUX  674   983.00        3.049771E+14   2.2721E-05   2.2743E-05   0.99902
FLUX  675   985.00        3.043579E+14   2.2640E-05   2.2680E-05   0.99822
FLUX  676   987.00        3.037411E+14   2.2592E-05   2.2617E-05   0.99890
FLUX  677   989.00        3.031269E+14   2.2460E-05   2.2554E-05   0.99581
FLUX  678   991.00        3.025151E+14   2.2479E-05   2.2492E-05   0.99942
FLUX  679   993.00        3.019058E+14   2.2393E-05   2.2430E-05   0.99834
FLUX  680   995.00        3.012990E+14   2.2349E-05   2.2368E-05   0.99914
FLUX  681   997.00        3.006946E+14   2.2301E-05   2.2307E-05   0.99977
FLUX  682   999.00        3.000926E+14   2.2234E-05   2.2245E-05   0.99950
FLUX  683  1002.50        2.990449E+14   2.1418E-05   2.2138E-05   0.96745
FLUX  684  1007.50        2.975608E+14   2.0567E-05   2.1987E-05   0.93540
FLUX  685  1012.50        2.960914E+14   2.1748E-05   2.1837E-05   0.99593
FLUX  686  1017.50        2.946364E+14   2.1669E-05   2.1688E-05   0.99910
FLUX  687  1022.50        2.931956E+14   2.1537E-05   2.1541E-05   0.99979
FLUX  688  1027.50        2.917689E+14   2.1392E-05   2.1396E-05   0.99981
FLUX  689  1032.50        2.903559E+14   2.1236E-05   2.1251E-05   0.99925
FLUX  690  1037.50        2.889566E+14   2.1099E-05   2.1109E-05   0.99953
FLUX  691  1042.50        2.875707E+14   2.0961E-05   2.0967E-05   0.99973
FLUX  692  1047.50        2.861981E+14   2.0779E-05   2.0827E-05   0.99771
FLUX  693  1052.50        2.848385E+14   2.0648E-05   2.0688E-05   0.99808
FLUX  694  1057.50        2.834917E+14   2.0533E-05   2.0551E-05   0.99911
FLUX  695  1062.50        2.821576E+14   2.0401E-05   2.0415E-05   0.99931
FLUX  696  1067.50        2.808361E+14   2.0092E-05   2.0280E-05   0.99073
FLUX  697  1072.50        2.795268E+14   2.0056E-05   2.0147E-05   0.99550
FLUX  698  1077.50        2.782297E+14   1.9987E-05   2.0014E-05   0.99863
FLUX  699  1082.50        2.769446E+14   1.9854E-05   1.9883E-05   0.99852
FLUX  700  1087.50        2.756713E+14   1.9712E-05   1.9754E-05   0.99788
FLUX  701  1092.50        2.744096E+14   1.7902E-05   1.9625E-05   0.91220
FLUX  702  1097.50        2.731595E+14   1.9201E-05   1.9498E-05   0.98478
FLUX  703  1102.50        2.719206E+14   1.9368E-05   1.9372E-05   0.99980
FLUX  704  1107.50        2.706930E+14   1.9245E-05   1.9247E-05   0.99990
FLUX  705  1112.50        2.694764E+14   1.9117E-05   1.9124E-05   0.99966
FLUX  706  1117.50        2.682707E+14   1.8998E-05   1.9001E-05   0.99982
FLUX  707  1122.50        2.670757E+14   1.8878E-05   1.8880E-05   0.99989
FLUX  708  1127.50        2.658914E+14   1.8633E-05   1.8760E-05   0.99323
FLUX  709  1132.50        2.647174E+14   1.8531E-05   1.8640E-05   0.99411
FLUX  710  1137.50        2.635538E+14   1.8509E-05   1.8523E-05   0.99929
FLUX  711  1142.50        2.624004E+14   1.8386E-05   1.8406E-05   0.99892
FLUX  712  1147.50        2.612571E+14   1.8288E-05   1.8290E-05   0.99987
FLUX  713  1152.50        2.601236E+14   1.8175E-05   1.8175E-05   0.99998
FLUX  714  1157.50        2.590000E+14   1.8059E-05   1.8062E-05   0.99986
FLUX  715  1162.50        2.578860E+14   1.7908E-05   1.7949E-05   0.99772
FLUX  716  1167.50        2.567816E+14   1.7753E-05   1.7838E-05   0.99524
FLUX  717  1172.50        2.556866E+14   1.7725E-05   1.7727E-05   0.99988
FLUX  718  1177.50        2.546008E+14   1.7494E-05   1.7618E-05   0.99299
FLUX  719  1182.50        2.535243E+14   1.7451E-05   1.7509E-05   0.99667
FLUX  720  1187.50        2.524568E+14   1.7344E-05   1.7402E-05   0.99666
FLUX  721  1192.50        2.513983E+14   1.7295E-05   1.7295E-05   0.99999
FLUX  722  1197.50        2.503486E+14   1.7144E-05   1.7190E-05   0.99733
FLUX  723  1202.50        2.493077E+14   1.7077E-05   1.7085E-05   0.99954
FLUX  724  1207.50        2.482754E+14   1.6967E-05   1.6981E-05   0.99914
FLUX  725  1212.50        2.472515E+14   1.6866E-05   1.6878E-05   0.99927
FLUX  726  1217.50        2.462361E+14   1.6772E-05   1.6776E-05   0.99977
FLUX  727  1222.50        2.452290E+14   1.6669E-05   1.6675E-05   0.99964
FLUX  728  1227.50        2.442301E+14   1.6561E-05   1.6575E-05   0.99916
FLUX  729  1232.50        2.432394E+14   1.6466E-05   1.6476E-05   0.99939
FLUX  730  1237.50        2.422566E+14   1.6371E-05   1.6378E-05   0.99958
FLUX  731  1242.50        2.412817E+14   1.6279E-05   1.6280E-05   0.99994
FLUX  732  1247.50        2.403146E+14   1.6161E-05   1.6183E-05   0.99864
FLUX  733  1252.50        2.393553E+14   1.6083E-05   1.6088E-05   0.99974
FLUX  734  1257.50        2.384036E+14   1.5963E-05   1.5993E-05   0.99814
FLUX  735  1262.50        2.374594E+14   1.5879E-05   1.5899E-05   0.99874
FLUX  736  1267.50        2.365227E+14   1.5803E-05   1.5805E-05   0.99986
FLUX  737  1272.50        2.355933E+14   1.5712E-05   1.5713E-05   0.99992
FLUX  738  1277.50        2.346712E+14   1.5550E-05   1.5621E-05   0.99546
FLUX  739  1282.50        2.337563E+14   1.4188E-05   1.5530E-05   0.91359
FLUX  740  1287.50        2.328485E+14   1.5397E-05   1.5440E-05   0.99722
FLUX  741  1292.50        2.319478E+14   1.5349E-05   1.5351E-05   0.99988
FLUX  742  1297.50        2.310539E+14   1.5260E-05   1.5262E-05   0.99986
FLUX  743  1302.50        2.301670E+14   1.5174E-05   1.5175E-05   0.99998
FLUX  744  1307.50        2.292868E+14   1.5087E-05   1.5087E-05   0.99998
FLUX  745  1312.50        2.284133E+14   1.5000E-05   1.5001E-05   0.99991
FLUX  746  1317.50        2.275465E+14   1.4893E-05   1.4916E-05   0.99850
FLUX  747  1322.50        2.266862E+14   1.4830E-05   1.4831E-05   0.99995
FLUX  748  1327.50        2.258324E+14   1.4746E-05   1.4747E-05   0.99997
FLUX  749  1332.50        2.249850E+14   1.4663E-05   1.4663E-05   0.99998
FLUX  750  1337.50        2.241439E+14   1.4580E-05   1.4581E-05   0.99998
FLUX  751  1342.50        2.233091E+14   1.4496E-05   1.4499E-05   0.99985
FLUX  752  1347.50        2.224805E+14   1.4414E-05   1.4417E-05   0.99977
FLUX  753  1352.50        2.216580E+14   1.4324E-05   1.4337E-05   0.99911
FLUX  754  1357.50        2.208416E+14   1.4249E-05   1.4257E-05   0.99949
FLUX  755  1362.50        2.200312E+14   1.4173E-05   1.4177E-05   0.99969
FLUX  756  1367.50        2.192267E+14   1.4089E-05   1.4099E-05   0.99932
FLUX  757  1372.50        2.184281E+14   1.3994E-05   1.4021E-05   0.99811
FLUX  758  1377.50        2.176352E+14   1.3939E-05   1.3943E-05   0.99969
FLUX  759  1382.50        2.168481E+14   1.3863E-05   1.3867E-05   0.99975
FLUX  760  1387.50        2.160667E+14   1.3790E-05   1.3790E-05   0.99999
FLUX  761  1392.50        2.152908E+14   1.3710E-05   1.3715E-05   0.99962
FLUX  762  1397.50        2.145206E+14   1.3639E-05   1.3640E-05   0.99989
FLUX  763  1402.50        2.137558E+14   1.3565E-05   1.3566E-05   0.99994
FLUX  764  1407.50        2.129964E+14   1.3492E-05   1.3492E-05   0.99999
FLUX  765  1412.50        2.122425E+14   1.3418E-05   1.3419E-05   0.99989
FLUX  766  1417.50        2.114938E+14   1.3346E-05   1.3347E-05   0.99992
FLUX  767  1422.50        2.107504E+14   1.3274E-05   1.3275E-05   0.99991
FLUX  768  1427.50        2.100123E+14   1.3202E-05   1.3203E-05   0.99992
FLUX  769  1432.50        2.092792E+14   1.3131E-05   1.3133E-05   0.99991
FLUX  770  1437.50        2.085513E+14   1.3062E-05   1.3062E-05   0.99998
FLUX  771  1442.50        2.078284E+14   1.2935E-05   1.2993E-05   0.99553
FLUX  772  1447.50        2.071105E+14   1.2922E-05   1.2924E-05   0.99990
FLUX  773  1452.50        2.063976E+14   1.2826E-05   1.2855E-05   0.99770
FLUX  774  1457.00        2.057601E+14   1.2792E-05   1.2794E-05   0.99988
FLUX  775  1462.00        2.050564E+14   1.2744E-05   1.3590E-05   0.93775
FLUX  776  1467.50        2.042879E+14   1.2686E-05   1.3509E-05   0.93907
FLUX  777  1472.50        2.035942E+14   1.2621E-05   1.3435E-05   0.93936
FLUX  778  1477.50        2.029052E+14   1.2543E-05   1.3363E-05   0.93867
FLUX  779  1482.50        2.022209E+14   1.2490E-05   1.3291E-05   0.93978
FLUX  780  1487.50        2.015412E+14   1.2407E-05   1.3219E-05   0.93854
FLUX  781  1492.50        2.008660E+14   1.2350E-05   1.3148E-05   0.93929
FLUX  782  1497.50        2.001953E+14   1.2281E-05   1.3078E-05   0.93908
FLUX  783  1502.50        1.995291E+14   1.2157E-05   1.3008E-05   0.93459
FLUX  784  1507.50        1.988673E+14   1.2106E-05   1.2938E-05   0.93570
FLUX  785  1512.50        1.982099E+14   1.2031E-05   1.2870E-05   0.93487
FLUX  786  1517.50        1.975568E+14   1.1979E-05   1.2801E-05   0.93576
FLUX  787  1522.50        1.969080E+14   1.2087E-05   1.2734E-05   0.94918
FLUX  788  1527.50        1.962635E+14   1.1768E-05   1.2667E-05   0.92907
FLUX  789  1532.50        1.956232E+14   1.1744E-05   1.2600E-05   0.93208
FLUX  790  1537.50        1.949870E+14   1.1955E-05   1.2534E-05   0.95381
FLUX  791  1542.50        1.943549E+14   1.1527E-05   1.2468E-05   0.92453
FLUX  792  1547.50        1.937270E+14   1.1916E-05   1.2403E-05   0.96071
FLUX  793  1552.50        1.931031E+14   1.1922E-05   1.2338E-05   0.96624
FLUX  794  1557.50        1.924831E+14   1.1280E-05   1.2274E-05   0.91898
FLUX  795  1562.50        1.918672E+14   1.1944E-05   1.2210E-05   0.97815
FLUX  796  1567.50        1.912552E+14   1.1682E-05   1.2147E-05   0.96170
FLUX  797  1572.50        1.906471E+14   1.1204E-05   1.2084E-05   0.92713
FLUX  798  1577.50        1.900428E+14   1.1846E-05   1.2022E-05   0.98532
FLUX  799  1582.50        1.894423E+14   1.1811E-05   1.1960E-05   0.98754
FLUX  800  1587.50        1.888457E+14   1.0840E-05   1.1899E-05   0.91095
FLUX  801  1592.50        1.882527E+14   1.1668E-05   1.1838E-05   0.98564
FLUX  802  1597.50        1.876635E+14   1.1733E-05   1.1778E-05   0.99618
FLUX  803  1605.00        1.867866E+14   1.1593E-05   1.1688E-05   0.99189
FLUX  804  1615.00        1.856300E+14   1.1052E-05   1.1570E-05   0.95526
FLUX  805  1625.00        1.844877E+14   1.1452E-05   1.1453E-05   0.99992
FLUX  806  1635.00        1.833593E+14   1.1245E-05   1.1339E-05   0.99177
FLUX  807  1645.00        1.822447E+14   1.0738E-05   1.1225E-05   0.95661
FLUX  808  1655.00        1.811435E+14   1.1112E-05   1.1114E-05   0.99987
FLUX  809  1665.00        1.800556E+14   1.1002E-05   1.1004E-05   0.99985
FLUX  810  1675.00        1.789806E+14   1.0800E-05   1.0896E-05   0.99125
FLUX  811  1685.00        1.779184E+14   1.0322E-05   1.0789E-05   0.95668
FLUX  812  1695.00        1.768687E+14   1.0682E-05   1.0684E-05   0.99977
FLUX  813  1705.00        1.758314E+14   1.0576E-05   1.0580E-05   0.99957
FLUX  814  1715.00        1.748061E+14   1.0477E-05   1.0478E-05   0.99988
FLUX  815  1725.00        1.737928E+14   1.0366E-05   1.0378E-05   0.99890
FLUX  816  1735.00        1.727911E+14   9.7663E-06   1.0279E-05   0.95016
FLUX  817  1745.00        1.718009E+14   1.0147E-05   1.0181E-05   0.99668
FLUX  818  1755.00        1.708219E+14   1.0074E-05   1.0084E-05   0.99899
FLUX  819  1765.00        1.698541E+14   9.9792E-06   9.9893E-06   0.99898
FLUX  820  1775.00        1.688972E+14   9.8905E-06   9.8957E-06   0.99947
FLUX  821  1785.00        1.679510E+14   9.7979E-06   9.8034E-06   0.99944
FLUX  822  1795.00        1.670153E+14   9.7116E-06   9.7123E-06   0.99993
FLUX  823  1805.00        1.660900E+14   9.6032E-06   9.6225E-06   0.99799
FLUX  824  1815.00        1.651749E+14   9.0981E-06   9.5339E-06   0.95428
FLUX  825  1825.00        1.642699E+14   9.3911E-06   9.4466E-06   0.99413
FLUX  826  1835.00        1.633747E+14   9.3578E-06   9.3604E-06   0.99972
FLUX  827  1845.00        1.624892E+14   9.2742E-06   9.2754E-06   0.99987
FLUX  828  1855.00        1.616132E+14   9.1852E-06   9.1915E-06   0.99932
FLUX  829  1865.00        1.607466E+14   9.1003E-06   9.1087E-06   0.99907
FLUX  830  1875.00        1.598893E+14   8.5672E-06   9.0271E-06   0.94905
FLUX  831  1885.00        1.590411E+14   8.9278E-06   8.9466E-06   0.99790
FLUX  832  1895.00        1.582018E+14   8.8600E-06   8.8671E-06   0.99921
FLUX  833  1905.00        1.573714E+14   8.7885E-06   8.7887E-06   0.99997
FLUX  834  1915.00        1.565496E+14   8.7111E-06   8.7113E-06   0.99997
FLUX  835  1925.00        1.557364E+14   8.6342E-06   8.6350E-06   0.99990
FLUX  836  1935.00        1.549315E+14   8.5525E-06   8.5596E-06   0.99917
FLUX  837  1945.00        1.541350E+14   8.0877E-06   8.4853E-06   0.95314
FLUX  838  1955.00        1.533465E+14   8.4047E-06   8.4119E-06   0.99915
FLUX  839  1965.00        1.525662E+14   8.3392E-06   8.3394E-06   0.99997
FLUX  840  1975.00        1.517937E+14   8.2662E-06   8.2679E-06   0.99979
FLUX  841  1985.00        1.510290E+14   8.1972E-06   8.1973E-06   0.99998
FLUX  842  1995.00        1.502719E+14   8.1274E-06   8.1277E-06   0.99997
FLUX  843  2005.00        1.495224E+14   8.0587E-06   8.0588E-06   0.99999
FLUX  844  2015.00        1.487804E+14   7.9908E-06   7.9909E-06   0.99998
FLUX  845  2025.00        1.480457E+14   7.9234E-06   7.9238E-06   0.99995
FLUX  846  2035.00        1.473182E+14   7.8571E-06   7.8576E-06   0.99993
FLUX  847  2045.00        1.465978E+14   7.7921E-06   7.7922E-06   0.99999
FLUX  848  2055.00        1.458844E+14   7.7275E-06   7.7276E-06   0.99999
FLUX  849  2065.00        1.451780E+14   7.6629E-06   7.6639E-06   0.99988
FLUX  850  2075.00        1.444783E+14   7.6003E-06   7.6009E-06   0.99993
FLUX  851  2085.00        1.437854E+14   7.5385E-06   7.5387E-06   0.99998
FLUX  852  2095.00        1.430990E+14   7.4769E-06   7.4772E-06   0.99995
FLUX  853  2105.00        1.424192E+14   7.4157E-06   7.4166E-06   0.99989
FLUX  854  2115.00        1.417459E+14   7.3527E-06   7.3566E-06   0.99948
FLUX  855  2125.00        1.410788E+14   7.2930E-06   7.2974E-06   0.99940
FLUX  856  2135.00        1.404180E+14   7.2351E-06   7.2389E-06   0.99948
FLUX  857  2145.00        1.397634E+14   7.1800E-06   7.1811E-06   0.99985
FLUX  858  2155.00        1.391148E+14   7.1193E-06   7.1239E-06   0.99934
FLUX  859  2165.00        1.384723E+14   6.7453E-06   7.0675E-06   0.95442
FLUX  860  2175.00        1.378356E+14   6.9980E-06   7.0117E-06   0.99805
FLUX  861  2185.00        1.372048E+14   6.9560E-06   6.9566E-06   0.99992
FLUX  862  2195.00        1.365797E+14   6.9020E-06   6.9021E-06   0.99999
FLUX  863  2205.00        1.359603E+14   6.8475E-06   6.8482E-06   0.99990
FLUX  864  2215.00        1.353465E+14   6.7920E-06   6.7950E-06   0.99956
FLUX  865  2225.00        1.347382E+14   6.7423E-06   6.7424E-06   0.99999
FLUX  866  2235.00        1.341353E+14   6.6903E-06   6.6904E-06   0.99999
FLUX  867  2245.00        1.335379E+14   6.6390E-06   6.6390E-06   0.99999
FLUX  868  2255.00        1.329457E+14   6.5871E-06   6.5882E-06   0.99982
FLUX  869  2265.00        1.323587E+14   6.5379E-06   6.5380E-06   0.99997
FLUX  870  2275.00        1.317769E+14   6.4881E-06   6.4884E-06   0.99995
FLUX  871  2285.00        1.312002E+14   6.4451E-06   6.5962E-06   0.97710
FLUX  872  2295.00        1.306285E+14   6.3972E-06   6.5459E-06   0.97729
FLUX  873  2305.00        1.300618E+14   6.3510E-06   6.4961E-06   0.97767
FLUX  874  2315.00        1.295000E+14   6.3045E-06   6.4469E-06   0.97791
FLUX  875  2325.00        1.289430E+14   6.2586E-06   6.3983E-06   0.97817
FLUX  876  2335.00        1.283908E+14   6.2122E-06   6.3502E-06   0.97826
FLUX  877  2345.00        1.278433E+14   6.1657E-06   6.3027E-06   0.97826
FLUX  878  2355.00        1.273004E+14   6.1197E-06   6.2557E-06   0.97826
FLUX  879  2365.00        1.267622E+14   6.0722E-06   6.2092E-06   0.97793
FLUX  880  2375.00        1.262284E+14   6.0294E-06   6.1633E-06   0.97828
FLUX  881  2385.00        1.256992E+14   5.9833E-06   6.1178E-06   0.97800
FLUX  882  2395.00        1.251743E+14   5.9372E-06   6.0729E-06   0.97766
FLUX  883  2405.00        1.246538E+14   5.8859E-06   6.0285E-06   0.97635
FLUX  884  2415.00        1.241377E+14   5.8325E-06   5.9845E-06   0.97459
FLUX  885  2425.00        1.236258E+14   5.8367E-06   5.9410E-06   0.98243
FLUX  886  2435.00        1.231181E+14   5.7481E-06   5.8980E-06   0.97457
FLUX  887  2445.00        1.226145E+14   5.6956E-06   5.8555E-06   0.97270
FLUX  888  2455.00        1.221151E+14   5.7162E-06   5.8134E-06   0.98328
FLUX  889  2465.00        1.216197E+14   5.6360E-06   5.7717E-06   0.97648
FLUX  890  2475.00        1.211283E+14   5.6001E-06   5.7306E-06   0.97723
FLUX  891  2485.00        1.206408E+14   5.6284E-06   5.6898E-06   0.98920
FLUX  892  2495.00        1.201573E+14   5.4324E-06   5.6495E-06   0.96157
FLUX  893  2505.00        1.196776E+14   5.5570E-06   5.6096E-06   0.99063
FLUX  894  2515.00        1.192018E+14   5.5230E-06   5.5701E-06   0.99154
FLUX  895  2525.00        1.187297E+14   5.2995E-06   5.5310E-06   0.95814
FLUX  896  2535.00        1.182613E+14   5.4477E-06   5.4924E-06   0.99186
FLUX  897  2545.00        1.177967E+14   5.4217E-06   5.4542E-06   0.99405
FLUX  898  2555.00        1.173356E+14   5.3779E-06   5.4163E-06   0.99291
FLUX  899  2565.00        1.168782E+14   5.1359E-06   5.3789E-06   0.95483
FLUX  900  2575.00        1.164243E+14   5.3139E-06   5.3418E-06   0.99477
FLUX  901  2585.00        1.159739E+14   5.2854E-06   5.3051E-06   0.99629
FLUX  902  2595.00        1.155270E+14   5.2530E-06   5.2688E-06   0.99700
FLUX  903  2605.00        1.150835E+14   5.1949E-06   5.2329E-06   0.99274
FLUX  904  2615.00        1.146434E+14   4.9545E-06   5.1973E-06   0.95327
FLUX  905  2625.00        1.142067E+14   4.8914E-06   5.1621E-06   0.94756
FLUX  906  2635.00        1.137732E+14   5.1072E-06   5.1273E-06   0.99607
FLUX  907  2645.00        1.133431E+14   5.0923E-06   5.0928E-06   0.99991
FLUX  908  2655.00        1.129162E+14   5.0578E-06   5.0586E-06   0.99983
FLUX  909  2665.00        1.124925E+14   5.0139E-06   5.0248E-06   0.99783
FLUX  910  2675.00        1.120720E+14   4.7485E-06   4.9914E-06   0.95135
FLUX  911  2685.00        1.116546E+14   4.9486E-06   4.9582E-06   0.99805
FLUX  912  2695.00        1.112403E+14   4.9253E-06   4.9254E-06   0.99998
FLUX  913  2705.00        1.108290E+14   4.8924E-06   4.8930E-06   0.99988
FLUX  914  2715.00        1.104208E+14   4.8608E-06   4.8608E-06   0.99999
FLUX  915  2725.00        1.100156E+14   4.8289E-06   4.8290E-06   0.99999
FLUX  916  2735.00        1.096133E+14   4.7974E-06   4.7975E-06   0.99998
FLUX  917  2745.00        1.092140E+14   4.7644E-06   4.7663E-06   0.99961
FLUX  918  2755.00        1.088176E+14   4.5335E-06   4.7354E-06   0.95736
FLUX  919  2765.00        1.084241E+14   4.6597E-06   4.7048E-06   0.99042
FLUX  920  2775.00        1.080333E+14   4.6744E-06   4.6745E-06   0.99998
FLUX  921  2785.00        1.076454E+14   4.6444E-06   4.6444E-06   0.99999
FLUX  922  2795.00        1.072603E+14   4.6147E-06   4.6147E-06   1.00000
FLUX  923  2805.00        1.068779E+14   4.5853E-06   4.5853E-06   1.00000
FLUX  924  2815.00        1.064982E+14   4.5561E-06   4.5561E-06   0.99998
FLUX  925  2825.00        1.061212E+14   4.5272E-06   4.5273E-06   0.99998
FLUX  926  2835.00        1.057469E+14   4.4986E-06   4.4987E-06   1.00000
FLUX  927  2845.00        1.053752E+14   4.4698E-06   4.4703E-06   0.99989
FLUX  928  2855.00        1.050061E+14   4.4422E-06   4.4423E-06   0.99998
FLUX  929  2865.00        1.046396E+14   4.3936E-06   4.4145E-06   0.99528
FLUX  930  2875.00        1.042757E+14   4.1859E-06   4.3869E-06   0.95419
FLUX  931  2885.00        1.039142E+14   4.3562E-06   4.3596E-06   0.99922
FLUX  932  2895.00        1.035553E+14   4.3309E-06   4.3326E-06   0.99961
FLUX  933  2905.00        1.031988E+14   4.3058E-06   4.3058E-06   0.99999
FLUX  934  2915.00        1.028448E+14   4.2781E-06   4.2793E-06   0.99973
FLUX  935  2925.00        1.024932E+14   4.2528E-06   4.2530E-06   0.99996
FLUX  936  2935.00        1.021440E+14   4.2269E-06   4.2270E-06   0.99998
FLUX  937  2945.00        1.017971E+14   4.2011E-06   4.2011E-06   0.99999
FLUX  938  2955.00        1.014526E+14   4.1756E-06   4.1756E-06   1.00000
FLUX  939  2965.00        1.011105E+14   4.1502E-06   4.1502E-06   0.99999
FLUX  940  2975.00        1.007706E+14   4.1251E-06   4.1251E-06   0.99999
FLUX  941  2985.00        1.004330E+14   4.1002E-06   4.1002E-06   1.00000
FLUX  942  2995.00        1.000977E+14   4.0755E-06   4.0756E-06   0.99998
FLUX  943  3005.00        9.976456E+13   4.0510E-06   4.0511E-06   0.99996
FLUX  944  3015.00        9.943367E+13   4.0267E-06   4.0269E-06   0.99994
FLUX  945  3025.00        9.910496E+13   4.0021E-06   4.0029E-06   0.99980
FLUX  946  3035.00        9.877842E+13   3.8395E-06   3.9791E-06   0.96492
FLUX  947  3045.00        9.845402E+13   3.8962E-06   3.9556E-06   0.98499
FLUX  948  3055.00        9.813175E+13   3.9318E-06   3.9322E-06   0.99989
FLUX  949  3065.00        9.781158E+13   3.9090E-06   3.9090E-06   0.99998
FLUX  950  3075.00        9.749350E+13   3.8859E-06   3.8861E-06   0.99995
FLUX  951  3085.00        9.717747E+13   3.8619E-06   3.8633E-06   0.99965
FLUX  952  3095.00        9.686349E+13   3.8405E-06   3.8408E-06   0.99993
FLUX  953  3105.00        9.655153E+13   3.8180E-06   3.8184E-06   0.99990
FLUX  954  3115.00        9.624157E+13   3.7956E-06   3.7962E-06   0.99983
FLUX  955  3125.00        9.593360E+13   3.7737E-06   3.7743E-06   0.99985
FLUX  956  3135.00        9.562759E+13   3.7521E-06   3.7525E-06   0.99991
FLUX  957  3145.00        9.532353E+13   3.7301E-06   3.7309E-06   0.99980
FLUX  958  3155.00        9.502139E+13   3.7094E-06   3.7095E-06   0.99997
FLUX  959  3165.00        9.472117E+13   3.6882E-06   3.6883E-06   0.99999
FLUX  960  3175.00        9.442283E+13   3.6668E-06   3.6672E-06   0.99990
FLUX  961  3185.00        9.412637E+13   3.6463E-06   3.6464E-06   0.99999
FLUX  962  3195.00        9.383177E+13   3.6256E-06   3.6257E-06   0.99998
FLUX  963  3210.00        9.339330E+13   3.5949E-06   3.5950E-06   0.99998
FLUX  964  3230.00        9.281502E+13   3.5546E-06   3.5547E-06   1.00000
FLUX  965  3250.00        9.224385E+13   3.5150E-06   3.5150E-06   0.99999
FLUX  966  3270.00        9.167966E+13   3.4760E-06   3.4760E-06   0.99997
FLUX  967  3290.00        9.112234E+13   3.3435E-06   3.4736E-06   0.96255
FLUX  968  3310.00        9.057175E+13   3.3808E-06   3.4353E-06   0.98415
FLUX  969  3330.00        9.002778E+13   3.3539E-06   3.3976E-06   0.98714
FLUX  970  3350.00        8.949030E+13   3.3186E-06   3.3605E-06   0.98750
FLUX  971  3370.00        8.895920E+13   3.2823E-06   3.3241E-06   0.98742
FLUX  972  3390.00        8.843437E+13   3.2481E-06   3.2882E-06   0.98780
FLUX  973  3410.00        8.791569E+13   3.2138E-06   3.2529E-06   0.98796
FLUX  974  3430.00        8.740306E+13   3.1803E-06   3.2182E-06   0.98822
FLUX  975  3450.00        8.689638E+13   3.1471E-06   3.1840E-06   0.98841
FLUX  976  3470.00        8.639553E+13   3.1146E-06   3.1504E-06   0.98863
FLUX  977  3490.00        8.590043E+13   3.0816E-06   3.1173E-06   0.98853
FLUX  978  3510.00        8.541097E+13   3.0504E-06   3.0847E-06   0.98887
FLUX  979  3530.00        8.492705E+13   3.0190E-06   3.0527E-06   0.98898
FLUX  980  3550.00        8.444859E+13   2.9853E-06   3.0211E-06   0.98815
FLUX  981  3570.00        8.397549E+13   2.9520E-06   2.9901E-06   0.98728
FLUX  982  3590.00        8.350766E+13   2.9361E-06   2.9595E-06   0.99210
FLUX  983  3610.00        8.304501E+13   2.8892E-06   2.9293E-06   0.98630
FLUX  984  3630.00        8.258747E+13   2.8793E-06   2.8997E-06   0.99297
FLUX  985  3650.00        8.213493E+13   2.8273E-06   2.8704E-06   0.98495
FLUX  986  3670.00        8.168733E+13   2.8247E-06   2.8417E-06   0.99402
FLUX  987  3690.00        8.124458E+13   2.7646E-06   2.8133E-06   0.98267
FLUX  988  3710.00        8.080660E+13   2.7695E-06   2.7854E-06   0.99429
FLUX  989  3730.00        8.037332E+13   2.7178E-06   2.7579E-06   0.98547
FLUX  990  3750.00        7.994467E+13   2.6366E-06   2.7308E-06   0.96553
FLUX  991  3770.00        7.952056E+13   2.6918E-06   2.7041E-06   0.99546
FLUX  992  3790.00        7.910092E+13   2.6675E-06   2.6777E-06   0.99619
FLUX  993  3810.00        7.868570E+13   2.6115E-06   2.6518E-06   0.98479
FLUX  994  3830.00        7.827480E+13   2.5994E-06   2.6262E-06   0.98979
FLUX  995  3850.00        7.786818E+13   2.5936E-06   2.6010E-06   0.99715
FLUX  996  3870.00        7.746576E+13   2.5692E-06   2.5762E-06   0.99727
FLUX  997  3890.00        7.706748E+13   2.5434E-06   2.5517E-06   0.99675
FLUX  998  3910.00        7.667327E+13   2.4681E-06   2.5276E-06   0.97647
FLUX  999  3930.00        7.628308E+13   2.5009E-06   2.5038E-06   0.99886
FLUX 1000  3950.00        7.589684E+13   2.4799E-06   2.4803E-06   0.99980
FLUX 1001  3970.00        7.551448E+13   2.4571E-06   2.4572E-06   0.99997
FLUX 1002  3990.00        7.513596E+13   2.4336E-06   2.4344E-06   0.99966
FLUX 1003  4010.00        7.476122E+13   2.3905E-06   2.4119E-06   0.99111
FLUX 1004  4030.00        7.439020E+13   2.3474E-06   2.3897E-06   0.98230
FLUX 1005  4050.00        7.402284E+13   2.3113E-06   2.3678E-06   0.97612
FLUX 1006  4070.00        7.365909E+13   2.3452E-06   2.3463E-06   0.99955
FLUX 1007  4090.00        7.329890E+13   2.3247E-06   2.3250E-06   0.99988
FLUX 1008  4110.00        7.294221E+13   2.3039E-06   2.3040E-06   0.99999
FLUX 1009  4130.00        7.258898E+13   2.2832E-06   2.2833E-06   0.99998
FLUX 1010  4150.00        7.223916E+13   2.2623E-06   2.2628E-06   0.99978
FLUX 1011  4170.00        7.189269E+13   2.1848E-06   2.2427E-06   0.97422
FLUX 1012  4190.00        7.154952E+13   2.2217E-06   2.2228E-06   0.99950
FLUX 1013  4210.00        7.120962E+13   2.2029E-06   2.2031E-06   0.99989
FLUX 1014  4230.00        7.087293E+13   2.1838E-06   2.1838E-06   1.00000
FLUX 1015  4250.00        7.053941E+13   2.1647E-06   2.1647E-06   0.99999
FLUX 1016  4270.00        7.020902E+13   2.1458E-06   2.1458E-06   1.00000
FLUX 1017  4290.00        6.988170E+13   2.1272E-06   2.1272E-06   1.00000
FLUX 1018  4310.00        6.955742E+13   2.1088E-06   2.1088E-06   0.99999
FLUX 1019  4330.00        6.923614E+13   2.0907E-06   2.0907E-06   0.99999
FLUX 1020  4350.00        6.891782E+13   2.0727E-06   2.0728E-06   0.99998
FLUX 1021  4370.00        6.860240E+13   2.0072E-06   2.0551E-06   0.97670
FLUX 1022  4390.00        6.828986E+13   2.0312E-06   2.0376E-06   0.99686
FLUX 1023  4410.00        6.798016E+13   2.0203E-06   2.0204E-06   0.99997
FLUX 1024  4430.00        6.767325E+13   2.0034E-06   2.0034E-06   0.99999
FLUX 1025  4450.00        6.736910E+13   1.9866E-06   1.9866E-06   0.99998
FLUX 1026  4470.00        6.706767E+13   1.9739E-06   1.9800E-06   0.99690
FLUX 1027  4490.00        6.676893E+13   1.9535E-06   1.9635E-06   0.99490
FLUX 1028  4510.00        6.647284E+13   1.9375E-06   1.9472E-06   0.99501
FLUX 1029  4530.00        6.617936E+13   1.9215E-06   1.9311E-06   0.99504
FLUX 1030  4550.00        6.588846E+13   1.9059E-06   1.9152E-06   0.99513
FLUX 1031  4570.00        6.560011E+13   1.8903E-06   1.8995E-06   0.99516
FLUX 1032  4590.00        6.531427E+13   1.8749E-06   1.8840E-06   0.99517
FLUX 1033  4610.00        6.503091E+13   1.8597E-06   1.8686E-06   0.99519
FLUX 1034  4630.00        6.475000E+13   1.8437E-06   1.8535E-06   0.99469
FLUX 1035  4650.00        6.447151E+13   1.7835E-06   1.8386E-06   0.97005
FLUX 1036  4670.00        6.419540E+13   1.7671E-06   1.8238E-06   0.96894
FLUX 1037  4690.00        6.392164E+13   1.7981E-06   1.8092E-06   0.99388
FLUX 1038  4710.00        6.365021E+13   1.7864E-06   1.7948E-06   0.99531
FLUX 1039  4730.00        6.338108E+13   1.7725E-06   1.7805E-06   0.99548
FLUX 1040  4750.00        6.311421E+13   1.7584E-06   1.7664E-06   0.99545
FLUX 1041  4770.00        6.284958E+13   1.7446E-06   1.7525E-06   0.99547
FLUX 1042  4790.00        6.258716E+13   1.7308E-06   1.7388E-06   0.99542
FLUX 1043  4810.00        6.232692E+13   1.7173E-06   1.7252E-06   0.99540
FLUX 1044  4830.00        6.206884E+13   1.7048E-06   1.7118E-06   0.99595
FLUX 1045  4850.00        6.181289E+13   1.6902E-06   1.6985E-06   0.99511
FLUX 1046  4870.00        6.155903E+13   1.6787E-06   1.6854E-06   0.99604
FLUX 1047  4890.00        6.130726E+13   1.6642E-06   1.6724E-06   0.99510
FLUX 1048  4910.00        6.105754E+13   1.6532E-06   1.6596E-06   0.99618
FLUX 1049  4930.00        6.080984E+13   1.6380E-06   1.6469E-06   0.99461
FLUX 1050  4950.00        6.056414E+13   1.6291E-06   1.6344E-06   0.99679
FLUX 1051  4970.00        6.032042E+13   1.6115E-06   1.6220E-06   0.99355
FLUX 1052  4990.00        6.007866E+13   1.6048E-06   1.6097E-06   0.99692
FLUX 1053  5010.00        5.983882E+13   1.5924E-06   1.5976E-06   0.99674
FLUX 1054  5030.00        5.960089E+13   1.5740E-06   1.5856E-06   0.99265
FLUX 1055  5050.00        5.936485E+13   1.5696E-06   1.5738E-06   0.99731
FLUX 1056  5070.00        5.913067E+13   1.5578E-06   1.5621E-06   0.99727
FLUX 1057  5090.00        5.889833E+13   1.5364E-06   1.5505E-06   0.99091
FLUX 1058  5110.00        5.866781E+13   1.5329E-06   1.5391E-06   0.99600
FLUX 1059  5130.00        5.843908E+13   1.4850E-06   1.5277E-06   0.97200
FLUX 1060  5150.00        5.821214E+13   1.5114E-06   1.5165E-06   0.99660
FLUX 1061  5170.00        5.798694E+13   1.4888E-06   1.5055E-06   0.98894
FLUX 1062  5190.00        5.776349E+13   1.4910E-06   1.4945E-06   0.99764
FLUX 1063  5210.00        5.754175E+13   1.4834E-06   1.4837E-06   0.99979
FLUX 1064  5230.00        5.732170E+13   1.4727E-06   1.4730E-06   0.99980
FLUX 1065  5250.00        5.710333E+13   1.4569E-06   1.4624E-06   0.99629
FLUX 1066  5270.00        5.688662E+13   1.4340E-06   1.4519E-06   0.98768
FLUX 1067  5290.00        5.667155E+13   1.4406E-06   1.4415E-06   0.99940
FLUX 1068  5310.00        5.645810E+13   1.4312E-06   1.4312E-06   0.99997
FLUX 1069  5330.00        5.624625E+13   1.4210E-06   1.4211E-06   0.99997
FLUX 1070  5350.00        5.603598E+13   1.4110E-06   1.4110E-06   0.99997
FLUX 1071  5370.00        5.582728E+13   1.3870E-06   1.4011E-06   0.98996
FLUX 1072  5390.00        5.562013E+13   1.3794E-06   1.3912E-06   0.99150
FLUX 1073  5410.00        5.541451E+13   1.3815E-06   1.3815E-06   0.99997
FLUX 1074  5430.00        5.521041E+13   1.3718E-06   1.3719E-06   0.99997
FLUX 1075  5450.00        5.500780E+13   1.3622E-06   1.3623E-06   0.99993
FLUX 1076  5470.00        5.480667E+13   1.3528E-06   1.3529E-06   0.99993
FLUX 1077  5490.00        5.460701E+13   1.3435E-06   1.3436E-06   0.99998
FLUX 1078  5510.00        5.440880E+13   1.3311E-06   1.3343E-06   0.99759
FLUX 1079  5530.00        5.421203E+13   1.3004E-06   1.3252E-06   0.98132
FLUX 1080  5550.00        5.401667E+13   1.3160E-06   1.3161E-06   0.99990
FLUX 1081  5570.00        5.382271E+13   1.3071E-06   1.3072E-06   0.99992
FLUX 1082  5590.00        5.363014E+13   1.2982E-06   1.2983E-06   0.99990
FLUX 1083  5610.00        5.343895E+13   1.2895E-06   1.2895E-06   0.99997
FLUX 1084  5630.00        5.324911E+13   1.2808E-06   1.2809E-06   0.99998
FLUX 1085  5650.00        5.306062E+13   1.2722E-06   1.2723E-06   0.99999
FLUX 1086  5670.00        5.287346E+13   1.2637E-06   1.2637E-06   0.99998
FLUX 1087  5690.00        5.268761E+13   1.2547E-06   1.2553E-06   0.99954
FLUX 1088  5710.00        5.250306E+13   1.2189E-06   1.2470E-06   0.97752
FLUX 1089  5730.00        5.231981E+13   1.2373E-06   1.2387E-06   0.99888
FLUX 1090  5750.00        5.213783E+13   1.2305E-06   1.2305E-06   0.99999
FLUX 1091  5770.00        5.195711E+13   1.2224E-06   1.2224E-06   0.99999
FLUX 1092  5790.00        5.177763E+13   1.2144E-06   1.2144E-06   0.99998
FLUX 1093  5810.00        5.159940E+13   1.2064E-06   1.2065E-06   0.99999
FLUX 1094  5830.00        5.142238E+13   1.1978E-06   1.1986E-06   0.99935
FLUX 1095  5850.00        5.124658E+13   1.1904E-06   1.1940E-06   0.99692
FLUX 1096  5870.00        5.107198E+13   1.1825E-06   1.1863E-06   0.99682
FLUX 1097  5890.00        5.089856E+13   1.1732E-06   1.1786E-06   0.99537
FLUX 1098  5910.00        5.072631E+13   1.1372E-06   1.1710E-06   0.97107
FLUX 1099  5930.00        5.055523E+13   1.1586E-06   1.1635E-06   0.99575
FLUX 1100  5950.00        5.038529E+13   1.1275E-06   1.1561E-06   0.97526
FLUX 1101  5970.00        5.021650E+13   1.1397E-06   1.1487E-06   0.99217
FLUX 1102  5990.00        5.004883E+13   1.1380E-06   1.1414E-06   0.99705
FLUX 1103  6010.00        4.988228E+13   1.1311E-06   1.1341E-06   0.99732
FLUX 1104  6030.00        4.971683E+13   1.1241E-06   1.1270E-06   0.99742
FLUX 1105  6050.00        4.955248E+13   1.1170E-06   1.1199E-06   0.99747
FLUX 1106  6070.00        4.938921E+13   1.1101E-06   1.1128E-06   0.99750
FLUX 1107  6090.00        4.922701E+13   1.1031E-06   1.1059E-06   0.99753
FLUX 1108  6110.00        4.906588E+13   1.0962E-06   1.0990E-06   0.99753
FLUX 1109  6130.00        4.890579E+13   1.0895E-06   1.0921E-06   0.99758
FLUX 1110  6150.00        4.874675E+13   1.0827E-06   1.0853E-06   0.99760
FLUX 1111  6170.00        4.858874E+13   1.0761E-06   1.0786E-06   0.99763
FLUX 1112  6190.00        4.843174E+13   1.0694E-06   1.0720E-06   0.99764
FLUX 1113  6210.00        4.827576E+13   1.0629E-06   1.0654E-06   0.99764
FLUX 1114  6230.00        4.812079E+13   1.0563E-06   1.0588E-06   0.99759
FLUX 1115  6250.00        4.796680E+13   1.0497E-06   1.0524E-06   0.99746
FLUX 1116  6270.00        4.781380E+13   1.0424E-06   1.0460E-06   0.99660
FLUX 1117  6290.00        4.766176E+13   1.0103E-06   1.0396E-06   0.97179
FLUX 1118  6310.00        4.751070E+13   1.0289E-06   1.0333E-06   0.99568
FLUX 1119  6330.00        4.736058E+13   1.0246E-06   1.0271E-06   0.99757
FLUX 1120  6350.00        4.721142E+13   1.0183E-06   1.0209E-06   0.99748
FLUX 1121  6370.00        4.706319E+13   1.0126E-06   1.0148E-06   0.99786
FLUX 1122  6390.00        4.691588E+13   1.0062E-06   1.0087E-06   0.99754
FLUX 1123  6420.00        4.669665E+13   9.9814E-07   9.9968E-07   0.99846
FLUX 1124  6460.00        4.640751E+13   9.8636E-07   9.8786E-07   0.99849
FLUX 1125  6500.00        4.612192E+13   9.7420E-07   9.7624E-07   0.99791
FLUX 1126  6540.00        4.583983E+13   9.6416E-07   9.6483E-07   0.99931
FLUX 1127  6580.00        4.556117E+13   9.5212E-07   9.5361E-07   0.99843
FLUX 1128  6620.00        4.528588E+13   9.4107E-07   9.4259E-07   0.99838
FLUX 1129  6660.00        4.501389E+13   9.3074E-07   9.3176E-07   0.99890
FLUX 1130  6700.00        4.474515E+13   9.2038E-07   9.2112E-07   0.99920
FLUX 1131  6740.00        4.447960E+13   9.0743E-07   9.1065E-07   0.99647
FLUX 1132  6780.00        4.421718E+13   8.8636E-07   9.0036E-07   0.98445
FLUX 1133  6820.00        4.395784E+13   8.8712E-07   8.9025E-07   0.99648
FLUX 1134  6860.00        4.370153E+13   8.8020E-07   8.8030E-07   0.99988
FLUX 1135  6900.00        4.344819E+13   8.7044E-07   8.7052E-07   0.99991
FLUX 1136  6940.00        4.319777E+13   8.5726E-07   8.6091E-07   0.99577
FLUX 1137  6980.00        4.295021E+13   8.5135E-07   8.5145E-07   0.99989
FLUX 1138  7020.00        4.270548E+13   8.4212E-07   8.4214E-07   0.99997
FLUX 1139  7060.00        4.246353E+13   8.3281E-07   8.3299E-07   0.99979
FLUX 1140  7100.00        4.222430E+13   8.1965E-07   8.2398E-07   0.99474
FLUX 1141  7140.00        4.198775E+13   8.1505E-07   8.1512E-07   0.99991
FLUX 1142  7180.00        4.175383E+13   8.0635E-07   8.0640E-07   0.99993
FLUX 1143  7220.00        4.152251E+13   7.9773E-07   7.9782E-07   0.99989
FLUX 1144  7260.00        4.129373E+13   7.8433E-07   7.8938E-07   0.99361
FLUX 1145  7300.00        4.106747E+13   7.8054E-07   7.8107E-07   0.99932
FLUX 1146  7340.00        4.084366E+13   7.7287E-07   7.7289E-07   0.99998
FLUX 1147  7380.00        4.062229E+13   7.6419E-07   7.6483E-07   0.99916
FLUX 1148  7420.00        4.040330E+13   7.5504E-07   7.5693E-07   0.99750
FLUX 1149  7460.00        4.018666E+13   7.3633E-07   7.4915E-07   0.98288
FLUX 1150  7500.00        3.997233E+13   7.1882E-07   7.4149E-07   0.96943
FLUX 1151  7540.00        3.976028E+13   7.3164E-07   7.3395E-07   0.99685
FLUX 1152  7580.00        3.955046E+13   7.2546E-07   7.2652E-07   0.99854
FLUX 1153  7620.00        3.934285E+13   7.1913E-07   7.1920E-07   0.99990
FLUX 1154  7660.00        3.913740E+13   7.1192E-07   7.1199E-07   0.99990
FLUX 1155  7700.00        3.893409E+13   7.0487E-07   7.0489E-07   0.99997
FLUX 1156  7740.00        3.873288E+13   6.9730E-07   6.9790E-07   0.99914
FLUX 1157  7780.00        3.853374E+13   6.8291E-07   6.9101E-07   0.98829
FLUX 1158  7820.00        3.833664E+13   6.8377E-07   6.8421E-07   0.99935
FLUX 1159  7860.00        3.814154E+13   6.7750E-07   6.7752E-07   0.99997
FLUX 1160  7900.00        3.794842E+13   6.7091E-07   6.7093E-07   0.99997
FLUX 1161  7940.00        3.775724E+13   6.6441E-07   6.6443E-07   0.99997
FLUX 1162  7980.00        3.756798E+13   6.5800E-07   6.5802E-07   0.99997
FLUX 1163  8020.00        3.738061E+13   6.5169E-07   6.5171E-07   0.99997
FLUX 1164  8060.00        3.719510E+13   6.4547E-07   6.4549E-07   0.99997
FLUX 1165  8100.00        3.701142E+13   6.3933E-07   6.3935E-07   0.99997
FLUX 1166  8140.00        3.682955E+13   6.2572E-07   6.3330E-07   0.98803
FLUX 1167  8180.00        3.664945E+13   6.2564E-07   6.2734E-07   0.99728
FLUX 1168  8220.00        3.647111E+13   6.2144E-07   6.2146E-07   0.99997
FLUX 1169  8260.00        3.629449E+13   6.1565E-07   6.1566E-07   0.99997
FLUX 1170  8300.00        3.611958E+13   6.0989E-07   6.0995E-07   0.99990
FLUX 1171  8340.00        3.594634E+13   6.0426E-07   6.0431E-07   0.99992
FLUX 1172  8380.00        3.577476E+13   5.9849E-07   5.9875E-07   0.99957
FLUX 1173  8420.00        3.560481E+13   5.9321E-07   5.9327E-07   0.99991
FLUX 1174  8460.00        3.543647E+13   5.8784E-07   5.8786E-07   0.99997
FLUX 1175  8500.00        3.526971E+13   5.8214E-07   5.8252E-07   0.99935
FLUX 1176  8540.00        3.510451E+13   5.7724E-07   5.7726E-07   0.99998
FLUX 1177  8580.00        3.494085E+13   5.7150E-07   5.7206E-07   0.99902
FLUX 1178  8620.00        3.477871E+13   5.6683E-07   5.6694E-07   0.99980
FLUX 1179  8660.00        3.461807E+13   5.5331E-07   5.6188E-07   0.98473
FLUX 1180  8700.00        3.445891E+13   5.5615E-07   5.5689E-07   0.99866
FLUX 1181  8740.00        3.430120E+13   5.4685E-07   5.5197E-07   0.99072
FLUX 1182  8780.00        3.414493E+13   5.4262E-07   5.4711E-07   0.99179
FLUX 1183  8820.00        3.399008E+13   5.4231E-07   5.4232E-07   0.99998
FLUX 1184  8860.00        3.383663E+13   5.3657E-07   5.3759E-07   0.99810
FLUX 1185  8900.00        3.368455E+13   5.3290E-07   5.3292E-07   0.99997
FLUX 1186  8940.00        3.353384E+13   5.2830E-07   5.2831E-07   0.99999
FLUX 1187  8980.00        3.338447E+13   5.2375E-07   5.2376E-07   0.99998
FLUX 1188  9020.00        3.323642E+13   5.1905E-07   5.1926E-07   0.99959
FLUX 1189  9060.00        3.308968E+13   5.1370E-07   5.1483E-07   0.99781
FLUX 1190  9100.00        3.294423E+13   5.1044E-07   5.1045E-07   0.99997
FLUX 1191  9140.00        3.280005E+13   5.0611E-07   5.0612E-07   0.99997
FLUX 1192  9180.00        3.265714E+13   5.0184E-07   5.0186E-07   0.99997
FLUX 1193  9220.00        3.251546E+13   4.9762E-07   4.9764E-07   0.99997
FLUX 1194  9260.00        3.237500E+13   4.9118E-07   4.9348E-07   0.99536
FLUX 1195  9300.00        3.223575E+13   4.8935E-07   4.8937E-07   0.99997
FLUX 1196  9340.00        3.209770E+13   4.8529E-07   4.8531E-07   0.99997
FLUX 1197  9380.00        3.196082E+13   4.7381E-07   4.8129E-07   0.98446
FLUX 1198  9420.00        3.182511E+13   4.7622E-07   4.7733E-07   0.99768
FLUX 1199  9460.00        3.169054E+13   4.7341E-07   4.7342E-07   0.99997
FLUX 1200  9500.00        3.155711E+13   4.6850E-07   4.6956E-07   0.99775
FLUX 1201  9540.00        3.142479E+13   4.6402E-07   4.6574E-07   0.99630
FLUX 1202  9580.00        3.129358E+13   4.6196E-07   4.6197E-07   0.99998
FLUX 1203  9620.00        3.116346E+13   4.5823E-07   4.5824E-07   0.99998
FLUX 1204  9660.00        3.103442E+13   4.5455E-07   4.5456E-07   0.99998
FLUX 1205  9700.00        3.090644E+13   4.5091E-07   4.5092E-07   0.99998
FLUX 1206  9740.00        3.077952E+13   4.4732E-07   4.4733E-07   0.99998
FLUX 1207  9780.00        3.065363E+13   4.4376E-07   4.4377E-07   0.99998
FLUX 1208  9820.00        3.052877E+13   4.3971E-07   4.4027E-07   0.99874
FLUX 1209  9860.00        3.040492E+13   4.3399E-07   4.3680E-07   0.99358
FLUX 1210  9900.00        3.028207E+13   4.3336E-07   4.3337E-07   0.99998
FLUX 1211  9940.00        3.016021E+13   4.2997E-07   4.2998E-07   0.99998
FLUX 1212  9980.00        3.003933E+13   4.2662E-07   4.2663E-07   0.99998
FLUX 1213 10020.00        2.991941E+13   4.2331E-07   4.2332E-07   0.99998
FLUX 1214 20000.00        1.498963E+13   1.0856E-07   1.0856E-07   1.00000
FLUX 1215 40000.00        7.494813E+12   2.7104E-08   2.7104E-08   1.00000
FLUX 1216 60000.00        4.996542E+12   1.1957E-08   1.1957E-08   1.00000
FLUX 1217 80000.00        3.747406E+12   6.6762E-09   6.6762E-09   1.00000
FLUX 1218100000.00        2.997925E+12   4.2439E-09   4.2439E-09   1.00000
FLUX 1219120000.00        2.498271E+12   2.9296E-09   2.9296E-09   1.00000
FLUX 1220140000.00        2.141375E+12   2.1410E-09   2.1410E-09   1.00000
FLUX 1221160000.00        1.873703E+12   1.6314E-09   1.6314E-09   1.00000
FLUX
