TEFF   6500.  GRAVITY 0.50000 LTE 
TITLE  [-0.5] N(He)/Ntot=0.0784 VTURB=2.0  L/H=1.25 NOVER                       
FLUX    1     9.09        3.298047E+16   1.0000E-50   0.0000E+00   1.00000
FLUX    2     9.35        3.206337E+16   1.0000E-50   0.0000E+00   1.00000
FLUX    3     9.61        3.119589E+16   1.0000E-50   0.0000E+00   1.00000
FLUX    4     9.77        3.068501E+16   1.0000E-50   0.0000E+00   1.00000
FLUX    5     9.96        3.009965E+16   1.0000E-50   0.0000E+00   1.00000
FLUX    6    10.20        2.939142E+16   1.0000E-50   0.0000E+00   1.00000
FLUX    7    10.38        2.888174E+16   1.0000E-50   0.0000E+00   1.00000
FLUX    8    10.56        2.838944E+16   1.0000E-50   0.0000E+00   1.00000
FLUX    9    10.77        2.783589E+16   1.0000E-50   0.0000E+00   1.00000
FLUX   10    11.04        2.715512E+16   1.0000E-50   0.0000E+00   1.00000
FLUX   11    11.40        2.629759E+16   1.0000E-50   0.0000E+00   1.00000
FLUX   12    11.78        2.544928E+16   1.0000E-50   0.0000E+00   1.00000
FLUX   13    12.13        2.471496E+16   1.0000E-50   0.0000E+00   1.00000
FLUX   14    12.48        2.402183E+16   1.0000E-50   0.0000E+00   1.00000
FLUX   15    12.71        2.358714E+16   1.0000E-50   0.0000E+00   1.00000
FLUX   16    12.84        2.334833E+16   1.0000E-50   0.0000E+00   1.00000
FLUX   17    13.05        2.297261E+16   1.0000E-50   0.0000E+00   1.00000
FLUX   18    13.24        2.264294E+16   1.0000E-50   0.0000E+00   1.00000
FLUX   19    13.39        2.238928E+16   1.0000E-50   0.0000E+00   1.00000
FLUX   20    13.66        2.194674E+16   1.0000E-50   0.0000E+00   1.00000
FLUX   21    13.98        2.144438E+16   1.0000E-50   0.0000E+00   1.00000
FLUX   22    14.33        2.092062E+16   1.0000E-50   0.0000E+00   1.00000
FLUX   23    14.72        2.036634E+16   1.0000E-50   0.0000E+00   1.00000
FLUX   24    15.10        1.985381E+16   1.0000E-50   0.0000E+00   1.00000
FLUX   25    15.52        1.931653E+16   1.0000E-50   0.0000E+00   1.00000
FLUX   26    15.88        1.887862E+16   1.0000E-50   0.0000E+00   1.00000
FLUX   27    16.20        1.850571E+16   1.0000E-50   0.0000E+00   1.00000
FLUX   28    16.60        1.805979E+16   1.0000E-50   0.0000E+00   1.00000
FLUX   29    17.03        1.760379E+16   1.0000E-50   0.0000E+00   1.00000
FLUX   30    17.34        1.728907E+16   1.0000E-50   0.0000E+00   1.00000
FLUX   31    17.68        1.695659E+16   1.0000E-50   0.0000E+00   1.00000
FLUX   32    18.02        1.663665E+16   1.0000E-50   0.0000E+00   1.00000
FLUX   33    18.17        1.649931E+16   1.0000E-50   0.0000E+00   1.00000
FLUX   34    18.61        1.610922E+16   1.0000E-50   0.0000E+00   1.00000
FLUX   35    19.10        1.569594E+16   1.0000E-50   0.0000E+00   1.00000
FLUX   36    19.39        1.546119E+16   1.0000E-50   0.0000E+00   1.00000
FLUX   37    19.84        1.511051E+16   1.0000E-50   0.0000E+00   1.00000
FLUX   38    20.18        1.485592E+16   1.0000E-50   0.0000E+00   1.00000
FLUX   39    20.50        1.462402E+16   1.0000E-50   0.0000E+00   1.00000
FLUX   40    21.05        1.424192E+16   1.0000E-50   0.0000E+00   1.00000
FLUX   41    21.62        1.386644E+16   1.0000E-50   0.0000E+00   1.00000
FLUX   42    21.98        1.363933E+16   1.0000E-50   0.0000E+00   1.00000
FLUX   43    22.30        1.344361E+16   1.0000E-50   0.0000E+00   1.00000
FLUX   44    22.68        1.321836E+16   1.0000E-50   0.0000E+00   1.00000
FLUX   45    23.00        1.303446E+16   1.0000E-50   0.0000E+00   1.00000
FLUX   46    23.40        1.281165E+16   1.0000E-50   0.0000E+00   1.00000
FLUX   47    24.00        1.249135E+16   1.0000E-50   0.0000E+00   1.00000
FLUX   48    24.65        1.216197E+16   1.0000E-50   0.0000E+00   1.00000
FLUX   49    25.24        1.187767E+16   1.0000E-50   0.0000E+00   1.00000
FLUX   50    25.68        1.167416E+16   1.0000E-50   0.0000E+00   1.00000
FLUX   51    26.00        1.153048E+16   3.1211E-61   3.1211E-61   0.99998
FLUX   52    26.40        1.135578E+16   2.2913E-60   2.2913E-60   0.99998
FLUX   53    26.85        1.116546E+16   2.0040E-59   2.0040E-59   0.99998
FLUX   54    27.35        1.096133E+16   2.0466E-58   2.0466E-58   0.99998
FLUX   55    27.85        1.076454E+16   1.9218E-57   1.9218E-57   0.99998
FLUX   56    28.40        1.055607E+16   2.0548E-56   2.0548E-56   0.99998
FLUX   57    29.00        1.033767E+16   2.4522E-55   2.4522E-55   0.99998
FLUX   58    29.60        1.012813E+16   2.6356E-54   2.6356E-54   0.99998
FLUX   59    30.10        9.959884E+15   1.7731E-53   1.7733E-53   0.99992
FLUX   60    30.80        9.733523E+15   2.2974E-52   2.2974E-52   0.99998
FLUX   61    31.80        9.427437E+15   7.2939E-51   7.2940E-51   0.99998
FLUX   62    32.80        9.140015E+15   1.8644E-49   1.8644E-49   0.99998
FLUX   63    33.80        8.869601E+15   3.9081E-48   3.9082E-48   0.99998
FLUX   64    34.80        8.614727E+15   6.8445E-47   6.8446E-47   0.99998
FLUX   65    35.70        8.397549E+15   7.8067E-46   7.8069E-46   0.99997
FLUX   66    36.60        8.191052E+15   7.8817E-45   7.8818E-45   0.99998
FLUX   67    37.50        7.994467E+15   7.0878E-44   7.0879E-44   0.99998
FLUX   68    38.50        7.786818E+15   7.1839E-43   7.1840E-43   0.99998
FLUX   69    39.50        7.589684E+15   6.4443E-42   6.4444E-42   0.99998
FLUX   70    40.50        7.402284E+15   5.1676E-41   5.1677E-41   0.99998
FLUX   71    41.40        7.241365E+15   3.0791E-40   3.0792E-40   0.99998
FLUX   72    42.20        7.104088E+15   1.4074E-39   1.4074E-39   0.99998
FLUX   73    43.00        6.971919E+15   6.0658E-39   6.0660E-39   0.99997
FLUX   74    44.10        6.798016E+15   4.1328E-38   4.1330E-38   0.99997
FLUX   75    45.10        6.647284E+15   2.1722E-37   2.1722E-37   0.99998
FLUX   76    46.00        6.517228E+15   9.0705E-37   9.0707E-37   0.99998
FLUX   77    47.00        6.378564E+15   4.1532E-36   4.1536E-36   0.99991
FLUX   78    48.00        6.245677E+15   1.7793E-35   1.7793E-35   0.99998
FLUX   79    49.00        6.118214E+15   7.1671E-35   7.1672E-35   0.99998
FLUX   80    50.00        5.995850E+15   2.7210E-34   2.7210E-34   0.99998
FLUX   81    50.60        5.924753E+15   7.8391E-34   8.9598E-34   0.87492
FLUX   82    51.20        5.855322E+15   1.8750E-33   1.8988E-33   0.98749
FLUX   83    52.00        5.765240E+15   4.9724E-33   5.0222E-33   0.99007
FLUX   84    53.00        5.656462E+15   1.6217E-32   1.6219E-32   0.99990
FLUX   85    54.00        5.551713E+15   4.9710E-32   5.0039E-32   0.99343
FLUX   86    55.00        5.450773E+15   1.4790E-31   1.4793E-31   0.99977
FLUX   87    56.00        5.353438E+15   4.1978E-31   4.1982E-31   0.99991
FLUX   88    57.00        5.259518E+15   1.1461E-30   1.1461E-30   0.99998
FLUX   89    58.00        5.168836E+15   2.9832E-30   3.0167E-30   0.98890
FLUX   90    59.00        5.081229E+15   7.6660E-30   7.6677E-30   0.99978
FLUX   91    60.00        4.996542E+15   1.8851E-29   1.8856E-29   0.99970
FLUX   92    61.00        4.914631E+15   4.4940E-29   4.4940E-29   0.99998
FLUX   93    62.00        4.835363E+15   1.0395E-28   1.0396E-28   0.99991
FLUX   94    63.00        4.758611E+15   2.3375E-28   2.3377E-28   0.99993
FLUX   95    64.00        4.684258E+15   5.1184E-28   5.1193E-28   0.99983
FLUX   96    65.00        4.612192E+15   1.0926E-27   1.0927E-27   0.99997
FLUX   97    65.80        4.556117E+15   1.9688E-27   1.9689E-27   0.99997
FLUX   98    66.50        4.508158E+15   3.2538E-27   3.2552E-27   0.99957
FLUX   99    67.50        4.441370E+15   6.5463E-27   6.5481E-27   0.99972
FLUX  100    68.50        4.376533E+15   1.2884E-26   1.2887E-26   0.99980
FLUX  101    69.50        4.313561E+15   2.4837E-26   2.4838E-26   0.99998
FLUX  102    70.50        4.252376E+15   4.6862E-26   4.6924E-26   0.99869
FLUX  103    71.60        4.187046E+15   9.2403E-26   9.2409E-26   0.99993
FLUX  104    72.60        4.129373E+15   1.6786E-25   1.6786E-25   0.99998
FLUX  105    73.50        4.078810E+15   2.8303E-25   2.8306E-25   0.99992
FLUX  106    74.50        4.024060E+15   4.9778E-25   4.9791E-25   0.99973
FLUX  107    75.50        3.970762E+15   8.6152E-25   8.6182E-25   0.99965
FLUX  108    76.50        3.918856E+15   1.4683E-24   1.4688E-24   0.99970
FLUX  109    77.50        3.868290E+15   2.4655E-24   2.4661E-24   0.99973
FLUX  110    78.50        3.819013E+15   4.0819E-24   4.0819E-24   0.99998
FLUX  111    79.50        3.770975E+15   6.6356E-24   6.6641E-24   0.99572
FLUX  112    80.50        3.724130E+15   1.0723E-23   1.0737E-23   0.99868
FLUX  113    81.50        3.678436E+15   1.7077E-23   1.7080E-23   0.99981
FLUX  114    82.50        3.633848E+15   2.6840E-23   2.6843E-23   0.99990
FLUX  115    83.50        3.590329E+15   4.1695E-23   4.1699E-23   0.99991
FLUX  116    84.50        3.547840E+15   6.4041E-23   6.4045E-23   0.99993
FLUX  117    85.50        3.506345E+15   9.7289E-23   9.7300E-23   0.99989
FLUX  118    86.50        3.465809E+15   1.4625E-22   1.4626E-22   0.99997
FLUX  119    87.50        3.426200E+15   2.1738E-22   2.1762E-22   0.99891
FLUX  120    88.50        3.387486E+15   3.2064E-22   3.2066E-22   0.99992
FLUX  121    89.50        3.349637E+15   4.6802E-22   4.6803E-22   0.99997
FLUX  122    90.50        3.312624E+15   6.7560E-22   6.7689E-22   0.99809
FLUX  123    91.50        3.276421E+15   1.0967E-18   2.5250E-18   0.43436
FLUX  124    92.50        3.241000E+15   3.3747E-18   3.7036E-18   0.91119
FLUX  125    93.50        3.206337E+15   4.9206E-18   5.3768E-18   0.91515
FLUX  126    94.50        3.172407E+15   7.1742E-18   7.7370E-18   0.92725
FLUX  127    95.50        3.139188E+15   1.0679E-17   1.1053E-17   0.96613
FLUX  128    96.50        3.106658E+15   1.5224E-17   1.5615E-17   0.97492
FLUX  129    97.50        3.074795E+15   2.0982E-17   2.1825E-17   0.96140
FLUX  130    98.50        3.043579E+15   2.9662E-17   3.0691E-17   0.96646
FLUX  131    99.50        3.012990E+15   4.0562E-17   4.2498E-17   0.95445
FLUX  132   100.50        2.983010E+15   5.7711E-17   5.8404E-17   0.98814
FLUX  133   101.50        2.953621E+15   7.8801E-17   7.9416E-17   0.99226
FLUX  134   102.50        2.924805E+15   1.0461E-16   1.0865E-16   0.96280
FLUX  135   103.50        2.896546E+15   1.4444E-16   1.4649E-16   0.98601
FLUX  136   104.50        2.868828E+15   1.9561E-16   1.9691E-16   0.99342
FLUX  137   105.50        2.841635E+15   2.6176E-16   2.6304E-16   0.99514
FLUX  138   106.50        2.814953E+15   3.4362E-16   3.4948E-16   0.98322
FLUX  139   107.50        2.788767E+15   4.5668E-16   4.6193E-16   0.98863
FLUX  140   108.50        2.763065E+15   6.0201E-16   6.0733E-16   0.99123
FLUX  141   109.50        2.737831E+15   7.7869E-16   7.9421E-16   0.98045
FLUX  142   110.50        2.713054E+15   1.8531E-15   6.7297E-15   0.27536
FLUX  143   111.50        2.688722E+15   5.9470E-15   9.3371E-15   0.63692
FLUX  144   112.50        2.664822E+15   8.9711E-15   1.2535E-14   0.71567
FLUX  145   113.50        2.641344E+15   1.2850E-14   1.6216E-14   0.79245
FLUX  146   114.50        2.618275E+15   1.6672E-14   2.0179E-14   0.82620
FLUX  147   115.50        2.595606E+15   1.8427E-14   2.4012E-14   0.76744
FLUX  148   116.50        2.573326E+15   2.4463E-14   2.7058E-14   0.90410
FLUX  149   117.50        2.551426E+15   2.6773E-14   2.8428E-14   0.94180
FLUX  150   118.50        2.529895E+15   3.5026E-14   6.2264E-14   0.56255
FLUX  151   119.50        2.508724E+15   1.4793E-14   7.6703E-14   0.19286
FLUX  152   120.50        2.487905E+15   1.3468E-14   9.3818E-14   0.14356
FLUX  153   121.50        2.467428E+15   8.7329E-15   1.1406E-13   0.07656
FLUX  154   122.50        2.447286E+15   1.8976E-14   1.4132E-13   0.13427
FLUX  155   123.50        2.427470E+15   3.9674E-14   1.7012E-13   0.23321
FLUX  156   124.50        2.407972E+15   7.7901E-14   9.2867E-14   0.83884
FLUX  157   125.50        2.388785E+15   1.6888E-13   1.9336E-13   0.87342
FLUX  158   126.50        2.369901E+15   2.1978E-13   3.5033E-13   0.62734
FLUX  159   127.50        2.351314E+15   3.9967E-13   5.3862E-13   0.74202
FLUX  160   128.50        2.333016E+15   6.8290E-13   8.2106E-13   0.83173
FLUX  161   129.50        2.315000E+15   1.0091E-12   1.1527E-12   0.87547
FLUX  162   130.50        2.297261E+15   9.2883E-13   1.5980E-12   0.58126
FLUX  163   131.50        2.279791E+15   1.7252E-12   2.1266E-12   0.81124
FLUX  164   132.50        2.262585E+15   2.3579E-12   2.7850E-12   0.84666
FLUX  165   133.50        2.245637E+15   2.9417E-12   3.5622E-12   0.82582
FLUX  166   134.50        2.228941E+15   4.1310E-12   4.4902E-12   0.91999
FLUX  167   135.50        2.212491E+15   4.7330E-12   5.5780E-12   0.84851
FLUX  168   136.50        2.196282E+15   5.7938E-12   6.8645E-12   0.84403
FLUX  169   137.50        2.180309E+15   6.8691E-12   8.3486E-12   0.82279
FLUX  170   138.50        2.164567E+15   8.3341E-12   1.0069E-11   0.82770
FLUX  171   139.50        2.149050E+15   1.0429E-11   1.2023E-11   0.86737
FLUX  172   140.50        2.133754E+15   1.2509E-11   1.4273E-11   0.87639
FLUX  173   141.50        2.118675E+15   1.3772E-11   1.6794E-11   0.82009
FLUX  174   142.50        2.103807E+15   1.6559E-11   1.9707E-11   0.84023
FLUX  175   143.50        2.089146E+15   1.7837E-11   2.2910E-11   0.77855
FLUX  176   144.20        2.079005E+15   2.1842E-11   2.5412E-11   0.85951
FLUX  177   144.70        2.071821E+15   2.3827E-11   2.8905E-11   0.82434
FLUX  178   145.50        2.060430E+15   2.7869E-11   3.2367E-11   0.86104
FLUX  179   146.50        2.046365E+15   2.9790E-11   3.7189E-11   0.80104
FLUX  180   147.50        2.032492E+15   3.5123E-11   4.2539E-11   0.82567
FLUX  181   148.50        2.018805E+15   4.1232E-11   4.8455E-11   0.85094
FLUX  182   149.50        2.005301E+15   4.9796E-11   5.5039E-11   0.90475
FLUX  183   150.50        1.991977E+15   5.7340E-11   6.2232E-11   0.92140
FLUX  184   151.20        1.982755E+15   5.9715E-11   6.7725E-11   0.88172
FLUX  185   151.70        1.976220E+15   6.6521E-11   8.3423E-11   0.79740
FLUX  186   152.50        1.965852E+15   7.3214E-11   1.3951E-10   0.52480
FLUX  187   153.50        1.953046E+15   1.1036E-10   2.1993E-10   0.50177
FLUX  188   154.50        1.940405E+15   1.6792E-10   2.5260E-10   0.66479
FLUX  189   155.50        1.927926E+15   1.7608E-10   2.8854E-10   0.61024
FLUX  190   156.50        1.915607E+15   1.6433E-10   3.2914E-10   0.49926
FLUX  191   157.50        1.903444E+15   2.4723E-10   3.8427E-10   0.64337
FLUX  192   158.50        1.891435E+15   2.9282E-10   4.3590E-10   0.67174
FLUX  193   159.50        1.879577E+15   3.9079E-10   4.9379E-10   0.79141
FLUX  194   160.50        1.867866E+15   3.9036E-10   5.5736E-10   0.70038
FLUX  195   161.50        1.856300E+15   3.9163E-10   6.2734E-10   0.62427
FLUX  196   162.50        1.844877E+15   3.9086E-10   7.1320E-10   0.54803
FLUX  197   163.50        1.833593E+15   4.7291E-10   7.9973E-10   0.59133
FLUX  198   164.50        1.822447E+15   5.8172E-10   8.9492E-10   0.65002
FLUX  199   165.50        1.811435E+15   3.5543E-10   1.0004E-09   0.35530
FLUX  200   166.50        1.800556E+15   6.2968E-10   1.1145E-09   0.56497
FLUX  201   167.20        1.793017E+15   3.5897E-10   1.2009E-09   0.29892
FLUX  202   167.70        1.787671E+15   7.7852E-10   2.6595E-09   0.29274
FLUX  203   168.50        1.779184E+15   1.2615E-09   1.3521E-08   0.09330
FLUX  204   169.50        1.768687E+15   1.9027E-09   1.4716E-08   0.12930
FLUX  205   170.50        1.758314E+15   1.9044E-09   1.6038E-08   0.11874
FLUX  206   171.50        1.748061E+15   3.6121E-09   2.1130E-08   0.17094
FLUX  207   172.50        1.737928E+15   5.4258E-09   2.2888E-08   0.23706
FLUX  208   173.50        1.727911E+15   7.7986E-09   2.4639E-08   0.31651
FLUX  209   174.50        1.718009E+15   5.8206E-09   2.6533E-08   0.21937
FLUX  210   175.50        1.708219E+15   9.4720E-09   2.8454E-08   0.33289
FLUX  211   176.50        1.698541E+15   8.1025E-09   3.0351E-08   0.26696
FLUX  212   177.50        1.688972E+15   1.1441E-08   3.2372E-08   0.35342
FLUX  213   178.50        1.679510E+15   9.4305E-09   3.4473E-08   0.27356
FLUX  214   179.50        1.670153E+15   1.8076E-08   3.6595E-08   0.49395
FLUX  215   180.50        1.660900E+15   1.1476E-08   3.8810E-08   0.29571
FLUX  216   181.50        1.651749E+15   1.5972E-08   4.1052E-08   0.38906
FLUX  217   182.50        1.642699E+15   1.2759E-08   4.3403E-08   0.29396
FLUX  218   183.50        1.633747E+15   1.4419E-08   4.5778E-08   0.31497
FLUX  219   184.50        1.624892E+15   1.4594E-08   4.8250E-08   0.30246
FLUX  220   185.50        1.616132E+15   1.9319E-08   5.0869E-08   0.37977
FLUX  221   186.50        1.607466E+15   2.4396E-08   5.3467E-08   0.45627
FLUX  222   187.50        1.598893E+15   2.2987E-08   5.7347E-08   0.40084
FLUX  223   188.50        1.590411E+15   2.6463E-08   6.0049E-08   0.44068
FLUX  224   189.50        1.582018E+15   3.1482E-08   6.2864E-08   0.50080
FLUX  225   190.50        1.573714E+15   2.8695E-08   6.5671E-08   0.43696
FLUX  226   191.50        1.565496E+15   3.0857E-08   6.8530E-08   0.45027
FLUX  227   192.50        1.557364E+15   2.6987E-08   7.1469E-08   0.37761
FLUX  228   193.50        1.549315E+15   1.6169E-08   7.4497E-08   0.21704
FLUX  229   194.50        1.541350E+15   4.0908E-08   7.7533E-08   0.52763
FLUX  230   195.50        1.533465E+15   4.5645E-08   8.0606E-08   0.56627
FLUX  231   196.70        1.524110E+15   5.4423E-08   8.4416E-08   0.64471
FLUX  232   197.60        1.517169E+15   5.3957E-08   9.0738E-08   0.59465
FLUX  233   198.40        1.511051E+15   5.4192E-08   9.3505E-08   0.57957
FLUX  234   199.50        1.502719E+15   5.6388E-08   9.9182E-08   0.56853
FLUX  235   200.50        1.495224E+15   5.4176E-08   1.0283E-07   0.52685
FLUX  236   201.50        1.487804E+15   4.9521E-08   1.0659E-07   0.46459
FLUX  237   202.50        1.480457E+15   4.6019E-08   1.1045E-07   0.41666
FLUX  238   203.50        1.473182E+15   6.3666E-08   1.1425E-07   0.55724
FLUX  239   204.50        1.465978E+15   7.3807E-08   1.1815E-07   0.62468
FLUX  240   205.50        1.458844E+15   6.1371E-08   1.2214E-07   0.50246
FLUX  241   206.50        1.451780E+15   5.7885E-08   1.2622E-07   0.45860
FLUX  242   207.40        1.445480E+15   8.7105E-08   1.2993E-07   0.67041
FLUX  243   207.80        1.442697E+15   1.0520E-07   1.7250E-07   0.60985
FLUX  244   208.50        1.437854E+15   1.0269E-07   1.7659E-07   0.58150
FLUX  245   209.50        1.430990E+15   9.9954E-08   1.8257E-07   0.54748
FLUX  246   210.50        1.424192E+15   9.7537E-08   1.8870E-07   0.51690
FLUX  247   211.50        1.417459E+15   1.0440E-07   1.9496E-07   0.53548
FLUX  248   212.50        1.410788E+15   1.0301E-07   2.0127E-07   0.51182
FLUX  249   213.50        1.404180E+15   8.0286E-08   2.0764E-07   0.38666
FLUX  250   214.50        1.397634E+15   1.0687E-07   2.1416E-07   0.49902
FLUX  251   215.50        1.391148E+15   1.1600E-07   2.2082E-07   0.52531
FLUX  252   216.50        1.384723E+15   9.7480E-08   2.2764E-07   0.42822
FLUX  253   217.50        1.378356E+15   1.0662E-07   2.3451E-07   0.45464
FLUX  254   218.50        1.372048E+15   1.1785E-07   2.4146E-07   0.48808
FLUX  255   219.50        1.365797E+15   1.4229E-07   2.4856E-07   0.57245
FLUX  256   220.50        1.359603E+15   1.3191E-07   2.5582E-07   0.51563
FLUX  257   221.50        1.353465E+15   1.0178E-07   2.6325E-07   0.38662
FLUX  258   222.50        1.347382E+15   1.0220E-07   2.7113E-07   0.37696
FLUX  259   223.50        1.341353E+15   1.5231E-07   2.7869E-07   0.54652
FLUX  260   224.50        1.335379E+15   1.3786E-07   2.8641E-07   0.48132
FLUX  261   225.50        1.329457E+15   1.0177E-07   2.9649E-07   0.34325
FLUX  262   226.50        1.323587E+15   9.7763E-08   3.0444E-07   0.32113
FLUX  263   227.50        1.317769E+15   1.3859E-07   3.1253E-07   0.44344
FLUX  264   228.50        1.312002E+15   1.4978E-07   3.2064E-07   0.46711
FLUX  265   229.50        1.306285E+15   1.4185E-07   3.2884E-07   0.43137
FLUX  266   230.50        1.300618E+15   1.5826E-07   3.3717E-07   0.46938
FLUX  267   231.50        1.295000E+15   1.4472E-07   3.4565E-07   0.41868
FLUX  268   232.50        1.289430E+15   1.3455E-07   3.5426E-07   0.37980
FLUX  269   233.50        1.283908E+15   6.9696E-08   3.6353E-07   0.19172
FLUX  270   234.50        1.278433E+15   4.8943E-08   3.7226E-07   0.13147
FLUX  271   235.50        1.273004E+15   1.0320E-07   3.8110E-07   0.27080
FLUX  272   236.50        1.267622E+15   4.9809E-08   3.9008E-07   0.12769
FLUX  273   237.50        1.262284E+15   7.6129E-08   3.9920E-07   0.19070
FLUX  274   238.50        1.256992E+15   3.8006E-08   4.0848E-07   0.09304
FLUX  275   239.50        1.251743E+15   5.4052E-08   4.1787E-07   0.12935
FLUX  276   240.50        1.246538E+15   5.2227E-08   4.2730E-07   0.12223
FLUX  277   241.50        1.241377E+15   8.9123E-08   4.3680E-07   0.20404
FLUX  278   242.50        1.236258E+15   1.8818E-07   4.4644E-07   0.42152
FLUX  279   243.50        1.231181E+15   1.8960E-07   4.5622E-07   0.41559
FLUX  280   244.50        1.226145E+15   2.1521E-07   4.6694E-07   0.46089
FLUX  281   245.50        1.221151E+15   2.1977E-07   4.7695E-07   0.46079
FLUX  282   246.50        1.216197E+15   2.0837E-07   4.8706E-07   0.42780
FLUX  283   247.50        1.211283E+15   1.9362E-07   4.9718E-07   0.38943
FLUX  284   248.50        1.206408E+15   1.9272E-07   5.0742E-07   0.37980
FLUX  285   249.50        1.201573E+15   1.9480E-07   5.1778E-07   0.37622
FLUX  286   250.50        1.196776E+15   2.7744E-07   5.2892E-07   0.52455
FLUX  287   251.30        1.192967E+15   1.9789E-07   5.3738E-07   0.36824
FLUX  288   251.80        1.190598E+15   2.2072E-07   5.7177E-07   0.38602
FLUX  289   252.50        1.187297E+15   1.7083E-07   5.7971E-07   0.29469
FLUX  290   253.50        1.182613E+15   1.7510E-07   5.9115E-07   0.29621
FLUX  291   254.50        1.177967E+15   1.8950E-07   6.0261E-07   0.31447
FLUX  292   255.50        1.173356E+15   2.3829E-07   6.1421E-07   0.38797
FLUX  293   256.50        1.168782E+15   1.8415E-07   6.2593E-07   0.29421
FLUX  294   257.50        1.164243E+15   2.2142E-07   6.3778E-07   0.34717
FLUX  295   258.50        1.159739E+15   1.7848E-07   6.4976E-07   0.27469
FLUX  296   259.50        1.155270E+15   1.4950E-07   6.6186E-07   0.22587
FLUX  297   260.50        1.150835E+15   1.1948E-07   6.7407E-07   0.17726
FLUX  298   261.50        1.146434E+15   1.1398E-07   6.8627E-07   0.16608
FLUX  299   262.50        1.142067E+15   1.5990E-07   6.9860E-07   0.22889
FLUX  300   263.50        1.137732E+15   2.6255E-07   7.1129E-07   0.36912
FLUX  301   264.50        1.133431E+15   4.5273E-07   7.2385E-07   0.62545
FLUX  302   265.50        1.129162E+15   4.8701E-07   7.3653E-07   0.66122
FLUX  303   266.50        1.124925E+15   3.7649E-07   7.4933E-07   0.50244
FLUX  304   267.50        1.120720E+15   4.2623E-07   7.6225E-07   0.55917
FLUX  305   268.50        1.116546E+15   4.3520E-07   7.7522E-07   0.56139
FLUX  306   269.50        1.112403E+15   4.0112E-07   7.8823E-07   0.50889
FLUX  307   270.50        1.108290E+15   4.4500E-07   8.0162E-07   0.55512
FLUX  308   271.50        1.104208E+15   3.5140E-07   8.1484E-07   0.43125
FLUX  309   272.50        1.100156E+15   3.5663E-07   8.2818E-07   0.43061
FLUX  310   273.50        1.096133E+15   3.7399E-07   8.4163E-07   0.44436
FLUX  311   274.50        1.092140E+15   1.8030E-07   8.5519E-07   0.21083
FLUX  312   275.50        1.088176E+15   2.4238E-07   8.6886E-07   0.27897
FLUX  313   276.50        1.084241E+15   3.1237E-07   8.8259E-07   0.35393
FLUX  314   277.50        1.080333E+15   3.7669E-07   8.9634E-07   0.42025
FLUX  315   278.50        1.076454E+15   2.5302E-07   9.1020E-07   0.27798
FLUX  316   279.50        1.072603E+15   8.7066E-08   9.2416E-07   0.09421
FLUX  317   280.50        1.068779E+15   1.1248E-07   9.3824E-07   0.11989
FLUX  318   281.50        1.064982E+15   3.4404E-07   9.5241E-07   0.36123
FLUX  319   282.50        1.061212E+15   5.2006E-07   9.6669E-07   0.53798
FLUX  320   283.50        1.057469E+15   5.3031E-07   9.8107E-07   0.54054
FLUX  321   284.50        1.053752E+15   5.3511E-07   9.9555E-07   0.53750
FLUX  322   285.50        1.050061E+15   4.5974E-07   1.0100E-06   0.45517
FLUX  323   286.50        1.046396E+15   5.9232E-07   1.0246E-06   0.57809
FLUX  324   287.50        1.042757E+15   5.9782E-07   1.0393E-06   0.57524
FLUX  325   288.50        1.039142E+15   6.2559E-07   1.0540E-06   0.59354
FLUX  326   289.50        1.035553E+15   6.0466E-07   1.0689E-06   0.56570
FLUX  327   291.00        1.030215E+15   7.6452E-07   1.0915E-06   0.70045
FLUX  328   293.00        1.023183E+15   7.3291E-07   1.1217E-06   0.65339
FLUX  329   295.00        1.016246E+15   7.2983E-07   1.1522E-06   0.63342
FLUX  330   297.00        1.009402E+15   8.2838E-07   1.1829E-06   0.70028
FLUX  331   299.00        1.002651E+15   8.5094E-07   1.2140E-06   0.70096
FLUX  332   301.00        9.959884E+14   9.2709E-07   1.2454E-06   0.74443
FLUX  333   303.00        9.894142E+14   9.3996E-07   1.2771E-06   0.73601
FLUX  334   305.00        9.829262E+14   9.7227E-07   1.3090E-06   0.74275
FLUX  335   307.00        9.765228E+14   9.8019E-07   1.3412E-06   0.73085
FLUX  336   309.00        9.702023E+14   1.0731E-06   1.3738E-06   0.78115
FLUX  337   311.00        9.639630E+14   1.0493E-06   1.4065E-06   0.74607
FLUX  338   313.00        9.578035E+14   1.0574E-06   1.4395E-06   0.73452
FLUX  339   315.00        9.517222E+14   1.1475E-06   1.4728E-06   0.77912
FLUX  340   317.00        9.457177E+14   1.1559E-06   1.5062E-06   0.76740
FLUX  341   319.00        9.397884E+14   1.0745E-06   1.5399E-06   0.69774
FLUX  342   321.00        9.339330E+14   1.1866E-06   1.5739E-06   0.75396
FLUX  343   323.00        9.281502E+14   1.0984E-06   1.6081E-06   0.68304
FLUX  344   325.00        9.224385E+14   1.2414E-06   1.6425E-06   0.75578
FLUX  345   327.00        9.167966E+14   1.3294E-06   1.6771E-06   0.79270
FLUX  346   329.00        9.112234E+14   1.3604E-06   1.7118E-06   0.79471
FLUX  347   331.00        9.057175E+14   1.4373E-06   1.7467E-06   0.82285
FLUX  348   333.00        9.002778E+14   1.4157E-06   1.7818E-06   0.79452
FLUX  349   335.00        8.949030E+14   1.4147E-06   1.8171E-06   0.77851
FLUX  350   337.00        8.895920E+14   1.4032E-06   1.8526E-06   0.75741
FLUX  351   339.00        8.843437E+14   1.4832E-06   1.8882E-06   0.78551
FLUX  352   341.00        8.791569E+14   1.5614E-06   1.9240E-06   0.81157
FLUX  353   343.00        8.740306E+14   1.6383E-06   1.9599E-06   0.83591
FLUX  354   345.00        8.689638E+14   1.6528E-06   1.9959E-06   0.82808
FLUX  355   347.00        8.639553E+14   1.6430E-06   2.0321E-06   0.80851
FLUX  356   349.00        8.590043E+14   1.6558E-06   2.0684E-06   0.80049
FLUX  357   351.00        8.541097E+14   1.7635E-06   2.1049E-06   0.83782
FLUX  358   353.00        8.492705E+14   1.7941E-06   2.1414E-06   0.83783
FLUX  359   355.00        8.444859E+14   1.9307E-06   2.1780E-06   0.88648
FLUX  360   357.00        8.397549E+14   1.8187E-06   2.2147E-06   0.82119
FLUX  361   359.00        8.350766E+14   1.8656E-06   2.2515E-06   0.82857
FLUX  362   361.00        8.304501E+14   1.9153E-06   2.2885E-06   0.83690
FLUX  363   363.00        8.258747E+14   1.9945E-06   2.3255E-06   0.85767
FLUX  364   364.00        8.236058E+14   1.9637E-06   2.3441E-06   0.83769
FLUX  365   365.00        8.213493E+14   2.0905E-06   1.2625E-05   0.16559
FLUX  366   367.00        8.168733E+14   2.1330E-06   1.2640E-05   0.16876
FLUX  367   369.00        8.124458E+14   2.4284E-06   1.2654E-05   0.19191
FLUX  368   371.00        8.080660E+14   3.2385E-06   1.2668E-05   0.25565
FLUX  369   373.00        8.037332E+14   4.5223E-06   1.2681E-05   0.35663
FLUX  370   375.00        7.994467E+14   6.2002E-06   1.2694E-05   0.48845
FLUX  371   377.00        7.952056E+14   6.5851E-06   1.2715E-05   0.51789
FLUX  372   379.00        7.910092E+14   7.8503E-06   1.2728E-05   0.61679
FLUX  373   381.00        7.868570E+14   8.8730E-06   1.2739E-05   0.69652
FLUX  374   383.00        7.827480E+14   7.3402E-06   1.2750E-05   0.57571
FLUX  375   385.00        7.786818E+14   9.1578E-06   1.2761E-05   0.71763
FLUX  376   387.00        7.746576E+14   9.9015E-06   1.2771E-05   0.77528
FLUX  377   389.00        7.706748E+14   7.3810E-06   1.2782E-05   0.57747
FLUX  378   391.00        7.667327E+14   9.0846E-06   1.2792E-05   0.71020
FLUX  379   393.00        7.628308E+14   4.5863E-06   1.2801E-05   0.35827
FLUX  380   395.00        7.589684E+14   8.0097E-06   1.2811E-05   0.62524
FLUX  381   397.00        7.551448E+14   4.7248E-06   1.2820E-05   0.36856
FLUX  382   399.00        7.513596E+14   9.7757E-06   1.2828E-05   0.76205
FLUX  383   401.00        7.476122E+14   1.0545E-05   1.2837E-05   0.82144
FLUX  384   403.00        7.439020E+14   1.0510E-05   1.2845E-05   0.81817
FLUX  385   405.00        7.402284E+14   1.0484E-05   1.2853E-05   0.81566
FLUX  386   407.00        7.365909E+14   1.0352E-05   1.2861E-05   0.80492
FLUX  387   409.00        7.329890E+14   1.0478E-05   1.2868E-05   0.81424
FLUX  388   411.00        7.294221E+14   8.8861E-06   1.2876E-05   0.69014
FLUX  389   413.00        7.258898E+14   1.0736E-05   1.2884E-05   0.83329
FLUX  390   415.00        7.223916E+14   1.1207E-05   1.2891E-05   0.86934
FLUX  391   417.00        7.189269E+14   1.0910E-05   1.2897E-05   0.84590
FLUX  392   419.00        7.154952E+14   1.1035E-05   1.2904E-05   0.85515
FLUX  393   421.00        7.120962E+14   1.1016E-05   1.2910E-05   0.85326
FLUX  394   423.00        7.087293E+14   1.0910E-05   1.2916E-05   0.84470
FLUX  395   425.00        7.053941E+14   1.1201E-05   1.2922E-05   0.86682
FLUX  396   427.00        7.020902E+14   1.1053E-05   1.2928E-05   0.85501
FLUX  397   429.00        6.988170E+14   1.1129E-05   1.2934E-05   0.86051
FLUX  398   431.00        6.955742E+14   1.0534E-05   1.2939E-05   0.81411
FLUX  399   433.00        6.923614E+14   1.0389E-05   1.2945E-05   0.80255
FLUX  400   435.00        6.891782E+14   9.3354E-06   1.2950E-05   0.72089
FLUX  401   437.00        6.860240E+14   1.1580E-05   1.2955E-05   0.89386
FLUX  402   439.00        6.828986E+14   1.1353E-05   1.2959E-05   0.87609
FLUX  403   441.00        6.798016E+14   1.1143E-05   1.2964E-05   0.85955
FLUX  404   443.00        6.767325E+14   1.1287E-05   1.2968E-05   0.87036
FLUX  405   445.00        6.736910E+14   1.1450E-05   1.2973E-05   0.88260
FLUX  406   447.00        6.706767E+14   1.1559E-05   1.2977E-05   0.89069
FLUX  407   449.00        6.676893E+14   1.1682E-05   1.2981E-05   0.89994
FLUX  408   451.00        6.647284E+14   1.2151E-05   1.2986E-05   0.93569
FLUX  409   453.00        6.617936E+14   1.1577E-05   1.2990E-05   0.89127
FLUX  410   455.00        6.588846E+14   1.1537E-05   1.2994E-05   0.88789
FLUX  411   457.00        6.560011E+14   1.2139E-05   1.2998E-05   0.93395
FLUX  412   459.00        6.531427E+14   1.1706E-05   1.3001E-05   0.90035
FLUX  413   461.00        6.503091E+14   1.2259E-05   1.3005E-05   0.94265
FLUX  414   463.00        6.475000E+14   1.2016E-05   1.3008E-05   0.92373
FLUX  415   465.00        6.447151E+14   1.2249E-05   1.3011E-05   0.94138
FLUX  416   467.00        6.419540E+14   1.2349E-05   1.3015E-05   0.94889
FLUX  417   469.00        6.392164E+14   1.2153E-05   1.3018E-05   0.93361
FLUX  418   471.00        6.365021E+14   1.1858E-05   1.3021E-05   0.91072
FLUX  419   473.00        6.338108E+14   1.2384E-05   1.3023E-05   0.95087
FLUX  420   475.00        6.311421E+14   1.2577E-05   1.3026E-05   0.96554
FLUX  421   477.00        6.284958E+14   1.2419E-05   1.3029E-05   0.95321
FLUX  422   479.00        6.258716E+14   1.2462E-05   1.3032E-05   0.95627
FLUX  423   481.00        6.232692E+14   1.2481E-05   1.3034E-05   0.95753
FLUX  424   483.00        6.206884E+14   1.2419E-05   1.3036E-05   0.95267
FLUX  425   485.00        6.181289E+14   1.1369E-05   1.3039E-05   0.87197
FLUX  426   487.00        6.155903E+14   9.5847E-06   1.3041E-05   0.73499
FLUX  427   489.00        6.130726E+14   1.2263E-05   1.3043E-05   0.94023
FLUX  428   491.00        6.105754E+14   1.2399E-05   1.3045E-05   0.95051
FLUX  429   493.00        6.080984E+14   1.2134E-05   1.3047E-05   0.93006
FLUX  430   495.00        6.056414E+14   1.2539E-05   1.3048E-05   0.96094
FLUX  431   497.00        6.032042E+14   1.2722E-05   1.3050E-05   0.97489
FLUX  432   499.00        6.007866E+14   1.2168E-05   1.3052E-05   0.93230
FLUX  433   501.00        5.983882E+14   1.1798E-05   1.3054E-05   0.90378
FLUX  434   503.00        5.960089E+14   1.2361E-05   1.3055E-05   0.94683
FLUX  435   505.00        5.936485E+14   1.2341E-05   1.3056E-05   0.94525
FLUX  436   507.00        5.913067E+14   1.2604E-05   1.3057E-05   0.96527
FLUX  437   509.00        5.889833E+14   1.2475E-05   1.3058E-05   0.95536
FLUX  438   511.00        5.866781E+14   1.2521E-05   1.3059E-05   0.95882
FLUX  439   513.00        5.843908E+14   1.2236E-05   1.3060E-05   0.93694
FLUX  440   515.00        5.821214E+14   1.2168E-05   1.3060E-05   0.93165
FLUX  441   517.00        5.798694E+14   1.2059E-05   1.3061E-05   0.92332
FLUX  442   519.00        5.776349E+14   1.2021E-05   1.3061E-05   0.92040
FLUX  443   521.00        5.754175E+14   1.2123E-05   1.3061E-05   0.92817
FLUX  444   523.00        5.732170E+14   1.2218E-05   1.3062E-05   0.93541
FLUX  445   525.00        5.710333E+14   1.2468E-05   1.3062E-05   0.95459
FLUX  446   527.00        5.688662E+14   1.1804E-05   1.3062E-05   0.90370
FLUX  447   529.00        5.667155E+14   1.2462E-05   1.3062E-05   0.95412
FLUX  448   531.00        5.645810E+14   1.2349E-05   1.3061E-05   0.94544
FLUX  449   533.00        5.624625E+14   1.2102E-05   1.3061E-05   0.92659
FLUX  450   535.00        5.603598E+14   1.2572E-05   1.3061E-05   0.96257
FLUX  451   537.00        5.582728E+14   1.2565E-05   1.3060E-05   0.96207
FLUX  452   539.00        5.562013E+14   1.2472E-05   1.3060E-05   0.95496
FLUX  453   541.00        5.541451E+14   1.2348E-05   1.3059E-05   0.94554
FLUX  454   543.00        5.521041E+14   1.2421E-05   1.3058E-05   0.95122
FLUX  455   545.00        5.500780E+14   1.2682E-05   1.3057E-05   0.97128
FLUX  456   547.00        5.480667E+14   1.2607E-05   1.3056E-05   0.96560
FLUX  457   549.00        5.460701E+14   1.2640E-05   1.3055E-05   0.96824
FLUX  458   551.00        5.440880E+14   1.2604E-05   1.3053E-05   0.96555
FLUX  459   553.00        5.421203E+14   1.2653E-05   1.3052E-05   0.96942
FLUX  460   555.00        5.401667E+14   1.2809E-05   1.3051E-05   0.98150
FLUX  461   557.00        5.382271E+14   1.2706E-05   1.3049E-05   0.97372
FLUX  462   559.00        5.363014E+14   1.2664E-05   1.3047E-05   0.97065
FLUX  463   561.00        5.343895E+14   1.2739E-05   1.3045E-05   0.97652
FLUX  464   563.00        5.324911E+14   1.2833E-05   1.3045E-05   0.98370
FLUX  465   565.00        5.306062E+14   1.2728E-05   1.3043E-05   0.97584
FLUX  466   567.00        5.287346E+14   1.2620E-05   1.3041E-05   0.96771
FLUX  467   569.00        5.268761E+14   1.2804E-05   1.3039E-05   0.98199
FLUX  468   571.00        5.250306E+14   1.2770E-05   1.3037E-05   0.97955
FLUX  469   573.00        5.231981E+14   1.2961E-05   1.3034E-05   0.99436
FLUX  470   575.00        5.213783E+14   1.2885E-05   1.3032E-05   0.98876
FLUX  471   577.00        5.195711E+14   1.2923E-05   1.3029E-05   0.99190
FLUX  472   579.00        5.177763E+14   1.2856E-05   1.3026E-05   0.98697
FLUX  473   581.00        5.159940E+14   1.2895E-05   1.3023E-05   0.99016
FLUX  474   583.00        5.142238E+14   1.2925E-05   1.3020E-05   0.99267
FLUX  475   585.00        5.124658E+14   1.2863E-05   1.3017E-05   0.98817
FLUX  476   587.00        5.107198E+14   1.2911E-05   1.3014E-05   0.99209
FLUX  477   589.00        5.089856E+14   1.2674E-05   1.3010E-05   0.97417
FLUX  478   591.00        5.072631E+14   1.2893E-05   1.3007E-05   0.99125
FLUX  479   593.00        5.055523E+14   1.2882E-05   1.3003E-05   0.99064
FLUX  480   595.00        5.038529E+14   1.2894E-05   1.3000E-05   0.99186
FLUX  481   597.00        5.021650E+14   1.2920E-05   1.2996E-05   0.99418
FLUX  482   599.00        5.004883E+14   1.2843E-05   1.2992E-05   0.98852
FLUX  483   601.00        4.988228E+14   1.2803E-05   1.2988E-05   0.98579
FLUX  484   603.00        4.971683E+14   1.2840E-05   1.2984E-05   0.98889
FLUX  485   605.00        4.955248E+14   1.2872E-05   1.2980E-05   0.99165
FLUX  486   607.00        4.938921E+14   1.2916E-05   1.2976E-05   0.99541
FLUX  487   609.00        4.922701E+14   1.2839E-05   1.2971E-05   0.98981
FLUX  488   611.00        4.906588E+14   1.2767E-05   1.2967E-05   0.98460
FLUX  489   613.00        4.890579E+14   1.2651E-05   1.2963E-05   0.97595
FLUX  490   615.00        4.874675E+14   1.2563E-05   1.2958E-05   0.96951
FLUX  491   617.00        4.858874E+14   1.2627E-05   1.2953E-05   0.97478
FLUX  492   619.00        4.843174E+14   1.2826E-05   1.2949E-05   0.99053
FLUX  493   621.00        4.827576E+14   1.2861E-05   1.2944E-05   0.99359
FLUX  494   623.00        4.812079E+14   1.2713E-05   1.2939E-05   0.98256
FLUX  495   625.00        4.796680E+14   1.2394E-05   1.2934E-05   0.95828
FLUX  496   627.00        4.781380E+14   1.2834E-05   1.2928E-05   0.99270
FLUX  497   629.00        4.766176E+14   1.2827E-05   1.2923E-05   0.99260
FLUX  498   631.00        4.751070E+14   1.2636E-05   1.2918E-05   0.97819
FLUX  499   633.00        4.736058E+14   1.2744E-05   1.2912E-05   0.98696
FLUX  500   635.00        4.721142E+14   1.2736E-05   1.2907E-05   0.98676
FLUX  501   637.00        4.706319E+14   1.2720E-05   1.2901E-05   0.98598
FLUX  502   639.00        4.691588E+14   1.2757E-05   1.2895E-05   0.98926
FLUX  503   641.00        4.676950E+14   1.2634E-05   1.2889E-05   0.98020
FLUX  504   643.00        4.662403E+14   1.2698E-05   1.2883E-05   0.98560
FLUX  505   645.00        4.647946E+14   1.2602E-05   1.2877E-05   0.97862
FLUX  506   647.00        4.633578E+14   1.2729E-05   1.2871E-05   0.98897
FLUX  507   649.00        4.619299E+14   1.2511E-05   1.2865E-05   0.97253
FLUX  508   651.00        4.605108E+14   1.2648E-05   1.2858E-05   0.98361
FLUX  509   653.00        4.591003E+14   1.2690E-05   1.2852E-05   0.98744
FLUX  510   655.00        4.576985E+14   1.1990E-05   1.2847E-05   0.93325
FLUX  511   657.00        4.563052E+14   9.8143E-06   1.2840E-05   0.76433
FLUX  512   659.00        4.549203E+14   1.2509E-05   1.2834E-05   0.97473
FLUX  513   661.00        4.535439E+14   1.2633E-05   1.2827E-05   0.98486
FLUX  514   663.00        4.521757E+14   1.2749E-05   1.2820E-05   0.99447
FLUX  515   665.00        4.508158E+14   1.2735E-05   1.2813E-05   0.99391
FLUX  516   667.00        4.494640E+14   1.2694E-05   1.2805E-05   0.99130
FLUX  517   669.00        4.481203E+14   1.2743E-05   1.2798E-05   0.99571
FLUX  518   671.00        4.467846E+14   1.2712E-05   1.2791E-05   0.99382
FLUX  519   673.00        4.454569E+14   1.2733E-05   1.2783E-05   0.99606
FLUX  520   675.00        4.441370E+14   1.2658E-05   1.2776E-05   0.99075
FLUX  521   677.00        4.428250E+14   1.2729E-05   1.2768E-05   0.99695
FLUX  522   679.00        4.415206E+14   1.2684E-05   1.2761E-05   0.99402
FLUX  523   681.00        4.402239E+14   1.2708E-05   1.2753E-05   0.99651
FLUX  524   683.00        4.389348E+14   1.2656E-05   1.2745E-05   0.99301
FLUX  525   685.00        4.376533E+14   1.2651E-05   1.2737E-05   0.99324
FLUX  526   687.00        4.363792E+14   1.2686E-05   1.2729E-05   0.99662
FLUX  527   689.00        4.351125E+14   1.2688E-05   1.2721E-05   0.99743
FLUX  528   691.00        4.338531E+14   1.2675E-05   1.2713E-05   0.99704
FLUX  529   693.00        4.326010E+14   1.2659E-05   1.2704E-05   0.99641
FLUX  530   695.00        4.313561E+14   1.2651E-05   1.2696E-05   0.99648
FLUX  531   697.00        4.301184E+14   1.2643E-05   1.2688E-05   0.99644
FLUX  532   699.00        4.288877E+14   1.2643E-05   1.2679E-05   0.99710
FLUX  533   701.00        4.276641E+14   1.2527E-05   1.2671E-05   0.98866
FLUX  534   703.00        4.264474E+14   1.2591E-05   1.2662E-05   0.99440
FLUX  535   705.00        4.252376E+14   1.2613E-05   1.2653E-05   0.99683
FLUX  536   707.00        4.240347E+14   1.2602E-05   1.2645E-05   0.99664
FLUX  537   709.00        4.228385E+14   1.2600E-05   1.2636E-05   0.99719
FLUX  538   711.00        4.216491E+14   1.2393E-05   1.2627E-05   0.98149
FLUX  539   713.00        4.204663E+14   1.2504E-05   1.2618E-05   0.99101
FLUX  540   715.00        4.192902E+14   1.2521E-05   1.2608E-05   0.99303
FLUX  541   717.00        4.181206E+14   1.2516E-05   1.2599E-05   0.99340
FLUX  542   719.00        4.169576E+14   1.2440E-05   1.2590E-05   0.98807
FLUX  543   721.00        4.158010E+14   1.2452E-05   1.2581E-05   0.98977
FLUX  544   723.00        4.146508E+14   1.2438E-05   1.2571E-05   0.98944
FLUX  545   725.00        4.135069E+14   1.2475E-05   1.2563E-05   0.99304
FLUX  546   727.00        4.123693E+14   1.2495E-05   1.2553E-05   0.99535
FLUX  547   729.00        4.112380E+14   1.2406E-05   1.2543E-05   0.98905
FLUX  548   731.00        4.101129E+14   1.2374E-05   1.2536E-05   0.98711
FLUX  549   733.00        4.089939E+14   1.2403E-05   1.2526E-05   0.99018
FLUX  550   735.00        4.078810E+14   1.2420E-05   1.2516E-05   0.99233
FLUX  551   737.00        4.067741E+14   1.2469E-05   1.2506E-05   0.99706
FLUX  552   739.00        4.056732E+14   1.2390E-05   1.2496E-05   0.99153
FLUX  553   741.00        4.045783E+14   1.2308E-05   1.2486E-05   0.98578
FLUX  554   743.00        4.034892E+14   1.2306E-05   1.2476E-05   0.98642
FLUX  555   745.00        4.024060E+14   1.2327E-05   1.2465E-05   0.98887
FLUX  556   747.00        4.013286E+14   1.2283E-05   1.2455E-05   0.98620
FLUX  557   749.00        4.002570E+14   1.2295E-05   1.2445E-05   0.98800
FLUX  558   751.00        3.991911E+14   1.2310E-05   1.2434E-05   0.99001
FLUX  559   753.00        3.981308E+14   1.2337E-05   1.2424E-05   0.99303
FLUX  560   755.00        3.970762E+14   1.2388E-05   1.2413E-05   0.99795
FLUX  561   757.00        3.960271E+14   1.2328E-05   1.2403E-05   0.99402
FLUX  562   759.00        3.949835E+14   1.2347E-05   1.2392E-05   0.99636
FLUX  563   761.00        3.939455E+14   1.2340E-05   1.2381E-05   0.99669
FLUX  564   763.00        3.929128E+14   1.2337E-05   1.2370E-05   0.99732
FLUX  565   765.00        3.918856E+14   1.2284E-05   1.2359E-05   0.99386
FLUX  566   767.00        3.908638E+14   1.2221E-05   1.2349E-05   0.98967
FLUX  567   769.00        3.898472E+14   1.2276E-05   1.2338E-05   0.99501
FLUX  568   771.00        3.888359E+14   1.2196E-05   1.2326E-05   0.98939
FLUX  569   773.00        3.878299E+14   1.2250E-05   1.2315E-05   0.99472
FLUX  570   775.00        3.868290E+14   1.2231E-05   1.2304E-05   0.99409
FLUX  571   777.00        3.858333E+14   1.2037E-05   1.2293E-05   0.97918
FLUX  572   779.00        3.848427E+14   1.2259E-05   1.2282E-05   0.99817
FLUX  573   781.00        3.838572E+14   1.2242E-05   1.2270E-05   0.99769
FLUX  574   783.00        3.828768E+14   1.2177E-05   1.2259E-05   0.99328
FLUX  575   785.00        3.819013E+14   1.2126E-05   1.2248E-05   0.99006
FLUX  576   787.00        3.809307E+14   1.2160E-05   1.2236E-05   0.99374
FLUX  577   789.00        3.799651E+14   1.2120E-05   1.2225E-05   0.99146
FLUX  578   791.00        3.790044E+14   1.2120E-05   1.2213E-05   0.99240
FLUX  579   793.00        3.780485E+14   1.2081E-05   1.2201E-05   0.99016
FLUX  580   795.00        3.770975E+14   1.2067E-05   1.2190E-05   0.98992
FLUX  581   797.00        3.761512E+14   1.2162E-05   1.2178E-05   0.99864
FLUX  582   799.00        3.752096E+14   1.2090E-05   1.2166E-05   0.99369
FLUX  583   801.00        3.742728E+14   1.2100E-05   1.2154E-05   0.99554
FLUX  584   803.00        3.733406E+14   1.2078E-05   1.2143E-05   0.99466
FLUX  585   805.00        3.724130E+14   1.2081E-05   1.2131E-05   0.99595
FLUX  586   807.00        3.714901E+14   1.2074E-05   1.2119E-05   0.99630
FLUX  587   809.00        3.705717E+14   1.2043E-05   1.2107E-05   0.99477
FLUX  588   811.00        3.696578E+14   1.2076E-05   1.2094E-05   0.99846
FLUX  589   813.00        3.687485E+14   1.2074E-05   1.2082E-05   0.99930
FLUX  590   815.00        3.678436E+14   1.2057E-05   1.2070E-05   0.99888
FLUX  591   817.00        3.669431E+14   1.2044E-05   1.2058E-05   0.99887
FLUX  592   819.00        3.660470E+14   1.1866E-05   1.2046E-05   0.98511
FLUX  593   821.00        3.651553E+14   1.1938E-05   1.4152E-05   0.84358
FLUX  594   823.00        3.642679E+14   1.1915E-05   1.4132E-05   0.84312
FLUX  595   825.00        3.633848E+14   1.1894E-05   1.4112E-05   0.84283
FLUX  596   827.00        3.625060E+14   1.1999E-05   1.4093E-05   0.85143
FLUX  597   829.00        3.616315E+14   1.1966E-05   1.4073E-05   0.85022
FLUX  598   831.00        3.607611E+14   1.1886E-05   1.4054E-05   0.84576
FLUX  599   833.00        3.598950E+14   1.1715E-05   1.4034E-05   0.83470
FLUX  600   835.00        3.590329E+14   1.1927E-05   1.4015E-05   0.85101
FLUX  601   837.00        3.581750E+14   1.1724E-05   1.3996E-05   0.83768
FLUX  602   839.00        3.573212E+14   1.1812E-05   1.3976E-05   0.84517
FLUX  603   841.00        3.564715E+14   1.1864E-05   1.3957E-05   0.85006
FLUX  604   843.00        3.556257E+14   1.2127E-05   1.3937E-05   0.87014
FLUX  605   845.00        3.547840E+14   1.1959E-05   1.3918E-05   0.85928
FLUX  606   847.00        3.539463E+14   1.1801E-05   1.3898E-05   0.84909
FLUX  607   849.00        3.531125E+14   1.2357E-05   1.3879E-05   0.89035
FLUX  608   851.00        3.522826E+14   1.1362E-05   1.3860E-05   0.81980
FLUX  609   853.00        3.514566E+14   1.2541E-05   1.3840E-05   0.90612
FLUX  610   855.00        3.506345E+14   1.0237E-05   1.3821E-05   0.74065
FLUX  611   857.00        3.498162E+14   1.3038E-05   1.3802E-05   0.94463
FLUX  612   859.00        3.490017E+14   1.2625E-05   1.3782E-05   0.91604
FLUX  613   861.00        3.481911E+14   1.2344E-05   1.3763E-05   0.89687
FLUX  614   863.00        3.473841E+14   1.3372E-05   1.3744E-05   0.97293
FLUX  615   865.00        3.465809E+14   1.3145E-05   1.3725E-05   0.95777
FLUX  616   867.00        3.457814E+14   1.0560E-05   1.3706E-05   0.77048
FLUX  617   869.00        3.449856E+14   1.3113E-05   1.3686E-05   0.95809
FLUX  618   871.00        3.441935E+14   1.3506E-05   1.3667E-05   0.98819
FLUX  619   873.00        3.434049E+14   1.3391E-05   1.3648E-05   0.98115
FLUX  620   875.00        3.426200E+14   1.1796E-05   1.3629E-05   0.86551
FLUX  621   877.00        3.418387E+14   1.3281E-05   1.3610E-05   0.97583
FLUX  622   879.00        3.410609E+14   1.3470E-05   1.3591E-05   0.99113
FLUX  623   881.00        3.402866E+14   1.3393E-05   1.3572E-05   0.98682
FLUX  624   883.00        3.395159E+14   1.3233E-05   1.3553E-05   0.97638
FLUX  625   885.00        3.387486E+14   1.2967E-05   1.3534E-05   0.95810
FLUX  626   887.00        3.379848E+14   1.1744E-05   1.3515E-05   0.86895
FLUX  627   889.00        3.372244E+14   1.3289E-05   1.3496E-05   0.98466
FLUX  628   891.00        3.364675E+14   1.3321E-05   1.3477E-05   0.98844
FLUX  629   893.00        3.357139E+14   1.3274E-05   1.3458E-05   0.98633
FLUX  630   895.00        3.349637E+14   1.3356E-05   1.3439E-05   0.99383
FLUX  631   897.00        3.342168E+14   1.3323E-05   1.3420E-05   0.99274
FLUX  632   899.00        3.334733E+14   1.3220E-05   1.3401E-05   0.98647
FLUX  633   901.00        3.327331E+14   1.1811E-05   1.3382E-05   0.88254
FLUX  634   903.00        3.319961E+14   1.2729E-05   1.3364E-05   0.95252
FLUX  635   905.00        3.312624E+14   1.3260E-05   1.3345E-05   0.99365
FLUX  636   907.00        3.305320E+14   1.2969E-05   1.3326E-05   0.97320
FLUX  637   909.00        3.298047E+14   1.2782E-05   1.3307E-05   0.96052
FLUX  638   911.00        3.290807E+14   1.3073E-05   1.3288E-05   0.98382
FLUX  639   913.00        3.283598E+14   1.3192E-05   1.3270E-05   0.99417
FLUX  640   915.00        3.276421E+14   1.3223E-05   1.3251E-05   0.99792
FLUX  641   917.00        3.269275E+14   1.3171E-05   1.3232E-05   0.99540
FLUX  642   919.00        3.262160E+14   1.3114E-05   1.3213E-05   0.99248
FLUX  643   921.00        3.255076E+14   1.2863E-05   1.3195E-05   0.97484
FLUX  644   923.00        3.248023E+14   1.1306E-05   1.3176E-05   0.85806
FLUX  645   925.00        3.241000E+14   1.2630E-05   1.3157E-05   0.95991
FLUX  646   927.00        3.234008E+14   1.2824E-05   1.3139E-05   0.97606
FLUX  647   929.00        3.227045E+14   1.3073E-05   1.3120E-05   0.99638
FLUX  648   931.00        3.220113E+14   1.3072E-05   1.3101E-05   0.99777
FLUX  649   933.00        3.213210E+14   1.3032E-05   1.3083E-05   0.99615
FLUX  650   935.00        3.206337E+14   1.3026E-05   1.3064E-05   0.99711
FLUX  651   937.00        3.199493E+14   1.3024E-05   1.3046E-05   0.99830
FLUX  652   939.00        3.192678E+14   1.2960E-05   1.3027E-05   0.99482
FLUX  653   941.00        3.185893E+14   1.2589E-05   1.3009E-05   0.96771
FLUX  654   943.00        3.179136E+14   1.2841E-05   1.2990E-05   0.98853
FLUX  655   945.00        3.172407E+14   1.2865E-05   1.2972E-05   0.99173
FLUX  656   947.00        3.165707E+14   1.2917E-05   1.2953E-05   0.99720
FLUX  657   949.00        3.159036E+14   1.2920E-05   1.2935E-05   0.99882
FLUX  658   951.00        3.152392E+14   1.2852E-05   1.2917E-05   0.99500
FLUX  659   953.00        3.145776E+14   1.2649E-05   1.2898E-05   0.98071
FLUX  660   955.00        3.139188E+14   1.1217E-05   1.2880E-05   0.87091
FLUX  661   957.00        3.132628E+14   1.2657E-05   1.2861E-05   0.98411
FLUX  662   959.00        3.126095E+14   1.2795E-05   1.2843E-05   0.99622
FLUX  663   961.00        3.119589E+14   1.2688E-05   1.2825E-05   0.98934
FLUX  664   963.00        3.113110E+14   1.2582E-05   1.2806E-05   0.98251
FLUX  665   965.00        3.106658E+14   1.2690E-05   1.2788E-05   0.99236
FLUX  666   967.00        3.100233E+14   1.2550E-05   1.2770E-05   0.98278
FLUX  667   969.00        3.093834E+14   1.2593E-05   1.2752E-05   0.98758
FLUX  668   971.00        3.087461E+14   1.2712E-05   1.2733E-05   0.99831
FLUX  669   973.00        3.081115E+14   1.2683E-05   1.2715E-05   0.99746
FLUX  670   975.00        3.074795E+14   1.2559E-05   1.2697E-05   0.98917
FLUX  671   977.00        3.068501E+14   1.2653E-05   1.2679E-05   0.99800
FLUX  672   979.00        3.062232E+14   1.2627E-05   1.2661E-05   0.99732
FLUX  673   981.00        3.055989E+14   1.2612E-05   1.2642E-05   0.99759
FLUX  674   983.00        3.049771E+14   1.2597E-05   1.2624E-05   0.99782
FLUX  675   985.00        3.043579E+14   1.2497E-05   1.2606E-05   0.99137
FLUX  676   987.00        3.037411E+14   1.2506E-05   1.2588E-05   0.99350
FLUX  677   989.00        3.031269E+14   1.2437E-05   1.2570E-05   0.98937
FLUX  678   991.00        3.025151E+14   1.2463E-05   1.2552E-05   0.99290
FLUX  679   993.00        3.019058E+14   1.2456E-05   1.2534E-05   0.99377
FLUX  680   995.00        3.012990E+14   1.2452E-05   1.2516E-05   0.99488
FLUX  681   997.00        3.006946E+14   1.2471E-05   1.2498E-05   0.99781
FLUX  682   999.00        3.000926E+14   1.2453E-05   1.2480E-05   0.99783
FLUX  683  1002.50        2.990449E+14   1.2146E-05   1.2449E-05   0.97571
FLUX  684  1007.50        2.975608E+14   1.1813E-05   1.2404E-05   0.95239
FLUX  685  1012.50        2.960914E+14   1.2226E-05   1.2359E-05   0.98925
FLUX  686  1017.50        2.946364E+14   1.2238E-05   1.2315E-05   0.99375
FLUX  687  1022.50        2.931956E+14   1.2226E-05   1.2271E-05   0.99637
FLUX  688  1027.50        2.917689E+14   1.2213E-05   1.2227E-05   0.99888
FLUX  689  1032.50        2.903559E+14   1.2078E-05   1.2183E-05   0.99139
FLUX  690  1037.50        2.889566E+14   1.2093E-05   1.2139E-05   0.99623
FLUX  691  1042.50        2.875707E+14   1.2062E-05   1.2095E-05   0.99729
FLUX  692  1047.50        2.861981E+14   1.1876E-05   1.2052E-05   0.98543
FLUX  693  1052.50        2.848385E+14   1.1914E-05   1.2008E-05   0.99213
FLUX  694  1057.50        2.834917E+14   1.1889E-05   1.1965E-05   0.99365
FLUX  695  1062.50        2.821576E+14   1.1829E-05   1.1921E-05   0.99228
FLUX  696  1067.50        2.808361E+14   1.1609E-05   1.1878E-05   0.97731
FLUX  697  1072.50        2.795268E+14   1.1692E-05   1.1835E-05   0.98793
FLUX  698  1077.50        2.782297E+14   1.1672E-05   1.1792E-05   0.98981
FLUX  699  1082.50        2.769446E+14   1.1612E-05   1.1750E-05   0.98830
FLUX  700  1087.50        2.756713E+14   1.1589E-05   1.1707E-05   0.98992
FLUX  701  1092.50        2.744096E+14   1.0896E-05   1.1665E-05   0.93415
FLUX  702  1097.50        2.731595E+14   1.1411E-05   1.1622E-05   0.98180
FLUX  703  1102.50        2.719206E+14   1.1547E-05   1.1580E-05   0.99713
FLUX  704  1107.50        2.706930E+14   1.1525E-05   1.1538E-05   0.99888
FLUX  705  1112.50        2.694764E+14   1.1443E-05   1.1496E-05   0.99534
FLUX  706  1117.50        2.682707E+14   1.1403E-05   1.1454E-05   0.99553
FLUX  707  1122.50        2.670757E+14   1.1393E-05   1.1413E-05   0.99829
FLUX  708  1127.50        2.658914E+14   1.1192E-05   1.1371E-05   0.98424
FLUX  709  1132.50        2.647174E+14   1.1155E-05   1.1330E-05   0.98455
FLUX  710  1137.50        2.635538E+14   1.1209E-05   1.1288E-05   0.99294
FLUX  711  1142.50        2.624004E+14   1.1098E-05   1.1247E-05   0.98676
FLUX  712  1147.50        2.612571E+14   1.1185E-05   1.1206E-05   0.99809
FLUX  713  1152.50        2.601236E+14   1.1153E-05   1.1165E-05   0.99892
FLUX  714  1157.50        2.590000E+14   1.1091E-05   1.1124E-05   0.99702
FLUX  715  1162.50        2.578860E+14   1.0917E-05   1.1084E-05   0.98494
FLUX  716  1167.50        2.567816E+14   1.0828E-05   1.1043E-05   0.98052
FLUX  717  1172.50        2.556866E+14   1.0985E-05   1.1003E-05   0.99841
FLUX  718  1177.50        2.546008E+14   1.0749E-05   1.0962E-05   0.98056
FLUX  719  1182.50        2.535243E+14   1.0793E-05   1.0922E-05   0.98819
FLUX  720  1187.50        2.524568E+14   1.0682E-05   1.0882E-05   0.98164
FLUX  721  1192.50        2.513983E+14   1.0839E-05   1.0842E-05   0.99971
FLUX  722  1197.50        2.503486E+14   1.0664E-05   1.0802E-05   0.98715
FLUX  723  1202.50        2.493077E+14   1.0707E-05   1.0763E-05   0.99482
FLUX  724  1207.50        2.482754E+14   1.0645E-05   1.0723E-05   0.99274
FLUX  725  1212.50        2.472515E+14   1.0619E-05   1.0684E-05   0.99400
FLUX  726  1217.50        2.462361E+14   1.0622E-05   1.0644E-05   0.99792
FLUX  727  1222.50        2.452290E+14   1.0570E-05   1.0605E-05   0.99668
FLUX  728  1227.50        2.442301E+14   1.0510E-05   1.0566E-05   0.99474
FLUX  729  1232.50        2.432394E+14   1.0484E-05   1.0527E-05   0.99596
FLUX  730  1237.50        2.422566E+14   1.0456E-05   1.0488E-05   0.99692
FLUX  731  1242.50        2.412817E+14   1.0437E-05   1.0450E-05   0.99883
FLUX  732  1247.50        2.403146E+14   1.0388E-05   1.0411E-05   0.99777
FLUX  733  1252.50        2.393553E+14   1.0330E-05   1.0373E-05   0.99586
FLUX  734  1257.50        2.384036E+14   1.0240E-05   1.0334E-05   0.99087
FLUX  735  1262.50        2.374594E+14   1.0234E-05   1.0296E-05   0.99397
FLUX  736  1267.50        2.365227E+14   1.0237E-05   1.0258E-05   0.99794
FLUX  737  1272.50        2.355933E+14   1.0214E-05   1.0220E-05   0.99936
FLUX  738  1277.50        2.346712E+14   1.0145E-05   1.0182E-05   0.99636
FLUX  739  1282.50        2.337563E+14   9.4599E-06   1.0145E-05   0.93248
FLUX  740  1287.50        2.328485E+14   1.0075E-05   1.0107E-05   0.99677
FLUX  741  1292.50        2.319478E+14   1.0042E-05   1.0070E-05   0.99720
FLUX  742  1297.50        2.310539E+14   1.0010E-05   1.0033E-05   0.99769
FLUX  743  1302.50        2.301670E+14   9.9825E-06   9.9956E-06   0.99869
FLUX  744  1307.50        2.292868E+14   9.9523E-06   9.9585E-06   0.99937
FLUX  745  1312.50        2.284133E+14   9.8949E-06   9.9216E-06   0.99730
FLUX  746  1317.50        2.275465E+14   9.8346E-06   9.8848E-06   0.99492
FLUX  747  1322.50        2.266862E+14   9.8366E-06   9.8481E-06   0.99884
FLUX  748  1327.50        2.258324E+14   9.7911E-06   9.8115E-06   0.99792
FLUX  749  1332.50        2.249850E+14   9.7624E-06   9.7750E-06   0.99871
FLUX  750  1337.50        2.241439E+14   9.7257E-06   9.7386E-06   0.99867
FLUX  751  1342.50        2.233091E+14   9.6913E-06   9.7023E-06   0.99886
FLUX  752  1347.50        2.224805E+14   9.6556E-06   9.6662E-06   0.99890
FLUX  753  1352.50        2.216580E+14   9.5966E-06   9.6302E-06   0.99651
FLUX  754  1357.50        2.208416E+14   9.5482E-06   9.5943E-06   0.99520
FLUX  755  1362.50        2.200312E+14   9.5449E-06   9.5585E-06   0.99857
FLUX  756  1367.50        2.192267E+14   9.4990E-06   9.5229E-06   0.99750
FLUX  757  1372.50        2.184281E+14   9.3678E-06   9.4873E-06   0.98740
FLUX  758  1377.50        2.176352E+14   9.4022E-06   9.4518E-06   0.99475
FLUX  759  1382.50        2.168481E+14   9.3744E-06   9.4164E-06   0.99554
FLUX  760  1387.50        2.160667E+14   9.3745E-06   9.3811E-06   0.99929
FLUX  761  1392.50        2.152908E+14   9.3060E-06   9.3459E-06   0.99573
FLUX  762  1397.50        2.145206E+14   9.2893E-06   9.3108E-06   0.99769
FLUX  763  1402.50        2.137558E+14   9.2512E-06   9.2758E-06   0.99735
FLUX  764  1407.50        2.129964E+14   9.2327E-06   9.2409E-06   0.99911
FLUX  765  1412.50        2.122425E+14   9.1805E-06   9.2061E-06   0.99722
FLUX  766  1417.50        2.114938E+14   9.1551E-06   9.1714E-06   0.99822
FLUX  767  1422.50        2.107504E+14   9.1037E-06   9.1368E-06   0.99638
FLUX  768  1427.50        2.100123E+14   9.0615E-06   9.1023E-06   0.99552
FLUX  769  1432.50        2.092792E+14   9.0504E-06   9.0678E-06   0.99808
FLUX  770  1437.50        2.085513E+14   9.0292E-06   9.0334E-06   0.99953
FLUX  771  1442.50        2.078284E+14   8.8163E-06   8.9991E-06   0.97968
FLUX  772  1447.50        2.071105E+14   8.9481E-06   8.9649E-06   0.99812
FLUX  773  1452.50        2.063976E+14   8.8237E-06   8.9308E-06   0.98801
FLUX  774  1457.00        2.057601E+14   8.8712E-06   8.9002E-06   0.99674
FLUX  775  1462.00        2.050564E+14   8.8137E-06   9.4100E-06   0.93663
FLUX  776  1467.50        2.042879E+14   8.8165E-06   9.3712E-06   0.94081
FLUX  777  1472.50        2.035942E+14   8.7538E-06   9.3360E-06   0.93764
FLUX  778  1477.50        2.029052E+14   8.6982E-06   9.3008E-06   0.93520
FLUX  779  1482.50        2.022209E+14   8.6824E-06   9.2657E-06   0.93704
FLUX  780  1487.50        2.015412E+14   8.6052E-06   9.2306E-06   0.93224
FLUX  781  1492.50        2.008660E+14   8.6479E-06   9.1956E-06   0.94044
FLUX  782  1497.50        2.001953E+14   8.6072E-06   9.1606E-06   0.93959
FLUX  783  1502.50        1.995291E+14   8.4801E-06   9.1257E-06   0.92925
FLUX  784  1507.50        1.988673E+14   8.4731E-06   9.0908E-06   0.93205
FLUX  785  1512.50        1.982099E+14   8.4782E-06   9.0560E-06   0.93620
FLUX  786  1517.50        1.975568E+14   8.4558E-06   9.0211E-06   0.93733
FLUX  787  1522.50        1.969080E+14   8.5480E-06   8.9863E-06   0.95122
FLUX  788  1527.50        1.962635E+14   8.3365E-06   8.9515E-06   0.93130
FLUX  789  1532.50        1.956232E+14   8.3295E-06   8.9168E-06   0.93413
FLUX  790  1537.50        1.949870E+14   8.4983E-06   8.8820E-06   0.95680
FLUX  791  1542.50        1.943549E+14   8.1857E-06   8.8472E-06   0.92522
FLUX  792  1547.50        1.937270E+14   8.4676E-06   8.8125E-06   0.96086
FLUX  793  1552.50        1.931031E+14   8.4937E-06   8.7778E-06   0.96764
FLUX  794  1557.50        1.924831E+14   8.1000E-06   8.7431E-06   0.92645
FLUX  795  1562.50        1.918672E+14   8.5145E-06   8.7083E-06   0.97774
FLUX  796  1567.50        1.912552E+14   8.3733E-06   8.6736E-06   0.96538
FLUX  797  1572.50        1.906471E+14   8.0533E-06   8.6388E-06   0.93223
FLUX  798  1577.50        1.900428E+14   8.4056E-06   8.6040E-06   0.97693
FLUX  799  1582.50        1.894423E+14   8.4383E-06   8.5692E-06   0.98473
FLUX  800  1587.50        1.888457E+14   7.8248E-06   8.5343E-06   0.91687
FLUX  801  1592.50        1.882527E+14   8.3732E-06   8.4994E-06   0.98515
FLUX  802  1597.50        1.876635E+14   8.4013E-06   8.4645E-06   0.99253
FLUX  803  1605.00        1.867866E+14   8.3084E-06   8.4119E-06   0.98769
FLUX  804  1615.00        1.856300E+14   7.9996E-06   8.3415E-06   0.95902
FLUX  805  1625.00        1.844877E+14   8.2507E-06   8.2705E-06   0.99761
FLUX  806  1635.00        1.833593E+14   8.1099E-06   8.1982E-06   0.98923
FLUX  807  1645.00        1.822447E+14   7.7862E-06   8.1241E-06   0.95841
FLUX  808  1655.00        1.811435E+14   8.0241E-06   8.0492E-06   0.99688
FLUX  809  1665.00        1.800556E+14   7.9553E-06   7.9753E-06   0.99750
FLUX  810  1675.00        1.789806E+14   7.8295E-06   7.9023E-06   0.99078
FLUX  811  1685.00        1.779184E+14   7.5156E-06   7.8304E-06   0.95979
FLUX  812  1695.00        1.768687E+14   7.7485E-06   7.7594E-06   0.99859
FLUX  813  1705.00        1.758314E+14   7.6457E-06   7.6895E-06   0.99431
FLUX  814  1715.00        1.748061E+14   7.6033E-06   7.6204E-06   0.99775
FLUX  815  1725.00        1.737928E+14   7.4959E-06   7.5523E-06   0.99253
FLUX  816  1735.00        1.727911E+14   7.1289E-06   7.4850E-06   0.95243
FLUX  817  1745.00        1.718009E+14   7.3388E-06   7.4187E-06   0.98924
FLUX  818  1755.00        1.708219E+14   7.3046E-06   7.3532E-06   0.99339
FLUX  819  1765.00        1.698541E+14   7.2309E-06   7.2886E-06   0.99209
FLUX  820  1775.00        1.688972E+14   7.1891E-06   7.2248E-06   0.99506
FLUX  821  1785.00        1.679510E+14   7.1208E-06   7.1618E-06   0.99426
FLUX  822  1795.00        1.670153E+14   7.0914E-06   7.0996E-06   0.99884
FLUX  823  1805.00        1.660900E+14   7.0024E-06   7.0383E-06   0.99491
FLUX  824  1815.00        1.651749E+14   6.6999E-06   6.9777E-06   0.96019
FLUX  825  1825.00        1.642699E+14   6.8625E-06   6.9178E-06   0.99201
FLUX  826  1835.00        1.633747E+14   6.8391E-06   6.8588E-06   0.99712
FLUX  827  1845.00        1.624892E+14   6.7806E-06   6.8005E-06   0.99708
FLUX  828  1855.00        1.616132E+14   6.7118E-06   6.7429E-06   0.99539
FLUX  829  1865.00        1.607466E+14   6.6656E-06   6.6861E-06   0.99693
FLUX  830  1875.00        1.598893E+14   6.2991E-06   6.6299E-06   0.95010
FLUX  831  1885.00        1.590411E+14   6.5332E-06   6.5745E-06   0.99373
FLUX  832  1895.00        1.582018E+14   6.4509E-06   6.5197E-06   0.98944
FLUX  833  1905.00        1.573714E+14   6.4594E-06   6.4656E-06   0.99904
FLUX  834  1915.00        1.565496E+14   6.4028E-06   6.4122E-06   0.99854
FLUX  835  1925.00        1.557364E+14   6.3474E-06   6.3594E-06   0.99811
FLUX  836  1935.00        1.549315E+14   6.2902E-06   6.3073E-06   0.99729
FLUX  837  1945.00        1.541350E+14   6.0009E-06   6.2558E-06   0.95924
FLUX  838  1955.00        1.533465E+14   6.1915E-06   6.2050E-06   0.99782
FLUX  839  1965.00        1.525662E+14   6.1453E-06   6.1548E-06   0.99846
FLUX  840  1975.00        1.517937E+14   6.0766E-06   6.1051E-06   0.99533
FLUX  841  1985.00        1.510290E+14   6.0457E-06   6.0561E-06   0.99828
FLUX  842  1995.00        1.502719E+14   5.9979E-06   6.0076E-06   0.99838
FLUX  843  2005.00        1.495224E+14   5.9551E-06   5.9597E-06   0.99922
FLUX  844  2015.00        1.487804E+14   5.9107E-06   5.9123E-06   0.99972
FLUX  845  2025.00        1.480457E+14   5.8571E-06   5.8655E-06   0.99857
FLUX  846  2035.00        1.473182E+14   5.8048E-06   5.8193E-06   0.99751
FLUX  847  2045.00        1.465978E+14   5.7720E-06   5.7735E-06   0.99974
FLUX  848  2055.00        1.458844E+14   5.7252E-06   5.7283E-06   0.99945
FLUX  849  2065.00        1.451780E+14   5.6709E-06   5.6837E-06   0.99775
FLUX  850  2075.00        1.444783E+14   5.6311E-06   5.6395E-06   0.99851
FLUX  851  2085.00        1.437854E+14   5.5904E-06   5.5959E-06   0.99902
FLUX  852  2095.00        1.430990E+14   5.5426E-06   5.5527E-06   0.99817
FLUX  853  2105.00        1.424192E+14   5.5005E-06   5.5101E-06   0.99825
FLUX  854  2115.00        1.417459E+14   5.4474E-06   5.4679E-06   0.99624
FLUX  855  2125.00        1.410788E+14   5.4067E-06   5.4263E-06   0.99640
FLUX  856  2135.00        1.404180E+14   5.3676E-06   5.3851E-06   0.99675
FLUX  857  2145.00        1.397634E+14   5.3408E-06   5.3444E-06   0.99933
FLUX  858  2155.00        1.391148E+14   5.3009E-06   5.3041E-06   0.99939
FLUX  859  2165.00        1.384723E+14   5.0664E-06   5.2643E-06   0.96242
FLUX  860  2175.00        1.378356E+14   5.2114E-06   5.2249E-06   0.99742
FLUX  861  2185.00        1.372048E+14   5.1770E-06   5.1859E-06   0.99828
FLUX  862  2195.00        1.365797E+14   5.1467E-06   5.1474E-06   0.99986
FLUX  863  2205.00        1.359603E+14   5.0958E-06   5.1093E-06   0.99736
FLUX  864  2215.00        1.353465E+14   5.0527E-06   5.0716E-06   0.99627
FLUX  865  2225.00        1.347382E+14   5.0323E-06   5.0344E-06   0.99959
FLUX  866  2235.00        1.341353E+14   4.9952E-06   4.9975E-06   0.99954
FLUX  867  2245.00        1.335379E+14   4.9592E-06   4.9610E-06   0.99964
FLUX  868  2255.00        1.329457E+14   4.9018E-06   4.9249E-06   0.99531
FLUX  869  2265.00        1.323587E+14   4.8812E-06   4.8893E-06   0.99836
FLUX  870  2275.00        1.317769E+14   4.8488E-06   4.8540E-06   0.99895
FLUX  871  2285.00        1.312002E+14   4.8155E-06   4.9210E-06   0.97856
FLUX  872  2295.00        1.306285E+14   4.7771E-06   4.8853E-06   0.97785
FLUX  873  2305.00        1.300618E+14   4.7520E-06   4.8499E-06   0.97982
FLUX  874  2315.00        1.295000E+14   4.7163E-06   4.8149E-06   0.97952
FLUX  875  2325.00        1.289430E+14   4.6859E-06   4.7802E-06   0.98027
FLUX  876  2335.00        1.283908E+14   4.6507E-06   4.7460E-06   0.97991
FLUX  877  2345.00        1.278433E+14   4.6181E-06   4.7121E-06   0.98005
FLUX  878  2355.00        1.273004E+14   4.5865E-06   4.6786E-06   0.98033
FLUX  879  2365.00        1.267622E+14   4.5517E-06   4.6454E-06   0.97984
FLUX  880  2375.00        1.262284E+14   4.5216E-06   4.6126E-06   0.98027
FLUX  881  2385.00        1.256992E+14   4.4876E-06   4.5801E-06   0.97980
FLUX  882  2395.00        1.251743E+14   4.4550E-06   4.5480E-06   0.97956
FLUX  883  2405.00        1.246538E+14   4.4179E-06   4.5162E-06   0.97824
FLUX  884  2415.00        1.241377E+14   4.3814E-06   4.4847E-06   0.97697
FLUX  885  2425.00        1.236258E+14   4.3899E-06   4.4536E-06   0.98570
FLUX  886  2435.00        1.231181E+14   4.3158E-06   4.4227E-06   0.97583
FLUX  887  2445.00        1.226145E+14   4.2829E-06   4.3922E-06   0.97511
FLUX  888  2455.00        1.221151E+14   4.3001E-06   4.3620E-06   0.98579
FLUX  889  2465.00        1.216197E+14   4.2461E-06   4.3321E-06   0.98015
FLUX  890  2475.00        1.211283E+14   4.2197E-06   4.3026E-06   0.98074
FLUX  891  2485.00        1.206408E+14   4.2241E-06   4.2733E-06   0.98850
FLUX  892  2495.00        1.201573E+14   4.1070E-06   4.2443E-06   0.96764
FLUX  893  2505.00        1.196776E+14   4.1832E-06   4.2156E-06   0.99232
FLUX  894  2515.00        1.192018E+14   4.1558E-06   4.1872E-06   0.99250
FLUX  895  2525.00        1.187297E+14   4.0234E-06   4.1591E-06   0.96738
FLUX  896  2535.00        1.182613E+14   4.1040E-06   4.1312E-06   0.99341
FLUX  897  2545.00        1.177967E+14   4.0813E-06   4.1037E-06   0.99456
FLUX  898  2555.00        1.173356E+14   4.0488E-06   4.0764E-06   0.99323
FLUX  899  2565.00        1.168782E+14   3.9044E-06   4.0494E-06   0.96419
FLUX  900  2575.00        1.164243E+14   4.0013E-06   4.0227E-06   0.99470
FLUX  901  2585.00        1.159739E+14   3.9706E-06   3.9962E-06   0.99360
FLUX  902  2595.00        1.155270E+14   3.9646E-06   3.9699E-06   0.99867
FLUX  903  2605.00        1.150835E+14   3.9264E-06   3.9440E-06   0.99556
FLUX  904  2615.00        1.146434E+14   3.7824E-06   3.9182E-06   0.96534
FLUX  905  2625.00        1.142067E+14   3.7324E-06   3.8928E-06   0.95880
FLUX  906  2635.00        1.137732E+14   3.8554E-06   3.8675E-06   0.99686
FLUX  907  2645.00        1.133431E+14   3.8372E-06   3.8426E-06   0.99860
FLUX  908  2655.00        1.129162E+14   3.8078E-06   3.8178E-06   0.99738
FLUX  909  2665.00        1.124925E+14   3.7727E-06   3.7933E-06   0.99456
FLUX  910  2675.00        1.120720E+14   3.6368E-06   3.7690E-06   0.96490
FLUX  911  2685.00        1.116546E+14   3.7394E-06   3.7450E-06   0.99850
FLUX  912  2695.00        1.112403E+14   3.7201E-06   3.7212E-06   0.99970
FLUX  913  2705.00        1.108290E+14   3.6917E-06   3.6976E-06   0.99839
FLUX  914  2715.00        1.104208E+14   3.6730E-06   3.6742E-06   0.99965
FLUX  915  2725.00        1.100156E+14   3.6497E-06   3.6511E-06   0.99963
FLUX  916  2735.00        1.096133E+14   3.6265E-06   3.6282E-06   0.99953
FLUX  917  2745.00        1.092140E+14   3.6050E-06   3.6054E-06   0.99988
FLUX  918  2755.00        1.088176E+14   3.4698E-06   3.5829E-06   0.96844
FLUX  919  2765.00        1.084241E+14   3.5395E-06   3.5606E-06   0.99406
FLUX  920  2775.00        1.080333E+14   3.5370E-06   3.5385E-06   0.99958
FLUX  921  2785.00        1.076454E+14   3.5155E-06   3.5166E-06   0.99968
FLUX  922  2795.00        1.072603E+14   3.4947E-06   3.4950E-06   0.99993
FLUX  923  2805.00        1.068779E+14   3.4729E-06   3.4735E-06   0.99985
FLUX  924  2815.00        1.064982E+14   3.4513E-06   3.4522E-06   0.99975
FLUX  925  2825.00        1.061212E+14   3.4302E-06   3.4311E-06   0.99974
FLUX  926  2835.00        1.057469E+14   3.4101E-06   3.4102E-06   0.99997
FLUX  927  2845.00        1.053752E+14   3.3856E-06   3.3895E-06   0.99886
FLUX  928  2855.00        1.050061E+14   3.3685E-06   3.3689E-06   0.99986
FLUX  929  2865.00        1.046396E+14   3.3410E-06   3.3486E-06   0.99772
FLUX  930  2875.00        1.042757E+14   3.2190E-06   3.3284E-06   0.96711
FLUX  931  2885.00        1.039142E+14   3.3060E-06   3.3085E-06   0.99925
FLUX  932  2895.00        1.035553E+14   3.2866E-06   3.2887E-06   0.99937
FLUX  933  2905.00        1.031988E+14   3.2686E-06   3.2690E-06   0.99986
FLUX  934  2915.00        1.028448E+14   3.2440E-06   3.2496E-06   0.99828
FLUX  935  2925.00        1.024932E+14   3.2279E-06   3.2303E-06   0.99924
FLUX  936  2935.00        1.021440E+14   3.2108E-06   3.2112E-06   0.99987
FLUX  937  2945.00        1.017971E+14   3.1910E-06   3.1923E-06   0.99959
FLUX  938  2955.00        1.014526E+14   3.1731E-06   3.1735E-06   0.99987
FLUX  939  2965.00        1.011105E+14   3.1546E-06   3.1549E-06   0.99990
FLUX  940  2975.00        1.007706E+14   3.1359E-06   3.1365E-06   0.99982
FLUX  941  2985.00        1.004330E+14   3.1180E-06   3.1182E-06   0.99991
FLUX  942  2995.00        1.000977E+14   3.0987E-06   3.1001E-06   0.99954
FLUX  943  3005.00        9.976456E+13   3.0806E-06   3.0821E-06   0.99950
FLUX  944  3015.00        9.943367E+13   3.0625E-06   3.0643E-06   0.99942
FLUX  945  3025.00        9.910496E+13   3.0458E-06   3.0467E-06   0.99973
FLUX  946  3035.00        9.877842E+13   2.9493E-06   3.0292E-06   0.97365
FLUX  947  3045.00        9.845402E+13   2.9881E-06   3.0118E-06   0.99213
FLUX  948  3055.00        9.813175E+13   2.9933E-06   2.9946E-06   0.99956
FLUX  949  3065.00        9.781158E+13   2.9757E-06   2.9775E-06   0.99939
FLUX  950  3075.00        9.749350E+13   2.9596E-06   2.9606E-06   0.99967
FLUX  951  3085.00        9.717747E+13   2.9381E-06   2.9438E-06   0.99807
FLUX  952  3095.00        9.686349E+13   2.9236E-06   2.9271E-06   0.99880
FLUX  953  3105.00        9.655153E+13   2.9065E-06   2.9106E-06   0.99857
FLUX  954  3115.00        9.624157E+13   2.8841E-06   2.8943E-06   0.99648
FLUX  955  3125.00        9.593360E+13   2.8736E-06   2.8780E-06   0.99844
FLUX  956  3135.00        9.562759E+13   2.8576E-06   2.8620E-06   0.99848
FLUX  957  3145.00        9.532353E+13   2.8410E-06   2.8460E-06   0.99825
FLUX  958  3155.00        9.502139E+13   2.8276E-06   2.8302E-06   0.99908
FLUX  959  3165.00        9.472117E+13   2.8140E-06   2.8145E-06   0.99985
FLUX  960  3175.00        9.442283E+13   2.7952E-06   2.7989E-06   0.99867
FLUX  961  3185.00        9.412637E+13   2.7830E-06   2.7835E-06   0.99981
FLUX  962  3195.00        9.383177E+13   2.7674E-06   2.7682E-06   0.99973
FLUX  963  3210.00        9.339330E+13   2.7441E-06   2.7454E-06   0.99952
FLUX  964  3230.00        9.281502E+13   2.7152E-06   2.7156E-06   0.99988
FLUX  965  3250.00        9.224385E+13   2.6857E-06   2.6862E-06   0.99982
FLUX  966  3270.00        9.167966E+13   2.6562E-06   2.6572E-06   0.99963
FLUX  967  3290.00        9.112234E+13   2.5752E-06   2.6492E-06   0.97207
FLUX  968  3310.00        9.057175E+13   2.5877E-06   2.6208E-06   0.98737
FLUX  969  3330.00        9.002778E+13   2.5632E-06   2.5929E-06   0.98854
FLUX  970  3350.00        8.949030E+13   2.5387E-06   2.5654E-06   0.98958
FLUX  971  3370.00        8.895920E+13   2.5081E-06   2.5384E-06   0.98806
FLUX  972  3390.00        8.843437E+13   2.4825E-06   2.5117E-06   0.98837
FLUX  973  3410.00        8.791569E+13   2.4574E-06   2.4855E-06   0.98870
FLUX  974  3430.00        8.740306E+13   2.4347E-06   2.4597E-06   0.98984
FLUX  975  3450.00        8.689638E+13   2.4124E-06   2.4343E-06   0.99098
FLUX  976  3470.00        8.639553E+13   2.3876E-06   2.4093E-06   0.99101
FLUX  977  3490.00        8.590043E+13   2.3636E-06   2.3847E-06   0.99115
FLUX  978  3510.00        8.541097E+13   2.3403E-06   2.3604E-06   0.99149
FLUX  979  3530.00        8.492705E+13   2.3160E-06   2.3365E-06   0.99121
FLUX  980  3550.00        8.444859E+13   2.2913E-06   2.3130E-06   0.99064
FLUX  981  3570.00        8.397549E+13   2.2658E-06   2.2898E-06   0.98953
FLUX  982  3590.00        8.350766E+13   2.2537E-06   2.2670E-06   0.99413
FLUX  983  3610.00        8.304501E+13   2.2202E-06   2.2445E-06   0.98920
FLUX  984  3630.00        8.258747E+13   2.2114E-06   2.2223E-06   0.99507
FLUX  985  3650.00        8.213493E+13   2.1744E-06   2.2005E-06   0.98813
FLUX  986  3670.00        8.168733E+13   2.1686E-06   2.1790E-06   0.99523
FLUX  987  3690.00        8.124458E+13   2.1267E-06   2.1578E-06   0.98560
FLUX  988  3710.00        8.080660E+13   2.1257E-06   2.1369E-06   0.99476
FLUX  989  3730.00        8.037332E+13   2.0939E-06   2.1163E-06   0.98943
FLUX  990  3750.00        7.994467E+13   2.0399E-06   2.0960E-06   0.97323
FLUX  991  3770.00        7.952056E+13   2.0671E-06   2.0760E-06   0.99573
FLUX  992  3790.00        7.910092E+13   2.0492E-06   2.0562E-06   0.99658
FLUX  993  3810.00        7.868570E+13   2.0127E-06   2.0368E-06   0.98814
FLUX  994  3830.00        7.827480E+13   2.0056E-06   2.0176E-06   0.99401
FLUX  995  3850.00        7.786818E+13   1.9966E-06   1.9987E-06   0.99894
FLUX  996  3870.00        7.746576E+13   1.9755E-06   1.9801E-06   0.99767
FLUX  997  3890.00        7.706748E+13   1.9581E-06   1.9617E-06   0.99815
FLUX  998  3910.00        7.667327E+13   1.9134E-06   1.9436E-06   0.98448
FLUX  999  3930.00        7.628308E+13   1.9243E-06   1.9257E-06   0.99924
FLUX 1000  3950.00        7.589684E+13   1.9065E-06   1.9081E-06   0.99915
FLUX 1001  3970.00        7.551448E+13   1.8897E-06   1.8907E-06   0.99947
FLUX 1002  3990.00        7.513596E+13   1.8689E-06   1.8735E-06   0.99753
FLUX 1003  4010.00        7.476122E+13   1.8465E-06   1.8566E-06   0.99453
FLUX 1004  4030.00        7.439020E+13   1.8180E-06   1.8399E-06   0.98809
FLUX 1005  4050.00        7.402284E+13   1.7915E-06   1.8234E-06   0.98246
FLUX 1006  4070.00        7.365909E+13   1.8057E-06   1.8072E-06   0.99918
FLUX 1007  4090.00        7.329890E+13   1.7884E-06   1.7911E-06   0.99847
FLUX 1008  4110.00        7.294221E+13   1.7750E-06   1.7753E-06   0.99981
FLUX 1009  4130.00        7.258898E+13   1.7593E-06   1.7597E-06   0.99979
FLUX 1010  4150.00        7.223916E+13   1.7430E-06   1.7443E-06   0.99926
FLUX 1011  4170.00        7.189269E+13   1.7024E-06   1.7291E-06   0.98455
FLUX 1012  4190.00        7.154952E+13   1.7125E-06   1.7141E-06   0.99907
FLUX 1013  4210.00        7.120962E+13   1.6962E-06   1.6992E-06   0.99820
FLUX 1014  4230.00        7.087293E+13   1.6845E-06   1.6846E-06   0.99992
FLUX 1015  4250.00        7.053941E+13   1.6697E-06   1.6702E-06   0.99970
FLUX 1016  4270.00        7.020902E+13   1.6558E-06   1.6559E-06   0.99993
FLUX 1017  4290.00        6.988170E+13   1.6417E-06   1.6418E-06   0.99994
FLUX 1018  4310.00        6.955742E+13   1.6278E-06   1.6279E-06   0.99990
FLUX 1019  4330.00        6.923614E+13   1.6136E-06   1.6142E-06   0.99966
FLUX 1020  4350.00        6.891782E+13   1.6003E-06   1.6006E-06   0.99977
FLUX 1021  4370.00        6.860240E+13   1.5640E-06   1.5873E-06   0.98538
FLUX 1022  4390.00        6.828986E+13   1.5723E-06   1.5740E-06   0.99892
FLUX 1023  4410.00        6.798016E+13   1.5597E-06   1.5610E-06   0.99919
FLUX 1024  4430.00        6.767325E+13   1.5475E-06   1.5481E-06   0.99961
FLUX 1025  4450.00        6.736910E+13   1.5347E-06   1.5354E-06   0.99956
FLUX 1026  4470.00        6.706767E+13   1.5242E-06   1.5277E-06   0.99770
FLUX 1027  4490.00        6.676893E+13   1.5096E-06   1.5153E-06   0.99628
FLUX 1028  4510.00        6.647284E+13   1.4978E-06   1.5029E-06   0.99659
FLUX 1029  4530.00        6.617936E+13   1.4856E-06   1.4907E-06   0.99658
FLUX 1030  4550.00        6.588846E+13   1.4737E-06   1.4787E-06   0.99665
FLUX 1031  4570.00        6.560011E+13   1.4616E-06   1.4668E-06   0.99645
FLUX 1032  4590.00        6.531427E+13   1.4496E-06   1.4550E-06   0.99629
FLUX 1033  4610.00        6.503091E+13   1.4388E-06   1.4434E-06   0.99682
FLUX 1034  4630.00        6.475000E+13   1.4272E-06   1.4319E-06   0.99668
FLUX 1035  4650.00        6.447151E+13   1.3933E-06   1.4206E-06   0.98078
FLUX 1036  4670.00        6.419540E+13   1.3836E-06   1.4094E-06   0.98168
FLUX 1037  4690.00        6.392164E+13   1.3933E-06   1.3983E-06   0.99641
FLUX 1038  4710.00        6.365021E+13   1.3830E-06   1.3874E-06   0.99683
FLUX 1039  4730.00        6.338108E+13   1.3724E-06   1.3766E-06   0.99699
FLUX 1040  4750.00        6.311421E+13   1.3612E-06   1.3659E-06   0.99654
FLUX 1041  4770.00        6.284958E+13   1.3508E-06   1.3553E-06   0.99667
FLUX 1042  4790.00        6.258716E+13   1.3406E-06   1.3449E-06   0.99681
FLUX 1043  4810.00        6.232692E+13   1.3302E-06   1.3345E-06   0.99671
FLUX 1044  4830.00        6.206884E+13   1.3210E-06   1.3243E-06   0.99750
FLUX 1045  4850.00        6.181289E+13   1.3096E-06   1.3142E-06   0.99648
FLUX 1046  4870.00        6.155903E+13   1.3011E-06   1.3043E-06   0.99760
FLUX 1047  4890.00        6.130726E+13   1.2900E-06   1.2944E-06   0.99659
FLUX 1048  4910.00        6.105754E+13   1.2824E-06   1.2847E-06   0.99823
FLUX 1049  4930.00        6.080984E+13   1.2703E-06   1.2750E-06   0.99630
FLUX 1050  4950.00        6.056414E+13   1.2647E-06   1.2655E-06   0.99939
FLUX 1051  4970.00        6.032042E+13   1.2501E-06   1.2560E-06   0.99523
FLUX 1052  4990.00        6.007866E+13   1.2459E-06   1.2467E-06   0.99938
FLUX 1053  5010.00        5.983882E+13   1.2365E-06   1.2375E-06   0.99920
FLUX 1054  5030.00        5.960089E+13   1.2220E-06   1.2284E-06   0.99483
FLUX 1055  5050.00        5.936485E+13   1.2190E-06   1.2194E-06   0.99969
FLUX 1056  5070.00        5.913067E+13   1.2102E-06   1.2104E-06   0.99977
FLUX 1057  5090.00        5.889833E+13   1.1941E-06   1.2016E-06   0.99376
FLUX 1058  5110.00        5.866781E+13   1.1918E-06   1.1929E-06   0.99913
FLUX 1059  5130.00        5.843908E+13   1.1654E-06   1.1842E-06   0.98409
FLUX 1060  5150.00        5.821214E+13   1.1752E-06   1.1757E-06   0.99956
FLUX 1061  5170.00        5.798694E+13   1.1587E-06   1.1673E-06   0.99267
FLUX 1062  5190.00        5.776349E+13   1.1588E-06   1.1589E-06   0.99988
FLUX 1063  5210.00        5.754175E+13   1.1503E-06   1.1506E-06   0.99968
FLUX 1064  5230.00        5.732170E+13   1.1421E-06   1.1424E-06   0.99970
FLUX 1065  5250.00        5.710333E+13   1.1334E-06   1.1344E-06   0.99915
FLUX 1066  5270.00        5.688662E+13   1.1174E-06   1.1263E-06   0.99201
FLUX 1067  5290.00        5.667155E+13   1.1183E-06   1.1184E-06   0.99990
FLUX 1068  5310.00        5.645810E+13   1.1104E-06   1.1106E-06   0.99988
FLUX 1069  5330.00        5.624625E+13   1.1027E-06   1.1028E-06   0.99989
FLUX 1070  5350.00        5.603598E+13   1.0950E-06   1.0951E-06   0.99988
FLUX 1071  5370.00        5.582728E+13   1.0809E-06   1.0875E-06   0.99390
FLUX 1072  5390.00        5.562013E+13   1.0754E-06   1.0800E-06   0.99573
FLUX 1073  5410.00        5.541451E+13   1.0725E-06   1.0726E-06   0.99992
FLUX 1074  5430.00        5.521041E+13   1.0648E-06   1.0652E-06   0.99966
FLUX 1075  5450.00        5.500780E+13   1.0577E-06   1.0579E-06   0.99979
FLUX 1076  5470.00        5.480667E+13   1.0500E-06   1.0507E-06   0.99931
FLUX 1077  5490.00        5.460701E+13   1.0434E-06   1.0436E-06   0.99984
FLUX 1078  5510.00        5.440880E+13   1.0360E-06   1.0365E-06   0.99952
FLUX 1079  5530.00        5.421203E+13   1.0182E-06   1.0295E-06   0.98903
FLUX 1080  5550.00        5.401667E+13   1.0224E-06   1.0226E-06   0.99980
FLUX 1081  5570.00        5.382271E+13   1.0154E-06   1.0157E-06   0.99967
FLUX 1082  5590.00        5.363014E+13   1.0079E-06   1.0089E-06   0.99897
FLUX 1083  5610.00        5.343895E+13   1.0020E-06   1.0022E-06   0.99977
FLUX 1084  5630.00        5.324911E+13   9.9535E-07   9.9555E-07   0.99980
FLUX 1085  5650.00        5.306062E+13   9.8890E-07   9.8896E-07   0.99993
FLUX 1086  5670.00        5.287346E+13   9.8229E-07   9.8244E-07   0.99985
FLUX 1087  5690.00        5.268761E+13   9.7587E-07   9.7598E-07   0.99989
FLUX 1088  5710.00        5.250306E+13   9.5759E-07   9.6958E-07   0.98763
FLUX 1089  5730.00        5.231981E+13   9.6314E-07   9.6325E-07   0.99989
FLUX 1090  5750.00        5.213783E+13   9.5695E-07   9.5698E-07   0.99997
FLUX 1091  5770.00        5.195711E+13   9.5068E-07   9.5077E-07   0.99991
FLUX 1092  5790.00        5.177763E+13   9.4437E-07   9.4462E-07   0.99974
FLUX 1093  5810.00        5.159940E+13   9.3845E-07   9.3853E-07   0.99992
FLUX 1094  5830.00        5.142238E+13   9.3241E-07   9.3250E-07   0.99991
FLUX 1095  5850.00        5.124658E+13   9.2773E-07   9.2792E-07   0.99979
FLUX 1096  5870.00        5.107198E+13   9.2173E-07   9.2199E-07   0.99972
FLUX 1097  5890.00        5.089856E+13   9.1477E-07   9.1611E-07   0.99853
FLUX 1098  5910.00        5.072631E+13   8.9590E-07   9.1029E-07   0.98419
FLUX 1099  5930.00        5.055523E+13   9.0378E-07   9.0453E-07   0.99917
FLUX 1100  5950.00        5.038529E+13   8.8496E-07   8.9882E-07   0.98458
FLUX 1101  5970.00        5.021650E+13   8.9111E-07   8.9316E-07   0.99770
FLUX 1102  5990.00        5.004883E+13   8.8728E-07   8.8756E-07   0.99969
FLUX 1103  6010.00        4.988228E+13   8.8169E-07   8.8200E-07   0.99964
FLUX 1104  6030.00        4.971683E+13   8.7640E-07   8.7650E-07   0.99989
FLUX 1105  6050.00        4.955248E+13   8.7096E-07   8.7105E-07   0.99989
FLUX 1106  6070.00        4.938921E+13   8.6540E-07   8.6566E-07   0.99971
FLUX 1107  6090.00        4.922701E+13   8.5998E-07   8.6031E-07   0.99962
FLUX 1108  6110.00        4.906588E+13   8.5421E-07   8.5501E-07   0.99906
FLUX 1109  6130.00        4.890579E+13   8.4955E-07   8.4976E-07   0.99976
FLUX 1110  6150.00        4.874675E+13   8.4443E-07   8.4455E-07   0.99985
FLUX 1111  6170.00        4.858874E+13   8.3922E-07   8.3940E-07   0.99979
FLUX 1112  6190.00        4.843174E+13   8.3402E-07   8.3429E-07   0.99968
FLUX 1113  6210.00        4.827576E+13   8.2914E-07   8.2923E-07   0.99989
FLUX 1114  6230.00        4.812079E+13   8.2353E-07   8.2421E-07   0.99917
FLUX 1115  6250.00        4.796680E+13   8.1906E-07   8.1924E-07   0.99978
FLUX 1116  6270.00        4.781380E+13   8.1380E-07   8.1431E-07   0.99937
FLUX 1117  6290.00        4.766176E+13   7.9732E-07   8.0943E-07   0.98504
FLUX 1118  6310.00        4.751070E+13   8.0355E-07   8.0459E-07   0.99871
FLUX 1119  6330.00        4.736058E+13   7.9954E-07   7.9980E-07   0.99968
FLUX 1120  6350.00        4.721142E+13   7.9443E-07   7.9505E-07   0.99923
FLUX 1121  6370.00        4.706319E+13   7.9021E-07   7.9034E-07   0.99984
FLUX 1122  6390.00        4.691588E+13   7.8487E-07   7.8567E-07   0.99898
FLUX 1123  6420.00        4.669665E+13   7.7866E-07   7.7874E-07   0.99989
FLUX 1124  6460.00        4.640751E+13   7.6905E-07   7.6965E-07   0.99922
FLUX 1125  6500.00        4.612192E+13   7.5998E-07   7.6071E-07   0.99903
FLUX 1126  6540.00        4.583983E+13   7.5185E-07   7.5193E-07   0.99989
FLUX 1127  6580.00        4.556117E+13   7.4256E-07   7.4330E-07   0.99900
FLUX 1128  6620.00        4.528588E+13   7.3407E-07   7.3482E-07   0.99898
FLUX 1129  6660.00        4.501389E+13   7.2615E-07   7.2648E-07   0.99954
FLUX 1130  6700.00        4.474515E+13   7.1812E-07   7.1829E-07   0.99977
FLUX 1131  6740.00        4.447960E+13   7.0912E-07   7.1023E-07   0.99844
FLUX 1132  6780.00        4.421718E+13   6.9719E-07   7.0230E-07   0.99272
FLUX 1133  6820.00        4.395784E+13   6.9322E-07   6.9451E-07   0.99815
FLUX 1134  6860.00        4.370153E+13   6.8673E-07   6.8685E-07   0.99983
FLUX 1135  6900.00        4.344819E+13   6.7902E-07   6.7931E-07   0.99958
FLUX 1136  6940.00        4.319777E+13   6.7020E-07   6.7190E-07   0.99747
FLUX 1137  6980.00        4.295021E+13   6.6437E-07   6.6460E-07   0.99966
FLUX 1138  7020.00        4.270548E+13   6.5719E-07   6.5743E-07   0.99964
FLUX 1139  7060.00        4.246353E+13   6.5012E-07   6.5036E-07   0.99962
FLUX 1140  7100.00        4.222430E+13   6.4162E-07   6.4342E-07   0.99721
FLUX 1141  7140.00        4.198775E+13   6.3646E-07   6.3658E-07   0.99981
FLUX 1142  7180.00        4.175383E+13   6.2969E-07   6.2985E-07   0.99975
FLUX 1143  7220.00        4.152251E+13   6.2277E-07   6.2322E-07   0.99927
FLUX 1144  7260.00        4.129373E+13   6.1439E-07   6.1670E-07   0.99625
FLUX 1145  7300.00        4.106747E+13   6.1021E-07   6.1028E-07   0.99988
FLUX 1146  7340.00        4.084366E+13   6.0384E-07   6.0396E-07   0.99979
FLUX 1147  7380.00        4.062229E+13   5.9765E-07   5.9774E-07   0.99985
FLUX 1148  7420.00        4.040330E+13   5.9144E-07   5.9162E-07   0.99969
FLUX 1149  7460.00        4.018666E+13   5.8045E-07   5.8560E-07   0.99120
FLUX 1150  7500.00        3.997233E+13   5.6938E-07   5.7967E-07   0.98226
FLUX 1151  7540.00        3.976028E+13   5.7365E-07   5.7383E-07   0.99970
FLUX 1152  7580.00        3.955046E+13   5.6795E-07   5.6807E-07   0.99978
FLUX 1153  7620.00        3.934285E+13   5.6232E-07   5.6240E-07   0.99986
FLUX 1154  7660.00        3.913740E+13   5.5674E-07   5.5682E-07   0.99987
FLUX 1155  7700.00        3.893409E+13   5.5125E-07   5.5131E-07   0.99988
FLUX 1156  7740.00        3.873288E+13   5.4585E-07   5.4589E-07   0.99992
FLUX 1157  7780.00        3.853374E+13   5.3770E-07   5.4055E-07   0.99473
FLUX 1158  7820.00        3.833664E+13   5.3527E-07   5.3529E-07   0.99998
FLUX 1159  7860.00        3.814154E+13   5.3008E-07   5.3010E-07   0.99997
FLUX 1160  7900.00        3.794842E+13   5.2497E-07   5.2498E-07   0.99998
FLUX 1161  7940.00        3.775724E+13   5.1993E-07   5.1994E-07   0.99997
FLUX 1162  7980.00        3.756798E+13   5.1493E-07   5.1497E-07   0.99990
FLUX 1163  8020.00        3.738061E+13   5.1001E-07   5.1008E-07   0.99987
FLUX 1164  8060.00        3.719510E+13   5.0518E-07   5.0525E-07   0.99987
FLUX 1165  8100.00        3.701142E+13   5.0047E-07   5.0049E-07   0.99997
FLUX 1166  8140.00        3.682955E+13   4.9293E-07   4.9580E-07   0.99422
FLUX 1167  8180.00        3.664945E+13   4.9090E-07   4.9117E-07   0.99945
FLUX 1168  8220.00        3.647111E+13   4.8656E-07   4.8660E-07   0.99991
FLUX 1169  8260.00        3.629449E+13   4.8207E-07   4.8210E-07   0.99993
FLUX 1170  8300.00        3.611958E+13   4.7760E-07   4.7766E-07   0.99987
FLUX 1171  8340.00        3.594634E+13   4.7311E-07   4.7329E-07   0.99963
FLUX 1172  8380.00        3.577476E+13   4.6864E-07   4.6897E-07   0.99931
FLUX 1173  8420.00        3.560481E+13   4.6459E-07   4.6471E-07   0.99974
FLUX 1174  8460.00        3.543647E+13   4.6046E-07   4.6051E-07   0.99990
FLUX 1175  8500.00        3.526971E+13   4.5618E-07   4.5636E-07   0.99961
FLUX 1176  8540.00        3.510451E+13   4.5223E-07   4.5227E-07   0.99991
FLUX 1177  8580.00        3.494085E+13   4.4799E-07   4.4824E-07   0.99945
FLUX 1178  8620.00        3.477871E+13   4.4420E-07   4.4426E-07   0.99987
FLUX 1179  8660.00        3.461807E+13   4.3749E-07   4.4033E-07   0.99356
FLUX 1180  8700.00        3.445891E+13   4.3633E-07   4.3645E-07   0.99973
FLUX 1181  8740.00        3.430120E+13   4.3099E-07   4.3262E-07   0.99624
FLUX 1182  8780.00        3.414493E+13   4.2735E-07   4.2884E-07   0.99651
FLUX 1183  8820.00        3.399008E+13   4.2506E-07   4.2511E-07   0.99986
FLUX 1184  8860.00        3.383663E+13   4.2098E-07   4.2143E-07   0.99891
FLUX 1185  8900.00        3.368455E+13   4.1775E-07   4.1780E-07   0.99987
FLUX 1186  8940.00        3.353384E+13   4.1419E-07   4.1421E-07   0.99993
FLUX 1187  8980.00        3.338447E+13   4.1061E-07   4.1067E-07   0.99984
FLUX 1188  9020.00        3.323642E+13   4.0713E-07   4.0718E-07   0.99989
FLUX 1189  9060.00        3.308968E+13   4.0322E-07   4.0373E-07   0.99873
FLUX 1190  9100.00        3.294423E+13   4.0026E-07   4.0032E-07   0.99985
FLUX 1191  9140.00        3.280005E+13   3.9690E-07   3.9695E-07   0.99987
FLUX 1192  9180.00        3.265714E+13   3.9362E-07   3.9363E-07   0.99997
FLUX 1193  9220.00        3.251546E+13   3.9034E-07   3.9035E-07   0.99997
FLUX 1194  9260.00        3.237500E+13   3.8636E-07   3.8711E-07   0.99806
FLUX 1195  9300.00        3.223575E+13   3.8390E-07   3.8391E-07   0.99998
FLUX 1196  9340.00        3.209770E+13   3.8072E-07   3.8075E-07   0.99994
FLUX 1197  9380.00        3.196082E+13   3.7512E-07   3.7763E-07   0.99337
FLUX 1198  9420.00        3.182511E+13   3.7447E-07   3.7454E-07   0.99980
FLUX 1199  9460.00        3.169054E+13   3.7147E-07   3.7149E-07   0.99992
FLUX 1200  9500.00        3.155711E+13   3.6824E-07   3.6848E-07   0.99933
FLUX 1201  9540.00        3.142479E+13   3.6474E-07   3.6551E-07   0.99788
FLUX 1202  9580.00        3.129358E+13   3.6257E-07   3.6257E-07   0.99998
FLUX 1203  9620.00        3.116346E+13   3.5963E-07   3.5967E-07   0.99989
FLUX 1204  9660.00        3.103442E+13   3.5680E-07   3.5680E-07   0.99998
FLUX 1205  9700.00        3.090644E+13   3.5396E-07   3.5397E-07   0.99998
FLUX 1206  9740.00        3.077952E+13   3.5111E-07   3.5117E-07   0.99985
FLUX 1207  9780.00        3.065363E+13   3.4837E-07   3.4840E-07   0.99992
FLUX 1208  9820.00        3.052877E+13   3.4561E-07   3.4567E-07   0.99984
FLUX 1209  9860.00        3.040492E+13   3.4189E-07   3.4296E-07   0.99687
FLUX 1210  9900.00        3.028207E+13   3.4029E-07   3.4029E-07   0.99999
FLUX 1211  9940.00        3.016021E+13   3.3763E-07   3.3765E-07   0.99993
FLUX 1212  9980.00        3.003933E+13   3.3501E-07   3.3504E-07   0.99989
FLUX 1213 10020.00        2.991941E+13   3.3243E-07   3.3246E-07   0.99989
FLUX 1214 20000.00        1.498963E+13   8.5913E-08   8.5914E-08   0.99999
FLUX 1215 40000.00        7.494813E+12   2.1571E-08   2.1571E-08   1.00000
FLUX 1216 60000.00        4.996542E+12   9.5404E-09   9.5404E-09   1.00000
FLUX 1217 80000.00        3.747406E+12   5.3361E-09   5.3361E-09   1.00000
FLUX 1218100000.00        2.997925E+12   3.3968E-09   3.3968E-09   1.00000
FLUX 1219120000.00        2.498271E+12   2.3474E-09   2.3474E-09   1.00000
FLUX 1220140000.00        2.141375E+12   1.7171E-09   1.7171E-09   1.00000
FLUX 1221160000.00        1.873703E+12   1.3094E-09   1.3094E-09   1.00000
FLUX
