TEFF   6500.  GRAVITY 1.00000 LTE 
TITLE  [-0.5] N(He)/Ntot=0.0784 VTURB=2.0  L/H=1.25 NOVER                       
FLUX    1     9.09        3.298047E+16   1.0000E-50   0.0000E+00   1.00000
FLUX    2     9.35        3.206337E+16   1.0000E-50   0.0000E+00   1.00000
FLUX    3     9.61        3.119589E+16   1.0000E-50   0.0000E+00   1.00000
FLUX    4     9.77        3.068501E+16   1.0000E-50   0.0000E+00   1.00000
FLUX    5     9.96        3.009965E+16   1.0000E-50   0.0000E+00   1.00000
FLUX    6    10.20        2.939142E+16   1.0000E-50   0.0000E+00   1.00000
FLUX    7    10.38        2.888174E+16   1.0000E-50   0.0000E+00   1.00000
FLUX    8    10.56        2.838944E+16   1.0000E-50   0.0000E+00   1.00000
FLUX    9    10.77        2.783589E+16   1.0000E-50   0.0000E+00   1.00000
FLUX   10    11.04        2.715512E+16   1.0000E-50   0.0000E+00   1.00000
FLUX   11    11.40        2.629759E+16   1.0000E-50   0.0000E+00   1.00000
FLUX   12    11.78        2.544928E+16   1.0000E-50   0.0000E+00   1.00000
FLUX   13    12.13        2.471496E+16   1.0000E-50   0.0000E+00   1.00000
FLUX   14    12.48        2.402183E+16   1.0000E-50   0.0000E+00   1.00000
FLUX   15    12.71        2.358714E+16   1.0000E-50   0.0000E+00   1.00000
FLUX   16    12.84        2.334833E+16   1.0000E-50   0.0000E+00   1.00000
FLUX   17    13.05        2.297261E+16   1.0000E-50   0.0000E+00   1.00000
FLUX   18    13.24        2.264294E+16   1.0000E-50   0.0000E+00   1.00000
FLUX   19    13.39        2.238928E+16   1.0000E-50   0.0000E+00   1.00000
FLUX   20    13.66        2.194674E+16   1.0000E-50   0.0000E+00   1.00000
FLUX   21    13.98        2.144438E+16   1.0000E-50   0.0000E+00   1.00000
FLUX   22    14.33        2.092062E+16   1.0000E-50   0.0000E+00   1.00000
FLUX   23    14.72        2.036634E+16   1.0000E-50   0.0000E+00   1.00000
FLUX   24    15.10        1.985381E+16   1.0000E-50   0.0000E+00   1.00000
FLUX   25    15.52        1.931653E+16   1.0000E-50   0.0000E+00   1.00000
FLUX   26    15.88        1.887862E+16   1.0000E-50   0.0000E+00   1.00000
FLUX   27    16.20        1.850571E+16   1.0000E-50   0.0000E+00   1.00000
FLUX   28    16.60        1.805979E+16   1.0000E-50   0.0000E+00   1.00000
FLUX   29    17.03        1.760379E+16   1.0000E-50   0.0000E+00   1.00000
FLUX   30    17.34        1.728907E+16   1.0000E-50   0.0000E+00   1.00000
FLUX   31    17.68        1.695659E+16   1.0000E-50   0.0000E+00   1.00000
FLUX   32    18.02        1.663665E+16   1.0000E-50   0.0000E+00   1.00000
FLUX   33    18.17        1.649931E+16   1.0000E-50   0.0000E+00   1.00000
FLUX   34    18.61        1.610922E+16   1.0000E-50   0.0000E+00   1.00000
FLUX   35    19.10        1.569594E+16   1.0000E-50   0.0000E+00   1.00000
FLUX   36    19.39        1.546119E+16   1.0000E-50   0.0000E+00   1.00000
FLUX   37    19.84        1.511051E+16   1.0000E-50   0.0000E+00   1.00000
FLUX   38    20.18        1.485592E+16   1.8751E-77   1.8752E-77   0.99998
FLUX   39    20.50        1.462402E+16   2.6676E-76   2.6676E-76   0.99998
FLUX   40    21.05        1.424192E+16   2.1029E-74   2.1029E-74   0.99998
FLUX   41    21.62        1.386644E+16   1.5310E-72   1.5311E-72   0.99998
FLUX   42    21.98        1.363933E+16   2.0440E-71   2.0440E-71   0.99998
FLUX   43    22.30        1.344361E+16   1.9010E-70   1.9011E-70   0.99998
FLUX   44    22.68        1.321836E+16   2.4742E-69   2.4742E-69   0.99998
FLUX   45    23.00        1.303446E+16   2.0104E-68   2.0105E-68   0.99998
FLUX   46    23.40        1.281165E+16   2.5346E-67   2.5346E-67   0.99998
FLUX   47    24.00        1.249135E+16   9.6553E-66   9.6555E-66   0.99998
FLUX   48    24.65        1.216197E+16   4.0650E-64   4.0651E-64   0.99998
FLUX   49    25.24        1.187767E+16   1.0224E-62   1.0224E-62   0.99998
FLUX   50    25.68        1.167416E+16   1.0264E-61   1.0264E-61   0.99998
FLUX   51    26.00        1.153048E+16   5.2247E-61   5.2248E-61   0.99998
FLUX   52    26.40        1.135578E+16   3.7748E-60   3.7748E-60   0.99998
FLUX   53    26.85        1.116546E+16   3.2445E-59   3.2445E-59   0.99998
FLUX   54    27.35        1.096133E+16   3.2520E-58   3.2521E-58   0.99998
FLUX   55    27.85        1.076454E+16   2.9992E-57   2.9993E-57   0.99998
FLUX   56    28.40        1.055607E+16   3.1462E-56   3.1463E-56   0.99998
FLUX   57    29.00        1.033767E+16   3.6803E-55   3.6804E-55   0.99998
FLUX   58    29.60        1.012813E+16   3.8804E-54   3.8805E-54   0.99998
FLUX   59    30.10        9.959884E+15   2.5707E-53   2.5709E-53   0.99992
FLUX   60    30.80        9.733523E+15   3.2624E-52   3.2625E-52   0.99998
FLUX   61    31.80        9.427437E+15   1.0072E-50   1.0072E-50   0.99998
FLUX   62    32.80        9.140015E+15   2.5076E-49   2.5076E-49   0.99998
FLUX   63    33.80        8.869601E+15   5.1277E-48   5.1278E-48   0.99998
FLUX   64    34.80        8.614727E+15   8.7734E-47   8.7736E-47   0.99998
FLUX   65    35.70        8.397549E+15   9.8098E-46   9.8100E-46   0.99998
FLUX   66    36.60        8.191052E+15   9.7185E-45   9.7187E-45   0.99998
FLUX   67    37.50        7.994467E+15   8.5837E-44   8.5839E-44   0.99998
FLUX   68    38.50        7.786818E+15   8.5363E-43   8.5365E-43   0.99998
FLUX   69    39.50        7.589684E+15   7.5205E-42   7.5207E-42   0.99998
FLUX   70    40.50        7.402284E+15   5.9280E-41   5.9282E-41   0.99998
FLUX   71    41.40        7.241365E+15   3.4806E-40   3.4806E-40   0.99998
FLUX   72    42.20        7.104088E+15   1.5710E-39   1.5710E-39   0.99998
FLUX   73    43.00        6.971919E+15   6.6896E-39   6.6898E-39   0.99998
FLUX   74    44.10        6.798016E+15   4.4859E-38   4.4860E-38   0.99997
FLUX   75    45.10        6.647284E+15   2.3254E-37   2.3255E-37   0.99998
FLUX   76    46.00        6.517228E+15   9.5955E-37   9.5957E-37   0.99998
FLUX   77    47.00        6.378564E+15   4.3382E-36   4.3385E-36   0.99992
FLUX   78    48.00        6.245677E+15   1.8360E-35   1.8361E-35   0.99998
FLUX   79    49.00        6.118214E+15   7.3099E-35   7.3101E-35   0.99998
FLUX   80    50.00        5.995850E+15   2.7443E-34   2.7443E-34   0.99998
FLUX   81    50.60        5.924753E+15   7.8515E-34   8.9741E-34   0.87490
FLUX   82    51.20        5.855322E+15   1.8660E-33   1.8897E-33   0.98746
FLUX   83    52.00        5.765240E+15   4.9077E-33   4.9570E-33   0.99005
FLUX   84    53.00        5.656462E+15   1.5848E-32   1.5850E-32   0.99991
FLUX   85    54.00        5.551713E+15   4.8123E-32   4.8433E-32   0.99358
FLUX   86    55.00        5.450773E+15   1.4185E-31   1.4187E-31   0.99981
FLUX   87    56.00        5.353438E+15   3.9902E-31   3.9905E-31   0.99992
FLUX   88    57.00        5.259518E+15   1.0801E-30   1.0801E-30   0.99998
FLUX   89    58.00        5.168836E+15   2.7881E-30   2.8194E-30   0.98890
FLUX   90    59.00        5.081229E+15   7.1076E-30   7.1090E-30   0.99979
FLUX   91    60.00        4.996542E+15   1.7343E-29   1.7348E-29   0.99972
FLUX   92    61.00        4.914631E+15   4.1035E-29   4.1036E-29   0.99998
FLUX   93    62.00        4.835363E+15   9.4235E-29   9.4243E-29   0.99991
FLUX   94    63.00        4.758611E+15   2.1042E-28   2.1043E-28   0.99993
FLUX   95    64.00        4.684258E+15   4.5764E-28   4.5771E-28   0.99984
FLUX   96    65.00        4.612192E+15   9.7050E-28   9.7053E-28   0.99997
FLUX   97    65.80        4.556117E+15   1.7398E-27   1.7398E-27   0.99997
FLUX   98    66.50        4.508158E+15   2.8627E-27   2.8639E-27   0.99957
FLUX   99    67.50        4.441370E+15   5.7243E-27   5.7259E-27   0.99972
FLUX  100    68.50        4.376533E+15   1.1200E-26   1.1202E-26   0.99982
FLUX  101    69.50        4.313561E+15   2.1466E-26   2.1467E-26   0.99998
FLUX  102    70.50        4.252376E+15   4.0276E-26   4.0328E-26   0.99869
FLUX  103    71.60        4.187046E+15   7.8942E-26   7.8948E-26   0.99993
FLUX  104    72.60        4.129373E+15   1.4265E-25   1.4265E-25   0.99998
FLUX  105    73.50        4.078810E+15   2.3942E-25   2.3944E-25   0.99992
FLUX  106    74.50        4.024060E+15   4.1897E-25   4.1909E-25   0.99973
FLUX  107    75.50        3.970762E+15   7.2161E-25   7.2186E-25   0.99965
FLUX  108    76.50        3.918856E+15   1.2240E-24   1.2244E-24   0.99970
FLUX  109    77.50        3.868290E+15   2.0458E-24   2.0463E-24   0.99973
FLUX  110    78.50        3.819013E+15   3.3718E-24   3.3719E-24   0.99998
FLUX  111    79.50        3.770975E+15   5.4572E-24   5.4807E-24   0.99571
FLUX  112    80.50        3.724130E+15   8.7809E-24   8.7925E-24   0.99868
FLUX  113    81.50        3.678436E+15   1.3926E-23   1.3928E-23   0.99981
FLUX  114    82.50        3.633848E+15   2.1799E-23   2.1801E-23   0.99990
FLUX  115    83.50        3.590329E+15   3.3730E-23   3.3733E-23   0.99992
FLUX  116    84.50        3.547840E+15   5.1605E-23   5.1609E-23   0.99993
FLUX  117    85.50        3.506345E+15   7.8100E-23   7.8108E-23   0.99990
FLUX  118    86.50        3.465809E+15   1.1697E-22   1.1698E-22   0.99997
FLUX  119    87.50        3.426200E+15   1.7323E-22   1.7342E-22   0.99892
FLUX  120    88.50        3.387486E+15   2.5461E-22   2.5463E-22   0.99992
FLUX  121    89.50        3.349637E+15   3.7036E-22   3.7037E-22   0.99997
FLUX  122    90.50        3.312624E+15   5.3298E-22   5.3384E-22   0.99840
FLUX  123    91.50        3.276421E+15   1.0166E-18   2.6086E-18   0.38970
FLUX  124    92.50        3.241000E+15   3.5076E-18   3.8253E-18   0.91695
FLUX  125    93.50        3.206337E+15   5.0382E-18   5.5524E-18   0.90740
FLUX  126    94.50        3.172407E+15   7.4786E-18   7.9882E-18   0.93621
FLUX  127    95.50        3.139188E+15   1.1079E-17   1.1407E-17   0.97118
FLUX  128    96.50        3.106658E+15   1.5775E-17   1.6122E-17   0.97850
FLUX  129    97.50        3.074795E+15   2.1756E-17   2.2560E-17   0.96438
FLUX  130    98.50        3.043579E+15   3.0754E-17   3.1660E-17   0.97138
FLUX  131    99.50        3.012990E+15   4.2183E-17   4.3839E-17   0.96223
FLUX  132   100.50        2.983010E+15   5.9542E-17   6.0258E-17   0.98813
FLUX  133   101.50        2.953621E+15   8.1342E-17   8.2028E-17   0.99163
FLUX  134   102.50        2.924805E+15   1.0824E-16   1.1202E-16   0.96630
FLUX  135   103.50        2.896546E+15   1.4930E-16   1.5106E-16   0.98834
FLUX  136   104.50        2.868828E+15   2.0164E-16   2.0297E-16   0.99345
FLUX  137   105.50        2.841635E+15   2.6967E-16   2.7108E-16   0.99481
FLUX  138   106.50        2.814953E+15   3.5495E-16   3.6010E-16   0.98568
FLUX  139   107.50        2.788767E+15   4.7126E-16   4.7589E-16   0.99027
FLUX  140   108.50        2.763065E+15   6.2090E-16   6.2559E-16   0.99250
FLUX  141   109.50        2.737831E+15   8.0479E-16   8.1799E-16   0.98387
FLUX  142   110.50        2.713054E+15   2.0562E-15   8.1286E-15   0.25296
FLUX  143   111.50        2.688722E+15   7.0996E-15   1.1355E-14   0.62523
FLUX  144   112.50        2.664822E+15   1.0839E-14   1.5335E-14   0.70681
FLUX  145   113.50        2.641344E+15   1.5697E-14   1.9946E-14   0.78698
FLUX  146   114.50        2.618275E+15   2.0517E-14   2.4953E-14   0.82223
FLUX  147   115.50        2.595606E+15   2.2706E-14   2.9866E-14   0.76026
FLUX  148   116.50        2.573326E+15   3.0469E-14   3.3877E-14   0.89941
FLUX  149   117.50        2.551426E+15   3.3641E-14   3.5837E-14   0.93874
FLUX  150   118.50        2.529895E+15   4.2634E-14   7.5462E-14   0.56498
FLUX  151   119.50        2.508724E+15   1.7447E-14   9.2798E-14   0.18801
FLUX  152   120.50        2.487905E+15   1.5226E-14   1.1329E-13   0.13440
FLUX  153   121.50        2.467428E+15   9.7852E-15   1.3746E-13   0.07119
FLUX  154   122.50        2.447286E+15   2.1241E-14   1.6976E-13   0.12512
FLUX  155   123.50        2.427470E+15   4.6876E-14   2.0393E-13   0.22986
FLUX  156   124.50        2.407972E+15   1.0116E-13   1.2834E-13   0.78825
FLUX  157   125.50        2.388785E+15   2.2692E-13   2.6399E-13   0.85957
FLUX  158   126.50        2.369901E+15   2.9069E-13   4.7152E-13   0.61649
FLUX  159   127.50        2.351314E+15   5.2303E-13   7.1604E-13   0.73044
FLUX  160   128.50        2.333016E+15   8.8208E-13   1.0752E-12   0.82040
FLUX  161   129.50        2.315000E+15   1.2859E-12   1.4894E-12   0.86334
FLUX  162   130.50        2.297261E+15   1.1969E-12   2.0342E-12   0.58841
FLUX  163   131.50        2.279791E+15   2.1540E-12   2.6697E-12   0.80682
FLUX  164   132.50        2.262585E+15   2.8955E-12   3.4463E-12   0.84018
FLUX  165   133.50        2.245637E+15   3.6153E-12   4.3478E-12   0.83151
FLUX  166   134.50        2.228941E+15   4.9264E-12   5.4067E-12   0.91116
FLUX  167   135.50        2.212491E+15   5.5957E-12   6.6321E-12   0.84372
FLUX  168   136.50        2.196282E+15   6.8197E-12   8.0668E-12   0.84540
FLUX  169   137.50        2.180309E+15   7.9880E-12   9.7038E-12   0.82318
FLUX  170   138.50        2.164567E+15   9.5142E-12   1.1581E-11   0.82155
FLUX  171   139.50        2.149050E+15   1.1785E-11   1.3695E-11   0.86052
FLUX  172   140.50        2.133754E+15   1.4024E-11   1.6105E-11   0.87079
FLUX  173   141.50        2.118675E+15   1.5447E-11   1.8790E-11   0.82211
FLUX  174   142.50        2.103807E+15   1.8278E-11   2.1861E-11   0.83610
FLUX  175   143.50        2.089146E+15   1.9662E-11   2.5229E-11   0.77932
FLUX  176   144.20        2.079005E+15   2.3988E-11   2.7842E-11   0.86157
FLUX  177   144.70        2.071821E+15   2.5852E-11   3.1271E-11   0.82670
FLUX  178   145.50        2.060430E+15   3.0037E-11   3.4828E-11   0.86244
FLUX  179   146.50        2.046365E+15   3.2085E-11   3.9751E-11   0.80716
FLUX  180   147.50        2.032492E+15   3.7435E-11   4.5190E-11   0.82838
FLUX  181   148.50        2.018805E+15   4.3604E-11   5.1185E-11   0.85190
FLUX  182   149.50        2.005301E+15   5.2294E-11   5.7822E-11   0.90440
FLUX  183   150.50        1.991977E+15   6.0054E-11   6.5065E-11   0.92299
FLUX  184   151.20        1.982755E+15   6.2269E-11   7.0576E-11   0.88230
FLUX  185   151.70        1.976220E+15   6.9302E-11   8.8020E-11   0.78735
FLUX  186   152.50        1.965852E+15   7.7805E-11   1.5535E-10   0.50082
FLUX  187   153.50        1.953046E+15   1.2559E-10   2.6096E-10   0.48128
FLUX  188   154.50        1.940405E+15   1.8800E-10   2.9828E-10   0.63028
FLUX  189   155.50        1.927926E+15   2.0077E-10   3.3915E-10   0.59200
FLUX  190   156.50        1.915607E+15   1.8883E-10   3.8506E-10   0.49038
FLUX  191   157.50        1.903444E+15   2.8053E-10   4.5040E-10   0.62284
FLUX  192   158.50        1.891435E+15   3.2894E-10   5.0869E-10   0.64663
FLUX  193   159.50        1.879577E+15   4.2949E-10   5.7382E-10   0.74847
FLUX  194   160.50        1.867866E+15   4.3150E-10   6.4499E-10   0.66900
FLUX  195   161.50        1.856300E+15   4.3710E-10   7.2275E-10   0.60477
FLUX  196   162.50        1.844877E+15   4.3973E-10   8.2049E-10   0.53593
FLUX  197   163.50        1.833593E+15   5.4104E-10   9.1705E-10   0.58998
FLUX  198   164.50        1.822447E+15   6.6447E-10   1.0229E-09   0.64957
FLUX  199   165.50        1.811435E+15   4.1094E-10   1.1384E-09   0.36097
FLUX  200   166.50        1.800556E+15   7.3009E-10   1.2620E-09   0.57851
FLUX  201   167.20        1.793017E+15   4.2880E-10   1.3547E-09   0.31652
FLUX  202   167.70        1.787671E+15   8.9590E-10   3.5112E-09   0.25516
FLUX  203   168.50        1.779184E+15   1.5264E-09   2.1124E-08   0.07226
FLUX  204   169.50        1.768687E+15   2.5632E-09   2.3059E-08   0.11116
FLUX  205   170.50        1.758314E+15   2.8542E-09   2.5249E-08   0.11304
FLUX  206   171.50        1.748061E+15   5.8632E-09   3.3563E-08   0.17469
FLUX  207   172.50        1.737928E+15   8.5216E-09   3.6034E-08   0.23649
FLUX  208   173.50        1.727911E+15   1.2011E-08   3.8401E-08   0.31277
FLUX  209   174.50        1.718009E+15   9.3208E-09   4.1091E-08   0.22683
FLUX  210   175.50        1.708219E+15   1.4789E-08   4.3706E-08   0.33837
FLUX  211   176.50        1.698541E+15   1.2003E-08   4.6311E-08   0.25918
FLUX  212   177.50        1.688972E+15   1.7046E-08   4.9101E-08   0.34716
FLUX  213   178.50        1.679510E+15   1.4325E-08   5.2054E-08   0.27519
FLUX  214   179.50        1.670153E+15   2.6920E-08   5.4947E-08   0.48993
FLUX  215   180.50        1.660900E+15   1.6868E-08   5.7940E-08   0.29113
FLUX  216   181.50        1.651749E+15   2.3469E-08   6.1033E-08   0.38452
FLUX  217   182.50        1.642699E+15   1.8778E-08   6.4173E-08   0.29262
FLUX  218   183.50        1.633747E+15   2.1318E-08   6.7255E-08   0.31697
FLUX  219   184.50        1.624892E+15   2.0855E-08   7.0447E-08   0.29604
FLUX  220   185.50        1.616132E+15   2.7511E-08   7.3823E-08   0.37266
FLUX  221   186.50        1.607466E+15   3.5150E-08   7.7156E-08   0.45558
FLUX  222   187.50        1.598893E+15   3.2772E-08   8.2550E-08   0.39700
FLUX  223   188.50        1.590411E+15   3.7375E-08   8.5971E-08   0.43474
FLUX  224   189.50        1.582018E+15   4.4516E-08   8.9479E-08   0.49750
FLUX  225   190.50        1.573714E+15   4.0738E-08   9.2972E-08   0.43817
FLUX  226   191.50        1.565496E+15   4.3430E-08   9.6515E-08   0.44998
FLUX  227   192.50        1.557364E+15   3.7425E-08   1.0012E-07   0.37379
FLUX  228   193.50        1.549315E+15   2.1007E-08   1.0381E-07   0.20237
FLUX  229   194.50        1.541350E+15   5.5972E-08   1.0747E-07   0.52084
FLUX  230   195.50        1.533465E+15   6.2203E-08   1.1113E-07   0.55976
FLUX  231   196.70        1.524110E+15   7.4156E-08   1.1562E-07   0.64140
FLUX  232   197.60        1.517169E+15   7.2931E-08   1.2450E-07   0.58579
FLUX  233   198.40        1.511051E+15   7.2548E-08   1.2776E-07   0.56783
FLUX  234   199.50        1.502719E+15   7.5507E-08   1.3521E-07   0.55843
FLUX  235   200.50        1.495224E+15   7.2774E-08   1.3948E-07   0.52175
FLUX  236   201.50        1.487804E+15   6.7232E-08   1.4386E-07   0.46736
FLUX  237   202.50        1.480457E+15   6.1805E-08   1.4831E-07   0.41672
FLUX  238   203.50        1.473182E+15   8.4778E-08   1.5269E-07   0.55524
FLUX  239   204.50        1.465978E+15   9.7888E-08   1.5715E-07   0.62291
FLUX  240   205.50        1.458844E+15   8.3120E-08   1.6167E-07   0.51413
FLUX  241   206.50        1.451780E+15   7.8028E-08   1.6626E-07   0.46931
FLUX  242   207.40        1.445480E+15   1.1326E-07   1.7040E-07   0.66467
FLUX  243   207.80        1.442697E+15   1.4084E-07   2.3876E-07   0.58988
FLUX  244   208.50        1.437854E+15   1.3701E-07   2.4385E-07   0.56185
FLUX  245   209.50        1.430990E+15   1.3391E-07   2.5122E-07   0.53303
FLUX  246   210.50        1.424192E+15   1.3050E-07   2.5872E-07   0.50441
FLUX  247   211.50        1.417459E+15   1.4105E-07   2.6635E-07   0.52958
FLUX  248   212.50        1.410788E+15   1.3678E-07   2.7400E-07   0.49918
FLUX  249   213.50        1.404180E+15   1.0787E-07   2.8171E-07   0.38292
FLUX  250   214.50        1.397634E+15   1.4280E-07   2.8955E-07   0.49318
FLUX  251   215.50        1.391148E+15   1.5375E-07   2.9754E-07   0.51675
FLUX  252   216.50        1.384723E+15   1.3126E-07   3.0569E-07   0.42939
FLUX  253   217.50        1.378356E+15   1.4200E-07   3.1389E-07   0.45238
FLUX  254   218.50        1.372048E+15   1.5689E-07   3.2216E-07   0.48699
FLUX  255   219.50        1.365797E+15   1.8607E-07   3.3058E-07   0.56285
FLUX  256   220.50        1.359603E+15   1.7357E-07   3.3917E-07   0.51175
FLUX  257   221.50        1.353465E+15   1.3440E-07   3.4792E-07   0.38628
FLUX  258   222.50        1.347382E+15   1.3519E-07   3.5733E-07   0.37834
FLUX  259   223.50        1.341353E+15   1.9695E-07   3.6620E-07   0.53783
FLUX  260   224.50        1.335379E+15   1.7968E-07   3.7524E-07   0.47885
FLUX  261   225.50        1.329457E+15   1.3319E-07   3.8802E-07   0.34326
FLUX  262   226.50        1.323587E+15   1.3045E-07   3.9723E-07   0.32840
FLUX  263   227.50        1.317769E+15   1.7937E-07   4.0657E-07   0.44117
FLUX  264   228.50        1.312002E+15   1.9425E-07   4.1591E-07   0.46705
FLUX  265   229.50        1.306285E+15   1.8063E-07   4.2532E-07   0.42470
FLUX  266   230.50        1.300618E+15   2.0337E-07   4.3486E-07   0.46767
FLUX  267   231.50        1.295000E+15   1.8580E-07   4.4454E-07   0.41796
FLUX  268   232.50        1.289430E+15   1.7388E-07   4.5435E-07   0.38270
FLUX  269   233.50        1.283908E+15   9.2230E-08   4.6513E-07   0.19829
FLUX  270   234.50        1.278433E+15   6.3171E-08   4.7503E-07   0.13298
FLUX  271   235.50        1.273004E+15   1.3614E-07   4.8503E-07   0.28069
FLUX  272   236.50        1.267622E+15   6.4077E-08   4.9517E-07   0.12940
FLUX  273   237.50        1.262284E+15   9.9551E-08   5.0545E-07   0.19696
FLUX  274   238.50        1.256992E+15   4.7362E-08   5.1588E-07   0.09181
FLUX  275   239.50        1.251743E+15   6.8201E-08   5.2643E-07   0.12955
FLUX  276   240.50        1.246538E+15   6.5692E-08   5.3699E-07   0.12233
FLUX  277   241.50        1.241377E+15   1.1155E-07   5.4763E-07   0.20370
FLUX  278   242.50        1.236258E+15   2.3041E-07   5.5841E-07   0.41263
FLUX  279   243.50        1.231181E+15   2.3203E-07   5.6932E-07   0.40755
FLUX  280   244.50        1.226145E+15   2.6372E-07   5.8165E-07   0.45340
FLUX  281   245.50        1.221151E+15   2.6960E-07   5.9275E-07   0.45482
FLUX  282   246.50        1.216197E+15   2.5555E-07   6.0395E-07   0.42313
FLUX  283   247.50        1.211283E+15   2.3509E-07   6.1513E-07   0.38217
FLUX  284   248.50        1.206408E+15   2.2968E-07   6.2644E-07   0.36664
FLUX  285   249.50        1.201573E+15   2.3104E-07   6.3786E-07   0.36221
FLUX  286   250.50        1.196776E+15   3.3328E-07   6.5043E-07   0.51240
FLUX  287   251.30        1.192967E+15   2.3461E-07   6.5971E-07   0.35563
FLUX  288   251.80        1.190598E+15   2.5602E-07   7.1262E-07   0.35927
FLUX  289   252.50        1.187297E+15   1.9655E-07   7.2149E-07   0.27242
FLUX  290   253.50        1.182613E+15   2.0315E-07   7.3428E-07   0.27667
FLUX  291   254.50        1.177967E+15   2.2455E-07   7.4708E-07   0.30058
FLUX  292   255.50        1.173356E+15   2.8548E-07   7.6000E-07   0.37563
FLUX  293   256.50        1.168782E+15   2.2199E-07   7.7305E-07   0.28717
FLUX  294   257.50        1.164243E+15   2.6750E-07   7.8622E-07   0.34023
FLUX  295   258.50        1.159739E+15   2.1965E-07   7.9952E-07   0.27472
FLUX  296   259.50        1.155270E+15   1.8541E-07   8.1293E-07   0.22807
FLUX  297   260.50        1.150835E+15   1.4789E-07   8.2645E-07   0.17895
FLUX  298   261.50        1.146434E+15   1.3981E-07   8.3994E-07   0.16645
FLUX  299   262.50        1.142067E+15   1.9929E-07   8.5356E-07   0.23348
FLUX  300   263.50        1.137732E+15   3.2275E-07   8.6768E-07   0.37196
FLUX  301   264.50        1.133431E+15   5.3872E-07   8.8152E-07   0.61112
FLUX  302   265.50        1.129162E+15   5.8428E-07   8.9548E-07   0.65248
FLUX  303   266.50        1.124925E+15   4.4663E-07   9.0957E-07   0.49104
FLUX  304   267.50        1.120720E+15   5.0905E-07   9.2376E-07   0.55106
FLUX  305   268.50        1.116546E+15   5.1925E-07   9.3800E-07   0.55357
FLUX  306   269.50        1.112403E+15   4.7080E-07   9.5227E-07   0.49440
FLUX  307   270.50        1.108290E+15   5.2691E-07   9.6709E-07   0.54484
FLUX  308   271.50        1.104208E+15   4.1916E-07   9.8155E-07   0.42703
FLUX  309   272.50        1.100156E+15   4.2431E-07   9.9613E-07   0.42596
FLUX  310   273.50        1.096133E+15   4.5076E-07   1.0108E-06   0.44594
FLUX  311   274.50        1.092140E+15   2.1650E-07   1.0256E-06   0.21110
FLUX  312   275.50        1.088176E+15   2.9258E-07   1.0405E-06   0.28119
FLUX  313   276.50        1.084241E+15   3.7592E-07   1.0554E-06   0.35618
FLUX  314   277.50        1.080333E+15   4.5820E-07   1.0704E-06   0.42807
FLUX  315   278.50        1.076454E+15   3.0370E-07   1.0854E-06   0.27979
FLUX  316   279.50        1.072603E+15   1.0044E-07   1.1006E-06   0.09126
FLUX  317   280.50        1.068779E+15   1.3104E-07   1.1159E-06   0.11743
FLUX  318   281.50        1.064982E+15   4.2070E-07   1.1312E-06   0.37190
FLUX  319   282.50        1.061212E+15   6.3022E-07   1.1467E-06   0.54962
FLUX  320   283.50        1.057469E+15   6.3240E-07   1.1622E-06   0.54413
FLUX  321   284.50        1.053752E+15   6.3065E-07   1.1779E-06   0.53542
FLUX  322   285.50        1.050061E+15   5.3185E-07   1.1935E-06   0.44561
FLUX  323   286.50        1.046396E+15   6.9713E-07   1.2092E-06   0.57650
FLUX  324   287.50        1.042757E+15   7.0313E-07   1.2251E-06   0.57396
FLUX  325   288.50        1.039142E+15   7.2835E-07   1.2410E-06   0.58692
FLUX  326   289.50        1.035553E+15   7.0338E-07   1.2569E-06   0.55959
FLUX  327   291.00        1.030215E+15   8.9059E-07   1.2814E-06   0.69503
FLUX  328   293.00        1.023183E+15   8.5048E-07   1.3138E-06   0.64732
FLUX  329   295.00        1.016246E+15   8.4550E-07   1.3466E-06   0.62789
FLUX  330   297.00        1.009402E+15   9.5714E-07   1.3795E-06   0.69385
FLUX  331   299.00        1.002651E+15   9.7934E-07   1.4127E-06   0.69325
FLUX  332   301.00        9.959884E+14   1.0627E-06   1.4462E-06   0.73483
FLUX  333   303.00        9.894142E+14   1.0739E-06   1.4800E-06   0.72559
FLUX  334   305.00        9.829262E+14   1.1115E-06   1.5140E-06   0.73413
FLUX  335   307.00        9.765228E+14   1.1254E-06   1.5482E-06   0.72691
FLUX  336   309.00        9.702023E+14   1.2248E-06   1.5829E-06   0.77376
FLUX  337   311.00        9.639630E+14   1.1972E-06   1.6177E-06   0.74008
FLUX  338   313.00        9.578035E+14   1.2045E-06   1.6527E-06   0.72878
FLUX  339   315.00        9.517222E+14   1.3005E-06   1.6879E-06   0.77050
FLUX  340   317.00        9.457177E+14   1.3124E-06   1.7232E-06   0.76159
FLUX  341   319.00        9.397884E+14   1.2172E-06   1.7588E-06   0.69204
FLUX  342   321.00        9.339330E+14   1.3391E-06   1.7947E-06   0.74615
FLUX  343   323.00        9.281502E+14   1.2357E-06   1.8308E-06   0.67498
FLUX  344   325.00        9.224385E+14   1.3981E-06   1.8670E-06   0.74887
FLUX  345   327.00        9.167966E+14   1.4989E-06   1.9033E-06   0.78756
FLUX  346   329.00        9.112234E+14   1.5291E-06   1.9398E-06   0.78827
FLUX  347   331.00        9.057175E+14   1.6131E-06   1.9764E-06   0.81619
FLUX  348   333.00        9.002778E+14   1.5896E-06   2.0132E-06   0.78962
FLUX  349   335.00        8.949030E+14   1.5894E-06   2.0502E-06   0.77527
FLUX  350   337.00        8.895920E+14   1.5705E-06   2.0873E-06   0.75243
FLUX  351   339.00        8.843437E+14   1.6578E-06   2.1245E-06   0.78033
FLUX  352   341.00        8.791569E+14   1.7318E-06   2.1618E-06   0.80111
FLUX  353   343.00        8.740306E+14   1.8149E-06   2.1992E-06   0.82524
FLUX  354   345.00        8.689638E+14   1.8324E-06   2.2368E-06   0.81923
FLUX  355   347.00        8.639553E+14   1.8216E-06   2.2745E-06   0.80090
FLUX  356   349.00        8.590043E+14   1.8390E-06   2.3123E-06   0.79535
FLUX  357   351.00        8.541097E+14   1.9515E-06   2.3501E-06   0.83039
FLUX  358   353.00        8.492705E+14   1.9713E-06   2.3880E-06   0.82547
FLUX  359   355.00        8.444859E+14   2.1307E-06   2.4260E-06   0.87829
FLUX  360   357.00        8.397549E+14   1.9967E-06   2.4641E-06   0.81031
FLUX  361   359.00        8.350766E+14   2.0410E-06   2.5023E-06   0.81565
FLUX  362   361.00        8.304501E+14   2.0968E-06   2.5406E-06   0.82533
FLUX  363   363.00        8.258747E+14   2.1778E-06   2.5788E-06   0.84451
FLUX  364   364.00        8.236058E+14   2.1471E-06   2.5981E-06   0.82643
FLUX  365   365.00        8.213493E+14   2.2963E-06   1.1695E-05   0.19634
FLUX  366   367.00        8.168733E+14   2.3109E-06   1.1722E-05   0.19714
FLUX  367   369.00        8.124458E+14   2.5783E-06   1.1748E-05   0.21947
FLUX  368   371.00        8.080660E+14   3.3590E-06   1.1773E-05   0.28531
FLUX  369   373.00        8.037332E+14   4.3314E-06   1.1798E-05   0.36712
FLUX  370   375.00        7.994467E+14   5.7369E-06   1.1823E-05   0.48523
FLUX  371   377.00        7.952056E+14   6.1326E-06   1.1858E-05   0.51718
FLUX  372   379.00        7.910092E+14   7.2131E-06   1.1882E-05   0.60705
FLUX  373   381.00        7.868570E+14   8.1762E-06   1.1906E-05   0.68675
FLUX  374   383.00        7.827480E+14   6.7973E-06   1.1929E-05   0.56981
FLUX  375   385.00        7.786818E+14   8.5288E-06   1.1953E-05   0.71352
FLUX  376   387.00        7.746576E+14   9.2383E-06   1.1976E-05   0.77137
FLUX  377   389.00        7.706748E+14   6.9069E-06   1.2000E-05   0.57559
FLUX  378   391.00        7.667327E+14   8.6563E-06   1.2023E-05   0.72000
FLUX  379   393.00        7.628308E+14   4.7427E-06   1.2045E-05   0.39373
FLUX  380   395.00        7.589684E+14   7.8744E-06   1.2068E-05   0.65250
FLUX  381   397.00        7.551448E+14   4.7721E-06   1.2090E-05   0.39471
FLUX  382   399.00        7.513596E+14   9.3100E-06   1.2112E-05   0.76867
FLUX  383   401.00        7.476122E+14   1.0018E-05   1.2134E-05   0.82566
FLUX  384   403.00        7.439020E+14   9.9978E-06   1.2155E-05   0.82255
FLUX  385   405.00        7.402284E+14   9.9803E-06   1.2175E-05   0.81972
FLUX  386   407.00        7.365909E+14   9.8701E-06   1.2196E-05   0.80931
FLUX  387   409.00        7.329890E+14   9.8615E-06   1.2216E-05   0.80726
FLUX  388   411.00        7.294221E+14   8.4015E-06   1.2236E-05   0.68660
FLUX  389   413.00        7.258898E+14   1.0236E-05   1.2256E-05   0.83514
FLUX  390   415.00        7.223916E+14   1.0697E-05   1.2275E-05   0.87142
FLUX  391   417.00        7.189269E+14   1.0463E-05   1.2293E-05   0.85113
FLUX  392   419.00        7.154952E+14   1.0582E-05   1.2311E-05   0.85959
FLUX  393   421.00        7.120962E+14   1.0583E-05   1.2329E-05   0.85844
FLUX  394   423.00        7.087293E+14   1.0475E-05   1.2346E-05   0.84843
FLUX  395   425.00        7.053941E+14   1.0759E-05   1.2363E-05   0.87026
FLUX  396   427.00        7.020902E+14   1.0628E-05   1.2380E-05   0.85848
FLUX  397   429.00        6.988170E+14   1.0668E-05   1.2397E-05   0.86055
FLUX  398   431.00        6.955742E+14   1.0104E-05   1.2414E-05   0.81392
FLUX  399   433.00        6.923614E+14   9.9321E-06   1.2430E-05   0.79904
FLUX  400   435.00        6.891782E+14   8.9473E-06   1.2446E-05   0.71890
FLUX  401   437.00        6.860240E+14   1.1159E-05   1.2461E-05   0.89548
FLUX  402   439.00        6.828986E+14   1.0967E-05   1.2477E-05   0.87905
FLUX  403   441.00        6.798016E+14   1.0800E-05   1.2492E-05   0.86460
FLUX  404   443.00        6.767325E+14   1.0923E-05   1.2506E-05   0.87336
FLUX  405   445.00        6.736910E+14   1.1077E-05   1.2521E-05   0.88472
FLUX  406   447.00        6.706767E+14   1.1194E-05   1.2535E-05   0.89302
FLUX  407   449.00        6.676893E+14   1.1312E-05   1.2550E-05   0.90140
FLUX  408   451.00        6.647284E+14   1.1797E-05   1.2564E-05   0.93900
FLUX  409   453.00        6.617936E+14   1.1232E-05   1.2578E-05   0.89301
FLUX  410   455.00        6.588846E+14   1.1230E-05   1.2592E-05   0.89188
FLUX  411   457.00        6.560011E+14   1.1822E-05   1.2605E-05   0.93786
FLUX  412   459.00        6.531427E+14   1.1404E-05   1.2618E-05   0.90382
FLUX  413   461.00        6.503091E+14   1.1910E-05   1.2630E-05   0.94295
FLUX  414   463.00        6.475000E+14   1.1693E-05   1.2642E-05   0.92493
FLUX  415   465.00        6.447151E+14   1.1908E-05   1.2654E-05   0.94103
FLUX  416   467.00        6.419540E+14   1.2037E-05   1.2666E-05   0.95035
FLUX  417   469.00        6.392164E+14   1.1844E-05   1.2677E-05   0.93427
FLUX  418   471.00        6.365021E+14   1.1560E-05   1.2688E-05   0.91104
FLUX  419   473.00        6.338108E+14   1.2085E-05   1.2699E-05   0.95166
FLUX  420   475.00        6.311421E+14   1.2264E-05   1.2710E-05   0.96490
FLUX  421   477.00        6.284958E+14   1.2132E-05   1.2721E-05   0.95373
FLUX  422   479.00        6.258716E+14   1.2175E-05   1.2731E-05   0.95631
FLUX  423   481.00        6.232692E+14   1.2195E-05   1.2741E-05   0.95716
FLUX  424   483.00        6.206884E+14   1.2141E-05   1.2751E-05   0.95222
FLUX  425   485.00        6.181289E+14   1.1065E-05   1.2760E-05   0.86715
FLUX  426   487.00        6.155903E+14   9.3607E-06   1.2769E-05   0.73306
FLUX  427   489.00        6.130726E+14   1.1978E-05   1.2778E-05   0.93735
FLUX  428   491.00        6.105754E+14   1.2127E-05   1.2787E-05   0.94836
FLUX  429   493.00        6.080984E+14   1.1902E-05   1.2796E-05   0.93012
FLUX  430   495.00        6.056414E+14   1.2291E-05   1.2805E-05   0.95992
FLUX  431   497.00        6.032042E+14   1.2473E-05   1.2813E-05   0.97343
FLUX  432   499.00        6.007866E+14   1.1939E-05   1.2821E-05   0.93119
FLUX  433   501.00        5.983882E+14   1.1595E-05   1.2829E-05   0.90379
FLUX  434   503.00        5.960089E+14   1.2156E-05   1.2837E-05   0.94695
FLUX  435   505.00        5.936485E+14   1.2126E-05   1.2844E-05   0.94410
FLUX  436   507.00        5.913067E+14   1.2404E-05   1.2851E-05   0.96519
FLUX  437   509.00        5.889833E+14   1.2268E-05   1.2858E-05   0.95418
FLUX  438   511.00        5.866781E+14   1.2333E-05   1.2864E-05   0.95874
FLUX  439   513.00        5.843908E+14   1.2077E-05   1.2870E-05   0.93837
FLUX  440   515.00        5.821214E+14   1.1993E-05   1.2877E-05   0.93137
FLUX  441   517.00        5.798694E+14   1.1904E-05   1.2883E-05   0.92405
FLUX  442   519.00        5.776349E+14   1.1872E-05   1.2888E-05   0.92116
FLUX  443   521.00        5.754175E+14   1.1969E-05   1.2894E-05   0.92821
FLUX  444   523.00        5.732170E+14   1.2078E-05   1.2900E-05   0.93634
FLUX  445   525.00        5.710333E+14   1.2336E-05   1.2905E-05   0.95590
FLUX  446   527.00        5.688662E+14   1.1661E-05   1.2910E-05   0.90321
FLUX  447   529.00        5.667155E+14   1.2325E-05   1.2915E-05   0.95427
FLUX  448   531.00        5.645810E+14   1.2259E-05   1.2920E-05   0.94882
FLUX  449   533.00        5.624625E+14   1.1975E-05   1.2925E-05   0.92651
FLUX  450   535.00        5.603598E+14   1.2448E-05   1.2929E-05   0.96278
FLUX  451   537.00        5.582728E+14   1.2435E-05   1.2934E-05   0.96146
FLUX  452   539.00        5.562013E+14   1.2360E-05   1.2937E-05   0.95538
FLUX  453   541.00        5.541451E+14   1.2232E-05   1.2941E-05   0.94522
FLUX  454   543.00        5.521041E+14   1.2328E-05   1.2945E-05   0.95238
FLUX  455   545.00        5.500780E+14   1.2579E-05   1.2948E-05   0.97150
FLUX  456   547.00        5.480667E+14   1.2506E-05   1.2951E-05   0.96562
FLUX  457   549.00        5.460701E+14   1.2541E-05   1.2954E-05   0.96813
FLUX  458   551.00        5.440880E+14   1.2518E-05   1.2956E-05   0.96619
FLUX  459   553.00        5.421203E+14   1.2568E-05   1.2959E-05   0.96983
FLUX  460   555.00        5.401667E+14   1.2720E-05   1.2961E-05   0.98141
FLUX  461   557.00        5.382271E+14   1.2608E-05   1.2964E-05   0.97257
FLUX  462   559.00        5.363014E+14   1.2564E-05   1.2966E-05   0.96900
FLUX  463   561.00        5.343895E+14   1.2648E-05   1.2968E-05   0.97537
FLUX  464   563.00        5.324911E+14   1.2753E-05   1.2971E-05   0.98316
FLUX  465   565.00        5.306062E+14   1.2660E-05   1.2973E-05   0.97583
FLUX  466   567.00        5.287346E+14   1.2553E-05   1.2975E-05   0.96753
FLUX  467   569.00        5.268761E+14   1.2732E-05   1.2976E-05   0.98119
FLUX  468   571.00        5.250306E+14   1.2690E-05   1.2977E-05   0.97784
FLUX  469   573.00        5.231981E+14   1.2910E-05   1.2978E-05   0.99474
FLUX  470   575.00        5.213783E+14   1.2824E-05   1.2979E-05   0.98805
FLUX  471   577.00        5.195711E+14   1.2870E-05   1.2980E-05   0.99152
FLUX  472   579.00        5.177763E+14   1.2806E-05   1.2980E-05   0.98660
FLUX  473   581.00        5.159940E+14   1.2855E-05   1.2980E-05   0.99035
FLUX  474   583.00        5.142238E+14   1.2894E-05   1.2981E-05   0.99332
FLUX  475   585.00        5.124658E+14   1.2820E-05   1.2981E-05   0.98764
FLUX  476   587.00        5.107198E+14   1.2871E-05   1.2980E-05   0.99158
FLUX  477   589.00        5.089856E+14   1.2641E-05   1.2980E-05   0.97385
FLUX  478   591.00        5.072631E+14   1.2863E-05   1.2979E-05   0.99106
FLUX  479   593.00        5.055523E+14   1.2856E-05   1.2979E-05   0.99059
FLUX  480   595.00        5.038529E+14   1.2875E-05   1.2978E-05   0.99207
FLUX  481   597.00        5.021650E+14   1.2898E-05   1.2977E-05   0.99395
FLUX  482   599.00        5.004883E+14   1.2831E-05   1.2976E-05   0.98882
FLUX  483   601.00        4.988228E+14   1.2785E-05   1.2974E-05   0.98544
FLUX  484   603.00        4.971683E+14   1.2824E-05   1.2973E-05   0.98853
FLUX  485   605.00        4.955248E+14   1.2868E-05   1.2972E-05   0.99202
FLUX  486   607.00        4.938921E+14   1.2913E-05   1.2970E-05   0.99562
FLUX  487   609.00        4.922701E+14   1.2839E-05   1.2968E-05   0.99002
FLUX  488   611.00        4.906588E+14   1.2773E-05   1.2967E-05   0.98504
FLUX  489   613.00        4.890579E+14   1.2643E-05   1.2965E-05   0.97518
FLUX  490   615.00        4.874675E+14   1.2577E-05   1.2963E-05   0.97022
FLUX  491   617.00        4.858874E+14   1.2614E-05   1.2960E-05   0.97330
FLUX  492   619.00        4.843174E+14   1.2834E-05   1.2958E-05   0.99046
FLUX  493   621.00        4.827576E+14   1.2870E-05   1.2955E-05   0.99342
FLUX  494   623.00        4.812079E+14   1.2731E-05   1.2953E-05   0.98285
FLUX  495   625.00        4.796680E+14   1.2422E-05   1.2950E-05   0.95926
FLUX  496   627.00        4.781380E+14   1.2853E-05   1.2947E-05   0.99270
FLUX  497   629.00        4.766176E+14   1.2851E-05   1.2944E-05   0.99284
FLUX  498   631.00        4.751070E+14   1.2668E-05   1.2941E-05   0.97894
FLUX  499   633.00        4.736058E+14   1.2767E-05   1.2937E-05   0.98684
FLUX  500   635.00        4.721142E+14   1.2764E-05   1.2934E-05   0.98687
FLUX  501   637.00        4.706319E+14   1.2751E-05   1.2930E-05   0.98617
FLUX  502   639.00        4.691588E+14   1.2791E-05   1.2927E-05   0.98953
FLUX  503   641.00        4.676950E+14   1.2664E-05   1.2923E-05   0.98000
FLUX  504   643.00        4.662403E+14   1.2733E-05   1.2919E-05   0.98566
FLUX  505   645.00        4.647946E+14   1.2646E-05   1.2915E-05   0.97920
FLUX  506   647.00        4.633578E+14   1.2757E-05   1.2910E-05   0.98809
FLUX  507   649.00        4.619299E+14   1.2556E-05   1.2906E-05   0.97287
FLUX  508   651.00        4.605108E+14   1.2698E-05   1.2902E-05   0.98421
FLUX  509   653.00        4.591003E+14   1.2729E-05   1.2897E-05   0.98700
FLUX  510   655.00        4.576985E+14   1.2043E-05   1.2895E-05   0.93393
FLUX  511   657.00        4.563052E+14   9.9543E-06   1.2890E-05   0.77226
FLUX  512   659.00        4.549203E+14   1.2552E-05   1.2885E-05   0.97416
FLUX  513   661.00        4.535439E+14   1.2700E-05   1.2880E-05   0.98600
FLUX  514   663.00        4.521757E+14   1.2803E-05   1.2875E-05   0.99446
FLUX  515   665.00        4.508158E+14   1.2791E-05   1.2870E-05   0.99386
FLUX  516   667.00        4.494640E+14   1.2747E-05   1.2864E-05   0.99089
FLUX  517   669.00        4.481203E+14   1.2806E-05   1.2859E-05   0.99591
FLUX  518   671.00        4.467846E+14   1.2770E-05   1.2853E-05   0.99357
FLUX  519   673.00        4.454569E+14   1.2797E-05   1.2847E-05   0.99610
FLUX  520   675.00        4.441370E+14   1.2716E-05   1.2841E-05   0.99022
FLUX  521   677.00        4.428250E+14   1.2793E-05   1.2835E-05   0.99667
FLUX  522   679.00        4.415206E+14   1.2756E-05   1.2829E-05   0.99428
FLUX  523   681.00        4.402239E+14   1.2773E-05   1.2823E-05   0.99606
FLUX  524   683.00        4.389348E+14   1.2732E-05   1.2817E-05   0.99334
FLUX  525   685.00        4.376533E+14   1.2718E-05   1.2811E-05   0.99278
FLUX  526   687.00        4.363792E+14   1.2757E-05   1.2804E-05   0.99631
FLUX  527   689.00        4.351125E+14   1.2762E-05   1.2798E-05   0.99724
FLUX  528   691.00        4.338531E+14   1.2749E-05   1.2791E-05   0.99675
FLUX  529   693.00        4.326010E+14   1.2736E-05   1.2784E-05   0.99624
FLUX  530   695.00        4.313561E+14   1.2730E-05   1.2778E-05   0.99628
FLUX  531   697.00        4.301184E+14   1.2724E-05   1.2771E-05   0.99639
FLUX  532   699.00        4.288877E+14   1.2725E-05   1.2764E-05   0.99700
FLUX  533   701.00        4.276641E+14   1.2610E-05   1.2757E-05   0.98850
FLUX  534   703.00        4.264474E+14   1.2674E-05   1.2749E-05   0.99407
FLUX  535   705.00        4.252376E+14   1.2700E-05   1.2742E-05   0.99666
FLUX  536   707.00        4.240347E+14   1.2689E-05   1.2735E-05   0.99639
FLUX  537   709.00        4.228385E+14   1.2687E-05   1.2727E-05   0.99681
FLUX  538   711.00        4.216491E+14   1.2491E-05   1.2720E-05   0.98206
FLUX  539   713.00        4.204663E+14   1.2594E-05   1.2712E-05   0.99075
FLUX  540   715.00        4.192902E+14   1.2608E-05   1.2704E-05   0.99244
FLUX  541   717.00        4.181206E+14   1.2603E-05   1.2696E-05   0.99263
FLUX  542   719.00        4.169576E+14   1.2529E-05   1.2689E-05   0.98742
FLUX  543   721.00        4.158010E+14   1.2547E-05   1.2681E-05   0.98948
FLUX  544   723.00        4.146508E+14   1.2539E-05   1.2672E-05   0.98950
FLUX  545   725.00        4.135069E+14   1.2574E-05   1.2665E-05   0.99275
FLUX  546   727.00        4.123693E+14   1.2597E-05   1.2657E-05   0.99523
FLUX  547   729.00        4.112380E+14   1.2503E-05   1.2649E-05   0.98848
FLUX  548   731.00        4.101129E+14   1.2488E-05   1.2643E-05   0.98772
FLUX  549   733.00        4.089939E+14   1.2511E-05   1.2634E-05   0.99025
FLUX  550   735.00        4.078810E+14   1.2535E-05   1.2626E-05   0.99281
FLUX  551   737.00        4.067741E+14   1.2577E-05   1.2617E-05   0.99686
FLUX  552   739.00        4.056732E+14   1.2492E-05   1.2608E-05   0.99076
FLUX  553   741.00        4.045783E+14   1.2407E-05   1.2599E-05   0.98473
FLUX  554   743.00        4.034892E+14   1.2418E-05   1.2590E-05   0.98632
FLUX  555   745.00        4.024060E+14   1.2439E-05   1.2581E-05   0.98869
FLUX  556   747.00        4.013286E+14   1.2405E-05   1.2572E-05   0.98672
FLUX  557   749.00        4.002570E+14   1.2412E-05   1.2563E-05   0.98800
FLUX  558   751.00        3.991911E+14   1.2432E-05   1.2553E-05   0.99030
FLUX  559   753.00        3.981308E+14   1.2456E-05   1.2544E-05   0.99302
FLUX  560   755.00        3.970762E+14   1.2506E-05   1.2535E-05   0.99770
FLUX  561   757.00        3.960271E+14   1.2450E-05   1.2525E-05   0.99403
FLUX  562   759.00        3.949835E+14   1.2465E-05   1.2516E-05   0.99597
FLUX  563   761.00        3.939455E+14   1.2458E-05   1.2506E-05   0.99616
FLUX  564   763.00        3.929128E+14   1.2458E-05   1.2496E-05   0.99694
FLUX  565   765.00        3.918856E+14   1.2412E-05   1.2486E-05   0.99401
FLUX  566   767.00        3.908638E+14   1.2338E-05   1.2477E-05   0.98886
FLUX  567   769.00        3.898472E+14   1.2399E-05   1.2467E-05   0.99456
FLUX  568   771.00        3.888359E+14   1.2324E-05   1.2457E-05   0.98938
FLUX  569   773.00        3.878299E+14   1.2376E-05   1.2447E-05   0.99431
FLUX  570   775.00        3.868290E+14   1.2352E-05   1.2437E-05   0.99323
FLUX  571   777.00        3.858333E+14   1.2178E-05   1.2426E-05   0.98001
FLUX  572   779.00        3.848427E+14   1.2390E-05   1.2416E-05   0.99792
FLUX  573   781.00        3.838572E+14   1.2375E-05   1.2406E-05   0.99747
FLUX  574   783.00        3.828768E+14   1.2308E-05   1.2396E-05   0.99295
FLUX  575   785.00        3.819013E+14   1.2264E-05   1.2385E-05   0.99020
FLUX  576   787.00        3.809307E+14   1.2300E-05   1.2375E-05   0.99400
FLUX  577   789.00        3.799651E+14   1.2266E-05   1.2364E-05   0.99209
FLUX  578   791.00        3.790044E+14   1.2260E-05   1.2354E-05   0.99239
FLUX  579   793.00        3.780485E+14   1.2209E-05   1.2343E-05   0.98915
FLUX  580   795.00        3.770975E+14   1.2206E-05   1.2332E-05   0.98972
FLUX  581   797.00        3.761512E+14   1.2303E-05   1.2322E-05   0.99848
FLUX  582   799.00        3.752096E+14   1.2241E-05   1.2311E-05   0.99431
FLUX  583   801.00        3.742728E+14   1.2241E-05   1.2300E-05   0.99521
FLUX  584   803.00        3.733406E+14   1.2221E-05   1.2289E-05   0.99447
FLUX  585   805.00        3.724130E+14   1.2222E-05   1.2278E-05   0.99543
FLUX  586   807.00        3.714901E+14   1.2221E-05   1.2267E-05   0.99630
FLUX  587   809.00        3.705717E+14   1.2185E-05   1.2256E-05   0.99423
FLUX  588   811.00        3.696578E+14   1.2225E-05   1.2245E-05   0.99841
FLUX  589   813.00        3.687485E+14   1.2224E-05   1.2233E-05   0.99926
FLUX  590   815.00        3.678436E+14   1.2207E-05   1.2222E-05   0.99876
FLUX  591   817.00        3.669431E+14   1.2196E-05   1.2211E-05   0.99875
FLUX  592   819.00        3.660470E+14   1.2013E-05   1.2199E-05   0.98473
FLUX  593   821.00        3.651553E+14   1.2087E-05   1.3898E-05   0.86965
FLUX  594   823.00        3.642679E+14   1.2061E-05   1.3882E-05   0.86881
FLUX  595   825.00        3.633848E+14   1.2049E-05   1.3866E-05   0.86898
FLUX  596   827.00        3.625060E+14   1.2158E-05   1.3850E-05   0.87785
FLUX  597   829.00        3.616315E+14   1.2129E-05   1.3834E-05   0.87676
FLUX  598   831.00        3.607611E+14   1.2059E-05   1.3818E-05   0.87274
FLUX  599   833.00        3.598950E+14   1.1893E-05   1.3802E-05   0.86173
FLUX  600   835.00        3.590329E+14   1.2067E-05   1.3785E-05   0.87531
FLUX  601   837.00        3.581750E+14   1.1908E-05   1.3769E-05   0.86482
FLUX  602   839.00        3.573212E+14   1.1922E-05   1.3753E-05   0.86683
FLUX  603   841.00        3.564715E+14   1.1955E-05   1.3737E-05   0.87025
FLUX  604   843.00        3.556257E+14   1.2151E-05   1.3721E-05   0.88561
FLUX  605   845.00        3.547840E+14   1.1998E-05   1.3705E-05   0.87545
FLUX  606   847.00        3.539463E+14   1.1809E-05   1.3689E-05   0.86265
FLUX  607   849.00        3.531125E+14   1.2358E-05   1.3672E-05   0.90385
FLUX  608   851.00        3.522826E+14   1.1358E-05   1.3656E-05   0.83174
FLUX  609   853.00        3.514566E+14   1.2511E-05   1.3640E-05   0.91720
FLUX  610   855.00        3.506345E+14   1.0324E-05   1.3624E-05   0.75775
FLUX  611   857.00        3.498162E+14   1.2914E-05   1.3608E-05   0.94899
FLUX  612   859.00        3.490017E+14   1.2467E-05   1.3592E-05   0.91729
FLUX  613   861.00        3.481911E+14   1.2178E-05   1.3576E-05   0.89704
FLUX  614   863.00        3.473841E+14   1.3164E-05   1.3559E-05   0.97087
FLUX  615   865.00        3.465809E+14   1.2959E-05   1.3543E-05   0.95686
FLUX  616   867.00        3.457814E+14   1.0559E-05   1.3527E-05   0.78059
FLUX  617   869.00        3.449856E+14   1.2925E-05   1.3511E-05   0.95664
FLUX  618   871.00        3.441935E+14   1.3315E-05   1.3495E-05   0.98667
FLUX  619   873.00        3.434049E+14   1.3192E-05   1.3478E-05   0.97873
FLUX  620   875.00        3.426200E+14   1.1639E-05   1.3462E-05   0.86455
FLUX  621   877.00        3.418387E+14   1.3072E-05   1.3446E-05   0.97216
FLUX  622   879.00        3.410609E+14   1.3291E-05   1.3430E-05   0.98969
FLUX  623   881.00        3.402866E+14   1.3224E-05   1.3414E-05   0.98589
FLUX  624   883.00        3.395159E+14   1.3081E-05   1.3397E-05   0.97638
FLUX  625   885.00        3.387486E+14   1.2780E-05   1.3381E-05   0.95504
FLUX  626   887.00        3.379848E+14   1.1598E-05   1.3365E-05   0.86778
FLUX  627   889.00        3.372244E+14   1.3113E-05   1.3349E-05   0.98233
FLUX  628   891.00        3.364675E+14   1.3169E-05   1.3333E-05   0.98770
FLUX  629   893.00        3.357139E+14   1.3130E-05   1.3316E-05   0.98602
FLUX  630   895.00        3.349637E+14   1.3212E-05   1.3300E-05   0.99339
FLUX  631   897.00        3.342168E+14   1.3172E-05   1.3284E-05   0.99160
FLUX  632   899.00        3.334733E+14   1.3074E-05   1.3268E-05   0.98540
FLUX  633   901.00        3.327331E+14   1.1666E-05   1.3252E-05   0.88039
FLUX  634   903.00        3.319961E+14   1.2558E-05   1.3235E-05   0.94881
FLUX  635   905.00        3.312624E+14   1.3119E-05   1.3219E-05   0.99241
FLUX  636   907.00        3.305320E+14   1.2859E-05   1.3203E-05   0.97398
FLUX  637   909.00        3.298047E+14   1.2674E-05   1.3186E-05   0.96113
FLUX  638   911.00        3.290807E+14   1.2958E-05   1.3170E-05   0.98388
FLUX  639   913.00        3.283598E+14   1.3081E-05   1.3154E-05   0.99450
FLUX  640   915.00        3.276421E+14   1.3108E-05   1.3137E-05   0.99773
FLUX  641   917.00        3.269275E+14   1.3061E-05   1.3121E-05   0.99541
FLUX  642   919.00        3.262160E+14   1.3002E-05   1.3105E-05   0.99214
FLUX  643   921.00        3.255076E+14   1.2726E-05   1.3089E-05   0.97232
FLUX  644   923.00        3.248023E+14   1.1202E-05   1.3072E-05   0.85690
FLUX  645   925.00        3.241000E+14   1.2504E-05   1.3056E-05   0.95773
FLUX  646   927.00        3.234008E+14   1.2736E-05   1.3040E-05   0.97672
FLUX  647   929.00        3.227045E+14   1.2976E-05   1.3024E-05   0.99635
FLUX  648   931.00        3.220113E+14   1.2979E-05   1.3007E-05   0.99780
FLUX  649   933.00        3.213210E+14   1.2943E-05   1.2991E-05   0.99630
FLUX  650   935.00        3.206337E+14   1.2938E-05   1.2975E-05   0.99713
FLUX  651   937.00        3.199493E+14   1.2934E-05   1.2959E-05   0.99811
FLUX  652   939.00        3.192678E+14   1.2882E-05   1.2942E-05   0.99529
FLUX  653   941.00        3.185893E+14   1.2518E-05   1.2926E-05   0.96838
FLUX  654   943.00        3.179136E+14   1.2765E-05   1.2910E-05   0.98875
FLUX  655   945.00        3.172407E+14   1.2783E-05   1.2894E-05   0.99136
FLUX  656   947.00        3.165707E+14   1.2843E-05   1.2878E-05   0.99731
FLUX  657   949.00        3.159036E+14   1.2843E-05   1.2862E-05   0.99854
FLUX  658   951.00        3.152392E+14   1.2767E-05   1.2845E-05   0.99388
FLUX  659   953.00        3.145776E+14   1.2534E-05   1.2829E-05   0.97697
FLUX  660   955.00        3.139188E+14   1.1128E-05   1.2813E-05   0.86851
FLUX  661   957.00        3.132628E+14   1.2554E-05   1.2797E-05   0.98099
FLUX  662   959.00        3.126095E+14   1.2717E-05   1.2781E-05   0.99503
FLUX  663   961.00        3.119589E+14   1.2626E-05   1.2765E-05   0.98917
FLUX  664   963.00        3.113110E+14   1.2532E-05   1.2748E-05   0.98304
FLUX  665   965.00        3.106658E+14   1.2631E-05   1.2732E-05   0.99206
FLUX  666   967.00        3.100233E+14   1.2499E-05   1.2716E-05   0.98293
FLUX  667   969.00        3.093834E+14   1.2544E-05   1.2700E-05   0.98772
FLUX  668   971.00        3.087461E+14   1.2659E-05   1.2684E-05   0.99803
FLUX  669   973.00        3.081115E+14   1.2635E-05   1.2668E-05   0.99740
FLUX  670   975.00        3.074795E+14   1.2514E-05   1.2651E-05   0.98915
FLUX  671   977.00        3.068501E+14   1.2606E-05   1.2635E-05   0.99772
FLUX  672   979.00        3.062232E+14   1.2581E-05   1.2619E-05   0.99701
FLUX  673   981.00        3.055989E+14   1.2574E-05   1.2603E-05   0.99767
FLUX  674   983.00        3.049771E+14   1.2559E-05   1.2587E-05   0.99774
FLUX  675   985.00        3.043579E+14   1.2472E-05   1.2571E-05   0.99212
FLUX  676   987.00        3.037411E+14   1.2473E-05   1.2555E-05   0.99348
FLUX  677   989.00        3.031269E+14   1.2409E-05   1.2539E-05   0.98964
FLUX  678   991.00        3.025151E+14   1.2430E-05   1.2522E-05   0.99263
FLUX  679   993.00        3.019058E+14   1.2434E-05   1.2506E-05   0.99418
FLUX  680   995.00        3.012990E+14   1.2430E-05   1.2490E-05   0.99520
FLUX  681   997.00        3.006946E+14   1.2444E-05   1.2474E-05   0.99761
FLUX  682   999.00        3.000926E+14   1.2427E-05   1.2458E-05   0.99751
FLUX  683  1002.50        2.990449E+14   1.2098E-05   1.2430E-05   0.97326
FLUX  684  1007.50        2.975608E+14   1.1772E-05   1.2390E-05   0.95013
FLUX  685  1012.50        2.960914E+14   1.2223E-05   1.2350E-05   0.98972
FLUX  686  1017.50        2.946364E+14   1.2232E-05   1.2310E-05   0.99368
FLUX  687  1022.50        2.931956E+14   1.2226E-05   1.2270E-05   0.99637
FLUX  688  1027.50        2.917689E+14   1.2217E-05   1.2231E-05   0.99885
FLUX  689  1032.50        2.903559E+14   1.2088E-05   1.2191E-05   0.99155
FLUX  690  1037.50        2.889566E+14   1.2105E-05   1.2152E-05   0.99611
FLUX  691  1042.50        2.875707E+14   1.2079E-05   1.2113E-05   0.99723
FLUX  692  1047.50        2.861981E+14   1.1900E-05   1.2073E-05   0.98561
FLUX  693  1052.50        2.848385E+14   1.1944E-05   1.2034E-05   0.99252
FLUX  694  1057.50        2.834917E+14   1.1917E-05   1.1995E-05   0.99352
FLUX  695  1062.50        2.821576E+14   1.1862E-05   1.1955E-05   0.99220
FLUX  696  1067.50        2.808361E+14   1.1647E-05   1.1916E-05   0.97742
FLUX  697  1072.50        2.795268E+14   1.1733E-05   1.1877E-05   0.98786
FLUX  698  1077.50        2.782297E+14   1.1715E-05   1.1838E-05   0.98957
FLUX  699  1082.50        2.769446E+14   1.1654E-05   1.1799E-05   0.98770
FLUX  700  1087.50        2.756713E+14   1.1632E-05   1.1761E-05   0.98902
FLUX  701  1092.50        2.744096E+14   1.0906E-05   1.1722E-05   0.93033
FLUX  702  1097.50        2.731595E+14   1.1434E-05   1.1684E-05   0.97862
FLUX  703  1102.50        2.719206E+14   1.1604E-05   1.1645E-05   0.99649
FLUX  704  1107.50        2.706930E+14   1.1591E-05   1.1607E-05   0.99861
FLUX  705  1112.50        2.694764E+14   1.1511E-05   1.1568E-05   0.99505
FLUX  706  1117.50        2.682707E+14   1.1472E-05   1.1530E-05   0.99500
FLUX  707  1122.50        2.670757E+14   1.1470E-05   1.1492E-05   0.99809
FLUX  708  1127.50        2.658914E+14   1.1274E-05   1.1454E-05   0.98434
FLUX  709  1132.50        2.647174E+14   1.1242E-05   1.1416E-05   0.98479
FLUX  710  1137.50        2.635538E+14   1.1295E-05   1.1378E-05   0.99266
FLUX  711  1142.50        2.624004E+14   1.1184E-05   1.1340E-05   0.98625
FLUX  712  1147.50        2.612571E+14   1.1278E-05   1.1303E-05   0.99787
FLUX  713  1152.50        2.601236E+14   1.1251E-05   1.1265E-05   0.99875
FLUX  714  1157.50        2.590000E+14   1.1190E-05   1.1227E-05   0.99671
FLUX  715  1162.50        2.578860E+14   1.1019E-05   1.1190E-05   0.98469
FLUX  716  1167.50        2.567816E+14   1.0936E-05   1.1152E-05   0.98058
FLUX  717  1172.50        2.556866E+14   1.1096E-05   1.1115E-05   0.99831
FLUX  718  1177.50        2.546008E+14   1.0862E-05   1.1078E-05   0.98048
FLUX  719  1182.50        2.535243E+14   1.0910E-05   1.1041E-05   0.98811
FLUX  720  1187.50        2.524568E+14   1.0800E-05   1.1004E-05   0.98150
FLUX  721  1192.50        2.513983E+14   1.0963E-05   1.0967E-05   0.99966
FLUX  722  1197.50        2.503486E+14   1.0783E-05   1.0930E-05   0.98652
FLUX  723  1202.50        2.493077E+14   1.0833E-05   1.0893E-05   0.99448
FLUX  724  1207.50        2.482754E+14   1.0773E-05   1.0857E-05   0.99228
FLUX  725  1212.50        2.472515E+14   1.0752E-05   1.0820E-05   0.99371
FLUX  726  1217.50        2.462361E+14   1.0761E-05   1.0784E-05   0.99788
FLUX  727  1222.50        2.452290E+14   1.0711E-05   1.0747E-05   0.99667
FLUX  728  1227.50        2.442301E+14   1.0653E-05   1.0711E-05   0.99463
FLUX  729  1232.50        2.432394E+14   1.0631E-05   1.0675E-05   0.99593
FLUX  730  1237.50        2.422566E+14   1.0604E-05   1.0639E-05   0.99675
FLUX  731  1242.50        2.412817E+14   1.0588E-05   1.0603E-05   0.99863
FLUX  732  1247.50        2.403146E+14   1.0543E-05   1.0567E-05   0.99778
FLUX  733  1252.50        2.393553E+14   1.0485E-05   1.0531E-05   0.99559
FLUX  734  1257.50        2.384036E+14   1.0400E-05   1.0495E-05   0.99095
FLUX  735  1262.50        2.374594E+14   1.0395E-05   1.0460E-05   0.99384
FLUX  736  1267.50        2.365227E+14   1.0400E-05   1.0424E-05   0.99770
FLUX  737  1272.50        2.355933E+14   1.0379E-05   1.0389E-05   0.99906
FLUX  738  1277.50        2.346712E+14   1.0295E-05   1.0353E-05   0.99437
FLUX  739  1282.50        2.337563E+14   9.5374E-06   1.0318E-05   0.92431
FLUX  740  1287.50        2.328485E+14   1.0234E-05   1.0283E-05   0.99519
FLUX  741  1292.50        2.319478E+14   1.0216E-05   1.0248E-05   0.99689
FLUX  742  1297.50        2.310539E+14   1.0189E-05   1.0213E-05   0.99758
FLUX  743  1302.50        2.301670E+14   1.0161E-05   1.0179E-05   0.99832
FLUX  744  1307.50        2.292868E+14   1.0136E-05   1.0144E-05   0.99926
FLUX  745  1312.50        2.284133E+14   1.0077E-05   1.0109E-05   0.99682
FLUX  746  1317.50        2.275465E+14   1.0019E-05   1.0075E-05   0.99448
FLUX  747  1322.50        2.266862E+14   1.0027E-05   1.0040E-05   0.99872
FLUX  748  1327.50        2.258324E+14   9.9795E-06   1.0006E-05   0.99738
FLUX  749  1332.50        2.249850E+14   9.9556E-06   9.9713E-06   0.99842
FLUX  750  1337.50        2.241439E+14   9.9206E-06   9.9370E-06   0.99835
FLUX  751  1342.50        2.233091E+14   9.8908E-06   9.9028E-06   0.99879
FLUX  752  1347.50        2.224805E+14   9.8566E-06   9.8687E-06   0.99877
FLUX  753  1352.50        2.216580E+14   9.7999E-06   9.8348E-06   0.99646
FLUX  754  1357.50        2.208416E+14   9.7496E-06   9.8009E-06   0.99477
FLUX  755  1362.50        2.200312E+14   9.7501E-06   9.7671E-06   0.99827
FLUX  756  1367.50        2.192267E+14   9.7066E-06   9.7333E-06   0.99726
FLUX  757  1372.50        2.184281E+14   9.5759E-06   9.6996E-06   0.98725
FLUX  758  1377.50        2.176352E+14   9.6117E-06   9.6660E-06   0.99438
FLUX  759  1382.50        2.168481E+14   9.5858E-06   9.6324E-06   0.99516
FLUX  760  1387.50        2.160667E+14   9.5904E-06   9.5988E-06   0.99913
FLUX  761  1392.50        2.152908E+14   9.5215E-06   9.5653E-06   0.99541
FLUX  762  1397.50        2.145206E+14   9.5070E-06   9.5319E-06   0.99738
FLUX  763  1402.50        2.137558E+14   9.4682E-06   9.4986E-06   0.99680
FLUX  764  1407.50        2.129964E+14   9.4546E-06   9.4653E-06   0.99886
FLUX  765  1412.50        2.122425E+14   9.3994E-06   9.4321E-06   0.99653
FLUX  766  1417.50        2.114938E+14   9.3808E-06   9.3990E-06   0.99807
FLUX  767  1422.50        2.107504E+14   9.3243E-06   9.3659E-06   0.99556
FLUX  768  1427.50        2.100123E+14   9.2802E-06   9.3328E-06   0.99437
FLUX  769  1432.50        2.092792E+14   9.2783E-06   9.2998E-06   0.99769
FLUX  770  1437.50        2.085513E+14   9.2606E-06   9.2668E-06   0.99933
FLUX  771  1442.50        2.078284E+14   9.0356E-06   9.2339E-06   0.97853
FLUX  772  1447.50        2.071105E+14   9.1805E-06   9.2010E-06   0.99778
FLUX  773  1452.50        2.063976E+14   9.0515E-06   9.1681E-06   0.98728
FLUX  774  1457.00        2.057601E+14   9.1025E-06   9.1386E-06   0.99604
FLUX  775  1462.00        2.050564E+14   9.0475E-06   9.6213E-06   0.94036
FLUX  776  1467.50        2.042879E+14   9.0523E-06   9.5849E-06   0.94443
FLUX  777  1472.50        2.035942E+14   8.9874E-06   9.5518E-06   0.94091
FLUX  778  1477.50        2.029052E+14   8.9334E-06   9.5186E-06   0.93851
FLUX  779  1482.50        2.022209E+14   8.9216E-06   9.4855E-06   0.94055
FLUX  780  1487.50        2.015412E+14   8.8439E-06   9.4523E-06   0.93564
FLUX  781  1492.50        2.008660E+14   8.8990E-06   9.4191E-06   0.94479
FLUX  782  1497.50        2.001953E+14   8.8481E-06   9.3859E-06   0.94270
FLUX  783  1502.50        1.995291E+14   8.7349E-06   9.3527E-06   0.93394
FLUX  784  1507.50        1.988673E+14   8.7108E-06   9.3194E-06   0.93469
FLUX  785  1512.50        1.982099E+14   8.7229E-06   9.2861E-06   0.93935
FLUX  786  1517.50        1.975568E+14   8.6975E-06   9.2528E-06   0.93999
FLUX  787  1522.50        1.969080E+14   8.7601E-06   9.2194E-06   0.95018
FLUX  788  1527.50        1.962635E+14   8.5671E-06   9.1860E-06   0.93263
FLUX  789  1532.50        1.956232E+14   8.5500E-06   9.1525E-06   0.93418
FLUX  790  1537.50        1.949870E+14   8.7045E-06   9.1189E-06   0.95456
FLUX  791  1542.50        1.943549E+14   8.3809E-06   9.0853E-06   0.92247
FLUX  792  1547.50        1.937270E+14   8.6691E-06   9.0516E-06   0.95774
FLUX  793  1552.50        1.931031E+14   8.6969E-06   9.0179E-06   0.96441
FLUX  794  1557.50        1.924831E+14   8.2694E-06   8.9840E-06   0.92045
FLUX  795  1562.50        1.918672E+14   8.7339E-06   8.9501E-06   0.97584
FLUX  796  1567.50        1.912552E+14   8.5564E-06   8.9161E-06   0.95966
FLUX  797  1572.50        1.906471E+14   8.2104E-06   8.8820E-06   0.92439
FLUX  798  1577.50        1.900428E+14   8.6127E-06   8.8478E-06   0.97343
FLUX  799  1582.50        1.894423E+14   8.6464E-06   8.8134E-06   0.98105
FLUX  800  1587.50        1.888457E+14   7.9432E-06   8.7789E-06   0.90481
FLUX  801  1592.50        1.882527E+14   8.5642E-06   8.7442E-06   0.97941
FLUX  802  1597.50        1.876635E+14   8.6179E-06   8.7095E-06   0.98949
FLUX  803  1605.00        1.867866E+14   8.5139E-06   8.6569E-06   0.98348
FLUX  804  1615.00        1.856300E+14   8.1651E-06   8.5861E-06   0.95097
FLUX  805  1625.00        1.844877E+14   8.4866E-06   8.5141E-06   0.99677
FLUX  806  1635.00        1.833593E+14   8.3160E-06   8.4401E-06   0.98531
FLUX  807  1645.00        1.822447E+14   7.9504E-06   8.3632E-06   0.95064
FLUX  808  1655.00        1.811435E+14   8.2533E-06   8.2847E-06   0.99621
FLUX  809  1665.00        1.800556E+14   8.1826E-06   8.2073E-06   0.99699
FLUX  810  1675.00        1.789806E+14   8.0254E-06   8.1310E-06   0.98702
FLUX  811  1685.00        1.779184E+14   7.6721E-06   8.0557E-06   0.95238
FLUX  812  1695.00        1.768687E+14   7.9671E-06   7.9815E-06   0.99820
FLUX  813  1705.00        1.758314E+14   7.8581E-06   7.9082E-06   0.99366
FLUX  814  1715.00        1.748061E+14   7.8140E-06   7.8359E-06   0.99721
FLUX  815  1725.00        1.737928E+14   7.6982E-06   7.7646E-06   0.99145
FLUX  816  1735.00        1.727911E+14   7.2595E-06   7.6942E-06   0.94350
FLUX  817  1745.00        1.718009E+14   7.5278E-06   7.6248E-06   0.98727
FLUX  818  1755.00        1.708219E+14   7.5028E-06   7.5563E-06   0.99292
FLUX  819  1765.00        1.698541E+14   7.4251E-06   7.4887E-06   0.99150
FLUX  820  1775.00        1.688972E+14   7.3824E-06   7.4221E-06   0.99466
FLUX  821  1785.00        1.679510E+14   7.3112E-06   7.3563E-06   0.99388
FLUX  822  1795.00        1.670153E+14   7.2807E-06   7.2914E-06   0.99854
FLUX  823  1805.00        1.660900E+14   7.1863E-06   7.2273E-06   0.99432
FLUX  824  1815.00        1.651749E+14   6.8246E-06   7.1641E-06   0.95262
FLUX  825  1825.00        1.642699E+14   7.0285E-06   7.1016E-06   0.98971
FLUX  826  1835.00        1.633747E+14   7.0163E-06   7.0400E-06   0.99663
FLUX  827  1845.00        1.624892E+14   6.9533E-06   6.9792E-06   0.99629
FLUX  828  1855.00        1.616132E+14   6.8843E-06   6.9191E-06   0.99497
FLUX  829  1865.00        1.607466E+14   6.8311E-06   6.8598E-06   0.99581
FLUX  830  1875.00        1.598893E+14   6.4135E-06   6.8013E-06   0.94298
FLUX  831  1885.00        1.590411E+14   6.6932E-06   6.7435E-06   0.99254
FLUX  832  1895.00        1.582018E+14   6.6052E-06   6.6864E-06   0.98786
FLUX  833  1905.00        1.573714E+14   6.6210E-06   6.6300E-06   0.99865
FLUX  834  1915.00        1.565496E+14   6.5619E-06   6.5743E-06   0.99811
FLUX  835  1925.00        1.557364E+14   6.5044E-06   6.5193E-06   0.99771
FLUX  836  1935.00        1.549315E+14   6.4390E-06   6.4651E-06   0.99597
FLUX  837  1945.00        1.541350E+14   6.0980E-06   6.4115E-06   0.95111
FLUX  838  1955.00        1.533465E+14   6.3383E-06   6.3585E-06   0.99682
FLUX  839  1965.00        1.525662E+14   6.2936E-06   6.3062E-06   0.99800
FLUX  840  1975.00        1.517937E+14   6.2217E-06   6.2545E-06   0.99474
FLUX  841  1985.00        1.510290E+14   6.1902E-06   6.2035E-06   0.99785
FLUX  842  1995.00        1.502719E+14   6.1404E-06   6.1531E-06   0.99793
FLUX  843  2005.00        1.495224E+14   6.0968E-06   6.1033E-06   0.99895
FLUX  844  2015.00        1.487804E+14   6.0517E-06   6.0540E-06   0.99961
FLUX  845  2025.00        1.480457E+14   5.9948E-06   6.0054E-06   0.99823
FLUX  846  2035.00        1.473182E+14   5.9385E-06   5.9574E-06   0.99684
FLUX  847  2045.00        1.465978E+14   5.9080E-06   5.9099E-06   0.99966
FLUX  848  2055.00        1.458844E+14   5.8588E-06   5.8630E-06   0.99927
FLUX  849  2065.00        1.451780E+14   5.8009E-06   5.8167E-06   0.99728
FLUX  850  2075.00        1.444783E+14   5.7608E-06   5.7709E-06   0.99825
FLUX  851  2085.00        1.437854E+14   5.7187E-06   5.7256E-06   0.99880
FLUX  852  2095.00        1.430990E+14   5.6677E-06   5.6808E-06   0.99768
FLUX  853  2105.00        1.424192E+14   5.6256E-06   5.6366E-06   0.99805
FLUX  854  2115.00        1.417459E+14   5.5704E-06   5.5928E-06   0.99598
FLUX  855  2125.00        1.410788E+14   5.5280E-06   5.5496E-06   0.99611
FLUX  856  2135.00        1.404180E+14   5.4877E-06   5.5068E-06   0.99653
FLUX  857  2145.00        1.397634E+14   5.4605E-06   5.4645E-06   0.99926
FLUX  858  2155.00        1.391148E+14   5.4170E-06   5.4228E-06   0.99893
FLUX  859  2165.00        1.384723E+14   5.1416E-06   5.3814E-06   0.95543
FLUX  860  2175.00        1.378356E+14   5.3201E-06   5.3406E-06   0.99616
FLUX  861  2185.00        1.372048E+14   5.2890E-06   5.3002E-06   0.99789
FLUX  862  2195.00        1.365797E+14   5.2593E-06   5.2603E-06   0.99982
FLUX  863  2205.00        1.359603E+14   5.2043E-06   5.2208E-06   0.99685
FLUX  864  2215.00        1.353465E+14   5.1616E-06   5.1818E-06   0.99612
FLUX  865  2225.00        1.347382E+14   5.1404E-06   5.1432E-06   0.99947
FLUX  866  2235.00        1.341353E+14   5.1020E-06   5.1050E-06   0.99942
FLUX  867  2245.00        1.335379E+14   5.0649E-06   5.0673E-06   0.99953
FLUX  868  2255.00        1.329457E+14   5.0034E-06   5.0299E-06   0.99473
FLUX  869  2265.00        1.323587E+14   4.9831E-06   4.9930E-06   0.99802
FLUX  870  2275.00        1.317769E+14   4.9503E-06   4.9565E-06   0.99876
FLUX  871  2285.00        1.312002E+14   4.9151E-06   5.0161E-06   0.97986
FLUX  872  2295.00        1.306285E+14   4.8754E-06   4.9791E-06   0.97916
FLUX  873  2305.00        1.300618E+14   4.8503E-06   4.9426E-06   0.98133
FLUX  874  2315.00        1.295000E+14   4.8130E-06   4.9065E-06   0.98094
FLUX  875  2325.00        1.289430E+14   4.7823E-06   4.8708E-06   0.98184
FLUX  876  2335.00        1.283908E+14   4.7455E-06   4.8354E-06   0.98141
FLUX  877  2345.00        1.278433E+14   4.7132E-06   4.8004E-06   0.98184
FLUX  878  2355.00        1.273004E+14   4.6798E-06   4.7658E-06   0.98195
FLUX  879  2365.00        1.267622E+14   4.6454E-06   4.7316E-06   0.98179
FLUX  880  2375.00        1.262284E+14   4.6118E-06   4.6977E-06   0.98171
FLUX  881  2385.00        1.256992E+14   4.5771E-06   4.6643E-06   0.98131
FLUX  882  2395.00        1.251743E+14   4.5444E-06   4.6311E-06   0.98127
FLUX  883  2405.00        1.246538E+14   4.5065E-06   4.5983E-06   0.98004
FLUX  884  2415.00        1.241377E+14   4.4691E-06   4.5659E-06   0.97881
FLUX  885  2425.00        1.236258E+14   4.4693E-06   4.5338E-06   0.98577
FLUX  886  2435.00        1.231181E+14   4.4005E-06   4.5021E-06   0.97743
FLUX  887  2445.00        1.226145E+14   4.3663E-06   4.4706E-06   0.97666
FLUX  888  2455.00        1.221151E+14   4.3744E-06   4.4396E-06   0.98532
FLUX  889  2465.00        1.216197E+14   4.3226E-06   4.4088E-06   0.98045
FLUX  890  2475.00        1.211283E+14   4.2941E-06   4.3784E-06   0.98075
FLUX  891  2485.00        1.206408E+14   4.2963E-06   4.3482E-06   0.98805
FLUX  892  2495.00        1.201573E+14   4.1751E-06   4.3184E-06   0.96681
FLUX  893  2505.00        1.196776E+14   4.2549E-06   4.2888E-06   0.99210
FLUX  894  2515.00        1.192018E+14   4.2267E-06   4.2596E-06   0.99226
FLUX  895  2525.00        1.187297E+14   4.0836E-06   4.2307E-06   0.96524
FLUX  896  2535.00        1.182613E+14   4.1721E-06   4.2020E-06   0.99288
FLUX  897  2545.00        1.177967E+14   4.1496E-06   4.1737E-06   0.99424
FLUX  898  2555.00        1.173356E+14   4.1144E-06   4.1456E-06   0.99247
FLUX  899  2565.00        1.168782E+14   3.9546E-06   4.1178E-06   0.96037
FLUX  900  2575.00        1.164243E+14   4.0666E-06   4.0903E-06   0.99420
FLUX  901  2585.00        1.159739E+14   4.0344E-06   4.0631E-06   0.99294
FLUX  902  2595.00        1.155270E+14   4.0242E-06   4.0361E-06   0.99705
FLUX  903  2605.00        1.150835E+14   3.9851E-06   4.0094E-06   0.99393
FLUX  904  2615.00        1.146434E+14   3.8258E-06   3.9830E-06   0.96054
FLUX  905  2625.00        1.142067E+14   3.7704E-06   3.9568E-06   0.95289
FLUX  906  2635.00        1.137732E+14   3.9128E-06   3.9309E-06   0.99540
FLUX  907  2645.00        1.133431E+14   3.8981E-06   3.9052E-06   0.99818
FLUX  908  2655.00        1.129162E+14   3.8687E-06   3.8798E-06   0.99714
FLUX  909  2665.00        1.124925E+14   3.8299E-06   3.8546E-06   0.99358
FLUX  910  2675.00        1.120720E+14   3.6743E-06   3.8297E-06   0.95941
FLUX  911  2685.00        1.116546E+14   3.7962E-06   3.8050E-06   0.99769
FLUX  912  2695.00        1.112403E+14   3.7792E-06   3.7806E-06   0.99963
FLUX  913  2705.00        1.108290E+14   3.7504E-06   3.7563E-06   0.99841
FLUX  914  2715.00        1.104208E+14   3.7307E-06   3.7323E-06   0.99955
FLUX  915  2725.00        1.100156E+14   3.7068E-06   3.7086E-06   0.99953
FLUX  916  2735.00        1.096133E+14   3.6830E-06   3.6850E-06   0.99945
FLUX  917  2745.00        1.092140E+14   3.6608E-06   3.6617E-06   0.99974
FLUX  918  2755.00        1.088176E+14   3.5066E-06   3.6386E-06   0.96372
FLUX  919  2765.00        1.084241E+14   3.5878E-06   3.6158E-06   0.99225
FLUX  920  2775.00        1.080333E+14   3.5908E-06   3.5931E-06   0.99937
FLUX  921  2785.00        1.076454E+14   3.5692E-06   3.5707E-06   0.99959
FLUX  922  2795.00        1.072603E+14   3.5481E-06   3.5484E-06   0.99990
FLUX  923  2805.00        1.068779E+14   3.5257E-06   3.5264E-06   0.99981
FLUX  924  2815.00        1.064982E+14   3.5035E-06   3.5045E-06   0.99970
FLUX  925  2825.00        1.061212E+14   3.4819E-06   3.4829E-06   0.99970
FLUX  926  2835.00        1.057469E+14   3.4612E-06   3.4615E-06   0.99994
FLUX  927  2845.00        1.053752E+14   3.4360E-06   3.4402E-06   0.99879
FLUX  928  2855.00        1.050061E+14   3.4185E-06   3.4192E-06   0.99981
FLUX  929  2865.00        1.046396E+14   3.3868E-06   3.3983E-06   0.99661
FLUX  930  2875.00        1.042757E+14   3.2493E-06   3.3777E-06   0.96200
FLUX  931  2885.00        1.039142E+14   3.3534E-06   3.3572E-06   0.99888
FLUX  932  2895.00        1.035553E+14   3.3348E-06   3.3369E-06   0.99937
FLUX  933  2905.00        1.031988E+14   3.3162E-06   3.3168E-06   0.99982
FLUX  934  2915.00        1.028448E+14   3.2912E-06   3.2969E-06   0.99828
FLUX  935  2925.00        1.024932E+14   3.2741E-06   3.2771E-06   0.99909
FLUX  936  2935.00        1.021440E+14   3.2569E-06   3.2575E-06   0.99979
FLUX  937  2945.00        1.017971E+14   3.2365E-06   3.2381E-06   0.99949
FLUX  938  2955.00        1.014526E+14   3.2184E-06   3.2189E-06   0.99984
FLUX  939  2965.00        1.011105E+14   3.1995E-06   3.1999E-06   0.99988
FLUX  940  2975.00        1.007706E+14   3.1803E-06   3.1810E-06   0.99978
FLUX  941  2985.00        1.004330E+14   3.1619E-06   3.1623E-06   0.99989
FLUX  942  2995.00        1.000977E+14   3.1420E-06   3.1437E-06   0.99946
FLUX  943  3005.00        9.976456E+13   3.1235E-06   3.1253E-06   0.99943
FLUX  944  3015.00        9.943367E+13   3.1052E-06   3.1071E-06   0.99938
FLUX  945  3025.00        9.910496E+13   3.0879E-06   3.0890E-06   0.99964
FLUX  946  3035.00        9.877842E+13   2.9784E-06   3.0711E-06   0.96983
FLUX  947  3045.00        9.845402E+13   3.0223E-06   3.0533E-06   0.98984
FLUX  948  3055.00        9.813175E+13   3.0339E-06   3.0357E-06   0.99939
FLUX  949  3065.00        9.781158E+13   3.0160E-06   3.0182E-06   0.99924
FLUX  950  3075.00        9.749350E+13   2.9998E-06   3.0009E-06   0.99964
FLUX  951  3085.00        9.717747E+13   2.9778E-06   2.9837E-06   0.99802
FLUX  952  3095.00        9.686349E+13   2.9628E-06   2.9667E-06   0.99869
FLUX  953  3105.00        9.655153E+13   2.9454E-06   2.9498E-06   0.99851
FLUX  954  3115.00        9.624157E+13   2.9216E-06   2.9331E-06   0.99608
FLUX  955  3125.00        9.593360E+13   2.9118E-06   2.9165E-06   0.99838
FLUX  956  3135.00        9.562759E+13   2.8954E-06   2.9000E-06   0.99840
FLUX  957  3145.00        9.532353E+13   2.8786E-06   2.8837E-06   0.99823
FLUX  958  3155.00        9.502139E+13   2.8643E-06   2.8675E-06   0.99888
FLUX  959  3165.00        9.472117E+13   2.8508E-06   2.8515E-06   0.99976
FLUX  960  3175.00        9.442283E+13   2.8315E-06   2.8355E-06   0.99856
FLUX  961  3185.00        9.412637E+13   2.8190E-06   2.8198E-06   0.99974
FLUX  962  3195.00        9.383177E+13   2.8033E-06   2.8041E-06   0.99972
FLUX  963  3210.00        9.339330E+13   2.7793E-06   2.7809E-06   0.99943
FLUX  964  3230.00        9.281502E+13   2.7499E-06   2.7503E-06   0.99985
FLUX  965  3250.00        9.224385E+13   2.7195E-06   2.7203E-06   0.99973
FLUX  966  3270.00        9.167966E+13   2.6895E-06   2.6907E-06   0.99956
FLUX  967  3290.00        9.112234E+13   2.6012E-06   2.6796E-06   0.97071
FLUX  968  3310.00        9.057175E+13   2.6190E-06   2.6507E-06   0.98805
FLUX  969  3330.00        9.002778E+13   2.5949E-06   2.6222E-06   0.98957
FLUX  970  3350.00        8.949030E+13   2.5701E-06   2.5942E-06   0.99070
FLUX  971  3370.00        8.895920E+13   2.5388E-06   2.5666E-06   0.98916
FLUX  972  3390.00        8.843437E+13   2.5126E-06   2.5395E-06   0.98941
FLUX  973  3410.00        8.791569E+13   2.4869E-06   2.5127E-06   0.98973
FLUX  974  3430.00        8.740306E+13   2.4638E-06   2.4864E-06   0.99089
FLUX  975  3450.00        8.689638E+13   2.4412E-06   2.4606E-06   0.99215
FLUX  976  3470.00        8.639553E+13   2.4156E-06   2.4351E-06   0.99202
FLUX  977  3490.00        8.590043E+13   2.3913E-06   2.4100E-06   0.99225
FLUX  978  3510.00        8.541097E+13   2.3674E-06   2.3853E-06   0.99253
FLUX  979  3530.00        8.492705E+13   2.3427E-06   2.3609E-06   0.99229
FLUX  980  3550.00        8.444859E+13   2.3179E-06   2.3370E-06   0.99184
FLUX  981  3570.00        8.397549E+13   2.2920E-06   2.3134E-06   0.99077
FLUX  982  3590.00        8.350766E+13   2.2776E-06   2.2901E-06   0.99452
FLUX  983  3610.00        8.304501E+13   2.2456E-06   2.2672E-06   0.99046
FLUX  984  3630.00        8.258747E+13   2.2344E-06   2.2446E-06   0.99545
FLUX  985  3650.00        8.213493E+13   2.1983E-06   2.2224E-06   0.98917
FLUX  986  3670.00        8.168733E+13   2.1905E-06   2.2005E-06   0.99545
FLUX  987  3690.00        8.124458E+13   2.1487E-06   2.1790E-06   0.98613
FLUX  988  3710.00        8.080660E+13   2.1464E-06   2.1577E-06   0.99474
FLUX  989  3730.00        8.037332E+13   2.1125E-06   2.1368E-06   0.98863
FLUX  990  3750.00        7.994467E+13   2.0573E-06   2.1161E-06   0.97220
FLUX  991  3770.00        7.952056E+13   2.0869E-06   2.0958E-06   0.99577
FLUX  992  3790.00        7.910092E+13   2.0687E-06   2.0757E-06   0.99661
FLUX  993  3810.00        7.868570E+13   2.0315E-06   2.0559E-06   0.98810
FLUX  994  3830.00        7.827480E+13   2.0239E-06   2.0365E-06   0.99383
FLUX  995  3850.00        7.786818E+13   2.0151E-06   2.0172E-06   0.99893
FLUX  996  3870.00        7.746576E+13   1.9936E-06   1.9983E-06   0.99762
FLUX  997  3890.00        7.706748E+13   1.9754E-06   1.9796E-06   0.99786
FLUX  998  3910.00        7.667327E+13   1.9285E-06   1.9612E-06   0.98332
FLUX  999  3930.00        7.628308E+13   1.9414E-06   1.9430E-06   0.99916
FLUX 1000  3950.00        7.589684E+13   1.9232E-06   1.9251E-06   0.99902
FLUX 1001  3970.00        7.551448E+13   1.9063E-06   1.9075E-06   0.99940
FLUX 1002  3990.00        7.513596E+13   1.8848E-06   1.8900E-06   0.99722
FLUX 1003  4010.00        7.476122E+13   1.8610E-06   1.8728E-06   0.99369
FLUX 1004  4030.00        7.439020E+13   1.8318E-06   1.8559E-06   0.98702
FLUX 1005  4050.00        7.402284E+13   1.8041E-06   1.8391E-06   0.98097
FLUX 1006  4070.00        7.365909E+13   1.8208E-06   1.8226E-06   0.99901
FLUX 1007  4090.00        7.329890E+13   1.8034E-06   1.8063E-06   0.99838
FLUX 1008  4110.00        7.294221E+13   1.7899E-06   1.7903E-06   0.99976
FLUX 1009  4130.00        7.258898E+13   1.7740E-06   1.7744E-06   0.99976
FLUX 1010  4150.00        7.223916E+13   1.7571E-06   1.7588E-06   0.99907
FLUX 1011  4170.00        7.189269E+13   1.7130E-06   1.7433E-06   0.98262
FLUX 1012  4190.00        7.154952E+13   1.7261E-06   1.7281E-06   0.99887
FLUX 1013  4210.00        7.120962E+13   1.7096E-06   1.7131E-06   0.99799
FLUX 1014  4230.00        7.087293E+13   1.6981E-06   1.6982E-06   0.99992
FLUX 1015  4250.00        7.053941E+13   1.6829E-06   1.6836E-06   0.99963
FLUX 1016  4270.00        7.020902E+13   1.6690E-06   1.6691E-06   0.99992
FLUX 1017  4290.00        6.988170E+13   1.6547E-06   1.6548E-06   0.99993
FLUX 1018  4310.00        6.955742E+13   1.6405E-06   1.6407E-06   0.99988
FLUX 1019  4330.00        6.923614E+13   1.6261E-06   1.6268E-06   0.99958
FLUX 1020  4350.00        6.891782E+13   1.6126E-06   1.6131E-06   0.99969
FLUX 1021  4370.00        6.860240E+13   1.5735E-06   1.5995E-06   0.98373
FLUX 1022  4390.00        6.828986E+13   1.5838E-06   1.5861E-06   0.99858
FLUX 1023  4410.00        6.798016E+13   1.5714E-06   1.5729E-06   0.99904
FLUX 1024  4430.00        6.767325E+13   1.5590E-06   1.5598E-06   0.99952
FLUX 1025  4450.00        6.736910E+13   1.5461E-06   1.5469E-06   0.99949
FLUX 1026  4470.00        6.706767E+13   1.5351E-06   1.5383E-06   0.99796
FLUX 1027  4490.00        6.676893E+13   1.5207E-06   1.5256E-06   0.99678
FLUX 1028  4510.00        6.647284E+13   1.5087E-06   1.5131E-06   0.99706
FLUX 1029  4530.00        6.617936E+13   1.4964E-06   1.5008E-06   0.99704
FLUX 1030  4550.00        6.588846E+13   1.4843E-06   1.4886E-06   0.99711
FLUX 1031  4570.00        6.560011E+13   1.4720E-06   1.4766E-06   0.99690
FLUX 1032  4590.00        6.531427E+13   1.4599E-06   1.4647E-06   0.99673
FLUX 1033  4610.00        6.503091E+13   1.4489E-06   1.4529E-06   0.99726
FLUX 1034  4630.00        6.475000E+13   1.4371E-06   1.4413E-06   0.99710
FLUX 1035  4650.00        6.447151E+13   1.4008E-06   1.4298E-06   0.97968
FLUX 1036  4670.00        6.419540E+13   1.3907E-06   1.4185E-06   0.98041
FLUX 1037  4690.00        6.392164E+13   1.4027E-06   1.4073E-06   0.99676
FLUX 1038  4710.00        6.365021E+13   1.3924E-06   1.3962E-06   0.99728
FLUX 1039  4730.00        6.338108E+13   1.3818E-06   1.3853E-06   0.99747
FLUX 1040  4750.00        6.311421E+13   1.3704E-06   1.3744E-06   0.99703
FLUX 1041  4770.00        6.284958E+13   1.3599E-06   1.3638E-06   0.99718
FLUX 1042  4790.00        6.258716E+13   1.3496E-06   1.3532E-06   0.99735
FLUX 1043  4810.00        6.232692E+13   1.3396E-06   1.3427E-06   0.99765
FLUX 1044  4830.00        6.206884E+13   1.3308E-06   1.3324E-06   0.99876
FLUX 1045  4850.00        6.181289E+13   1.3186E-06   1.3222E-06   0.99727
FLUX 1046  4870.00        6.155903E+13   1.3107E-06   1.3121E-06   0.99893
FLUX 1047  4890.00        6.130726E+13   1.2990E-06   1.3021E-06   0.99757
FLUX 1048  4910.00        6.105754E+13   1.2906E-06   1.2923E-06   0.99869
FLUX 1049  4930.00        6.080984E+13   1.2789E-06   1.2825E-06   0.99718
FLUX 1050  4950.00        6.056414E+13   1.2721E-06   1.2729E-06   0.99937
FLUX 1051  4970.00        6.032042E+13   1.2588E-06   1.2634E-06   0.99643
FLUX 1052  4990.00        6.007866E+13   1.2534E-06   1.2539E-06   0.99957
FLUX 1053  5010.00        5.983882E+13   1.2438E-06   1.2446E-06   0.99937
FLUX 1054  5030.00        5.960089E+13   1.2302E-06   1.2354E-06   0.99579
FLUX 1055  5050.00        5.936485E+13   1.2259E-06   1.2263E-06   0.99967
FLUX 1056  5070.00        5.913067E+13   1.2170E-06   1.2173E-06   0.99976
FLUX 1057  5090.00        5.889833E+13   1.2022E-06   1.2083E-06   0.99494
FLUX 1058  5110.00        5.866781E+13   1.1984E-06   1.1995E-06   0.99904
FLUX 1059  5130.00        5.843908E+13   1.1703E-06   1.1908E-06   0.98280
FLUX 1060  5150.00        5.821214E+13   1.1816E-06   1.1822E-06   0.99953
FLUX 1061  5170.00        5.798694E+13   1.1663E-06   1.1736E-06   0.99373
FLUX 1062  5190.00        5.776349E+13   1.1649E-06   1.1652E-06   0.99979
FLUX 1063  5210.00        5.754175E+13   1.1564E-06   1.1568E-06   0.99963
FLUX 1064  5230.00        5.732170E+13   1.1482E-06   1.1486E-06   0.99966
FLUX 1065  5250.00        5.710333E+13   1.1394E-06   1.1404E-06   0.99910
FLUX 1066  5270.00        5.688662E+13   1.1244E-06   1.1323E-06   0.99303
FLUX 1067  5290.00        5.667155E+13   1.1242E-06   1.1243E-06   0.99989
FLUX 1068  5310.00        5.645810E+13   1.1162E-06   1.1164E-06   0.99986
FLUX 1069  5330.00        5.624625E+13   1.1084E-06   1.1086E-06   0.99988
FLUX 1070  5350.00        5.603598E+13   1.1006E-06   1.1008E-06   0.99986
FLUX 1071  5370.00        5.582728E+13   1.0869E-06   1.0931E-06   0.99434
FLUX 1072  5390.00        5.562013E+13   1.0811E-06   1.0855E-06   0.99588
FLUX 1073  5410.00        5.541451E+13   1.0779E-06   1.0780E-06   0.99991
FLUX 1074  5430.00        5.521041E+13   1.0702E-06   1.0706E-06   0.99960
FLUX 1075  5450.00        5.500780E+13   1.0630E-06   1.0632E-06   0.99978
FLUX 1076  5470.00        5.480667E+13   1.0551E-06   1.0560E-06   0.99921
FLUX 1077  5490.00        5.460701E+13   1.0485E-06   1.0487E-06   0.99981
FLUX 1078  5510.00        5.440880E+13   1.0410E-06   1.0416E-06   0.99945
FLUX 1079  5530.00        5.421203E+13   1.0235E-06   1.0345E-06   0.98929
FLUX 1080  5550.00        5.401667E+13   1.0273E-06   1.0276E-06   0.99978
FLUX 1081  5570.00        5.382271E+13   1.0203E-06   1.0206E-06   0.99970
FLUX 1082  5590.00        5.363014E+13   1.0126E-06   1.0138E-06   0.99887
FLUX 1083  5610.00        5.343895E+13   1.0068E-06   1.0070E-06   0.99978
FLUX 1084  5630.00        5.324911E+13   1.0001E-06   1.0003E-06   0.99977
FLUX 1085  5650.00        5.306062E+13   9.9357E-07   9.9364E-07   0.99993
FLUX 1086  5670.00        5.287346E+13   9.8691E-07   9.8705E-07   0.99985
FLUX 1087  5690.00        5.268761E+13   9.8040E-07   9.8054E-07   0.99986
FLUX 1088  5710.00        5.250306E+13   9.6163E-07   9.7408E-07   0.98722
FLUX 1089  5730.00        5.231981E+13   9.6757E-07   9.6769E-07   0.99987
FLUX 1090  5750.00        5.213783E+13   9.6134E-07   9.6137E-07   0.99997
FLUX 1091  5770.00        5.195711E+13   9.5499E-07   9.5510E-07   0.99989
FLUX 1092  5790.00        5.177763E+13   9.4863E-07   9.4890E-07   0.99972
FLUX 1093  5810.00        5.159940E+13   9.4266E-07   9.4275E-07   0.99990
FLUX 1094  5830.00        5.142238E+13   9.3659E-07   9.3666E-07   0.99992
FLUX 1095  5850.00        5.124658E+13   9.3165E-07   9.3176E-07   0.99989
FLUX 1096  5870.00        5.107198E+13   9.2552E-07   9.2578E-07   0.99973
FLUX 1097  5890.00        5.089856E+13   9.1866E-07   9.1985E-07   0.99870
FLUX 1098  5910.00        5.072631E+13   8.9881E-07   9.1399E-07   0.98339
FLUX 1099  5930.00        5.055523E+13   9.0760E-07   9.0817E-07   0.99937
FLUX 1100  5950.00        5.038529E+13   8.8834E-07   9.0242E-07   0.98440
FLUX 1101  5970.00        5.021650E+13   8.9458E-07   8.9672E-07   0.99761
FLUX 1102  5990.00        5.004883E+13   8.9081E-07   8.9107E-07   0.99971
FLUX 1103  6010.00        4.988228E+13   8.8514E-07   8.8547E-07   0.99962
FLUX 1104  6030.00        4.971683E+13   8.7984E-07   8.7993E-07   0.99989
FLUX 1105  6050.00        4.955248E+13   8.7436E-07   8.7444E-07   0.99990
FLUX 1106  6070.00        4.938921E+13   8.6876E-07   8.6900E-07   0.99972
FLUX 1107  6090.00        4.922701E+13   8.6327E-07   8.6361E-07   0.99961
FLUX 1108  6110.00        4.906588E+13   8.5755E-07   8.5827E-07   0.99916
FLUX 1109  6130.00        4.890579E+13   8.5284E-07   8.5299E-07   0.99983
FLUX 1110  6150.00        4.874675E+13   8.4763E-07   8.4774E-07   0.99986
FLUX 1111  6170.00        4.858874E+13   8.4245E-07   8.4255E-07   0.99988
FLUX 1112  6190.00        4.843174E+13   8.3715E-07   8.3741E-07   0.99969
FLUX 1113  6210.00        4.827576E+13   8.3222E-07   8.3231E-07   0.99990
FLUX 1114  6230.00        4.812079E+13   8.2666E-07   8.2726E-07   0.99927
FLUX 1115  6250.00        4.796680E+13   8.2207E-07   8.2225E-07   0.99978
FLUX 1116  6270.00        4.781380E+13   8.1693E-07   8.1729E-07   0.99956
FLUX 1117  6290.00        4.766176E+13   7.9979E-07   8.1237E-07   0.98451
FLUX 1118  6310.00        4.751070E+13   8.0663E-07   8.0750E-07   0.99891
FLUX 1119  6330.00        4.736058E+13   8.0244E-07   8.0268E-07   0.99971
FLUX 1120  6350.00        4.721142E+13   7.9765E-07   7.9789E-07   0.99969
FLUX 1121  6370.00        4.706319E+13   7.9302E-07   7.9315E-07   0.99984
FLUX 1122  6390.00        4.691588E+13   7.8818E-07   7.8845E-07   0.99966
FLUX 1123  6420.00        4.669665E+13   7.8140E-07   7.8147E-07   0.99990
FLUX 1124  6460.00        4.640751E+13   7.7205E-07   7.7232E-07   0.99965
FLUX 1125  6500.00        4.612192E+13   7.6283E-07   7.6333E-07   0.99935
FLUX 1126  6540.00        4.583983E+13   7.5441E-07   7.5449E-07   0.99990
FLUX 1127  6580.00        4.556117E+13   7.4525E-07   7.4580E-07   0.99925
FLUX 1128  6620.00        4.528588E+13   7.3669E-07   7.3727E-07   0.99922
FLUX 1129  6660.00        4.501389E+13   7.2868E-07   7.2888E-07   0.99973
FLUX 1130  6700.00        4.474515E+13   7.2052E-07   7.2063E-07   0.99985
FLUX 1131  6740.00        4.447960E+13   7.1172E-07   7.1252E-07   0.99888
FLUX 1132  6780.00        4.421718E+13   6.9917E-07   7.0454E-07   0.99237
FLUX 1133  6820.00        4.395784E+13   6.9570E-07   6.9670E-07   0.99857
FLUX 1134  6860.00        4.370153E+13   6.8887E-07   6.8899E-07   0.99983
FLUX 1135  6900.00        4.344819E+13   6.8114E-07   6.8140E-07   0.99961
FLUX 1136  6940.00        4.319777E+13   6.7258E-07   6.7394E-07   0.99798
FLUX 1137  6980.00        4.295021E+13   6.6640E-07   6.6660E-07   0.99969
FLUX 1138  7020.00        4.270548E+13   6.5914E-07   6.5938E-07   0.99963
FLUX 1139  7060.00        4.246353E+13   6.5205E-07   6.5228E-07   0.99965
FLUX 1140  7100.00        4.222430E+13   6.4385E-07   6.4529E-07   0.99777
FLUX 1141  7140.00        4.198775E+13   6.3830E-07   6.3841E-07   0.99983
FLUX 1142  7180.00        4.175383E+13   6.3149E-07   6.3164E-07   0.99976
FLUX 1143  7220.00        4.152251E+13   6.2455E-07   6.2498E-07   0.99932
FLUX 1144  7260.00        4.129373E+13   6.1647E-07   6.1842E-07   0.99684
FLUX 1145  7300.00        4.106747E+13   6.1190E-07   6.1197E-07   0.99989
FLUX 1146  7340.00        4.084366E+13   6.0549E-07   6.0561E-07   0.99979
FLUX 1147  7380.00        4.062229E+13   5.9928E-07   5.9936E-07   0.99987
FLUX 1148  7420.00        4.040330E+13   5.9303E-07   5.9321E-07   0.99970
FLUX 1149  7460.00        4.018666E+13   5.8190E-07   5.8715E-07   0.99106
FLUX 1150  7500.00        3.997233E+13   5.7093E-07   5.8119E-07   0.98235
FLUX 1151  7540.00        3.976028E+13   5.7514E-07   5.7531E-07   0.99970
FLUX 1152  7580.00        3.955046E+13   5.6942E-07   5.6953E-07   0.99980
FLUX 1153  7620.00        3.934285E+13   5.6375E-07   5.6383E-07   0.99987
FLUX 1154  7660.00        3.913740E+13   5.5815E-07   5.5821E-07   0.99988
FLUX 1155  7700.00        3.893409E+13   5.5262E-07   5.5268E-07   0.99988
FLUX 1156  7740.00        3.873288E+13   5.4719E-07   5.4723E-07   0.99992
FLUX 1157  7780.00        3.853374E+13   5.3922E-07   5.4186E-07   0.99512
FLUX 1158  7820.00        3.833664E+13   5.3656E-07   5.3657E-07   0.99998
FLUX 1159  7860.00        3.814154E+13   5.3134E-07   5.3136E-07   0.99997
FLUX 1160  7900.00        3.794842E+13   5.2621E-07   5.2622E-07   0.99998
FLUX 1161  7940.00        3.775724E+13   5.2114E-07   5.2115E-07   0.99997
FLUX 1162  7980.00        3.756798E+13   5.1612E-07   5.1616E-07   0.99992
FLUX 1163  8020.00        3.738061E+13   5.1117E-07   5.1124E-07   0.99987
FLUX 1164  8060.00        3.719510E+13   5.0632E-07   5.0639E-07   0.99987
FLUX 1165  8100.00        3.701142E+13   5.0159E-07   5.0160E-07   0.99997
FLUX 1166  8140.00        3.682955E+13   4.9405E-07   4.9689E-07   0.99429
FLUX 1167  8180.00        3.664945E+13   4.9197E-07   4.9224E-07   0.99945
FLUX 1168  8220.00        3.647111E+13   4.8762E-07   4.8765E-07   0.99993
FLUX 1169  8260.00        3.629449E+13   4.8310E-07   4.8313E-07   0.99993
FLUX 1170  8300.00        3.611958E+13   4.7862E-07   4.7867E-07   0.99989
FLUX 1171  8340.00        3.594634E+13   4.7410E-07   4.7427E-07   0.99964
FLUX 1172  8380.00        3.577476E+13   4.6972E-07   4.6993E-07   0.99954
FLUX 1173  8420.00        3.560481E+13   4.6555E-07   4.6565E-07   0.99977
FLUX 1174  8460.00        3.543647E+13   4.6139E-07   4.6143E-07   0.99991
FLUX 1175  8500.00        3.526971E+13   4.5723E-07   4.5727E-07   0.99991
FLUX 1176  8540.00        3.510451E+13   4.5312E-07   4.5316E-07   0.99991
FLUX 1177  8580.00        3.494085E+13   4.4899E-07   4.4911E-07   0.99975
FLUX 1178  8620.00        3.477871E+13   4.4505E-07   4.4511E-07   0.99987
FLUX 1179  8660.00        3.461807E+13   4.3831E-07   4.4116E-07   0.99354
FLUX 1180  8700.00        3.445891E+13   4.3718E-07   4.3727E-07   0.99981
FLUX 1181  8740.00        3.430120E+13   4.3180E-07   4.3342E-07   0.99625
FLUX 1182  8780.00        3.414493E+13   4.2808E-07   4.2963E-07   0.99640
FLUX 1183  8820.00        3.399008E+13   4.2583E-07   4.2589E-07   0.99986
FLUX 1184  8860.00        3.383663E+13   4.2186E-07   4.2219E-07   0.99921
FLUX 1185  8900.00        3.368455E+13   4.1849E-07   4.1855E-07   0.99987
FLUX 1186  8940.00        3.353384E+13   4.1492E-07   4.1495E-07   0.99993
FLUX 1187  8980.00        3.338447E+13   4.1132E-07   4.1139E-07   0.99982
FLUX 1188  9020.00        3.323642E+13   4.0784E-07   4.0789E-07   0.99989
FLUX 1189  9060.00        3.308968E+13   4.0406E-07   4.0442E-07   0.99911
FLUX 1190  9100.00        3.294423E+13   4.0094E-07   4.0100E-07   0.99984
FLUX 1191  9140.00        3.280005E+13   3.9757E-07   3.9763E-07   0.99986
FLUX 1192  9180.00        3.265714E+13   3.9428E-07   3.9429E-07   0.99997
FLUX 1193  9220.00        3.251546E+13   3.9099E-07   3.9100E-07   0.99998
FLUX 1194  9260.00        3.237500E+13   3.8719E-07   3.8775E-07   0.99856
FLUX 1195  9300.00        3.223575E+13   3.8453E-07   3.8454E-07   0.99998
FLUX 1196  9340.00        3.209770E+13   3.8134E-07   3.8136E-07   0.99994
FLUX 1197  9380.00        3.196082E+13   3.7569E-07   3.7823E-07   0.99329
FLUX 1198  9420.00        3.182511E+13   3.7506E-07   3.7514E-07   0.99980
FLUX 1199  9460.00        3.169054E+13   3.7205E-07   3.7208E-07   0.99993
FLUX 1200  9500.00        3.155711E+13   3.6885E-07   3.6906E-07   0.99942
FLUX 1201  9540.00        3.142479E+13   3.6548E-07   3.6608E-07   0.99838
FLUX 1202  9580.00        3.129358E+13   3.6312E-07   3.6313E-07   0.99998
FLUX 1203  9620.00        3.116346E+13   3.6018E-07   3.6022E-07   0.99989
FLUX 1204  9660.00        3.103442E+13   3.5733E-07   3.5734E-07   0.99998
FLUX 1205  9700.00        3.090644E+13   3.5449E-07   3.5450E-07   0.99998
FLUX 1206  9740.00        3.077952E+13   3.5163E-07   3.5169E-07   0.99983
FLUX 1207  9780.00        3.065363E+13   3.4888E-07   3.4891E-07   0.99991
FLUX 1208  9820.00        3.052877E+13   3.4611E-07   3.4617E-07   0.99985
FLUX 1209  9860.00        3.040492E+13   3.4259E-07   3.4345E-07   0.99750
FLUX 1210  9900.00        3.028207E+13   3.4077E-07   3.4077E-07   0.99999
FLUX 1211  9940.00        3.016021E+13   3.3810E-07   3.3813E-07   0.99993
FLUX 1212  9980.00        3.003933E+13   3.3547E-07   3.3551E-07   0.99990
FLUX 1213 10020.00        2.991941E+13   3.3289E-07   3.3292E-07   0.99990
FLUX 1214 20000.00        1.498963E+13   8.5938E-08   8.5939E-08   0.99999
FLUX 1215 40000.00        7.494813E+12   2.1576E-08   2.1576E-08   1.00000
FLUX 1216 60000.00        4.996542E+12   9.5430E-09   9.5431E-09   1.00000
FLUX 1217 80000.00        3.747406E+12   5.3375E-09   5.3375E-09   1.00000
FLUX 1218100000.00        2.997925E+12   3.3977E-09   3.3977E-09   1.00000
FLUX 1219120000.00        2.498271E+12   2.3480E-09   2.3480E-09   1.00000
FLUX 1220140000.00        2.141375E+12   1.7175E-09   1.7175E-09   1.00000
FLUX 1221160000.00        1.873703E+12   1.3097E-09   1.3097E-09   1.00000
FLUX
