TEFF   8250.  GRAVITY 5.00000 LTE 
TITLE  [-0.5] N(He)/Ntot=0.0784 VTURB=2.0  L/H=1.25 NOVER                       
FLUX    1     9.09        3.298047E+16   1.0000E-50   0.0000E+00   1.00000
FLUX    2     9.35        3.206337E+16   1.0000E-50   0.0000E+00   1.00000
FLUX    3     9.61        3.119589E+16   1.0000E-50   0.0000E+00   1.00000
FLUX    4     9.77        3.068501E+16   1.0000E-50   0.0000E+00   1.00000
FLUX    5     9.96        3.009965E+16   1.0000E-50   0.0000E+00   1.00000
FLUX    6    10.20        2.939142E+16   1.0000E-50   0.0000E+00   1.00000
FLUX    7    10.38        2.888174E+16   1.0000E-50   0.0000E+00   1.00000
FLUX    8    10.56        2.838944E+16   1.0000E-50   0.0000E+00   1.00000
FLUX    9    10.77        2.783589E+16   1.0000E-50   0.0000E+00   1.00000
FLUX   10    11.04        2.715512E+16   1.0000E-50   0.0000E+00   1.00000
FLUX   11    11.40        2.629759E+16   1.0000E-50   0.0000E+00   1.00000
FLUX   12    11.78        2.544928E+16   1.0000E-50   0.0000E+00   1.00000
FLUX   13    12.13        2.471496E+16   1.0000E-50   0.0000E+00   1.00000
FLUX   14    12.48        2.402183E+16   1.0000E-50   0.0000E+00   1.00000
FLUX   15    12.71        2.358714E+16   1.0000E-50   0.0000E+00   1.00000
FLUX   16    12.84        2.334833E+16   1.0000E-50   0.0000E+00   1.00000
FLUX   17    13.05        2.297261E+16   1.0000E-50   0.0000E+00   1.00000
FLUX   18    13.24        2.264294E+16   1.0000E-50   0.0000E+00   1.00000
FLUX   19    13.39        2.238928E+16   1.0000E-50   0.0000E+00   1.00000
FLUX   20    13.66        2.194674E+16   1.0000E-50   0.0000E+00   1.00000
FLUX   21    13.98        2.144438E+16   1.0000E-50   0.0000E+00   1.00000
FLUX   22    14.33        2.092062E+16   1.0000E-50   0.0000E+00   1.00000
FLUX   23    14.72        2.036634E+16   1.0000E-50   0.0000E+00   1.00000
FLUX   24    15.10        1.985381E+16   1.0000E-50   0.0000E+00   1.00000
FLUX   25    15.52        1.931653E+16   1.0000E-50   0.0000E+00   1.00000
FLUX   26    15.88        1.887862E+16   1.0000E-50   0.0000E+00   1.00000
FLUX   27    16.20        1.850571E+16   1.0000E-50   0.0000E+00   1.00000
FLUX   28    16.60        1.805979E+16   1.0000E-50   0.0000E+00   1.00000
FLUX   29    17.03        1.760379E+16   1.0000E-50   0.0000E+00   1.00000
FLUX   30    17.34        1.728907E+16   1.0000E-50   0.0000E+00   1.00000
FLUX   31    17.68        1.695659E+16   1.0000E-50   0.0000E+00   1.00000
FLUX   32    18.02        1.663665E+16   1.0000E-50   0.0000E+00   1.00000
FLUX   33    18.17        1.649931E+16   1.0000E-50   0.0000E+00   1.00000
FLUX   34    18.61        1.610922E+16   1.0000E-50   0.0000E+00   1.00000
FLUX   35    19.10        1.569594E+16   1.0000E-50   0.0000E+00   1.00000
FLUX   36    19.39        1.546119E+16   1.0000E-50   0.0000E+00   1.00000
FLUX   37    19.84        1.511051E+16   1.0000E-50   0.0000E+00   1.00000
FLUX   38    20.18        1.485592E+16   1.0000E-50   0.0000E+00   1.00000
FLUX   39    20.50        1.462402E+16   1.0000E-50   0.0000E+00   1.00000
FLUX   40    21.05        1.424192E+16   1.0000E-50   0.0000E+00   1.00000
FLUX   41    21.62        1.386644E+16   1.0000E-50   0.0000E+00   1.00000
FLUX   42    21.98        1.363933E+16   1.0000E-50   0.0000E+00   1.00000
FLUX   43    22.30        1.344361E+16   1.0000E-50   0.0000E+00   1.00000
FLUX   44    22.68        1.321836E+16   1.0000E-50   0.0000E+00   1.00000
FLUX   45    23.00        1.303446E+16   1.0000E-50   0.0000E+00   1.00000
FLUX   46    23.40        1.281165E+16   1.0000E-50   0.0000E+00   1.00000
FLUX   47    24.00        1.249135E+16   1.0000E-50   0.0000E+00   1.00000
FLUX   48    24.65        1.216197E+16   1.0000E-50   0.0000E+00   1.00000
FLUX   49    25.24        1.187767E+16   1.0000E-50   0.0000E+00   1.00000
FLUX   50    25.68        1.167416E+16   1.0000E-50   0.0000E+00   1.00000
FLUX   51    26.00        1.153048E+16   1.0000E-50   0.0000E+00   1.00000
FLUX   52    26.40        1.135578E+16   1.0000E-50   0.0000E+00   1.00000
FLUX   53    26.85        1.116546E+16   1.0000E-50   0.0000E+00   1.00000
FLUX   54    27.35        1.096133E+16   1.0000E-50   0.0000E+00   1.00000
FLUX   55    27.85        1.076454E+16   1.0000E-50   0.0000E+00   1.00000
FLUX   56    28.40        1.055607E+16   1.0000E-50   0.0000E+00   1.00000
FLUX   57    29.00        1.033767E+16   1.0000E-50   0.0000E+00   1.00000
FLUX   58    29.60        1.012813E+16   1.0000E-50   0.0000E+00   1.00000
FLUX   59    30.10        9.959884E+15   1.0000E-50   0.0000E+00   1.00000
FLUX   60    30.80        9.733523E+15   1.0000E-50   0.0000E+00   1.00000
FLUX   61    31.80        9.427437E+15   4.2953E-37   4.2953E-37   1.00000
FLUX   62    32.80        9.140015E+15   5.3320E-36   5.3320E-36   1.00000
FLUX   63    33.80        8.869601E+15   5.5599E-35   5.5599E-35   1.00000
FLUX   64    34.80        8.614727E+15   5.0496E-34   5.0496E-34   1.00000
FLUX   65    35.70        8.397549E+15   3.3021E-33   3.3021E-33   1.00000
FLUX   66    36.60        8.191052E+15   1.9652E-32   1.9652E-32   1.00000
FLUX   67    37.50        7.994467E+15   1.0717E-31   1.0717E-31   1.00000
FLUX   68    38.50        7.786818E+15   6.4171E-31   6.4171E-31   1.00000
FLUX   69    39.50        7.589684E+15   3.9847E-31   3.9848E-31   0.99998
FLUX   70    40.50        7.402284E+15   1.8197E-30   1.8197E-30   0.99998
FLUX   71    41.40        7.241365E+15   6.6861E-30   6.6862E-30   0.99998
FLUX   72    42.20        7.104088E+15   2.0232E-29   2.0232E-29   0.99998
FLUX   73    43.00        6.971919E+15   5.8622E-29   5.8626E-29   0.99993
FLUX   74    44.10        6.798016E+15   2.3689E-28   2.3690E-28   0.99997
FLUX   75    45.10        6.647284E+15   7.9165E-28   7.9166E-28   0.99998
FLUX   76    46.00        6.517228E+15   2.2366E-27   2.2366E-27   0.99998
FLUX   77    47.00        6.378564E+15   6.7519E-27   6.7525E-27   0.99992
FLUX   78    48.00        6.245677E+15   1.9405E-26   1.9405E-26   0.99998
FLUX   79    49.00        6.118214E+15   5.3299E-26   5.3300E-26   0.99998
FLUX   80    50.00        5.995850E+15   1.4011E-25   1.4011E-25   0.99998
FLUX   81    50.60        5.924753E+15   3.2449E-25   3.7293E-25   0.87011
FLUX   82    51.20        5.855322E+15   6.3270E-25   6.4149E-25   0.98629
FLUX   83    52.00        5.765240E+15   1.2802E-24   1.2944E-24   0.98897
FLUX   84    53.00        5.656462E+15   3.0147E-24   3.0150E-24   0.99990
FLUX   85    54.00        5.551713E+15   6.7437E-24   6.7907E-24   0.99308
FLUX   86    55.00        5.450773E+15   1.4822E-23   1.4825E-23   0.99981
FLUX   87    56.00        5.353438E+15   3.1403E-23   3.1405E-23   0.99991
FLUX   88    57.00        5.259518E+15   6.4661E-23   6.4663E-23   0.99998
FLUX   89    58.00        5.168836E+15   1.2809E-22   1.2961E-22   0.98825
FLUX   90    59.00        5.081229E+15   2.5316E-22   2.5321E-22   0.99979
FLUX   91    60.00        4.996542E+15   4.8270E-22   4.8284E-22   0.99972
FLUX   92    61.00        4.914631E+15   8.9974E-22   8.9976E-22   0.99998
FLUX   93    62.00        4.835363E+15   1.6402E-21   1.6404E-21   0.99991
FLUX   94    63.00        4.758611E+15   2.9289E-21   2.9291E-21   0.99993
FLUX   95    64.00        4.684258E+15   5.1298E-21   5.1306E-21   0.99985
FLUX   96    65.00        4.612192E+15   8.8192E-21   8.8194E-21   0.99997
FLUX   97    65.80        4.556117E+15   1.3428E-20   1.3428E-20   0.99997
FLUX   98    66.50        4.508158E+15   1.9214E-20   1.9223E-20   0.99957
FLUX   99    67.50        4.441370E+15   3.1630E-20   3.1639E-20   0.99972
FLUX  100    68.50        4.376533E+15   5.1239E-20   5.1249E-20   0.99982
FLUX  101    69.50        4.313561E+15   8.1750E-20   8.1752E-20   0.99998
FLUX  102    70.50        4.252376E+15   1.2835E-19   1.2852E-19   0.99868
FLUX  103    71.60        4.187046E+15   2.0799E-19   2.0800E-19   0.99993
FLUX  104    72.60        4.129373E+15   3.1773E-19   3.1774E-19   0.99998
FLUX  105    73.50        4.078810E+15   4.6025E-19   4.6029E-19   0.99992
FLUX  106    74.50        4.024060E+15   6.8672E-19   6.8690E-19   0.99973
FLUX  107    75.50        3.970762E+15   1.0127E-18   1.0131E-18   0.99966
FLUX  108    76.50        3.918856E+15   1.4768E-18   1.4773E-18   0.99971
FLUX  109    77.50        3.868290E+15   2.1303E-18   2.1309E-18   0.99973
FLUX  110    78.50        3.819013E+15   3.0418E-18   3.0418E-18   0.99998
FLUX  111    79.50        3.770975E+15   4.2791E-18   4.2988E-18   0.99542
FLUX  112    80.50        3.724130E+15   6.0089E-18   6.0170E-18   0.99866
FLUX  113    81.50        3.678436E+15   8.3425E-18   8.3441E-18   0.99981
FLUX  114    82.50        3.633848E+15   1.1469E-17   1.1470E-17   0.99990
FLUX  115    83.50        3.590329E+15   1.5634E-17   1.5635E-17   0.99990
FLUX  116    84.50        3.547840E+15   2.1135E-17   2.1137E-17   0.99993
FLUX  117    85.50        3.506345E+15   2.8346E-17   2.8349E-17   0.99990
FLUX  118    86.50        3.465809E+15   3.7727E-17   3.7728E-17   0.99997
FLUX  119    87.50        3.426200E+15   4.9786E-17   4.9840E-17   0.99893
FLUX  120    88.50        3.387486E+15   6.5373E-17   6.5378E-17   0.99993
FLUX  121    89.50        3.349637E+15   8.5169E-17   8.5171E-17   0.99997
FLUX  122    90.50        3.312624E+15   1.1005E-16   1.1022E-16   0.99845
FLUX  123    91.50        3.276421E+15   3.9054E-14   2.4946E-13   0.15655
FLUX  124    92.50        3.241000E+15   2.0782E-13   3.2631E-13   0.63689
FLUX  125    93.50        3.206337E+15   3.0697E-13   4.1945E-13   0.73184
FLUX  126    94.50        3.172407E+15   4.3697E-13   5.3379E-13   0.81862
FLUX  127    95.50        3.139188E+15   6.0718E-13   6.7501E-13   0.89951
FLUX  128    96.50        3.106658E+15   7.9444E-13   8.4522E-13   0.93991
FLUX  129    97.50        3.074795E+15   8.7842E-13   1.0488E-12   0.83753
FLUX  130    98.50        3.043579E+15   1.2252E-12   1.3125E-12   0.93350
FLUX  131    99.50        3.012990E+15   1.4711E-12   1.6197E-12   0.90831
FLUX  132   100.50        2.983010E+15   1.9208E-12   1.9870E-12   0.96671
FLUX  133   101.50        2.953621E+15   2.3399E-12   2.4160E-12   0.96850
FLUX  134   102.50        2.924805E+15   2.4159E-12   2.9691E-12   0.81369
FLUX  135   103.50        2.896546E+15   3.4610E-12   3.6053E-12   0.95995
FLUX  136   104.50        2.868828E+15   4.2903E-12   4.3782E-12   0.97993
FLUX  137   105.50        2.841635E+15   5.2056E-12   5.3061E-12   0.98106
FLUX  138   106.50        2.814953E+15   6.1877E-12   6.4270E-12   0.96277
FLUX  139   107.50        2.788767E+15   7.5898E-12   7.7758E-12   0.97609
FLUX  140   108.50        2.763065E+15   9.1971E-12   9.3810E-12   0.98040
FLUX  141   109.50        2.737831E+15   1.0803E-11   1.1268E-11   0.95869
FLUX  142   110.50        2.713054E+15   2.4371E-11   8.3584E-11   0.29158
FLUX  143   111.50        2.688722E+15   6.1676E-11   1.0620E-10   0.58076
FLUX  144   112.50        2.664822E+15   8.2170E-11   1.3169E-10   0.62396
FLUX  145   113.50        2.641344E+15   1.1233E-10   1.5975E-10   0.70316
FLUX  146   114.50        2.618275E+15   1.3576E-10   1.8885E-10   0.71889
FLUX  147   115.50        2.595606E+15   1.4627E-10   2.1782E-10   0.67149
FLUX  148   116.50        2.573326E+15   1.8497E-10   2.4423E-10   0.75737
FLUX  149   117.50        2.551426E+15   2.0993E-10   2.6368E-10   0.79615
FLUX  150   118.50        2.529895E+15   2.1762E-10   3.6816E-10   0.59110
FLUX  151   119.50        2.508724E+15   1.3764E-10   4.2055E-10   0.32728
FLUX  152   120.50        2.487905E+15   1.0981E-10   4.7792E-10   0.22977
FLUX  153   121.50        2.467428E+15   2.9009E-11   5.4082E-10   0.05364
FLUX  154   122.50        2.447286E+15   1.2586E-10   6.2263E-10   0.20215
FLUX  155   123.50        2.427470E+15   2.8660E-10   6.9975E-10   0.40957
FLUX  156   124.50        2.407972E+15   4.7640E-10   8.1787E-10   0.58249
FLUX  157   125.50        2.388785E+15   7.4793E-10   1.7171E-09   0.43559
FLUX  158   126.50        2.369901E+15   8.4810E-10   3.5100E-09   0.24163
FLUX  159   127.50        2.351314E+15   1.1387E-09   5.5120E-09   0.20659
FLUX  160   128.50        2.333016E+15   1.6426E-09   7.9948E-09   0.20546
FLUX  161   129.50        2.315000E+15   2.0003E-09   1.0331E-08   0.19362
FLUX  162   130.50        2.297261E+15   2.1462E-09   1.2593E-08   0.17042
FLUX  163   131.50        2.279791E+15   2.7456E-09   1.4384E-08   0.19088
FLUX  164   132.50        2.262585E+15   3.2470E-09   1.6171E-08   0.20079
FLUX  165   133.50        2.245637E+15   3.7169E-09   1.7870E-08   0.20800
FLUX  166   134.50        2.228941E+15   4.5158E-09   1.9312E-08   0.23383
FLUX  167   135.50        2.212491E+15   4.7864E-09   2.0785E-08   0.23029
FLUX  168   136.50        2.196282E+15   5.5092E-09   2.2548E-08   0.24433
FLUX  169   137.50        2.180309E+15   6.0055E-09   2.4205E-08   0.24812
FLUX  170   138.50        2.164567E+15   6.2288E-09   2.5804E-08   0.24139
FLUX  171   139.50        2.149050E+15   7.0947E-09   2.7332E-08   0.25958
FLUX  172   140.50        2.133754E+15   8.0366E-09   2.8848E-08   0.27858
FLUX  173   141.50        2.118675E+15   9.3826E-09   3.0329E-08   0.30936
FLUX  174   142.50        2.103807E+15   1.0261E-08   3.2037E-08   0.32027
FLUX  175   143.50        2.089146E+15   1.0438E-08   3.3537E-08   0.31123
FLUX  176   144.20        2.079005E+15   1.2704E-08   3.4607E-08   0.36711
FLUX  177   144.70        2.071821E+15   1.2540E-08   4.3390E-08   0.28902
FLUX  178   145.50        2.060430E+15   1.4326E-08   4.4754E-08   0.32011
FLUX  179   146.50        2.046365E+15   1.4332E-08   4.6449E-08   0.30855
FLUX  180   147.50        2.032492E+15   1.5818E-08   4.8105E-08   0.32882
FLUX  181   148.50        2.018805E+15   1.7467E-08   4.9729E-08   0.35125
FLUX  182   149.50        2.005301E+15   1.9419E-08   5.1361E-08   0.37808
FLUX  183   150.50        1.991977E+15   2.1587E-08   5.3001E-08   0.40729
FLUX  184   151.20        1.982755E+15   2.2017E-08   5.4148E-08   0.40661
FLUX  185   151.70        1.976220E+15   2.2743E-08   1.1490E-07   0.19793
FLUX  186   152.50        1.965852E+15   2.3946E-08   6.3057E-07   0.03798
FLUX  187   153.50        1.953046E+15   3.3943E-08   1.3240E-06   0.02564
FLUX  188   154.50        1.940405E+15   4.2879E-08   1.3694E-06   0.03131
FLUX  189   155.50        1.927926E+15   3.9863E-08   1.4141E-06   0.02819
FLUX  190   156.50        1.915607E+15   3.3505E-08   1.4590E-06   0.02296
FLUX  191   157.50        1.903444E+15   4.2959E-08   1.5465E-06   0.02778
FLUX  192   158.50        1.891435E+15   4.7259E-08   1.5926E-06   0.02967
FLUX  193   159.50        1.879577E+15   4.9572E-08   1.6381E-06   0.03026
FLUX  194   160.50        1.867866E+15   5.2775E-08   1.6830E-06   0.03136
FLUX  195   161.50        1.856300E+15   7.1308E-08   1.7272E-06   0.04128
FLUX  196   162.50        1.844877E+15   1.0761E-07   1.7915E-06   0.06007
FLUX  197   163.50        1.833593E+15   2.1011E-07   1.8365E-06   0.11441
FLUX  198   164.50        1.822447E+15   5.1174E-07   1.8811E-06   0.27204
FLUX  199   165.50        1.811435E+15   3.7800E-07   1.9256E-06   0.19630
FLUX  200   166.50        1.800556E+15   8.6932E-07   1.9699E-06   0.44131
FLUX  201   167.20        1.793017E+15   6.2570E-07   2.0007E-06   0.31273
FLUX  202   167.70        1.787671E+15   1.0931E-06   2.5192E-06   0.43391
FLUX  203   168.50        1.779184E+15   1.4297E-06   2.8690E-06   0.49833
FLUX  204   169.50        1.768687E+15   1.0573E-06   2.9266E-06   0.36126
FLUX  205   170.50        1.758314E+15   1.2978E-06   2.9844E-06   0.43484
FLUX  206   171.50        1.748061E+15   1.6829E-06   3.0718E-06   0.54787
FLUX  207   172.50        1.737928E+15   1.7536E-06   3.1309E-06   0.56011
FLUX  208   173.50        1.727911E+15   2.1305E-06   3.1876E-06   0.66838
FLUX  209   174.50        1.718009E+15   2.0653E-06   3.2457E-06   0.63631
FLUX  210   175.50        1.708219E+15   2.4638E-06   3.3022E-06   0.74612
FLUX  211   176.50        1.698541E+15   1.7960E-06   3.3583E-06   0.53480
FLUX  212   177.50        1.688972E+15   2.3684E-06   3.4144E-06   0.69366
FLUX  213   178.50        1.679510E+15   2.5187E-06   3.4703E-06   0.72577
FLUX  214   179.50        1.670153E+15   2.9284E-06   3.5260E-06   0.83052
FLUX  215   180.50        1.660900E+15   2.5877E-06   3.5819E-06   0.72244
FLUX  216   181.50        1.651749E+15   2.6923E-06   3.6373E-06   0.74019
FLUX  217   182.50        1.642699E+15   2.4856E-06   3.6933E-06   0.67299
FLUX  218   183.50        1.633747E+15   2.5679E-06   3.7493E-06   0.68489
FLUX  219   184.50        1.624892E+15   2.2033E-06   3.8052E-06   0.57902
FLUX  220   185.50        1.616132E+15   2.5113E-06   3.8614E-06   0.65035
FLUX  221   186.50        1.607466E+15   2.8404E-06   3.9169E-06   0.72517
FLUX  222   187.50        1.598893E+15   2.8589E-06   3.9800E-06   0.71831
FLUX  223   188.50        1.590411E+15   2.9521E-06   4.0347E-06   0.73166
FLUX  224   189.50        1.582018E+15   3.0951E-06   4.0893E-06   0.75689
FLUX  225   190.50        1.573714E+15   2.9211E-06   4.1427E-06   0.70512
FLUX  226   191.50        1.565496E+15   3.2601E-06   4.1957E-06   0.77700
FLUX  227   192.50        1.557364E+15   3.3083E-06   4.2484E-06   0.77872
FLUX  228   193.50        1.549315E+15   2.7697E-06   4.3008E-06   0.64401
FLUX  229   194.50        1.541350E+15   3.5570E-06   4.3530E-06   0.81714
FLUX  230   195.50        1.533465E+15   3.6123E-06   4.4049E-06   0.82007
FLUX  231   196.70        1.524110E+15   3.9167E-06   4.4667E-06   0.87688
FLUX  232   197.60        1.517169E+15   3.8250E-06   4.5339E-06   0.84365
FLUX  233   198.40        1.511051E+15   3.7244E-06   4.5753E-06   0.81402
FLUX  234   199.50        1.502719E+15   3.7078E-06   4.6429E-06   0.79861
FLUX  235   200.50        1.495224E+15   3.4846E-06   4.6946E-06   0.74226
FLUX  236   201.50        1.487804E+15   3.6193E-06   4.7461E-06   0.76259
FLUX  237   202.50        1.480457E+15   3.3102E-06   4.7974E-06   0.68999
FLUX  238   203.50        1.473182E+15   3.8041E-06   4.8484E-06   0.78461
FLUX  239   204.50        1.465978E+15   4.1391E-06   4.8993E-06   0.84484
FLUX  240   205.50        1.458844E+15   4.0421E-06   4.9505E-06   0.81649
FLUX  241   206.50        1.451780E+15   3.9771E-06   5.0015E-06   0.79519
FLUX  242   207.40        1.445480E+15   4.4424E-06   5.0463E-06   0.88032
FLUX  243   207.80        1.442697E+15   4.5771E-06   5.2587E-06   0.87039
FLUX  244   208.50        1.437854E+15   4.4980E-06   5.2973E-06   0.84911
FLUX  245   209.50        1.430990E+15   4.3323E-06   5.3522E-06   0.80944
FLUX  246   210.50        1.424192E+15   4.1435E-06   5.4067E-06   0.76636
FLUX  247   211.50        1.417459E+15   4.3002E-06   5.4611E-06   0.78743
FLUX  248   212.50        1.410788E+15   4.4500E-06   5.5151E-06   0.80688
FLUX  249   213.50        1.404180E+15   3.7653E-06   5.5689E-06   0.67613
FLUX  250   214.50        1.397634E+15   4.4042E-06   5.6225E-06   0.78332
FLUX  251   215.50        1.391148E+15   4.3849E-06   5.6759E-06   0.77255
FLUX  252   216.50        1.384723E+15   4.1028E-06   5.7292E-06   0.71611
FLUX  253   217.50        1.378356E+15   4.0954E-06   5.7824E-06   0.70825
FLUX  254   218.50        1.372048E+15   4.4143E-06   5.8353E-06   0.75648
FLUX  255   219.50        1.365797E+15   4.7961E-06   5.8881E-06   0.81453
FLUX  256   220.50        1.359603E+15   4.6206E-06   5.9407E-06   0.77778
FLUX  257   221.50        1.353465E+15   4.2134E-06   5.9932E-06   0.70304
FLUX  258   222.50        1.347382E+15   4.3304E-06   6.0467E-06   0.71617
FLUX  259   223.50        1.341353E+15   5.0172E-06   6.0988E-06   0.82265
FLUX  260   224.50        1.335379E+15   4.5327E-06   6.1501E-06   0.73700
FLUX  261   225.50        1.329457E+15   4.3506E-06   6.2088E-06   0.70071
FLUX  262   226.50        1.323587E+15   4.2823E-06   6.2593E-06   0.68416
FLUX  263   227.50        1.317769E+15   4.6545E-06   6.3096E-06   0.73769
FLUX  264   228.50        1.312002E+15   4.9387E-06   6.3596E-06   0.77657
FLUX  265   229.50        1.306285E+15   4.5493E-06   6.4093E-06   0.70980
FLUX  266   230.50        1.300618E+15   4.7563E-06   6.4588E-06   0.73640
FLUX  267   231.50        1.295000E+15   4.7719E-06   6.5087E-06   0.73316
FLUX  268   232.50        1.289430E+15   4.7397E-06   6.5585E-06   0.72267
FLUX  269   233.50        1.283908E+15   4.4939E-06   6.6098E-06   0.67988
FLUX  270   234.50        1.278433E+15   3.8945E-06   6.6592E-06   0.58484
FLUX  271   235.50        1.273004E+15   4.9327E-06   6.7083E-06   0.73532
FLUX  272   236.50        1.267622E+15   4.1726E-06   6.7573E-06   0.61750
FLUX  273   237.50        1.262284E+15   4.6430E-06   6.8061E-06   0.68218
FLUX  274   238.50        1.256992E+15   3.8244E-06   6.8549E-06   0.55790
FLUX  275   239.50        1.251743E+15   4.2951E-06   6.9031E-06   0.62219
FLUX  276   240.50        1.246538E+15   4.2125E-06   6.9507E-06   0.60605
FLUX  277   241.50        1.241377E+15   4.2532E-06   6.9980E-06   0.60777
FLUX  278   242.50        1.236258E+15   4.8924E-06   7.0452E-06   0.69443
FLUX  279   243.50        1.231181E+15   4.7056E-06   7.0922E-06   0.66348
FLUX  280   244.50        1.226145E+15   5.1083E-06   7.1417E-06   0.71528
FLUX  281   245.50        1.221151E+15   5.0601E-06   7.1883E-06   0.70394
FLUX  282   246.50        1.216197E+15   5.1660E-06   7.2347E-06   0.71406
FLUX  283   247.50        1.211283E+15   4.8240E-06   7.2809E-06   0.66256
FLUX  284   248.50        1.206408E+15   4.9222E-06   7.3269E-06   0.67179
FLUX  285   249.50        1.201573E+15   4.7317E-06   7.3728E-06   0.64178
FLUX  286   250.50        1.196776E+15   5.6205E-06   7.4205E-06   0.75743
FLUX  287   251.30        1.192967E+15   4.8975E-06   7.4569E-06   0.65677
FLUX  288   251.80        1.190598E+15   4.8837E-06   7.5812E-06   0.64419
FLUX  289   252.50        1.187297E+15   4.5574E-06   7.6135E-06   0.59860
FLUX  290   253.50        1.182613E+15   4.4535E-06   7.6604E-06   0.58137
FLUX  291   254.50        1.177967E+15   4.2611E-06   7.7073E-06   0.55286
FLUX  292   255.50        1.173356E+15   4.7075E-06   7.7538E-06   0.60712
FLUX  293   256.50        1.168782E+15   4.8442E-06   7.7998E-06   0.62106
FLUX  294   257.50        1.164243E+15   5.5282E-06   7.8455E-06   0.70463
FLUX  295   258.50        1.159739E+15   5.6872E-06   7.8911E-06   0.72071
FLUX  296   259.50        1.155270E+15   5.6509E-06   7.9366E-06   0.71200
FLUX  297   260.50        1.150835E+15   5.4216E-06   7.9820E-06   0.67923
FLUX  298   261.50        1.146434E+15   5.2285E-06   8.0271E-06   0.65135
FLUX  299   262.50        1.142067E+15   5.9722E-06   8.0721E-06   0.73986
FLUX  300   263.50        1.137732E+15   6.0619E-06   8.1176E-06   0.74676
FLUX  301   264.50        1.133431E+15   6.9814E-06   8.1623E-06   0.85532
FLUX  302   265.50        1.129162E+15   7.1112E-06   8.2068E-06   0.86650
FLUX  303   266.50        1.124925E+15   6.3749E-06   8.2512E-06   0.77260
FLUX  304   267.50        1.120720E+15   6.7981E-06   8.2955E-06   0.81949
FLUX  305   268.50        1.116546E+15   6.9898E-06   8.3398E-06   0.83813
FLUX  306   269.50        1.112403E+15   6.4078E-06   8.3838E-06   0.76431
FLUX  307   270.50        1.108290E+15   6.6879E-06   8.4285E-06   0.79348
FLUX  308   271.50        1.104208E+15   6.2342E-06   8.4721E-06   0.73586
FLUX  309   272.50        1.100156E+15   6.3640E-06   8.5153E-06   0.74737
FLUX  310   273.50        1.096133E+15   6.9385E-06   8.5584E-06   0.81073
FLUX  311   274.50        1.092140E+15   5.7205E-06   8.6015E-06   0.66506
FLUX  312   275.50        1.088176E+15   6.0676E-06   8.6444E-06   0.70191
FLUX  313   276.50        1.084241E+15   6.4652E-06   8.6872E-06   0.74422
FLUX  314   277.50        1.080333E+15   7.0027E-06   8.7299E-06   0.80215
FLUX  315   278.50        1.076454E+15   6.6260E-06   8.7724E-06   0.75533
FLUX  316   279.50        1.072603E+15   4.0739E-06   8.8148E-06   0.46216
FLUX  317   280.50        1.068779E+15   4.9485E-06   8.8571E-06   0.55870
FLUX  318   281.50        1.064982E+15   7.5658E-06   8.8992E-06   0.85017
FLUX  319   282.50        1.061212E+15   7.7519E-06   8.9412E-06   0.86699
FLUX  320   283.50        1.057469E+15   7.5257E-06   8.9831E-06   0.83776
FLUX  321   284.50        1.053752E+15   7.2125E-06   9.0250E-06   0.79917
FLUX  322   285.50        1.050061E+15   6.6615E-06   9.0666E-06   0.73473
FLUX  323   286.50        1.046396E+15   7.5732E-06   9.1080E-06   0.83149
FLUX  324   287.50        1.042757E+15   7.4972E-06   9.1492E-06   0.81944
FLUX  325   288.50        1.039142E+15   7.6767E-06   9.1904E-06   0.83529
FLUX  326   289.50        1.035553E+15   7.4530E-06   9.2315E-06   0.80735
FLUX  327   291.00        1.030215E+15   8.3871E-06   9.2935E-06   0.90248
FLUX  328   293.00        1.023183E+15   8.1224E-06   9.3747E-06   0.86641
FLUX  329   295.00        1.016246E+15   8.1619E-06   9.4560E-06   0.86314
FLUX  330   297.00        1.009402E+15   8.4421E-06   9.5368E-06   0.88521
FLUX  331   299.00        1.002651E+15   8.5459E-06   9.6170E-06   0.88862
FLUX  332   301.00        9.959884E+14   8.7109E-06   9.6967E-06   0.89834
FLUX  333   303.00        9.894142E+14   8.7927E-06   9.7759E-06   0.89942
FLUX  334   305.00        9.829262E+14   8.9042E-06   9.8548E-06   0.90354
FLUX  335   307.00        9.765228E+14   9.0487E-06   9.9330E-06   0.91097
FLUX  336   309.00        9.702023E+14   9.1863E-06   1.0011E-05   0.91762
FLUX  337   311.00        9.639630E+14   9.1315E-06   1.0088E-05   0.90520
FLUX  338   313.00        9.578035E+14   9.2315E-06   1.0164E-05   0.90822
FLUX  339   315.00        9.517222E+14   9.5021E-06   1.0241E-05   0.92786
FLUX  340   317.00        9.457177E+14   9.5631E-06   1.0317E-05   0.92691
FLUX  341   319.00        9.397884E+14   9.1975E-06   1.0393E-05   0.88497
FLUX  342   321.00        9.339330E+14   9.4857E-06   1.0468E-05   0.90612
FLUX  343   323.00        9.281502E+14   9.2511E-06   1.0544E-05   0.87740
FLUX  344   325.00        9.224385E+14   9.6485E-06   1.0619E-05   0.90864
FLUX  345   327.00        9.167966E+14   9.9482E-06   1.0693E-05   0.93039
FLUX  346   329.00        9.112234E+14   1.0115E-05   1.0766E-05   0.93950
FLUX  347   331.00        9.057175E+14   1.0299E-05   1.0840E-05   0.95014
FLUX  348   333.00        9.002778E+14   1.0205E-05   1.0912E-05   0.93521
FLUX  349   335.00        8.949030E+14   1.0188E-05   1.0985E-05   0.92750
FLUX  350   337.00        8.895920E+14   1.0213E-05   1.1056E-05   0.92370
FLUX  351   339.00        8.843437E+14   1.0292E-05   1.1127E-05   0.92490
FLUX  352   341.00        8.791569E+14   1.0446E-05   1.1198E-05   0.93285
FLUX  353   343.00        8.740306E+14   1.0588E-05   1.1268E-05   0.93965
FLUX  354   345.00        8.689638E+14   1.0615E-05   1.1338E-05   0.93626
FLUX  355   347.00        8.639553E+14   1.0641E-05   1.1407E-05   0.93282
FLUX  356   349.00        8.590043E+14   1.0762E-05   1.1476E-05   0.93776
FLUX  357   351.00        8.541097E+14   1.0987E-05   1.1545E-05   0.95171
FLUX  358   353.00        8.492705E+14   1.0995E-05   1.1613E-05   0.94675
FLUX  359   355.00        8.444859E+14   1.1266E-05   1.1681E-05   0.96452
FLUX  360   357.00        8.397549E+14   1.1019E-05   1.1748E-05   0.93795
FLUX  361   359.00        8.350766E+14   1.1050E-05   1.1815E-05   0.93524
FLUX  362   361.00        8.304501E+14   1.1170E-05   1.1881E-05   0.94014
FLUX  363   363.00        8.258747E+14   1.1345E-05   1.1947E-05   0.94962
FLUX  364   364.00        8.236058E+14   1.1305E-05   1.1979E-05   0.94366
FLUX  365   365.00        8.213493E+14   1.1681E-05   3.0340E-05   0.38500
FLUX  366   367.00        8.168733E+14   1.1772E-05   3.0383E-05   0.38746
FLUX  367   369.00        8.124458E+14   1.1547E-05   3.0424E-05   0.37952
FLUX  368   371.00        8.080660E+14   1.1476E-05   3.0464E-05   0.37671
FLUX  369   373.00        8.037332E+14   1.0959E-05   3.0501E-05   0.35929
FLUX  370   375.00        7.994467E+14   1.2566E-05   3.0537E-05   0.41151
FLUX  371   377.00        7.952056E+14   1.3172E-05   3.0577E-05   0.43077
FLUX  372   379.00        7.910092E+14   1.5710E-05   3.0609E-05   0.51325
FLUX  373   381.00        7.868570E+14   1.8197E-05   3.0639E-05   0.59392
FLUX  374   383.00        7.827480E+14   1.4797E-05   3.0668E-05   0.48249
FLUX  375   385.00        7.786818E+14   2.0467E-05   3.0695E-05   0.66678
FLUX  376   387.00        7.746576E+14   2.3064E-05   3.0721E-05   0.75075
FLUX  377   389.00        7.706748E+14   1.4095E-05   3.0745E-05   0.45847
FLUX  378   391.00        7.667327E+14   2.3692E-05   3.0767E-05   0.77005
FLUX  379   393.00        7.628308E+14   2.3218E-05   3.0787E-05   0.75413
FLUX  380   395.00        7.589684E+14   2.4241E-05   3.0807E-05   0.78689
FLUX  381   397.00        7.551448E+14   1.4050E-05   3.0824E-05   0.45580
FLUX  382   399.00        7.513596E+14   2.4186E-05   3.0840E-05   0.78424
FLUX  383   401.00        7.476122E+14   2.8004E-05   3.0855E-05   0.90760
FLUX  384   403.00        7.439020E+14   2.8668E-05   3.0868E-05   0.92873
FLUX  385   405.00        7.402284E+14   2.8515E-05   3.0879E-05   0.92344
FLUX  386   407.00        7.365909E+14   2.7011E-05   3.0890E-05   0.87445
FLUX  387   409.00        7.329890E+14   2.1341E-05   3.0898E-05   0.69071
FLUX  388   411.00        7.294221E+14   1.6832E-05   3.0903E-05   0.54468
FLUX  389   413.00        7.258898E+14   2.6595E-05   3.0908E-05   0.86046
FLUX  390   415.00        7.223916E+14   2.8721E-05   3.0911E-05   0.92914
FLUX  391   417.00        7.189269E+14   2.9422E-05   3.0913E-05   0.95178
FLUX  392   419.00        7.154952E+14   2.9335E-05   3.0913E-05   0.94895
FLUX  393   421.00        7.120962E+14   2.9572E-05   3.0913E-05   0.95660
FLUX  394   423.00        7.087293E+14   2.9124E-05   3.0912E-05   0.94217
FLUX  395   425.00        7.053941E+14   2.9430E-05   3.0909E-05   0.95213
FLUX  396   427.00        7.020902E+14   2.9014E-05   3.0906E-05   0.93878
FLUX  397   429.00        6.988170E+14   2.8827E-05   3.0901E-05   0.93289
FLUX  398   431.00        6.955742E+14   2.6646E-05   3.0895E-05   0.86245
FLUX  399   433.00        6.923614E+14   2.0601E-05   3.0888E-05   0.66695
FLUX  400   435.00        6.891782E+14   1.7934E-05   3.0880E-05   0.58077
FLUX  401   437.00        6.860240E+14   2.7177E-05   3.0872E-05   0.88031
FLUX  402   439.00        6.828986E+14   2.8868E-05   3.0862E-05   0.93538
FLUX  403   441.00        6.798016E+14   2.9232E-05   3.0851E-05   0.94752
FLUX  404   443.00        6.767325E+14   2.9381E-05   3.0840E-05   0.95271
FLUX  405   445.00        6.736910E+14   2.9777E-05   3.0827E-05   0.96592
FLUX  406   447.00        6.706767E+14   2.9869E-05   3.0814E-05   0.96934
FLUX  407   449.00        6.676893E+14   2.9829E-05   3.0799E-05   0.96850
FLUX  408   451.00        6.647284E+14   3.0267E-05   3.0784E-05   0.98320
FLUX  409   453.00        6.617936E+14   2.9914E-05   3.0768E-05   0.97224
FLUX  410   455.00        6.588846E+14   2.9769E-05   3.0751E-05   0.96808
FLUX  411   457.00        6.560011E+14   3.0300E-05   3.0734E-05   0.98588
FLUX  412   459.00        6.531427E+14   3.0010E-05   3.0715E-05   0.97703
FLUX  413   461.00        6.503091E+14   3.0351E-05   3.0696E-05   0.98876
FLUX  414   463.00        6.475000E+14   3.0063E-05   3.0676E-05   0.98001
FLUX  415   465.00        6.447151E+14   3.0262E-05   3.0654E-05   0.98723
FLUX  416   467.00        6.419540E+14   3.0336E-05   3.0631E-05   0.99037
FLUX  417   469.00        6.392164E+14   2.9820E-05   3.0608E-05   0.97426
FLUX  418   471.00        6.365021E+14   2.9072E-05   3.0583E-05   0.95059
FLUX  419   473.00        6.338108E+14   3.0125E-05   3.0559E-05   0.98580
FLUX  420   475.00        6.311421E+14   3.0104E-05   3.0533E-05   0.98595
FLUX  421   477.00        6.284958E+14   2.9936E-05   3.0507E-05   0.98127
FLUX  422   479.00        6.258716E+14   2.9656E-05   3.0481E-05   0.97293
FLUX  423   481.00        6.232692E+14   2.9063E-05   3.0454E-05   0.95434
FLUX  424   483.00        6.206884E+14   2.7425E-05   3.0425E-05   0.90139
FLUX  425   485.00        6.181289E+14   2.1516E-05   3.0396E-05   0.70785
FLUX  426   487.00        6.155903E+14   1.7779E-05   3.0367E-05   0.58547
FLUX  427   489.00        6.130726E+14   2.6364E-05   3.0336E-05   0.86905
FLUX  428   491.00        6.105754E+14   2.8601E-05   3.0306E-05   0.94375
FLUX  429   493.00        6.080984E+14   2.8929E-05   3.0274E-05   0.95555
FLUX  430   495.00        6.056414E+14   2.9450E-05   3.0243E-05   0.97380
FLUX  431   497.00        6.032042E+14   2.9816E-05   3.0210E-05   0.98693
FLUX  432   499.00        6.007866E+14   2.9513E-05   3.0178E-05   0.97798
FLUX  433   501.00        5.983882E+14   2.9168E-05   3.0145E-05   0.96758
FLUX  434   503.00        5.960089E+14   2.9692E-05   3.0111E-05   0.98609
FLUX  435   505.00        5.936485E+14   2.9515E-05   3.0077E-05   0.98131
FLUX  436   507.00        5.913067E+14   2.9782E-05   3.0043E-05   0.99133
FLUX  437   509.00        5.889833E+14   2.9688E-05   3.0008E-05   0.98934
FLUX  438   511.00        5.866781E+14   2.9758E-05   2.9973E-05   0.99283
FLUX  439   513.00        5.843908E+14   2.9586E-05   2.9937E-05   0.98827
FLUX  440   515.00        5.821214E+14   2.9376E-05   2.9902E-05   0.98241
FLUX  441   517.00        5.798694E+14   2.8811E-05   2.9865E-05   0.96470
FLUX  442   519.00        5.776349E+14   2.8896E-05   2.9829E-05   0.96873
FLUX  443   521.00        5.754175E+14   2.9188E-05   2.9792E-05   0.97974
FLUX  444   523.00        5.732170E+14   2.9066E-05   2.9754E-05   0.97688
FLUX  445   525.00        5.710333E+14   2.9526E-05   2.9715E-05   0.99363
FLUX  446   527.00        5.688662E+14   2.8688E-05   2.9676E-05   0.96670
FLUX  447   529.00        5.667155E+14   2.9356E-05   2.9637E-05   0.99051
FLUX  448   531.00        5.645810E+14   2.9258E-05   2.9598E-05   0.98851
FLUX  449   533.00        5.624625E+14   2.8781E-05   2.9558E-05   0.97372
FLUX  450   535.00        5.603598E+14   2.9251E-05   2.9518E-05   0.99097
FLUX  451   537.00        5.582728E+14   2.9049E-05   2.9477E-05   0.98548
FLUX  452   539.00        5.562013E+14   2.9059E-05   2.9436E-05   0.98719
FLUX  453   541.00        5.541451E+14   2.8776E-05   2.9395E-05   0.97894
FLUX  454   543.00        5.521041E+14   2.8978E-05   2.9354E-05   0.98721
FLUX  455   545.00        5.500780E+14   2.8998E-05   2.9312E-05   0.98927
FLUX  456   547.00        5.480667E+14   2.8977E-05   2.9270E-05   0.98997
FLUX  457   549.00        5.460701E+14   2.9017E-05   2.9228E-05   0.99278
FLUX  458   551.00        5.440880E+14   2.9032E-05   2.9185E-05   0.99473
FLUX  459   553.00        5.421203E+14   2.8874E-05   2.9142E-05   0.99079
FLUX  460   555.00        5.401667E+14   2.8983E-05   2.9098E-05   0.99605
FLUX  461   557.00        5.382271E+14   2.8793E-05   2.9054E-05   0.99100
FLUX  462   559.00        5.363014E+14   2.8676E-05   2.9010E-05   0.98846
FLUX  463   561.00        5.343895E+14   2.8729E-05   2.8966E-05   0.99182
FLUX  464   563.00        5.324911E+14   2.8818E-05   2.8924E-05   0.99635
FLUX  465   565.00        5.306062E+14   2.8766E-05   2.8879E-05   0.99607
FLUX  466   567.00        5.287346E+14   2.8643E-05   2.8834E-05   0.99335
FLUX  467   569.00        5.268761E+14   2.8666E-05   2.8790E-05   0.99570
FLUX  468   571.00        5.250306E+14   2.8606E-05   2.8745E-05   0.99517
FLUX  469   573.00        5.231981E+14   2.8682E-05   2.8700E-05   0.99938
FLUX  470   575.00        5.213783E+14   2.8563E-05   2.8654E-05   0.99683
FLUX  471   577.00        5.195711E+14   2.8552E-05   2.8609E-05   0.99802
FLUX  472   579.00        5.177763E+14   2.8492E-05   2.8562E-05   0.99753
FLUX  473   581.00        5.159940E+14   2.8470E-05   2.8516E-05   0.99838
FLUX  474   583.00        5.142238E+14   2.8445E-05   2.8470E-05   0.99912
FLUX  475   585.00        5.124658E+14   2.8355E-05   2.8423E-05   0.99761
FLUX  476   587.00        5.107198E+14   2.8312E-05   2.8377E-05   0.99771
FLUX  477   589.00        5.089856E+14   2.7965E-05   2.8330E-05   0.98711
FLUX  478   591.00        5.072631E+14   2.8228E-05   2.8283E-05   0.99804
FLUX  479   593.00        5.055523E+14   2.8185E-05   2.8236E-05   0.99821
FLUX  480   595.00        5.038529E+14   2.8144E-05   2.8189E-05   0.99840
FLUX  481   597.00        5.021650E+14   2.8103E-05   2.8141E-05   0.99865
FLUX  482   599.00        5.004883E+14   2.8033E-05   2.8094E-05   0.99782
FLUX  483   601.00        4.988228E+14   2.7940E-05   2.8047E-05   0.99619
FLUX  484   603.00        4.971683E+14   2.7906E-05   2.7999E-05   0.99669
FLUX  485   605.00        4.955248E+14   2.7905E-05   2.7952E-05   0.99834
FLUX  486   607.00        4.938921E+14   2.7888E-05   2.7904E-05   0.99943
FLUX  487   609.00        4.922701E+14   2.7812E-05   2.7856E-05   0.99841
FLUX  488   611.00        4.906588E+14   2.7738E-05   2.7809E-05   0.99745
FLUX  489   613.00        4.890579E+14   2.7558E-05   2.7761E-05   0.99270
FLUX  490   615.00        4.874675E+14   2.7472E-05   2.7713E-05   0.99132
FLUX  491   617.00        4.858874E+14   2.7405E-05   2.7665E-05   0.99061
FLUX  492   619.00        4.843174E+14   2.7578E-05   2.7617E-05   0.99860
FLUX  493   621.00        4.827576E+14   2.7539E-05   2.7569E-05   0.99892
FLUX  494   623.00        4.812079E+14   2.7420E-05   2.7521E-05   0.99635
FLUX  495   625.00        4.796680E+14   2.7223E-05   2.7473E-05   0.99091
FLUX  496   627.00        4.781380E+14   2.7397E-05   2.7424E-05   0.99900
FLUX  497   629.00        4.766176E+14   2.7352E-05   2.7375E-05   0.99915
FLUX  498   631.00        4.751070E+14   2.7225E-05   2.7327E-05   0.99630
FLUX  499   633.00        4.736058E+14   2.7200E-05   2.7278E-05   0.99714
FLUX  500   635.00        4.721142E+14   2.7043E-05   2.7229E-05   0.99318
FLUX  501   637.00        4.706319E+14   2.7018E-05   2.7180E-05   0.99406
FLUX  502   639.00        4.691588E+14   2.7016E-05   2.7130E-05   0.99578
FLUX  503   641.00        4.676950E+14   2.6855E-05   2.7081E-05   0.99165
FLUX  504   643.00        4.662403E+14   2.6839E-05   2.7031E-05   0.99287
FLUX  505   645.00        4.647946E+14   2.6591E-05   2.6982E-05   0.98553
FLUX  506   647.00        4.633578E+14   2.6554E-05   2.6932E-05   0.98595
FLUX  507   649.00        4.619299E+14   2.6268E-05   2.6883E-05   0.97714
FLUX  508   651.00        4.605108E+14   2.5926E-05   2.6833E-05   0.96622
FLUX  509   653.00        4.591003E+14   2.4871E-05   2.6783E-05   0.92860
FLUX  510   655.00        4.576985E+14   2.1435E-05   2.6736E-05   0.80174
FLUX  511   657.00        4.563052E+14   1.7530E-05   2.6686E-05   0.65688
FLUX  512   659.00        4.549203E+14   2.3723E-05   2.6636E-05   0.89063
FLUX  513   661.00        4.535439E+14   2.5407E-05   2.6587E-05   0.95562
FLUX  514   663.00        4.521757E+14   2.5947E-05   2.6537E-05   0.97779
FLUX  515   665.00        4.508158E+14   2.6140E-05   2.6487E-05   0.98692
FLUX  516   667.00        4.494640E+14   2.6190E-05   2.6437E-05   0.99064
FLUX  517   669.00        4.481203E+14   2.6237E-05   2.6388E-05   0.99430
FLUX  518   671.00        4.467846E+14   2.6215E-05   2.6338E-05   0.99533
FLUX  519   673.00        4.454569E+14   2.6193E-05   2.6288E-05   0.99638
FLUX  520   675.00        4.441370E+14   2.6129E-05   2.6238E-05   0.99582
FLUX  521   677.00        4.428250E+14   2.6157E-05   2.6189E-05   0.99878
FLUX  522   679.00        4.415206E+14   2.6111E-05   2.6139E-05   0.99891
FLUX  523   681.00        4.402239E+14   2.6058E-05   2.6089E-05   0.99879
FLUX  524   683.00        4.389348E+14   2.6000E-05   2.6040E-05   0.99847
FLUX  525   685.00        4.376533E+14   2.5942E-05   2.5990E-05   0.99814
FLUX  526   687.00        4.363792E+14   2.5917E-05   2.5941E-05   0.99910
FLUX  527   689.00        4.351125E+14   2.5872E-05   2.5891E-05   0.99927
FLUX  528   691.00        4.338531E+14   2.5821E-05   2.5842E-05   0.99921
FLUX  529   693.00        4.326010E+14   2.5768E-05   2.5792E-05   0.99907
FLUX  530   695.00        4.313561E+14   2.5722E-05   2.5743E-05   0.99918
FLUX  531   697.00        4.301184E+14   2.5669E-05   2.5693E-05   0.99906
FLUX  532   699.00        4.288877E+14   2.5628E-05   2.5644E-05   0.99940
FLUX  533   701.00        4.276641E+14   2.5516E-05   2.5594E-05   0.99695
FLUX  534   703.00        4.264474E+14   2.5495E-05   2.5544E-05   0.99807
FLUX  535   705.00        4.252376E+14   2.5470E-05   2.5494E-05   0.99907
FLUX  536   707.00        4.240347E+14   2.5424E-05   2.5444E-05   0.99920
FLUX  537   709.00        4.228385E+14   2.5377E-05   2.5395E-05   0.99932
FLUX  538   711.00        4.216491E+14   2.5121E-05   2.5345E-05   0.99115
FLUX  539   713.00        4.204663E+14   2.5225E-05   2.5295E-05   0.99722
FLUX  540   715.00        4.192902E+14   2.5183E-05   2.5246E-05   0.99753
FLUX  541   717.00        4.181206E+14   2.5134E-05   2.5196E-05   0.99753
FLUX  542   719.00        4.169576E+14   2.5065E-05   2.5147E-05   0.99676
FLUX  543   721.00        4.158010E+14   2.5042E-05   2.5097E-05   0.99779
FLUX  544   723.00        4.146508E+14   2.5001E-05   2.5048E-05   0.99815
FLUX  545   725.00        4.135069E+14   2.4939E-05   2.5000E-05   0.99759
FLUX  546   727.00        4.123693E+14   2.4923E-05   2.4950E-05   0.99892
FLUX  547   729.00        4.112380E+14   2.4815E-05   2.4901E-05   0.99654
FLUX  548   731.00        4.101129E+14   2.4808E-05   2.4854E-05   0.99813
FLUX  549   733.00        4.089939E+14   2.4746E-05   2.4805E-05   0.99763
FLUX  550   735.00        4.078810E+14   2.4733E-05   2.4755E-05   0.99910
FLUX  551   737.00        4.067741E+14   2.4687E-05   2.4706E-05   0.99920
FLUX  552   739.00        4.056732E+14   2.4596E-05   2.4657E-05   0.99752
FLUX  553   741.00        4.045783E+14   2.4492E-05   2.4608E-05   0.99529
FLUX  554   743.00        4.034892E+14   2.4456E-05   2.4559E-05   0.99578
FLUX  555   745.00        4.024060E+14   2.4440E-05   2.4510E-05   0.99713
FLUX  556   747.00        4.013286E+14   2.4350E-05   2.4461E-05   0.99546
FLUX  557   749.00        4.002570E+14   2.4305E-05   2.4412E-05   0.99559
FLUX  558   751.00        3.991911E+14   2.4309E-05   2.4363E-05   0.99776
FLUX  559   753.00        3.981308E+14   2.4275E-05   2.4315E-05   0.99837
FLUX  560   755.00        3.970762E+14   2.4254E-05   2.4266E-05   0.99951
FLUX  561   757.00        3.960271E+14   2.4194E-05   2.4218E-05   0.99903
FLUX  562   759.00        3.949835E+14   2.4151E-05   2.4169E-05   0.99924
FLUX  563   761.00        3.939455E+14   2.4098E-05   2.4121E-05   0.99906
FLUX  564   763.00        3.929128E+14   2.4053E-05   2.4072E-05   0.99918
FLUX  565   765.00        3.918856E+14   2.3993E-05   2.4024E-05   0.99872
FLUX  566   767.00        3.908638E+14   2.3892E-05   2.3975E-05   0.99653
FLUX  567   769.00        3.898472E+14   2.3874E-05   2.3927E-05   0.99777
FLUX  568   771.00        3.888359E+14   2.3828E-05   2.3879E-05   0.99786
FLUX  569   773.00        3.878299E+14   2.3813E-05   2.3831E-05   0.99925
FLUX  570   775.00        3.868290E+14   2.3737E-05   2.3782E-05   0.99810
FLUX  571   777.00        3.858333E+14   2.3371E-05   2.3734E-05   0.98468
FLUX  572   779.00        3.848427E+14   2.3678E-05   2.3686E-05   0.99962
FLUX  573   781.00        3.838572E+14   2.3621E-05   2.3639E-05   0.99925
FLUX  574   783.00        3.828768E+14   2.3535E-05   2.3591E-05   0.99765
FLUX  575   785.00        3.819013E+14   2.3469E-05   2.3543E-05   0.99685
FLUX  576   787.00        3.809307E+14   2.3415E-05   2.3495E-05   0.99658
FLUX  577   789.00        3.799651E+14   2.3357E-05   2.3447E-05   0.99613
FLUX  578   791.00        3.790044E+14   2.3334E-05   2.3400E-05   0.99719
FLUX  579   793.00        3.780485E+14   2.3241E-05   2.3352E-05   0.99526
FLUX  580   795.00        3.770975E+14   2.3198E-05   2.3304E-05   0.99543
FLUX  581   797.00        3.761512E+14   2.3245E-05   2.3257E-05   0.99951
FLUX  582   799.00        3.752096E+14   2.3124E-05   2.3209E-05   0.99630
FLUX  583   801.00        3.742728E+14   2.3124E-05   2.3162E-05   0.99836
FLUX  584   803.00        3.733406E+14   2.3070E-05   2.3115E-05   0.99807
FLUX  585   805.00        3.724130E+14   2.3033E-05   2.3068E-05   0.99852
FLUX  586   807.00        3.714901E+14   2.2992E-05   2.3020E-05   0.99876
FLUX  587   809.00        3.705717E+14   2.2934E-05   2.2973E-05   0.99828
FLUX  588   811.00        3.696578E+14   2.2911E-05   2.2926E-05   0.99935
FLUX  589   813.00        3.687485E+14   2.2875E-05   2.2879E-05   0.99981
FLUX  590   815.00        3.678436E+14   2.2826E-05   2.2833E-05   0.99970
FLUX  591   817.00        3.669431E+14   2.2778E-05   2.2786E-05   0.99966
FLUX  592   819.00        3.660470E+14   2.2559E-05   2.2739E-05   0.99208
FLUX  593   821.00        3.651553E+14   2.2609E-05   2.5008E-05   0.90406
FLUX  594   823.00        3.642679E+14   2.2542E-05   2.4957E-05   0.90325
FLUX  595   825.00        3.633848E+14   2.2514E-05   2.4906E-05   0.90397
FLUX  596   827.00        3.625060E+14   2.2594E-05   2.4855E-05   0.90906
FLUX  597   829.00        3.616315E+14   2.2548E-05   2.4804E-05   0.90906
FLUX  598   831.00        3.607611E+14   2.2486E-05   2.4753E-05   0.90843
FLUX  599   833.00        3.598950E+14   2.2308E-05   2.4702E-05   0.90311
FLUX  600   835.00        3.590329E+14   2.2420E-05   2.4651E-05   0.90950
FLUX  601   837.00        3.581750E+14   2.2401E-05   2.4601E-05   0.91060
FLUX  602   839.00        3.573212E+14   2.2316E-05   2.4550E-05   0.90898
FLUX  603   841.00        3.564715E+14   2.2305E-05   2.4500E-05   0.91041
FLUX  604   843.00        3.556257E+14   2.2238E-05   2.4449E-05   0.90954
FLUX  605   845.00        3.547840E+14   2.2010E-05   2.4399E-05   0.90206
FLUX  606   847.00        3.539463E+14   2.2071E-05   2.4349E-05   0.90642
FLUX  607   849.00        3.531125E+14   2.2090E-05   2.4299E-05   0.90909
FLUX  608   851.00        3.522826E+14   2.1596E-05   2.4249E-05   0.89060
FLUX  609   853.00        3.514566E+14   2.2013E-05   2.4200E-05   0.90965
FLUX  610   855.00        3.506345E+14   2.0793E-05   2.4150E-05   0.86098
FLUX  611   857.00        3.498162E+14   2.2066E-05   2.4101E-05   0.91557
FLUX  612   859.00        3.490017E+14   2.1477E-05   2.4051E-05   0.89295
FLUX  613   861.00        3.481911E+14   2.1305E-05   2.4002E-05   0.88765
FLUX  614   863.00        3.473841E+14   2.2074E-05   2.3952E-05   0.92159
FLUX  615   865.00        3.465809E+14   2.1593E-05   2.3903E-05   0.90335
FLUX  616   867.00        3.457814E+14   1.9576E-05   2.3854E-05   0.82065
FLUX  617   869.00        3.449856E+14   2.1654E-05   2.3805E-05   0.90961
FLUX  618   871.00        3.441935E+14   2.2179E-05   2.3757E-05   0.93360
FLUX  619   873.00        3.434049E+14   2.1602E-05   2.3708E-05   0.91119
FLUX  620   875.00        3.426200E+14   1.8872E-05   2.3659E-05   0.79766
FLUX  621   877.00        3.418387E+14   2.1023E-05   2.3611E-05   0.89040
FLUX  622   879.00        3.410609E+14   2.2160E-05   2.3563E-05   0.94046
FLUX  623   881.00        3.402866E+14   2.2241E-05   2.3514E-05   0.94586
FLUX  624   883.00        3.395159E+14   2.1854E-05   2.3466E-05   0.93129
FLUX  625   885.00        3.387486E+14   2.0093E-05   2.3418E-05   0.85803
FLUX  626   887.00        3.379848E+14   1.7932E-05   2.3370E-05   0.76731
FLUX  627   889.00        3.372244E+14   2.1219E-05   2.3322E-05   0.90981
FLUX  628   891.00        3.364675E+14   2.2087E-05   2.3274E-05   0.94898
FLUX  629   893.00        3.357139E+14   2.2315E-05   2.3227E-05   0.96074
FLUX  630   895.00        3.349637E+14   2.2421E-05   2.3179E-05   0.96729
FLUX  631   897.00        3.342168E+14   2.2061E-05   2.3132E-05   0.95373
FLUX  632   899.00        3.334733E+14   2.1064E-05   2.3084E-05   0.91250
FLUX  633   901.00        3.327331E+14   1.7588E-05   2.3037E-05   0.76348
FLUX  634   903.00        3.319961E+14   1.8981E-05   2.2990E-05   0.82562
FLUX  635   905.00        3.312624E+14   2.1320E-05   2.2943E-05   0.92929
FLUX  636   907.00        3.305320E+14   2.1730E-05   2.2896E-05   0.94910
FLUX  637   909.00        3.298047E+14   2.1766E-05   2.2849E-05   0.95261
FLUX  638   911.00        3.290807E+14   2.2217E-05   2.2802E-05   0.97435
FLUX  639   913.00        3.283598E+14   2.2351E-05   2.2755E-05   0.98223
FLUX  640   915.00        3.276421E+14   2.2249E-05   2.2709E-05   0.97977
FLUX  641   917.00        3.269275E+14   2.1960E-05   2.2662E-05   0.96901
FLUX  642   919.00        3.262160E+14   2.1364E-05   2.2616E-05   0.94465
FLUX  643   921.00        3.255076E+14   1.9846E-05   2.2570E-05   0.87931
FLUX  644   923.00        3.248023E+14   1.6207E-05   2.2524E-05   0.71956
FLUX  645   925.00        3.241000E+14   1.9342E-05   2.2477E-05   0.86050
FLUX  646   927.00        3.234008E+14   2.0875E-05   2.2432E-05   0.93060
FLUX  647   929.00        3.227045E+14   2.1677E-05   2.2386E-05   0.96835
FLUX  648   931.00        3.220113E+14   2.1922E-05   2.2340E-05   0.98130
FLUX  649   933.00        3.213210E+14   2.2006E-05   2.2294E-05   0.98704
FLUX  650   935.00        3.206337E+14   2.2039E-05   2.2249E-05   0.99056
FLUX  651   937.00        3.199493E+14   2.2034E-05   2.2203E-05   0.99237
FLUX  652   939.00        3.192678E+14   2.1959E-05   2.2158E-05   0.99099
FLUX  653   941.00        3.185893E+14   2.1471E-05   2.2113E-05   0.97095
FLUX  654   943.00        3.179136E+14   2.1769E-05   2.2068E-05   0.98644
FLUX  655   945.00        3.172407E+14   2.1691E-05   2.2023E-05   0.98492
FLUX  656   947.00        3.165707E+14   2.1546E-05   2.1978E-05   0.98033
FLUX  657   949.00        3.159036E+14   2.1216E-05   2.1933E-05   0.96729
FLUX  658   951.00        3.152392E+14   2.0528E-05   2.1889E-05   0.93782
FLUX  659   953.00        3.145776E+14   1.8862E-05   2.1844E-05   0.86348
FLUX  660   955.00        3.139188E+14   1.5637E-05   2.1800E-05   0.71728
FLUX  661   957.00        3.132628E+14   1.9142E-05   2.1755E-05   0.87988
FLUX  662   959.00        3.126095E+14   2.0499E-05   2.1711E-05   0.94416
FLUX  663   961.00        3.119589E+14   2.0925E-05   2.1667E-05   0.96573
FLUX  664   963.00        3.113110E+14   2.1046E-05   2.1623E-05   0.97331
FLUX  665   965.00        3.106658E+14   2.1284E-05   2.1579E-05   0.98635
FLUX  666   967.00        3.100233E+14   2.1168E-05   2.1535E-05   0.98296
FLUX  667   969.00        3.093834E+14   2.1277E-05   2.1492E-05   0.99000
FLUX  668   971.00        3.087461E+14   2.1350E-05   2.1448E-05   0.99543
FLUX  669   973.00        3.081115E+14   2.1317E-05   2.1404E-05   0.99590
FLUX  670   975.00        3.074795E+14   2.1235E-05   2.1361E-05   0.99411
FLUX  671   977.00        3.068501E+14   2.1248E-05   2.1318E-05   0.99673
FLUX  672   979.00        3.062232E+14   2.1207E-05   2.1274E-05   0.99683
FLUX  673   981.00        3.055989E+14   2.1166E-05   2.1231E-05   0.99691
FLUX  674   983.00        3.049771E+14   2.1112E-05   2.1188E-05   0.99640
FLUX  675   985.00        3.043579E+14   2.1028E-05   2.1145E-05   0.99443
FLUX  676   987.00        3.037411E+14   2.0968E-05   2.1103E-05   0.99361
FLUX  677   989.00        3.031269E+14   2.0829E-05   2.1060E-05   0.98903
FLUX  678   991.00        3.025151E+14   2.0822E-05   2.1017E-05   0.99070
FLUX  679   993.00        3.019058E+14   2.0757E-05   2.0975E-05   0.98964
FLUX  680   995.00        3.012990E+14   2.0655E-05   2.0932E-05   0.98674
FLUX  681   997.00        3.006946E+14   2.0491E-05   2.0890E-05   0.98090
FLUX  682   999.00        3.000926E+14   2.0188E-05   2.0848E-05   0.96836
FLUX  683  1002.50        2.990449E+14   1.8295E-05   2.0775E-05   0.88066
FLUX  684  1007.50        2.975608E+14   1.7600E-05   2.0670E-05   0.85149
FLUX  685  1012.50        2.960914E+14   1.9975E-05   2.0566E-05   0.97126
FLUX  686  1017.50        2.946364E+14   2.0254E-05   2.0463E-05   0.98980
FLUX  687  1022.50        2.931956E+14   2.0274E-05   2.0361E-05   0.99576
FLUX  688  1027.50        2.917689E+14   2.0225E-05   2.0259E-05   0.99833
FLUX  689  1032.50        2.903559E+14   2.0120E-05   2.0158E-05   0.99813
FLUX  690  1037.50        2.889566E+14   2.0031E-05   2.0057E-05   0.99869
FLUX  691  1042.50        2.875707E+14   1.9934E-05   1.9958E-05   0.99881
FLUX  692  1047.50        2.861981E+14   1.9706E-05   1.9858E-05   0.99234
FLUX  693  1052.50        2.848385E+14   1.9703E-05   1.9760E-05   0.99712
FLUX  694  1057.50        2.834917E+14   1.9595E-05   1.9661E-05   0.99662
FLUX  695  1062.50        2.821576E+14   1.9487E-05   1.9563E-05   0.99610
FLUX  696  1067.50        2.808361E+14   1.9102E-05   1.9466E-05   0.98130
FLUX  697  1072.50        2.795268E+14   1.9155E-05   1.9370E-05   0.98889
FLUX  698  1077.50        2.782297E+14   1.9067E-05   1.9274E-05   0.98925
FLUX  699  1082.50        2.769446E+14   1.8819E-05   1.9179E-05   0.98127
FLUX  700  1087.50        2.756713E+14   1.8291E-05   1.9084E-05   0.95846
FLUX  701  1092.50        2.744096E+14   1.5503E-05   1.8990E-05   0.81638
FLUX  702  1097.50        2.731595E+14   1.7020E-05   1.8896E-05   0.90073
FLUX  703  1102.50        2.719206E+14   1.8329E-05   1.8803E-05   0.97482
FLUX  704  1107.50        2.706930E+14   1.8540E-05   1.8710E-05   0.99091
FLUX  705  1112.50        2.694764E+14   1.8512E-05   1.8618E-05   0.99428
FLUX  706  1117.50        2.682707E+14   1.8456E-05   1.8527E-05   0.99619
FLUX  707  1122.50        2.670757E+14   1.8415E-05   1.8436E-05   0.99885
FLUX  708  1127.50        2.658914E+14   1.8164E-05   1.8346E-05   0.99007
FLUX  709  1132.50        2.647174E+14   1.8078E-05   1.8256E-05   0.99025
FLUX  710  1137.50        2.635538E+14   1.8099E-05   1.8167E-05   0.99627
FLUX  711  1142.50        2.624004E+14   1.7969E-05   1.8078E-05   0.99398
FLUX  712  1147.50        2.612571E+14   1.7974E-05   1.7990E-05   0.99910
FLUX  713  1152.50        2.601236E+14   1.7895E-05   1.7902E-05   0.99957
FLUX  714  1157.50        2.590000E+14   1.7798E-05   1.7815E-05   0.99905
FLUX  715  1162.50        2.578860E+14   1.7601E-05   1.7729E-05   0.99282
FLUX  716  1167.50        2.567816E+14   1.7432E-05   1.7642E-05   0.98807
FLUX  717  1172.50        2.556866E+14   1.7548E-05   1.7557E-05   0.99953
FLUX  718  1177.50        2.546008E+14   1.7212E-05   1.7472E-05   0.98516
FLUX  719  1182.50        2.535243E+14   1.7255E-05   1.7387E-05   0.99243
FLUX  720  1187.50        2.524568E+14   1.7124E-05   1.7303E-05   0.98967
FLUX  721  1192.50        2.513983E+14   1.7217E-05   1.7219E-05   0.99988
FLUX  722  1197.50        2.503486E+14   1.6995E-05   1.7136E-05   0.99177
FLUX  723  1202.50        2.493077E+14   1.6991E-05   1.7054E-05   0.99634
FLUX  724  1207.50        2.482754E+14   1.6878E-05   1.6971E-05   0.99448
FLUX  725  1212.50        2.472515E+14   1.6827E-05   1.6889E-05   0.99630
FLUX  726  1217.50        2.462361E+14   1.6792E-05   1.6808E-05   0.99906
FLUX  727  1222.50        2.452290E+14   1.6704E-05   1.6727E-05   0.99859
FLUX  728  1227.50        2.442301E+14   1.6591E-05   1.6647E-05   0.99665
FLUX  729  1232.50        2.432394E+14   1.6530E-05   1.6567E-05   0.99777
FLUX  730  1237.50        2.422566E+14   1.6461E-05   1.6488E-05   0.99838
FLUX  731  1242.50        2.412817E+14   1.6397E-05   1.6409E-05   0.99928
FLUX  732  1247.50        2.403146E+14   1.6306E-05   1.6330E-05   0.99851
FLUX  733  1252.50        2.393553E+14   1.6208E-05   1.6252E-05   0.99727
FLUX  734  1257.50        2.384036E+14   1.6049E-05   1.6175E-05   0.99222
FLUX  735  1262.50        2.374594E+14   1.5957E-05   1.6098E-05   0.99126
FLUX  736  1267.50        2.365227E+14   1.5855E-05   1.6021E-05   0.98961
FLUX  737  1272.50        2.355933E+14   1.5582E-05   1.5945E-05   0.97723
FLUX  738  1277.50        2.346712E+14   1.4747E-05   1.5869E-05   0.92926
FLUX  739  1282.50        2.337563E+14   1.2588E-05   1.5794E-05   0.79701
FLUX  740  1287.50        2.328485E+14   1.4789E-05   1.5719E-05   0.94083
FLUX  741  1292.50        2.319478E+14   1.5326E-05   1.5645E-05   0.97959
FLUX  742  1297.50        2.310539E+14   1.5426E-05   1.5571E-05   0.99073
FLUX  743  1302.50        2.301670E+14   1.5418E-05   1.5497E-05   0.99486
FLUX  744  1307.50        2.292868E+14   1.5379E-05   1.5424E-05   0.99711
FLUX  745  1312.50        2.284133E+14   1.5315E-05   1.5351E-05   0.99763
FLUX  746  1317.50        2.275465E+14   1.5228E-05   1.5279E-05   0.99668
FLUX  747  1322.50        2.266862E+14   1.5200E-05   1.5207E-05   0.99958
FLUX  748  1327.50        2.258324E+14   1.5123E-05   1.5135E-05   0.99920
FLUX  749  1332.50        2.249850E+14   1.5057E-05   1.5064E-05   0.99955
FLUX  750  1337.50        2.241439E+14   1.4985E-05   1.4993E-05   0.99945
FLUX  751  1342.50        2.233091E+14   1.4918E-05   1.4923E-05   0.99968
FLUX  752  1347.50        2.224805E+14   1.4846E-05   1.4852E-05   0.99955
FLUX  753  1352.50        2.216580E+14   1.4759E-05   1.4783E-05   0.99836
FLUX  754  1357.50        2.208416E+14   1.4685E-05   1.4714E-05   0.99803
FLUX  755  1362.50        2.200312E+14   1.4636E-05   1.4645E-05   0.99942
FLUX  756  1367.50        2.192267E+14   1.4560E-05   1.4576E-05   0.99892
FLUX  757  1372.50        2.184281E+14   1.4423E-05   1.4508E-05   0.99413
FLUX  758  1377.50        2.176352E+14   1.4409E-05   1.4440E-05   0.99787
FLUX  759  1382.50        2.168481E+14   1.4346E-05   1.4373E-05   0.99813
FLUX  760  1387.50        2.160667E+14   1.4304E-05   1.4305E-05   0.99989
FLUX  761  1392.50        2.152908E+14   1.4210E-05   1.4239E-05   0.99799
FLUX  762  1397.50        2.145206E+14   1.4157E-05   1.4172E-05   0.99894
FLUX  763  1402.50        2.137558E+14   1.4091E-05   1.4106E-05   0.99893
FLUX  764  1407.50        2.129964E+14   1.4035E-05   1.4040E-05   0.99962
FLUX  765  1412.50        2.122425E+14   1.3955E-05   1.3975E-05   0.99856
FLUX  766  1417.50        2.114938E+14   1.3902E-05   1.3910E-05   0.99942
FLUX  767  1422.50        2.107504E+14   1.3821E-05   1.3845E-05   0.99830
FLUX  768  1427.50        2.100123E+14   1.3749E-05   1.3781E-05   0.99771
FLUX  769  1432.50        2.092792E+14   1.3706E-05   1.3716E-05   0.99924
FLUX  770  1437.50        2.085513E+14   1.3650E-05   1.3652E-05   0.99983
FLUX  771  1442.50        2.078284E+14   1.3407E-05   1.3589E-05   0.98660
FLUX  772  1447.50        2.071105E+14   1.3516E-05   1.3526E-05   0.99930
FLUX  773  1452.50        2.063976E+14   1.3367E-05   1.3463E-05   0.99289
FLUX  774  1457.00        2.057601E+14   1.3387E-05   1.3406E-05   0.99859
FLUX  775  1462.00        2.050564E+14   1.3307E-05   1.3906E-05   0.95694
FLUX  776  1467.50        2.042879E+14   1.3270E-05   1.3836E-05   0.95912
FLUX  777  1472.50        2.035942E+14   1.3196E-05   1.3773E-05   0.95813
FLUX  778  1477.50        2.029052E+14   1.3106E-05   1.3710E-05   0.95593
FLUX  779  1482.50        2.022209E+14   1.3072E-05   1.3647E-05   0.95784
FLUX  780  1487.50        2.015412E+14   1.2950E-05   1.3584E-05   0.95329
FLUX  781  1492.50        2.008660E+14   1.2994E-05   1.3522E-05   0.96093
FLUX  782  1497.50        2.001953E+14   1.2920E-05   1.3460E-05   0.95987
FLUX  783  1502.50        1.995291E+14   1.2804E-05   1.3398E-05   0.95563
FLUX  784  1507.50        1.988673E+14   1.2768E-05   1.3337E-05   0.95735
FLUX  785  1512.50        1.982099E+14   1.2758E-05   1.3275E-05   0.96105
FLUX  786  1517.50        1.975568E+14   1.2702E-05   1.3214E-05   0.96127
FLUX  787  1522.50        1.969080E+14   1.2634E-05   1.3153E-05   0.96054
FLUX  788  1527.50        1.962635E+14   1.2578E-05   1.3092E-05   0.96075
FLUX  789  1532.50        1.956232E+14   1.2519E-05   1.3032E-05   0.96062
FLUX  790  1537.50        1.949870E+14   1.2462E-05   1.2971E-05   0.96074
FLUX  791  1542.50        1.943549E+14   1.2357E-05   1.2911E-05   0.95709
FLUX  792  1547.50        1.937270E+14   1.2334E-05   1.2851E-05   0.95973
FLUX  793  1552.50        1.931031E+14   1.2279E-05   1.2791E-05   0.95993
FLUX  794  1557.50        1.924831E+14   1.2172E-05   1.2732E-05   0.95603
FLUX  795  1562.50        1.918672E+14   1.2204E-05   1.2672E-05   0.96305
FLUX  796  1567.50        1.912552E+14   1.2049E-05   1.2613E-05   0.95532
FLUX  797  1572.50        1.906471E+14   1.1939E-05   1.2554E-05   0.95105
FLUX  798  1577.50        1.900428E+14   1.1981E-05   1.2495E-05   0.95891
FLUX  799  1582.50        1.894423E+14   1.1947E-05   1.2436E-05   0.96069
FLUX  800  1587.50        1.888457E+14   1.1539E-05   1.2377E-05   0.93226
FLUX  801  1592.50        1.882527E+14   1.1755E-05   1.2319E-05   0.95428
FLUX  802  1597.50        1.876635E+14   1.1851E-05   1.2260E-05   0.96665
FLUX  803  1605.00        1.867866E+14   1.1618E-05   1.2172E-05   0.95447
FLUX  804  1615.00        1.856300E+14   1.1284E-05   1.2056E-05   0.93603
FLUX  805  1625.00        1.844877E+14   1.1636E-05   1.1939E-05   0.97462
FLUX  806  1635.00        1.833593E+14   1.1185E-05   1.1822E-05   0.94612
FLUX  807  1645.00        1.822447E+14   1.0736E-05   1.1703E-05   0.91736
FLUX  808  1655.00        1.811435E+14   1.1350E-05   1.1584E-05   0.97983
FLUX  809  1665.00        1.800556E+14   1.1265E-05   1.1466E-05   0.98241
FLUX  810  1675.00        1.789806E+14   1.0621E-05   1.1351E-05   0.93572
FLUX  811  1685.00        1.779184E+14   1.0104E-05   1.1237E-05   0.89920
FLUX  812  1695.00        1.768687E+14   1.0922E-05   1.1125E-05   0.98177
FLUX  813  1705.00        1.758314E+14   1.0900E-05   1.1014E-05   0.98969
FLUX  814  1715.00        1.748061E+14   1.0793E-05   1.0905E-05   0.98976
FLUX  815  1725.00        1.737928E+14   1.0477E-05   1.0798E-05   0.97034
FLUX  816  1735.00        1.727911E+14   9.2759E-06   1.0692E-05   0.86756
FLUX  817  1745.00        1.718009E+14   1.0075E-05   1.0588E-05   0.95159
FLUX  818  1755.00        1.708219E+14   1.0338E-05   1.0485E-05   0.98599
FLUX  819  1765.00        1.698541E+14   1.0293E-05   1.0384E-05   0.99131
FLUX  820  1775.00        1.688972E+14   1.0230E-05   1.0284E-05   0.99480
FLUX  821  1785.00        1.679510E+14   1.0124E-05   1.0185E-05   0.99395
FLUX  822  1795.00        1.670153E+14   1.0012E-05   1.0088E-05   0.99243
FLUX  823  1805.00        1.660900E+14   9.7500E-06   9.9927E-06   0.97571
FLUX  824  1815.00        1.651749E+14   8.6429E-06   9.8984E-06   0.87316
FLUX  825  1825.00        1.642699E+14   9.2208E-06   9.8054E-06   0.94038
FLUX  826  1835.00        1.633747E+14   9.5727E-06   9.7136E-06   0.98549
FLUX  827  1845.00        1.624892E+14   9.5393E-06   9.6231E-06   0.99129
FLUX  828  1855.00        1.616132E+14   9.4237E-06   9.5339E-06   0.98844
FLUX  829  1865.00        1.607466E+14   9.1551E-06   9.4460E-06   0.96921
FLUX  830  1875.00        1.598893E+14   8.0262E-06   9.3592E-06   0.85757
FLUX  831  1885.00        1.590411E+14   8.9226E-06   9.2737E-06   0.96214
FLUX  832  1895.00        1.582018E+14   9.0533E-06   9.1892E-06   0.98521
FLUX  833  1905.00        1.573714E+14   9.0561E-06   9.1059E-06   0.99453
FLUX  834  1915.00        1.565496E+14   8.9722E-06   9.0237E-06   0.99430
FLUX  835  1925.00        1.557364E+14   8.8499E-06   8.9426E-06   0.98964
FLUX  836  1935.00        1.549315E+14   8.5583E-06   8.8625E-06   0.96566
FLUX  837  1945.00        1.541350E+14   7.5669E-06   8.7836E-06   0.86147
FLUX  838  1955.00        1.533465E+14   8.4080E-06   8.7057E-06   0.96580
FLUX  839  1965.00        1.525662E+14   8.5483E-06   8.6289E-06   0.99066
FLUX  840  1975.00        1.517937E+14   8.5052E-06   8.5530E-06   0.99440
FLUX  841  1985.00        1.510290E+14   8.4662E-06   8.4782E-06   0.99859
FLUX  842  1995.00        1.502719E+14   8.3964E-06   8.4043E-06   0.99906
FLUX  843  2005.00        1.495224E+14   8.3279E-06   8.3314E-06   0.99958
FLUX  844  2015.00        1.487804E+14   8.2584E-06   8.2595E-06   0.99987
FLUX  845  2025.00        1.480457E+14   8.1832E-06   8.1885E-06   0.99935
FLUX  846  2035.00        1.473182E+14   8.1067E-06   8.1184E-06   0.99856
FLUX  847  2045.00        1.465978E+14   8.0482E-06   8.0492E-06   0.99988
FLUX  848  2055.00        1.458844E+14   7.9793E-06   7.9809E-06   0.99981
FLUX  849  2065.00        1.451780E+14   7.9019E-06   7.9135E-06   0.99854
FLUX  850  2075.00        1.444783E+14   7.8420E-06   7.8469E-06   0.99938
FLUX  851  2085.00        1.437854E+14   7.7784E-06   7.7812E-06   0.99964
FLUX  852  2095.00        1.430990E+14   7.7081E-06   7.7162E-06   0.99894
FLUX  853  2105.00        1.424192E+14   7.6453E-06   7.6521E-06   0.99911
FLUX  854  2115.00        1.417459E+14   7.5715E-06   7.5887E-06   0.99773
FLUX  855  2125.00        1.410788E+14   7.5010E-06   7.5261E-06   0.99666
FLUX  856  2135.00        1.404180E+14   7.4274E-06   7.4643E-06   0.99506
FLUX  857  2145.00        1.397634E+14   7.3411E-06   7.4032E-06   0.99161
FLUX  858  2155.00        1.391148E+14   7.1368E-06   7.3429E-06   0.97193
FLUX  859  2165.00        1.384723E+14   6.3402E-06   7.2833E-06   0.87051
FLUX  860  2175.00        1.378356E+14   6.9345E-06   7.2245E-06   0.95986
FLUX  861  2185.00        1.372048E+14   7.0880E-06   7.1664E-06   0.98906
FLUX  862  2195.00        1.365797E+14   7.0818E-06   7.1089E-06   0.99618
FLUX  863  2205.00        1.359603E+14   7.0347E-06   7.0522E-06   0.99751
FLUX  864  2215.00        1.353465E+14   6.9835E-06   6.9961E-06   0.99819
FLUX  865  2225.00        1.347382E+14   6.9396E-06   6.9408E-06   0.99983
FLUX  866  2235.00        1.341353E+14   6.8850E-06   6.8860E-06   0.99985
FLUX  867  2245.00        1.335379E+14   6.8309E-06   6.8320E-06   0.99984
FLUX  868  2255.00        1.329457E+14   6.7660E-06   6.7785E-06   0.99816
FLUX  869  2265.00        1.323587E+14   6.7220E-06   6.7257E-06   0.99946
FLUX  870  2275.00        1.317769E+14   6.6706E-06   6.6735E-06   0.99957
FLUX  871  2285.00        1.312002E+14   6.6179E-06   6.7169E-06   0.98525
FLUX  872  2295.00        1.306285E+14   6.5670E-06   6.6647E-06   0.98533
FLUX  873  2305.00        1.300618E+14   6.5223E-06   6.6131E-06   0.98626
FLUX  874  2315.00        1.295000E+14   6.4717E-06   6.5622E-06   0.98621
FLUX  875  2325.00        1.289430E+14   6.4250E-06   6.5118E-06   0.98668
FLUX  876  2335.00        1.283908E+14   6.3754E-06   6.4619E-06   0.98660
FLUX  877  2345.00        1.278433E+14   6.3296E-06   6.4127E-06   0.98704
FLUX  878  2355.00        1.273004E+14   6.2826E-06   6.3640E-06   0.98720
FLUX  879  2365.00        1.267622E+14   6.2367E-06   6.3159E-06   0.98746
FLUX  880  2375.00        1.262284E+14   6.1887E-06   6.2683E-06   0.98730
FLUX  881  2385.00        1.256992E+14   6.1424E-06   6.2213E-06   0.98732
FLUX  882  2395.00        1.251743E+14   6.0991E-06   6.1748E-06   0.98774
FLUX  883  2405.00        1.246538E+14   6.0536E-06   6.1288E-06   0.98773
FLUX  884  2415.00        1.241377E+14   6.0092E-06   6.0833E-06   0.98781
FLUX  885  2425.00        1.236258E+14   5.9662E-06   6.0384E-06   0.98804
FLUX  886  2435.00        1.231181E+14   5.9211E-06   5.9939E-06   0.98785
FLUX  887  2445.00        1.226145E+14   5.8790E-06   5.9499E-06   0.98808
FLUX  888  2455.00        1.221151E+14   5.8331E-06   5.9064E-06   0.98759
FLUX  889  2465.00        1.216197E+14   5.7927E-06   5.8634E-06   0.98795
FLUX  890  2475.00        1.211283E+14   5.7500E-06   5.8208E-06   0.98784
FLUX  891  2485.00        1.206408E+14   5.7027E-06   5.7787E-06   0.98685
FLUX  892  2495.00        1.201573E+14   5.6582E-06   5.7371E-06   0.98626
FLUX  893  2505.00        1.196776E+14   5.6319E-06   5.6959E-06   0.98877
FLUX  894  2515.00        1.192018E+14   5.5903E-06   5.6551E-06   0.98853
FLUX  895  2525.00        1.187297E+14   5.5300E-06   5.6148E-06   0.98490
FLUX  896  2535.00        1.182613E+14   5.5087E-06   5.5750E-06   0.98812
FLUX  897  2545.00        1.177967E+14   5.4776E-06   5.5355E-06   0.98954
FLUX  898  2555.00        1.173356E+14   5.4229E-06   5.4965E-06   0.98661
FLUX  899  2565.00        1.168782E+14   5.3461E-06   5.4579E-06   0.97952
FLUX  900  2575.00        1.164243E+14   5.3498E-06   5.4197E-06   0.98712
FLUX  901  2585.00        1.159739E+14   5.3172E-06   5.3819E-06   0.98798
FLUX  902  2595.00        1.155270E+14   5.2767E-06   5.3445E-06   0.98732
FLUX  903  2605.00        1.150835E+14   5.1812E-06   5.3074E-06   0.97622
FLUX  904  2615.00        1.146434E+14   5.0117E-06   5.2708E-06   0.95084
FLUX  905  2625.00        1.142067E+14   4.5895E-06   5.2345E-06   0.87677
FLUX  906  2635.00        1.137732E+14   4.9774E-06   5.1987E-06   0.95744
FLUX  907  2645.00        1.133431E+14   5.0782E-06   5.1631E-06   0.98355
FLUX  908  2655.00        1.129162E+14   5.0653E-06   5.1280E-06   0.98777
FLUX  909  2665.00        1.124925E+14   4.9957E-06   5.0932E-06   0.98085
FLUX  910  2675.00        1.120720E+14   4.8428E-06   5.0588E-06   0.95730
FLUX  911  2685.00        1.116546E+14   4.9371E-06   5.0247E-06   0.98258
FLUX  912  2695.00        1.112403E+14   4.9526E-06   4.9909E-06   0.99233
FLUX  913  2705.00        1.108290E+14   4.9312E-06   4.9575E-06   0.99471
FLUX  914  2715.00        1.104208E+14   4.9035E-06   4.9244E-06   0.99575
FLUX  915  2725.00        1.100156E+14   4.8700E-06   4.8917E-06   0.99557
FLUX  916  2735.00        1.096133E+14   4.8281E-06   4.8592E-06   0.99358
FLUX  917  2745.00        1.092140E+14   4.7577E-06   4.8271E-06   0.98562
FLUX  918  2755.00        1.088176E+14   4.5344E-06   4.7954E-06   0.94559
FLUX  919  2765.00        1.084241E+14   4.5986E-06   4.7639E-06   0.96531
FLUX  920  2775.00        1.080333E+14   4.6845E-06   4.7327E-06   0.98981
FLUX  921  2785.00        1.076454E+14   4.6801E-06   4.7019E-06   0.99537
FLUX  922  2795.00        1.072603E+14   4.6587E-06   4.6713E-06   0.99730
FLUX  923  2805.00        1.068779E+14   4.6360E-06   4.6411E-06   0.99891
FLUX  924  2815.00        1.064982E+14   4.6099E-06   4.6111E-06   0.99974
FLUX  925  2825.00        1.061212E+14   4.5784E-06   4.5815E-06   0.99932
FLUX  926  2835.00        1.057469E+14   4.5407E-06   4.5521E-06   0.99749
FLUX  927  2845.00        1.053752E+14   4.5005E-06   4.5230E-06   0.99502
FLUX  928  2855.00        1.050061E+14   4.4472E-06   4.4942E-06   0.98955
FLUX  929  2865.00        1.046396E+14   4.3105E-06   4.4656E-06   0.96526
FLUX  930  2875.00        1.042757E+14   4.1085E-06   4.4374E-06   0.92589
FLUX  931  2885.00        1.039142E+14   4.3204E-06   4.4094E-06   0.97982
FLUX  932  2895.00        1.035553E+14   4.3502E-06   4.3816E-06   0.99283
FLUX  933  2905.00        1.031988E+14   4.3400E-06   4.3542E-06   0.99675
FLUX  934  2915.00        1.028448E+14   4.3200E-06   4.3269E-06   0.99841
FLUX  935  2925.00        1.024932E+14   4.2976E-06   4.3000E-06   0.99944
FLUX  936  2935.00        1.021440E+14   4.2729E-06   4.2733E-06   0.99992
FLUX  937  2945.00        1.017971E+14   4.2461E-06   4.2468E-06   0.99984
FLUX  938  2955.00        1.014526E+14   4.2203E-06   4.2206E-06   0.99993
FLUX  939  2965.00        1.011105E+14   4.1945E-06   4.1946E-06   0.99997
FLUX  940  2975.00        1.007706E+14   4.1684E-06   4.1689E-06   0.99988
FLUX  941  2985.00        1.004330E+14   4.1430E-06   4.1434E-06   0.99991
FLUX  942  2995.00        1.000977E+14   4.1149E-06   4.1181E-06   0.99921
FLUX  943  3005.00        9.976456E+13   4.0802E-06   4.0931E-06   0.99685
FLUX  944  3015.00        9.943367E+13   4.0423E-06   4.0683E-06   0.99361
FLUX  945  3025.00        9.910496E+13   3.9760E-06   4.0437E-06   0.98324
FLUX  946  3035.00        9.877842E+13   3.7322E-06   4.0194E-06   0.92856
FLUX  947  3045.00        9.845402E+13   3.7794E-06   3.9952E-06   0.94598
FLUX  948  3055.00        9.813175E+13   3.9168E-06   3.9713E-06   0.98627
FLUX  949  3065.00        9.781158E+13   3.9262E-06   3.9476E-06   0.99458
FLUX  950  3075.00        9.749350E+13   3.9146E-06   3.9241E-06   0.99759
FLUX  951  3085.00        9.717747E+13   3.8960E-06   3.9008E-06   0.99877
FLUX  952  3095.00        9.686349E+13   3.8755E-06   3.8777E-06   0.99943
FLUX  953  3105.00        9.655153E+13   3.8525E-06   3.8548E-06   0.99941
FLUX  954  3115.00        9.624157E+13   3.8252E-06   3.8321E-06   0.99820
FLUX  955  3125.00        9.593360E+13   3.8069E-06   3.8096E-06   0.99927
FLUX  956  3135.00        9.562759E+13   3.7853E-06   3.7874E-06   0.99945
FLUX  957  3145.00        9.532353E+13   3.7623E-06   3.7653E-06   0.99921
FLUX  958  3155.00        9.502139E+13   3.7416E-06   3.7434E-06   0.99953
FLUX  959  3165.00        9.472117E+13   3.7216E-06   3.7217E-06   0.99998
FLUX  960  3175.00        9.442283E+13   3.6978E-06   3.7001E-06   0.99938
FLUX  961  3185.00        9.412637E+13   3.6785E-06   3.6788E-06   0.99992
FLUX  962  3195.00        9.383177E+13   3.6573E-06   3.6576E-06   0.99992
FLUX  963  3210.00        9.339330E+13   3.6254E-06   3.6263E-06   0.99976
FLUX  964  3230.00        9.281502E+13   3.5847E-06   3.5851E-06   0.99991
FLUX  965  3250.00        9.224385E+13   3.5422E-06   3.5445E-06   0.99933
FLUX  966  3270.00        9.167966E+13   3.4823E-06   3.5047E-06   0.99361
FLUX  967  3290.00        9.112234E+13   3.2498E-06   3.4831E-06   0.93301
FLUX  968  3310.00        9.057175E+13   3.3371E-06   3.4443E-06   0.96888
FLUX  969  3330.00        9.002778E+13   3.3709E-06   3.4061E-06   0.98966
FLUX  970  3350.00        8.949030E+13   3.3431E-06   3.3685E-06   0.99244
FLUX  971  3370.00        8.895920E+13   3.3052E-06   3.3316E-06   0.99207
FLUX  972  3390.00        8.843437E+13   3.2713E-06   3.2953E-06   0.99271
FLUX  973  3410.00        8.791569E+13   3.2368E-06   3.2596E-06   0.99301
FLUX  974  3430.00        8.740306E+13   3.2039E-06   3.2244E-06   0.99364
FLUX  975  3450.00        8.689638E+13   3.1714E-06   3.1898E-06   0.99423
FLUX  976  3470.00        8.639553E+13   3.1376E-06   3.1558E-06   0.99424
FLUX  977  3490.00        8.590043E+13   3.1049E-06   3.1223E-06   0.99443
FLUX  978  3510.00        8.541097E+13   3.0725E-06   3.0894E-06   0.99454
FLUX  979  3530.00        8.492705E+13   3.0403E-06   3.0569E-06   0.99456
FLUX  980  3550.00        8.444859E+13   3.0089E-06   3.0250E-06   0.99468
FLUX  981  3570.00        8.397549E+13   2.9773E-06   2.9936E-06   0.99457
FLUX  982  3590.00        8.350766E+13   2.9470E-06   2.9627E-06   0.99471
FLUX  983  3610.00        8.304501E+13   2.9167E-06   2.9322E-06   0.99473
FLUX  984  3630.00        8.258747E+13   2.8874E-06   2.9022E-06   0.99488
FLUX  985  3650.00        8.213493E+13   2.8568E-06   2.8727E-06   0.99447
FLUX  986  3670.00        8.168733E+13   2.8278E-06   2.8436E-06   0.99445
FLUX  987  3690.00        8.124458E+13   2.7940E-06   2.8150E-06   0.99254
FLUX  988  3710.00        8.080660E+13   2.7611E-06   2.7868E-06   0.99077
FLUX  989  3730.00        8.037332E+13   2.6471E-06   2.7590E-06   0.95946
FLUX  990  3750.00        7.994467E+13   2.5977E-06   2.7316E-06   0.95097
FLUX  991  3770.00        7.952056E+13   2.6803E-06   2.7046E-06   0.99102
FLUX  992  3790.00        7.910092E+13   2.6633E-06   2.6781E-06   0.99449
FLUX  993  3810.00        7.868570E+13   2.6338E-06   2.6519E-06   0.99317
FLUX  994  3830.00        7.827480E+13   2.6101E-06   2.6261E-06   0.99392
FLUX  995  3850.00        7.786818E+13   2.5907E-06   2.6007E-06   0.99615
FLUX  996  3870.00        7.746576E+13   2.5647E-06   2.5756E-06   0.99576
FLUX  997  3890.00        7.706748E+13   2.5369E-06   2.5509E-06   0.99450
FLUX  998  3910.00        7.667327E+13   2.5028E-06   2.5266E-06   0.99060
FLUX  999  3930.00        7.628308E+13   2.4920E-06   2.5026E-06   0.99575
FLUX 1000  3950.00        7.589684E+13   2.4712E-06   2.4790E-06   0.99688
FLUX 1001  3970.00        7.551448E+13   2.4487E-06   2.4557E-06   0.99716
FLUX 1002  3990.00        7.513596E+13   2.4212E-06   2.4327E-06   0.99528
FLUX 1003  4010.00        7.476122E+13   2.3838E-06   2.4100E-06   0.98913
FLUX 1004  4030.00        7.439020E+13   2.3504E-06   2.3877E-06   0.98441
FLUX 1005  4050.00        7.402284E+13   2.2294E-06   2.3656E-06   0.94241
FLUX 1006  4070.00        7.365909E+13   2.3181E-06   2.3439E-06   0.98899
FLUX 1007  4090.00        7.329890E+13   2.3138E-06   2.3225E-06   0.99626
FLUX 1008  4110.00        7.294221E+13   2.2962E-06   2.3013E-06   0.99777
FLUX 1009  4130.00        7.258898E+13   2.2748E-06   2.2805E-06   0.99752
FLUX 1010  4150.00        7.223916E+13   2.2459E-06   2.2599E-06   0.99382
FLUX 1011  4170.00        7.189269E+13   2.1905E-06   2.2396E-06   0.97806
FLUX 1012  4190.00        7.154952E+13   2.2042E-06   2.2196E-06   0.99305
FLUX 1013  4210.00        7.120962E+13   2.1948E-06   2.1998E-06   0.99770
FLUX 1014  4230.00        7.087293E+13   2.1802E-06   2.1803E-06   0.99991
FLUX 1015  4250.00        7.053941E+13   2.1608E-06   2.1611E-06   0.99988
FLUX 1016  4270.00        7.020902E+13   2.1421E-06   2.1421E-06   0.99997
FLUX 1017  4290.00        6.988170E+13   2.1234E-06   2.1234E-06   0.99998
FLUX 1018  4310.00        6.955742E+13   2.1049E-06   2.1049E-06   0.99997
FLUX 1019  4330.00        6.923614E+13   2.0852E-06   2.0867E-06   0.99929
FLUX 1020  4350.00        6.891782E+13   2.0585E-06   2.0687E-06   0.99509
FLUX 1021  4370.00        6.860240E+13   1.9931E-06   2.0509E-06   0.97181
FLUX 1022  4390.00        6.828986E+13   2.0029E-06   2.0334E-06   0.98504
FLUX 1023  4410.00        6.798016E+13   2.0097E-06   2.0160E-06   0.99684
FLUX 1024  4430.00        6.767325E+13   1.9983E-06   1.9989E-06   0.99970
FLUX 1025  4450.00        6.736910E+13   1.9817E-06   1.9821E-06   0.99984
FLUX 1026  4470.00        6.706767E+13   1.9663E-06   1.9695E-06   0.99839
FLUX 1027  4490.00        6.676893E+13   1.9480E-06   1.9530E-06   0.99747
FLUX 1028  4510.00        6.647284E+13   1.9320E-06   1.9367E-06   0.99760
FLUX 1029  4530.00        6.617936E+13   1.9159E-06   1.9206E-06   0.99757
FLUX 1030  4550.00        6.588846E+13   1.8999E-06   1.9047E-06   0.99750
FLUX 1031  4570.00        6.560011E+13   1.8836E-06   1.8890E-06   0.99718
FLUX 1032  4590.00        6.531427E+13   1.8670E-06   1.8734E-06   0.99658
FLUX 1033  4610.00        6.503091E+13   1.8496E-06   1.8581E-06   0.99540
FLUX 1034  4630.00        6.475000E+13   1.8234E-06   1.8430E-06   0.98939
FLUX 1035  4650.00        6.447151E+13   1.7163E-06   1.8280E-06   0.93889
FLUX 1036  4670.00        6.419540E+13   1.7270E-06   1.8133E-06   0.95244
FLUX 1037  4690.00        6.392164E+13   1.7714E-06   1.7987E-06   0.98484
FLUX 1038  4710.00        6.365021E+13   1.7748E-06   1.7842E-06   0.99470
FLUX 1039  4730.00        6.338108E+13   1.7643E-06   1.7700E-06   0.99680
FLUX 1040  4750.00        6.311421E+13   1.7513E-06   1.7559E-06   0.99735
FLUX 1041  4770.00        6.284958E+13   1.7381E-06   1.7420E-06   0.99774
FLUX 1042  4790.00        6.258716E+13   1.7265E-06   1.7283E-06   0.99897
FLUX 1043  4810.00        6.232692E+13   1.7140E-06   1.7147E-06   0.99958
FLUX 1044  4830.00        6.206884E+13   1.7009E-06   1.7013E-06   0.99979
FLUX 1045  4850.00        6.181289E+13   1.6878E-06   1.6880E-06   0.99988
FLUX 1046  4870.00        6.155903E+13   1.6747E-06   1.6749E-06   0.99988
FLUX 1047  4890.00        6.130726E+13   1.6618E-06   1.6619E-06   0.99989
FLUX 1048  4910.00        6.105754E+13   1.6486E-06   1.6491E-06   0.99970
FLUX 1049  4930.00        6.080984E+13   1.6363E-06   1.6365E-06   0.99988
FLUX 1050  4950.00        6.056414E+13   1.6236E-06   1.6240E-06   0.99976
FLUX 1051  4970.00        6.032042E+13   1.6112E-06   1.6116E-06   0.99977
FLUX 1052  4990.00        6.007866E+13   1.5991E-06   1.5994E-06   0.99986
FLUX 1053  5010.00        5.983882E+13   1.5869E-06   1.5873E-06   0.99976
FLUX 1054  5030.00        5.960089E+13   1.5749E-06   1.5753E-06   0.99973
FLUX 1055  5050.00        5.936485E+13   1.5618E-06   1.5635E-06   0.99894
FLUX 1056  5070.00        5.913067E+13   1.5479E-06   1.5518E-06   0.99751
FLUX 1057  5090.00        5.889833E+13   1.5336E-06   1.5403E-06   0.99570
FLUX 1058  5110.00        5.866781E+13   1.5085E-06   1.5288E-06   0.98674
FLUX 1059  5130.00        5.843908E+13   1.4442E-06   1.5175E-06   0.95170
FLUX 1060  5150.00        5.821214E+13   1.4905E-06   1.5064E-06   0.98950
FLUX 1061  5170.00        5.798694E+13   1.4894E-06   1.4953E-06   0.99607
FLUX 1062  5190.00        5.776349E+13   1.4812E-06   1.4844E-06   0.99789
FLUX 1063  5210.00        5.754175E+13   1.4732E-06   1.4736E-06   0.99974
FLUX 1064  5230.00        5.732170E+13   1.4627E-06   1.4629E-06   0.99987
FLUX 1065  5250.00        5.710333E+13   1.4511E-06   1.4523E-06   0.99916
FLUX 1066  5270.00        5.688662E+13   1.4399E-06   1.4418E-06   0.99870
FLUX 1067  5290.00        5.667155E+13   1.4313E-06   1.4315E-06   0.99991
FLUX 1068  5310.00        5.645810E+13   1.4211E-06   1.4212E-06   0.99991
FLUX 1069  5330.00        5.624625E+13   1.4111E-06   1.4111E-06   0.99997
FLUX 1070  5350.00        5.603598E+13   1.4009E-06   1.4011E-06   0.99989
FLUX 1071  5370.00        5.582728E+13   1.3884E-06   1.3912E-06   0.99805
FLUX 1072  5390.00        5.562013E+13   1.3787E-06   1.3814E-06   0.99810
FLUX 1073  5410.00        5.541451E+13   1.3716E-06   1.3716E-06   0.99997
FLUX 1074  5430.00        5.521041E+13   1.3617E-06   1.3620E-06   0.99978
FLUX 1075  5450.00        5.500780E+13   1.3524E-06   1.3525E-06   0.99989
FLUX 1076  5470.00        5.480667E+13   1.3428E-06   1.3431E-06   0.99975
FLUX 1077  5490.00        5.460701E+13   1.3337E-06   1.3338E-06   0.99987
FLUX 1078  5510.00        5.440880E+13   1.3218E-06   1.3246E-06   0.99791
FLUX 1079  5530.00        5.421203E+13   1.3109E-06   1.3155E-06   0.99651
FLUX 1080  5550.00        5.401667E+13   1.3054E-06   1.3065E-06   0.99915
FLUX 1081  5570.00        5.382271E+13   1.2974E-06   1.2975E-06   0.99986
FLUX 1082  5590.00        5.363014E+13   1.2883E-06   1.2887E-06   0.99968
FLUX 1083  5610.00        5.343895E+13   1.2798E-06   1.2800E-06   0.99990
FLUX 1084  5630.00        5.324911E+13   1.2712E-06   1.2713E-06   0.99990
FLUX 1085  5650.00        5.306062E+13   1.2627E-06   1.2627E-06   0.99998
FLUX 1086  5670.00        5.287346E+13   1.2541E-06   1.2542E-06   0.99990
FLUX 1087  5690.00        5.268761E+13   1.2431E-06   1.2458E-06   0.99782
FLUX 1088  5710.00        5.250306E+13   1.2305E-06   1.2375E-06   0.99432
FLUX 1089  5730.00        5.231981E+13   1.2256E-06   1.2293E-06   0.99702
FLUX 1090  5750.00        5.213783E+13   1.2211E-06   1.2212E-06   0.99997
FLUX 1091  5770.00        5.195711E+13   1.2130E-06   1.2131E-06   0.99991
FLUX 1092  5790.00        5.177763E+13   1.2050E-06   1.2051E-06   0.99990
FLUX 1093  5810.00        5.159940E+13   1.1971E-06   1.1972E-06   0.99993
FLUX 1094  5830.00        5.142238E+13   1.1887E-06   1.1894E-06   0.99944
FLUX 1095  5850.00        5.124658E+13   1.1797E-06   1.1828E-06   0.99741
FLUX 1096  5870.00        5.107198E+13   1.1699E-06   1.1751E-06   0.99560
FLUX 1097  5890.00        5.089856E+13   1.1505E-06   1.1675E-06   0.98550
FLUX 1098  5910.00        5.072631E+13   1.1001E-06   1.1599E-06   0.94839
FLUX 1099  5930.00        5.055523E+13   1.1384E-06   1.1524E-06   0.98785
FLUX 1100  5950.00        5.038529E+13   1.1314E-06   1.1450E-06   0.98809
FLUX 1101  5970.00        5.021650E+13   1.1289E-06   1.1377E-06   0.99222
FLUX 1102  5990.00        5.004883E+13   1.1267E-06   1.1305E-06   0.99665
FLUX 1103  6010.00        4.988228E+13   1.1212E-06   1.1233E-06   0.99820
FLUX 1104  6030.00        4.971683E+13   1.1160E-06   1.1162E-06   0.99990
FLUX 1105  6050.00        4.955248E+13   1.1091E-06   1.1091E-06   0.99997
FLUX 1106  6070.00        4.938921E+13   1.1020E-06   1.1021E-06   0.99989
FLUX 1107  6090.00        4.922701E+13   1.0950E-06   1.0952E-06   0.99984
FLUX 1108  6110.00        4.906588E+13   1.0879E-06   1.0883E-06   0.99960
FLUX 1109  6130.00        4.890579E+13   1.0814E-06   1.0815E-06   0.99990
FLUX 1110  6150.00        4.874675E+13   1.0747E-06   1.0748E-06   0.99992
FLUX 1111  6170.00        4.858874E+13   1.0681E-06   1.0682E-06   0.99997
FLUX 1112  6190.00        4.843174E+13   1.0614E-06   1.0615E-06   0.99990
FLUX 1113  6210.00        4.827576E+13   1.0549E-06   1.0550E-06   0.99992
FLUX 1114  6230.00        4.812079E+13   1.0479E-06   1.0485E-06   0.99941
FLUX 1115  6250.00        4.796680E+13   1.0394E-06   1.0421E-06   0.99736
FLUX 1116  6270.00        4.781380E+13   1.0294E-06   1.0357E-06   0.99387
FLUX 1117  6290.00        4.766176E+13   1.0113E-06   1.0294E-06   0.98237
FLUX 1118  6310.00        4.751070E+13   1.0152E-06   1.0232E-06   0.99224
FLUX 1119  6330.00        4.736058E+13   1.0140E-06   1.0170E-06   0.99706
FLUX 1120  6350.00        4.721142E+13   1.0104E-06   1.0109E-06   0.99955
FLUX 1121  6370.00        4.706319E+13   1.0047E-06   1.0048E-06   0.99988
FLUX 1122  6390.00        4.691588E+13   9.9864E-07   9.9875E-07   0.99990
FLUX 1123  6420.00        4.669665E+13   9.8979E-07   9.8981E-07   0.99998
FLUX 1124  6460.00        4.640751E+13   9.7799E-07   9.7808E-07   0.99991
FLUX 1125  6500.00        4.612192E+13   9.6643E-07   9.6656E-07   0.99987
FLUX 1126  6540.00        4.583983E+13   9.5521E-07   9.5523E-07   0.99998
FLUX 1127  6580.00        4.556117E+13   9.4403E-07   9.4411E-07   0.99992
FLUX 1128  6620.00        4.528588E+13   9.3315E-07   9.3318E-07   0.99997
FLUX 1129  6660.00        4.501389E+13   9.2237E-07   9.2244E-07   0.99992
FLUX 1130  6700.00        4.474515E+13   9.1169E-07   9.1188E-07   0.99979
FLUX 1131  6740.00        4.447960E+13   8.9655E-07   9.0150E-07   0.99451
FLUX 1132  6780.00        4.421718E+13   8.7529E-07   8.9130E-07   0.98203
FLUX 1133  6820.00        4.395784E+13   8.7938E-07   8.8127E-07   0.99785
FLUX 1134  6860.00        4.370153E+13   8.7131E-07   8.7141E-07   0.99988
FLUX 1135  6900.00        4.344819E+13   8.6161E-07   8.6172E-07   0.99987
FLUX 1136  6940.00        4.319777E+13   8.5208E-07   8.5218E-07   0.99988
FLUX 1137  6980.00        4.295021E+13   8.4271E-07   8.4280E-07   0.99989
FLUX 1138  7020.00        4.270548E+13   8.3347E-07   8.3358E-07   0.99986
FLUX 1139  7060.00        4.246353E+13   8.2440E-07   8.2451E-07   0.99987
FLUX 1140  7100.00        4.222430E+13   8.1556E-07   8.1558E-07   0.99998
FLUX 1141  7140.00        4.198775E+13   8.0673E-07   8.0680E-07   0.99992
FLUX 1142  7180.00        4.175383E+13   7.9808E-07   7.9815E-07   0.99991
FLUX 1143  7220.00        4.152251E+13   7.8941E-07   7.8965E-07   0.99970
FLUX 1144  7260.00        4.129373E+13   7.8110E-07   7.8128E-07   0.99977
FLUX 1145  7300.00        4.106747E+13   7.7302E-07   7.7304E-07   0.99997
FLUX 1146  7340.00        4.084366E+13   7.6485E-07   7.6494E-07   0.99989
FLUX 1147  7380.00        4.062229E+13   7.5631E-07   7.5696E-07   0.99914
FLUX 1148  7420.00        4.040330E+13   7.4556E-07   7.4911E-07   0.99526
FLUX 1149  7460.00        4.018666E+13   7.1486E-07   7.4138E-07   0.96423
FLUX 1150  7500.00        3.997233E+13   7.0302E-07   7.3378E-07   0.95808
FLUX 1151  7540.00        3.976028E+13   7.1970E-07   7.2629E-07   0.99092
FLUX 1152  7580.00        3.955046E+13   7.1744E-07   7.1891E-07   0.99795
FLUX 1153  7620.00        3.934285E+13   7.1158E-07   7.1165E-07   0.99990
FLUX 1154  7660.00        3.913740E+13   7.0444E-07   7.0449E-07   0.99992
FLUX 1155  7700.00        3.893409E+13   6.9743E-07   6.9745E-07   0.99997
FLUX 1156  7740.00        3.873288E+13   6.9044E-07   6.9050E-07   0.99990
FLUX 1157  7780.00        3.853374E+13   6.8188E-07   6.8367E-07   0.99739
FLUX 1158  7820.00        3.833664E+13   6.7690E-07   6.7693E-07   0.99997
FLUX 1159  7860.00        3.814154E+13   6.7027E-07   6.7029E-07   0.99998
FLUX 1160  7900.00        3.794842E+13   6.6373E-07   6.6374E-07   0.99999
FLUX 1161  7940.00        3.775724E+13   6.5729E-07   6.5730E-07   0.99998
FLUX 1162  7980.00        3.756798E+13   6.5093E-07   6.5094E-07   0.99998
FLUX 1163  8020.00        3.738061E+13   6.4466E-07   6.4468E-07   0.99997
FLUX 1164  8060.00        3.719510E+13   6.3849E-07   6.3851E-07   0.99997
FLUX 1165  8100.00        3.701142E+13   6.3241E-07   6.3242E-07   0.99997
FLUX 1166  8140.00        3.682955E+13   6.2438E-07   6.2643E-07   0.99673
FLUX 1167  8180.00        3.664945E+13   6.1923E-07   6.2051E-07   0.99794
FLUX 1168  8220.00        3.647111E+13   6.1467E-07   6.1468E-07   0.99998
FLUX 1169  8260.00        3.629449E+13   6.0892E-07   6.0893E-07   0.99998
FLUX 1170  8300.00        3.611958E+13   6.0325E-07   6.0327E-07   0.99998
FLUX 1171  8340.00        3.594634E+13   5.9761E-07   5.9768E-07   0.99988
FLUX 1172  8380.00        3.577476E+13   5.9208E-07   5.9216E-07   0.99985
FLUX 1173  8420.00        3.560481E+13   5.8667E-07   5.8672E-07   0.99991
FLUX 1174  8460.00        3.543647E+13   5.8135E-07   5.8136E-07   0.99998
FLUX 1175  8500.00        3.526971E+13   5.7607E-07   5.7607E-07   0.99999
FLUX 1176  8540.00        3.510451E+13   5.7084E-07   5.7085E-07   0.99998
FLUX 1177  8580.00        3.494085E+13   5.6569E-07   5.6571E-07   0.99997
FLUX 1178  8620.00        3.477871E+13   5.5993E-07   5.6063E-07   0.99875
FLUX 1179  8660.00        3.461807E+13   5.5175E-07   5.5562E-07   0.99303
FLUX 1180  8700.00        3.445891E+13   5.4862E-07   5.5067E-07   0.99627
FLUX 1181  8740.00        3.430120E+13   5.3637E-07   5.4580E-07   0.98273
FLUX 1182  8780.00        3.414493E+13   5.3172E-07   5.4098E-07   0.98288
FLUX 1183  8820.00        3.399008E+13   5.3569E-07   5.3623E-07   0.99898
FLUX 1184  8860.00        3.383663E+13   5.3150E-07   5.3154E-07   0.99991
FLUX 1185  8900.00        3.368455E+13   5.2688E-07   5.2692E-07   0.99993
FLUX 1186  8940.00        3.353384E+13   5.2234E-07   5.2235E-07   0.99998
FLUX 1187  8980.00        3.338447E+13   5.1780E-07   5.1784E-07   0.99993
FLUX 1188  9020.00        3.323642E+13   5.1338E-07   5.1339E-07   0.99998
FLUX 1189  9060.00        3.308968E+13   5.0899E-07   5.0900E-07   0.99999
FLUX 1190  9100.00        3.294423E+13   5.0465E-07   5.0466E-07   0.99997
FLUX 1191  9140.00        3.280005E+13   5.0035E-07   5.0038E-07   0.99993
FLUX 1192  9180.00        3.265714E+13   4.9614E-07   4.9615E-07   0.99998
FLUX 1193  9220.00        3.251546E+13   4.9197E-07   4.9198E-07   0.99998
FLUX 1194  9260.00        3.237500E+13   4.8785E-07   4.8786E-07   0.99998
FLUX 1195  9300.00        3.223575E+13   4.8377E-07   4.8379E-07   0.99998
FLUX 1196  9340.00        3.209770E+13   4.7902E-07   4.7977E-07   0.99845
FLUX 1197  9380.00        3.196082E+13   4.7065E-07   4.7580E-07   0.98918
FLUX 1198  9420.00        3.182511E+13   4.6933E-07   4.7187E-07   0.99460
FLUX 1199  9460.00        3.169054E+13   4.6782E-07   4.6800E-07   0.99960
FLUX 1200  9500.00        3.155711E+13   4.6416E-07   4.6418E-07   0.99997
FLUX 1201  9540.00        3.142479E+13   4.6035E-07   4.6040E-07   0.99989
FLUX 1202  9580.00        3.129358E+13   4.5666E-07   4.5666E-07   0.99999
FLUX 1203  9620.00        3.116346E+13   4.5296E-07   4.5298E-07   0.99997
FLUX 1204  9660.00        3.103442E+13   4.4933E-07   4.4933E-07   0.99999
FLUX 1205  9700.00        3.090644E+13   4.4573E-07   4.4573E-07   0.99999
FLUX 1206  9740.00        3.077952E+13   4.4214E-07   4.4217E-07   0.99993
FLUX 1207  9780.00        3.065363E+13   4.3865E-07   4.3866E-07   0.99998
FLUX 1208  9820.00        3.052877E+13   4.3515E-07   4.3519E-07   0.99992
FLUX 1209  9860.00        3.040492E+13   4.3174E-07   4.3175E-07   0.99997
FLUX 1210  9900.00        3.028207E+13   4.2836E-07   4.2836E-07   0.99999
FLUX 1211  9940.00        3.016021E+13   4.2500E-07   4.2501E-07   0.99998
FLUX 1212  9980.00        3.003933E+13   4.2169E-07   4.2170E-07   0.99998
FLUX 1213 10020.00        2.991941E+13   4.1841E-07   4.1842E-07   0.99998
FLUX 1214 20000.00        1.498963E+13   1.0733E-07   1.0733E-07   1.00000
FLUX 1215 40000.00        7.494813E+12   2.6846E-08   2.6846E-08   1.00000
FLUX 1216 60000.00        4.996542E+12   1.1856E-08   1.1856E-08   1.00000
FLUX 1217 80000.00        3.747406E+12   6.6255E-09   6.6255E-09   1.00000
FLUX 1218100000.00        2.997925E+12   4.2153E-09   4.2153E-09   1.00000
FLUX 1219120000.00        2.498271E+12   2.9121E-09   2.9121E-09   1.00000
FLUX 1220140000.00        2.141375E+12   2.1297E-09   2.1297E-09   1.00000
FLUX 1221160000.00        1.873703E+12   1.6239E-09   1.6239E-09   1.00000
FLUX
