TEFF   5500.  GRAVITY 3.00000 LTE 
TITLE  [-0.5] VTURB=2  L/H=1.25 NOVER NEW ODF                                   
FLUX    1     9.09        3.298047E+16   1.4386-193   1.4387-193   0.99998
FLUX    2     9.35        3.206337E+16   3.0380-188   3.0381-188   0.99998
FLUX    3     9.61        3.119589E+16   3.2935-183   3.2936-183   0.99998
FLUX    4     9.77        3.068500E+16   3.0353-180   3.0354-180   0.99998
FLUX    5     9.96        3.009965E+16   7.5560-177   7.5562-177   0.99998
FLUX    6    10.20        2.939142E+16   9.6722-173   9.6724-173   0.99998
FLUX    7    10.38        2.888174E+16   8.7215-170   8.7216-170   0.99998
FLUX    8    10.56        2.838944E+16   6.2254-167   6.2255-167   0.99998
FLUX    9    10.77        2.783589E+16   1.0037-163   1.0038-163   0.99998
FLUX   10    11.04        2.715512E+16   8.8123-160   8.8125-160   0.99998
FLUX   11    11.40        2.629759E+16   8.1256-155   8.1258-155   0.99998
FLUX   12    11.78        2.544928E+16   6.5904-150   6.5905-150   0.99998
FLUX   13    12.13        2.471496E+16   1.1640-145   1.1640-145   0.99998
FLUX   14    12.48        2.402184E+16   1.1812-141   1.1813-141   0.99998
FLUX   15    12.71        2.358714E+16   3.8373-139   3.8374-139   0.99998
FLUX   16    12.84        2.334833E+16   9.1965-138   9.1967-138   0.99998
FLUX   17    13.05        2.297260E+16   1.3602-135   1.3602-135   0.99998
FLUX   18    13.24        2.264294E+16   1.0886-133   1.0886-133   0.99998
FLUX   19    13.39        2.238928E+16   3.1695-132   3.1696-132   0.99998
FLUX   20    13.66        2.194674E+16   1.1340-129   1.1340-129   0.99998
FLUX   21    13.98        2.144439E+16   8.9596-127   8.9598-127   0.99998
FLUX   22    14.33        2.092062E+16   9.3615-124   9.3617-124   0.99998
FLUX   23    14.72        2.036634E+16   1.4611-120   1.4612-120   0.99998
FLUX   24    15.10        1.985381E+16   1.3059-117   1.3059-117   0.99998
FLUX   25    15.52        1.931653E+16   1.6138-114   1.6139-114   0.99998
FLUX   26    15.88        1.887862E+16   5.3209-112   5.3210-112   0.99998
FLUX   27    16.20        1.850571E+16   7.4020-110   7.4021-110   0.99998
FLUX   28    16.60        1.805979E+16   2.6979-107   2.6979-107   0.99998
FLUX   29    17.03        1.760379E+16   1.1195-104   1.1195-104   0.99998
FLUX   30    17.34        1.728907E+16   7.1559-103   7.1560-103   0.99998
FLUX   31    17.68        1.695659E+16   5.7724-101   5.7725-101   0.99998
FLUX   32    18.02        1.663665E+16   3.9373E-99   3.9373E-99   0.99998
FLUX   33    18.17        1.649931E+16   2.4104E-98   2.4105E-98   0.99998
FLUX   34    18.61        1.610921E+16   4.1352E-96   4.1353E-96   0.99998
FLUX   35    19.10        1.569594E+16   9.5890E-94   9.5892E-94   0.99998
FLUX   36    19.39        1.546119E+16   2.1070E-92   2.1070E-92   0.99998
FLUX   37    19.84        1.511051E+16   2.1247E-90   2.1247E-90   0.99998
FLUX   38    20.18        1.485592E+16   6.0511E-89   6.0512E-89   0.99998
FLUX   39    20.50        1.462402E+16   1.2784E-87   1.2785E-87   0.99998
FLUX   40    21.05        1.424192E+16   1.9337E-85   1.9338E-85   0.99998
FLUX   41    21.62        1.386644E+16   2.6714E-83   2.6714E-83   0.99998
FLUX   42    21.98        1.363933E+16   5.2540E-82   5.2541E-82   0.99998
FLUX   43    22.30        1.344361E+16   6.8235E-81   6.8236E-81   0.99998
FLUX   44    22.68        1.321836E+16   1.3042E-79   1.3043E-79   0.99998
FLUX   45    23.00        1.303446E+16   1.4504E-78   1.4504E-78   0.99998
FLUX   46    23.40        1.281165E+16   2.6744E-77   2.6744E-77   0.99998
FLUX   47    24.00        1.249135E+16   1.7598E-75   1.7598E-75   0.99998
FLUX   48    24.65        1.216197E+16   1.2998E-73   1.2999E-73   0.99998
FLUX   49    25.24        1.187767E+16   5.3108E-72   5.3109E-72   0.99998
FLUX   50    25.68        1.167416E+16   7.5463E-71   7.5464E-71   0.99998
FLUX   51    26.00        1.153048E+16   4.9092E-70   4.9093E-70   0.99998
FLUX   52    26.40        1.135578E+16   4.7792E-69   4.7793E-69   0.99998
FLUX   53    26.85        1.116546E+16   5.6849E-68   5.6850E-68   0.99998
FLUX   54    27.35        1.096133E+16   8.0738E-67   8.0740E-67   0.99998
FLUX   55    27.85        1.076454E+16   1.0420E-65   1.0420E-65   0.99998
FLUX   56    28.40        1.055607E+16   1.5604E-64   1.5604E-64   0.99998
FLUX   57    29.00        1.033767E+16   2.6503E-63   2.6503E-63   0.99998
FLUX   58    29.60        1.012812E+16   3.9967E-62   3.9967E-62   0.99998
FLUX   59    30.10        9.959883E+15   3.5290E-61   3.5292E-61   0.99992
FLUX   60    30.80        9.733523E+15   6.5923E-60   6.5925E-60   0.99998
FLUX   61    31.80        9.427437E+15   3.4328E-58   3.4329E-58   0.99998
FLUX   62    32.80        9.140015E+15   1.3965E-56   1.3965E-56   0.99998
FLUX   63    33.80        8.869601E+15   4.5324E-55   4.5325E-55   0.99998
FLUX   64    34.80        8.614727E+15   1.1986E-53   1.1987E-53   0.99998
FLUX   65    35.70        8.397549E+15   1.9424E-52   1.9424E-52   0.99998
FLUX   66    36.60        8.191052E+15   2.7385E-51   2.7386E-51   0.99998
FLUX   67    37.50        7.994467E+15   3.3844E-50   3.3845E-50   0.99998
FLUX   68    38.50        7.786818E+15   4.7994E-49   4.7995E-49   0.99998
FLUX   69    39.50        7.589683E+15   5.9222E-48   5.9223E-48   0.99998
FLUX   70    40.50        7.402284E+15   6.4306E-47   6.4307E-47   0.99998
FLUX   71    41.40        7.241364E+15   4.9709E-46   4.9710E-46   0.99998
FLUX   72    42.20        7.104087E+15   2.8371E-45   2.8371E-45   0.99998
FLUX   73    43.00        6.971919E+15   1.5143E-44   1.5143E-44   0.99998
FLUX   74    44.10        6.798016E+15   1.3670E-43   1.3670E-43   0.99998
FLUX   75    45.10        6.647284E+15   9.1692E-43   9.1693E-43   0.99998
FLUX   76    46.00        6.517228E+15   4.7257E-42   4.7257E-42   0.99998
FLUX   77    47.00        6.378564E+15   2.7082E-41   2.7083E-41   0.99998
FLUX   78    48.00        6.245677E+15   1.4385E-40   1.4385E-40   0.99998
FLUX   79    49.00        6.118214E+15   7.1218E-40   7.1219E-40   0.99998
FLUX   80    50.00        5.995850E+15   3.2959E-39   3.2959E-39   0.99998
FLUX   81    50.60        5.924753E+15   1.0674E-38   1.2167E-38   0.87730
FLUX   82    51.20        5.855322E+15   2.8498E-38   2.8843E-38   0.98803
FLUX   83    52.00        5.765240E+15   8.7425E-38   8.8263E-38   0.99051
FLUX   84    53.00        5.656462E+15   3.3991E-37   3.3991E-37   0.99998
FLUX   85    54.00        5.551713E+15   1.2355E-36   1.2425E-36   0.99441
FLUX   86    55.00        5.450773E+15   4.3252E-36   4.3253E-36   0.99998
FLUX   87    56.00        5.353437E+15   1.4369E-35   1.4370E-35   0.99998
FLUX   88    57.00        5.259517E+15   4.5671E-35   4.5672E-35   0.99998
FLUX   89    58.00        5.168836E+15   1.3771E-34   1.3922E-34   0.98919
FLUX   90    59.00        5.081229E+15   4.0772E-34   4.0778E-34   0.99986
FLUX   91    60.00        4.996542E+15   1.1500E-33   1.1502E-33   0.99982
FLUX   92    61.00        4.914631E+15   3.1299E-33   3.1300E-33   0.99998
FLUX   93    62.00        4.835363E+15   8.2314E-33   8.2321E-33   0.99991
FLUX   94    63.00        4.758611E+15   2.0959E-32   2.0960E-32   0.99993
FLUX   95    64.00        4.684258E+15   5.1773E-32   5.1774E-32   0.99998
FLUX   96    65.00        4.612192E+15   1.2418E-31   1.2418E-31   0.99998
FLUX   97    65.80        4.556117E+15   2.4503E-31   2.4504E-31   0.99997
FLUX   98    66.50        4.508158E+15   4.3768E-31   4.3784E-31   0.99964
FLUX   99    67.50        4.441370E+15   9.8110E-31   9.8134E-31   0.99975
FLUX  100    68.50        4.376533E+15   2.1451E-30   2.1451E-30   0.99998
FLUX  101    69.50        4.313561E+15   4.5782E-30   4.5783E-30   0.99998
FLUX  102    70.50        4.252376E+15   9.5391E-30   9.5503E-30   0.99883
FLUX  103    71.60        4.187046E+15   2.0905E-29   2.0907E-29   0.99993
FLUX  104    72.60        4.129373E+15   4.1694E-29   4.1695E-29   0.99998
FLUX  105    73.50        4.078809E+15   7.6302E-29   7.6309E-29   0.99992
FLUX  106    74.50        4.024060E+15   1.4665E-28   1.4668E-28   0.99979
FLUX  107    75.50        3.970762E+15   2.7668E-28   2.7677E-28   0.99968
FLUX  108    76.50        3.918856E+15   5.1301E-28   5.1305E-28   0.99992
FLUX  109    77.50        3.868290E+15   9.3472E-28   9.3495E-28   0.99976
FLUX  110    78.50        3.819013E+15   1.6761E-27   1.6761E-27   0.99998
FLUX  111    79.50        3.770975E+15   2.9467E-27   2.9578E-27   0.99625
FLUX  112    80.50        3.724130E+15   5.1351E-27   5.1411E-27   0.99883
FLUX  113    81.50        3.678436E+15   8.8050E-27   8.8065E-27   0.99983
FLUX  114    82.50        3.633848E+15   1.4876E-26   1.4877E-26   0.99990
FLUX  115    83.50        3.590329E+15   2.4797E-26   2.4799E-26   0.99993
FLUX  116    84.50        3.547840E+15   4.0799E-26   4.0802E-26   0.99993
FLUX  117    85.50        3.506345E+15   6.6296E-26   6.6297E-26   0.99998
FLUX  118    86.50        3.465809E+15   1.0642E-25   1.0642E-25   0.99997
FLUX  119    87.50        3.426200E+15   1.6873E-25   1.6883E-25   0.99939
FLUX  120    88.50        3.387486E+15   2.6486E-25   2.6488E-25   0.99992
FLUX  121    89.50        3.349637E+15   4.1105E-25   4.1106E-25   0.99998
FLUX  122    90.50        3.312624E+15   6.3115E-25   6.3123E-25   0.99988
FLUX  123    91.50        3.276421E+15   2.2046E-21   5.6395E-21   0.39092
FLUX  124    92.50        3.241000E+15   8.2106E-21   8.8269E-21   0.93018
FLUX  125    93.50        3.206337E+15   1.2639E-20   1.3668E-20   0.92468
FLUX  126    94.50        3.172407E+15   1.9455E-20   2.0958E-20   0.92830
FLUX  127    95.50        3.139188E+15   3.0723E-20   3.1852E-20   0.96454
FLUX  128    96.50        3.106658E+15   4.6374E-20   4.7896E-20   0.96822
FLUX  129    97.50        3.074795E+15   6.8925E-20   7.1312E-20   0.96653
FLUX  130    98.50        3.043579E+15   1.0234E-19   1.0596E-19   0.96581
FLUX  131    99.50        3.012990E+15   1.5018E-19   1.5553E-19   0.96557
FLUX  132   100.50        2.983010E+15   2.2347E-19   2.2643E-19   0.98695
FLUX  133   101.50        2.953621E+15   3.2240E-19   3.2651E-19   0.98744
FLUX  134   102.50        2.924805E+15   4.4194E-19   4.7005E-19   0.94021
FLUX  135   103.50        2.896546E+15   6.6245E-19   6.6918E-19   0.98994
FLUX  136   104.50        2.868828E+15   9.3958E-19   9.4732E-19   0.99183
FLUX  137   105.50        2.841635E+15   1.3182E-18   1.3316E-18   0.98990
FLUX  138   106.50        2.814953E+15   1.8419E-18   1.8596E-18   0.99045
FLUX  139   107.50        2.788767E+15   2.5600E-18   2.5805E-18   0.99206
FLUX  140   108.50        2.763064E+15   3.5355E-18   3.5586E-18   0.99353
FLUX  141   109.50        2.737831E+15   4.8353E-18   4.8772E-18   0.99141
FLUX  142   110.50        2.713054E+15   1.3934E-17   7.6960E-17   0.18106
FLUX  143   111.50        2.688722E+15   4.4690E-17   1.0257E-16   0.43571
FLUX  144   112.50        2.664822E+15   6.9495E-17   1.3372E-16   0.51970
FLUX  145   113.50        2.641344E+15   1.0860E-16   1.7080E-16   0.63579
FLUX  146   114.50        2.618275E+15   1.4618E-16   2.1412E-16   0.68271
FLUX  147   115.50        2.595606E+15   1.7317E-16   2.6292E-16   0.65865
FLUX  148   116.50        2.573326E+15   2.3533E-16   3.1445E-16   0.74841
FLUX  149   117.50        2.551426E+15   2.9704E-16   3.6180E-16   0.82098
FLUX  150   118.50        2.529894E+15   3.3518E-16   5.7130E-16   0.58670
FLUX  151   119.50        2.508724E+15   1.9919E-16   7.0549E-16   0.28234
FLUX  152   120.50        2.487905E+15   1.6410E-16   8.6730E-16   0.18921
FLUX  153   121.50        2.467428E+15   9.5622E-17   1.0621E-15   0.09003
FLUX  154   122.50        2.447286E+15   2.4220E-16   1.3008E-15   0.18620
FLUX  155   123.50        2.427470E+15   6.0418E-16   1.5826E-15   0.38175
FLUX  156   124.50        2.407972E+15   1.1620E-15   1.3636E-15   0.85211
FLUX  157   125.50        2.388785E+15   1.6835E-15   2.0047E-15   0.83981
FLUX  158   126.50        2.369901E+15   1.9396E-15   2.6748E-15   0.72514
FLUX  159   127.50        2.351314E+15   2.5782E-15   3.3724E-15   0.76449
FLUX  160   128.50        2.333016E+15   3.2020E-15   4.1933E-15   0.76362
FLUX  161   129.50        2.315000E+15   4.0949E-15   5.1237E-15   0.79921
FLUX  162   130.50        2.297261E+15   4.3589E-15   6.2190E-15   0.70090
FLUX  163   131.50        2.279791E+15   5.6899E-15   7.4923E-15   0.75943
FLUX  164   132.50        2.262585E+15   6.3518E-15   8.9832E-15   0.70708
FLUX  165   133.50        2.245637E+15   7.5403E-15   1.0720E-14   0.70338
FLUX  166   134.50        2.228940E+15   8.8349E-15   1.2743E-14   0.69332
FLUX  167   135.50        2.212491E+15   1.0565E-14   1.5165E-14   0.69667
FLUX  168   136.50        2.196282E+15   1.1839E-14   1.8119E-14   0.65342
FLUX  169   137.50        2.180309E+15   1.3680E-14   2.1576E-14   0.63405
FLUX  170   138.50        2.164567E+15   1.5911E-14   2.5613E-14   0.62119
FLUX  171   139.50        2.149050E+15   1.8538E-14   3.0315E-14   0.61150
FLUX  172   140.50        2.133754E+15   2.2680E-14   3.5781E-14   0.63387
FLUX  173   141.50        2.118675E+15   2.6487E-14   4.2119E-14   0.62887
FLUX  174   142.50        2.103807E+15   3.0591E-14   4.9457E-14   0.61853
FLUX  175   143.50        2.089146E+15   3.6556E-14   5.7930E-14   0.63105
FLUX  176   144.20        2.079005E+15   4.6139E-14   6.4621E-14   0.71399
FLUX  177   144.70        2.071821E+15   4.3962E-14   6.9833E-14   0.62953
FLUX  178   145.50        2.060430E+15   5.1809E-14   7.8939E-14   0.65631
FLUX  179   146.50        2.046365E+15   6.3747E-14   9.1830E-14   0.69418
FLUX  180   147.50        2.032492E+15   6.6276E-14   1.0659E-13   0.62179
FLUX  181   148.50        2.018805E+15   7.9590E-14   1.2346E-13   0.64468
FLUX  182   149.50        2.005301E+15   1.0413E-13   1.4269E-13   0.72979
FLUX  183   150.50        1.991977E+15   1.2866E-13   1.6458E-13   0.78173
FLUX  184   151.20        1.982755E+15   1.1159E-13   1.8166E-13   0.61429
FLUX  185   151.70        1.976220E+15   1.4562E-13   2.4586E-13   0.59230
FLUX  186   152.50        1.965852E+15   2.1966E-13   8.0021E-13   0.27450
FLUX  187   153.50        1.953046E+15   7.2614E-13   3.6105E-12   0.20112
FLUX  188   154.50        1.940405E+15   7.3427E-13   4.1322E-12   0.17769
FLUX  189   155.50        1.927926E+15   1.2073E-12   4.7180E-12   0.25590
FLUX  190   156.50        1.915607E+15   1.1686E-12   5.3788E-12   0.21725
FLUX  191   157.50        1.903444E+15   2.1054E-12   6.9801E-12   0.30163
FLUX  192   158.50        1.891435E+15   2.6551E-12   7.9153E-12   0.33544
FLUX  193   159.50        1.879577E+15   3.1752E-12   8.9550E-12   0.35457
FLUX  194   160.50        1.867866E+15   3.5509E-12   1.0103E-11   0.35145
FLUX  195   161.50        1.856300E+15   4.0663E-12   1.1367E-11   0.35774
FLUX  196   162.50        1.844877E+15   4.8864E-12   1.3192E-11   0.37042
FLUX  197   163.50        1.833593E+15   5.5737E-12   1.4804E-11   0.37651
FLUX  198   164.50        1.822447E+15   8.2571E-12   1.6577E-11   0.49812
FLUX  199   165.50        1.811435E+15   4.8405E-12   1.8526E-11   0.26129
FLUX  200   166.50        1.800556E+15   9.8660E-12   2.0665E-11   0.47742
FLUX  201   167.20        1.793017E+15   6.6332E-12   2.2283E-11   0.29768
FLUX  202   167.70        1.787671E+15   1.0751E-11   4.4443E-11   0.24190
FLUX  203   168.50        1.779184E+15   1.9259E-11   1.4305E-10   0.13463
FLUX  204   169.50        1.768687E+15   3.2761E-11   1.6403E-10   0.19972
FLUX  205   170.50        1.758314E+15   3.9293E-11   1.8868E-10   0.20825
FLUX  206   171.50        1.748061E+15   3.8692E-11   4.6028E-10   0.08406
FLUX  207   172.50        1.737928E+15   5.0359E-11   5.4700E-10   0.09206
FLUX  208   173.50        1.727911E+15   6.2164E-11   6.2840E-10   0.09892
FLUX  209   174.50        1.718009E+15   8.5057E-11   7.2383E-10   0.11751
FLUX  210   175.50        1.708219E+15   1.2055E-10   8.1117E-10   0.14861
FLUX  211   176.50        1.698541E+15   1.1556E-10   9.0159E-10   0.12818
FLUX  212   177.50        1.688972E+15   1.3082E-10   9.9450E-10   0.13154
FLUX  213   178.50        1.679510E+15   1.6993E-10   1.0872E-09   0.15629
FLUX  214   179.50        1.670153E+15   2.2180E-10   1.1800E-09   0.18797
FLUX  215   180.50        1.660900E+15   2.1519E-10   1.2767E-09   0.16856
FLUX  216   181.50        1.651749E+15   2.1256E-10   1.3748E-09   0.15460
FLUX  217   182.50        1.642699E+15   2.6038E-10   1.4741E-09   0.17664
FLUX  218   183.50        1.633747E+15   3.1163E-10   1.5668E-09   0.19890
FLUX  219   184.50        1.624892E+15   2.2930E-10   1.6601E-09   0.13813
FLUX  220   185.50        1.616132E+15   3.5175E-10   1.7573E-09   0.20017
FLUX  221   186.50        1.607466E+15   4.4405E-10   1.8424E-09   0.24102
FLUX  222   187.50        1.598893E+15   4.9184E-10   2.2333E-09   0.22024
FLUX  223   188.50        1.590411E+15   5.5406E-10   2.3013E-09   0.24076
FLUX  224   189.50        1.582018E+15   7.0408E-10   2.3611E-09   0.29820
FLUX  225   190.50        1.573714E+15   6.7989E-10   2.4123E-09   0.28184
FLUX  226   191.50        1.565496E+15   7.5174E-10   2.4660E-09   0.30484
FLUX  227   192.50        1.557364E+15   7.4253E-10   2.5178E-09   0.29491
FLUX  228   193.50        1.549315E+15   5.2986E-10   2.5653E-09   0.20655
FLUX  229   194.50        1.541350E+15   1.0557E-09   2.6289E-09   0.40156
FLUX  230   195.50        1.533465E+15   1.1036E-09   2.6963E-09   0.40930
FLUX  231   196.70        1.524110E+15   1.4735E-09   2.7768E-09   0.53064
FLUX  232   197.60        1.517168E+15   1.4139E-09   3.4872E-09   0.40547
FLUX  233   198.40        1.511051E+15   1.5062E-09   3.5938E-09   0.41910
FLUX  234   199.50        1.502719E+15   1.7242E-09   4.1500E-09   0.41547
FLUX  235   200.50        1.495224E+15   1.8475E-09   4.3590E-09   0.42384
FLUX  236   201.50        1.487804E+15   2.0150E-09   4.6202E-09   0.43614
FLUX  237   202.50        1.480457E+15   1.7083E-09   4.8775E-09   0.35024
FLUX  238   203.50        1.473182E+15   2.4631E-09   5.1464E-09   0.47862
FLUX  239   204.50        1.465978E+15   2.9527E-09   5.4624E-09   0.54055
FLUX  240   205.50        1.458844E+15   2.8572E-09   5.7608E-09   0.49598
FLUX  241   206.50        1.451780E+15   2.8841E-09   6.0422E-09   0.47733
FLUX  242   207.40        1.445480E+15   3.0688E-09   6.2875E-09   0.48807
FLUX  243   207.80        1.442697E+15   4.8671E-09   6.5097E-08   0.07477
FLUX  244   208.50        1.437854E+15   5.7209E-09   6.8681E-08   0.08330
FLUX  245   209.50        1.430990E+15   1.1265E-08   7.3683E-08   0.15288
FLUX  246   210.50        1.424192E+15   1.8297E-08   7.8201E-08   0.23398
FLUX  247   211.50        1.417459E+15   2.2173E-08   8.2066E-08   0.27019
FLUX  248   212.50        1.410788E+15   1.7459E-08   8.5905E-08   0.20323
FLUX  249   213.50        1.404180E+15   1.7191E-08   8.9744E-08   0.19155
FLUX  250   214.50        1.397634E+15   2.5756E-08   9.3239E-08   0.27623
FLUX  251   215.50        1.391148E+15   2.7292E-08   9.6649E-08   0.28238
FLUX  252   216.50        1.384723E+15   2.3707E-08   1.0013E-07   0.23676
FLUX  253   217.50        1.378356E+15   2.5765E-08   1.0366E-07   0.24855
FLUX  254   218.50        1.372048E+15   3.4182E-08   1.0756E-07   0.31780
FLUX  255   219.50        1.365797E+15   3.5117E-08   1.1156E-07   0.31477
FLUX  256   220.50        1.359603E+15   3.3566E-08   1.1569E-07   0.29015
FLUX  257   221.50        1.353465E+15   2.2072E-08   1.1998E-07   0.18396
FLUX  258   222.50        1.347382E+15   3.0064E-08   1.2665E-07   0.23737
FLUX  259   223.50        1.341353E+15   4.5251E-08   1.3145E-07   0.34426
FLUX  260   224.50        1.335379E+15   4.2805E-08   1.3635E-07   0.31395
FLUX  261   225.50        1.329457E+15   2.9142E-08   1.5566E-07   0.18722
FLUX  262   226.50        1.323587E+15   2.6458E-08   1.6043E-07   0.16492
FLUX  263   227.50        1.317769E+15   3.6174E-08   1.6520E-07   0.21897
FLUX  264   228.50        1.312002E+15   4.8099E-08   1.6993E-07   0.28305
FLUX  265   229.50        1.306285E+15   3.9123E-08   1.7465E-07   0.22401
FLUX  266   230.50        1.300618E+15   5.1801E-08   1.7922E-07   0.28904
FLUX  267   231.50        1.295000E+15   4.0004E-08   1.8381E-07   0.21763
FLUX  268   232.50        1.289430E+15   3.7249E-08   1.8844E-07   0.19767
FLUX  269   233.50        1.283908E+15   2.0875E-08   1.9672E-07   0.10612
FLUX  270   234.50        1.278433E+15   1.1545E-08   2.0125E-07   0.05737
FLUX  271   235.50        1.273004E+15   3.4050E-08   2.0580E-07   0.16545
FLUX  272   236.50        1.267622E+15   1.3575E-08   2.1039E-07   0.06452
FLUX  273   237.50        1.262284E+15   2.1308E-08   2.1502E-07   0.09910
FLUX  274   238.50        1.256992E+15   8.8726E-09   2.1975E-07   0.04038
FLUX  275   239.50        1.251743E+15   1.3146E-08   2.2449E-07   0.05856
FLUX  276   240.50        1.246538E+15   1.2931E-08   2.2923E-07   0.05641
FLUX  277   241.50        1.241377E+15   2.2405E-08   2.3401E-07   0.09575
FLUX  278   242.50        1.236258E+15   5.3650E-08   2.3883E-07   0.22464
FLUX  279   243.50        1.231181E+15   5.7832E-08   2.4371E-07   0.23730
FLUX  280   244.50        1.226145E+15   7.4087E-08   2.5440E-07   0.29122
FLUX  281   245.50        1.221151E+15   7.8466E-08   2.5915E-07   0.30278
FLUX  282   246.50        1.216197E+15   6.4365E-08   2.6391E-07   0.24389
FLUX  283   247.50        1.211283E+15   5.6276E-08   2.6863E-07   0.20949
FLUX  284   248.50        1.206408E+15   2.5696E-08   2.7339E-07   0.09399
FLUX  285   249.50        1.201573E+15   4.3509E-08   2.7819E-07   0.15640
FLUX  286   250.50        1.196776E+15   7.0210E-08   2.8760E-07   0.24413
FLUX  287   251.30        1.192967E+15   2.6685E-08   2.9129E-07   0.09161
FLUX  288   251.80        1.190598E+15   1.6068E-08   5.5716E-07   0.02884
FLUX  289   252.50        1.187297E+15   1.6899E-08   5.6508E-07   0.02991
FLUX  290   253.50        1.182613E+15   3.0453E-08   5.7639E-07   0.05283
FLUX  291   254.50        1.177967E+15   4.6002E-08   5.8768E-07   0.07828
FLUX  292   255.50        1.173356E+15   1.0333E-07   5.9907E-07   0.17248
FLUX  293   256.50        1.168782E+15   7.1123E-08   6.1056E-07   0.11649
FLUX  294   257.50        1.164243E+15   9.3473E-08   6.2215E-07   0.15024
FLUX  295   258.50        1.159739E+15   7.0764E-08   6.3385E-07   0.11164
FLUX  296   259.50        1.155270E+15   5.7818E-08   6.4564E-07   0.08955
FLUX  297   260.50        1.150835E+15   4.0115E-08   6.5752E-07   0.06101
FLUX  298   261.50        1.146434E+15   3.7021E-08   6.6942E-07   0.05530
FLUX  299   262.50        1.142067E+15   5.8045E-08   6.8143E-07   0.08518
FLUX  300   263.50        1.137732E+15   1.4206E-07   6.9710E-07   0.20379
FLUX  301   264.50        1.133431E+15   2.2429E-07   7.0926E-07   0.31623
FLUX  302   265.50        1.129162E+15   2.9859E-07   7.2156E-07   0.41382
FLUX  303   266.50        1.124925E+15   1.9231E-07   7.3395E-07   0.26202
FLUX  304   267.50        1.120720E+15   2.2298E-07   7.4644E-07   0.29873
FLUX  305   268.50        1.116546E+15   2.5626E-07   7.5897E-07   0.33764
FLUX  306   269.50        1.112403E+15   1.8953E-07   7.7154E-07   0.24566
FLUX  307   270.50        1.108290E+15   2.4006E-07   7.8818E-07   0.30458
FLUX  308   271.50        1.104208E+15   1.6192E-07   8.0069E-07   0.20222
FLUX  309   272.50        1.100156E+15   1.3337E-07   8.1328E-07   0.16399
FLUX  310   273.50        1.096133E+15   1.6712E-07   8.2595E-07   0.20233
FLUX  311   274.50        1.092140E+15   6.9032E-08   8.3870E-07   0.08231
FLUX  312   275.50        1.088176E+15   1.1048E-07   8.5152E-07   0.12974
FLUX  313   276.50        1.084240E+15   1.5944E-07   8.6432E-07   0.18447
FLUX  314   277.50        1.080333E+15   1.7596E-07   8.7713E-07   0.20061
FLUX  315   278.50        1.076454E+15   7.9581E-08   8.9003E-07   0.08941
FLUX  316   279.50        1.072603E+15   2.4299E-08   9.0302E-07   0.02691
FLUX  317   280.50        1.068779E+15   3.1715E-08   9.1607E-07   0.03462
FLUX  318   281.50        1.064982E+15   1.3541E-07   9.2921E-07   0.14573
FLUX  319   282.50        1.061212E+15   2.5827E-07   9.4248E-07   0.27404
FLUX  320   283.50        1.057469E+15   2.5646E-07   9.5584E-07   0.26831
FLUX  321   284.50        1.053752E+15   1.8508E-07   9.6929E-07   0.19094
FLUX  322   285.50        1.050061E+15   8.3147E-08   9.8274E-07   0.08461
FLUX  323   286.50        1.046396E+15   2.6430E-07   9.9625E-07   0.26529
FLUX  324   287.50        1.042757E+15   3.4696E-07   1.0098E-06   0.34358
FLUX  325   288.50        1.039142E+15   3.0932E-07   1.0235E-06   0.30223
FLUX  326   289.50        1.035553E+15   3.5313E-07   1.0371E-06   0.34050
FLUX  327   291.00        1.030215E+15   4.7588E-07   1.0604E-06   0.44880
FLUX  328   293.00        1.023183E+15   4.3763E-07   1.0878E-06   0.40231
FLUX  329   295.00        1.016246E+15   4.3069E-07   1.1159E-06   0.38597
FLUX  330   297.00        1.009402E+15   4.7672E-07   1.1434E-06   0.41695
FLUX  331   299.00        1.002650E+15   4.8330E-07   1.1710E-06   0.41271
FLUX  332   301.00        9.959884E+14   5.1718E-07   1.1989E-06   0.43136
FLUX  333   303.00        9.894142E+14   5.4089E-07   1.2270E-06   0.44082
FLUX  334   305.00        9.829262E+14   5.8047E-07   1.2549E-06   0.46256
FLUX  335   307.00        9.765228E+14   5.5876E-07   1.2828E-06   0.43558
FLUX  336   309.00        9.702023E+14   5.6400E-07   1.3130E-06   0.42953
FLUX  337   311.00        9.639630E+14   6.0591E-07   1.3407E-06   0.45194
FLUX  338   313.00        9.578035E+14   5.7199E-07   1.3689E-06   0.41786
FLUX  339   315.00        9.517222E+14   5.5638E-07   1.3962E-06   0.39851
FLUX  340   317.00        9.457177E+14   6.2165E-07   1.4233E-06   0.43677
FLUX  341   319.00        9.397884E+14   5.6937E-07   1.4505E-06   0.39253
FLUX  342   321.00        9.339330E+14   6.5140E-07   1.4779E-06   0.44076
FLUX  343   323.00        9.281501E+14   5.5291E-07   1.5058E-06   0.36719
FLUX  344   325.00        9.224385E+14   7.6154E-07   1.5328E-06   0.49683
FLUX  345   327.00        9.167966E+14   8.9060E-07   1.5597E-06   0.57100
FLUX  346   329.00        9.112234E+14   8.7333E-07   1.5871E-06   0.55026
FLUX  347   331.00        9.057175E+14   8.5367E-07   1.6140E-06   0.52890
FLUX  348   333.00        9.002778E+14   8.6701E-07   1.6408E-06   0.52841
FLUX  349   335.00        8.949030E+14   8.5060E-07   1.6673E-06   0.51016
FLUX  350   337.00        8.895920E+14   6.7635E-07   1.6944E-06   0.39917
FLUX  351   339.00        8.843436E+14   8.1025E-07   1.7215E-06   0.47066
FLUX  352   341.00        8.791569E+14   8.6613E-07   1.7482E-06   0.49543
FLUX  353   343.00        8.740306E+14   9.4212E-07   1.7748E-06   0.53083
FLUX  354   345.00        8.689638E+14   9.9554E-07   1.8018E-06   0.55254
FLUX  355   347.00        8.639553E+14   1.0226E-06   1.8293E-06   0.55902
FLUX  356   349.00        8.590043E+14   1.0933E-06   1.8568E-06   0.58878
FLUX  357   351.00        8.541097E+14   1.1642E-06   1.8843E-06   0.61783
FLUX  358   353.00        8.492705E+14   1.0986E-06   1.9117E-06   0.57470
FLUX  359   355.00        8.444859E+14   1.2823E-06   1.9398E-06   0.66106
FLUX  360   357.00        8.397549E+14   1.0397E-06   1.9691E-06   0.52802
FLUX  361   359.00        8.350766E+14   1.0524E-06   1.9984E-06   0.52659
FLUX  362   361.00        8.304501E+14   1.1661E-06   2.0278E-06   0.57504
FLUX  363   363.00        8.258746E+14   1.1912E-06   2.0572E-06   0.57906
FLUX  364   364.00        8.236058E+14   1.1993E-06   2.0720E-06   0.57882
FLUX  365   365.00        8.213493E+14   1.3437E-06   2.8421E-06   0.47277
FLUX  366   367.00        8.168733E+14   1.3657E-06   2.8792E-06   0.47433
FLUX  367   369.00        8.124458E+14   1.3587E-06   2.9161E-06   0.46594
FLUX  368   371.00        8.080660E+14   1.5275E-06   2.9531E-06   0.51724
FLUX  369   373.00        8.037332E+14   1.3439E-06   2.9899E-06   0.44950
FLUX  370   375.00        7.994467E+14   1.5084E-06   3.0266E-06   0.49839
FLUX  371   377.00        7.952056E+14   1.7088E-06   3.0721E-06   0.55623
FLUX  372   379.00        7.910092E+14   1.7864E-06   3.1109E-06   0.57425
FLUX  373   381.00        7.868569E+14   1.8355E-06   3.1494E-06   0.58279
FLUX  374   383.00        7.827480E+14   1.3771E-06   3.1877E-06   0.43200
FLUX  375   385.00        7.786818E+14   1.6414E-06   3.2267E-06   0.50869
FLUX  376   387.00        7.746576E+14   1.5890E-06   3.2646E-06   0.48672
FLUX  377   389.00        7.706748E+14   1.7146E-06   3.3040E-06   0.51893
FLUX  378   391.00        7.667327E+14   1.9492E-06   3.3436E-06   0.58295
FLUX  379   393.00        7.628308E+14   1.0263E-06   3.3829E-06   0.30337
FLUX  380   395.00        7.589683E+14   1.7968E-06   3.4218E-06   0.52510
FLUX  381   397.00        7.551448E+14   1.2267E-06   3.4604E-06   0.35449
FLUX  382   399.00        7.513596E+14   2.3595E-06   3.4987E-06   0.67440
FLUX  383   401.00        7.476122E+14   2.5520E-06   3.5385E-06   0.72122
FLUX  384   403.00        7.439020E+14   2.5572E-06   3.5781E-06   0.71467
FLUX  385   405.00        7.402284E+14   2.5387E-06   3.6173E-06   0.70181
FLUX  386   407.00        7.365909E+14   2.5180E-06   3.6560E-06   0.68873
FLUX  387   409.00        7.329890E+14   2.8038E-06   3.6943E-06   0.75895
FLUX  388   411.00        7.294221E+14   2.7457E-06   3.7321E-06   0.73569
FLUX  389   413.00        7.258898E+14   2.8023E-06   3.7695E-06   0.74341
FLUX  390   415.00        7.223916E+14   2.8599E-06   3.8076E-06   0.75110
FLUX  391   417.00        7.189269E+14   2.8754E-06   3.8453E-06   0.74777
FLUX  392   419.00        7.154952E+14   2.8022E-06   3.8823E-06   0.72178
FLUX  393   421.00        7.120962E+14   2.8424E-06   3.9188E-06   0.72532
FLUX  394   423.00        7.087293E+14   2.7888E-06   3.9548E-06   0.70518
FLUX  395   425.00        7.053941E+14   2.8045E-06   3.9904E-06   0.70283
FLUX  396   427.00        7.020902E+14   2.6989E-06   4.0255E-06   0.67045
FLUX  397   429.00        6.988170E+14   2.4538E-06   4.0604E-06   0.60432
FLUX  398   431.00        6.955742E+14   2.0325E-06   4.0950E-06   0.49633
FLUX  399   433.00        6.923614E+14   2.9768E-06   4.1292E-06   0.72091
FLUX  400   435.00        6.891782E+14   2.8644E-06   4.1632E-06   0.68804
FLUX  401   437.00        6.860240E+14   3.1179E-06   4.1966E-06   0.74295
FLUX  402   439.00        6.828986E+14   2.9406E-06   4.2297E-06   0.69523
FLUX  403   441.00        6.798016E+14   3.1937E-06   4.2625E-06   0.74924
FLUX  404   443.00        6.767325E+14   3.4362E-06   4.2951E-06   0.80003
FLUX  405   445.00        6.736910E+14   3.4297E-06   4.3275E-06   0.79252
FLUX  406   447.00        6.706767E+14   3.5990E-06   4.3597E-06   0.82553
FLUX  407   449.00        6.676893E+14   3.6871E-06   4.3915E-06   0.83959
FLUX  408   451.00        6.647284E+14   3.9825E-06   4.4232E-06   0.90037
FLUX  409   453.00        6.617936E+14   3.7055E-06   4.4546E-06   0.83185
FLUX  410   455.00        6.588846E+14   3.8253E-06   4.4857E-06   0.85278
FLUX  411   457.00        6.560011E+14   4.0719E-06   4.5166E-06   0.90153
FLUX  412   459.00        6.531427E+14   3.9194E-06   4.5473E-06   0.86191
FLUX  413   461.00        6.503091E+14   4.0699E-06   4.5778E-06   0.88906
FLUX  414   463.00        6.475000E+14   4.0617E-06   4.6080E-06   0.88144
FLUX  415   465.00        6.447150E+14   4.1297E-06   4.6381E-06   0.89040
FLUX  416   467.00        6.419540E+14   4.2466E-06   4.6679E-06   0.90975
FLUX  417   469.00        6.392164E+14   4.2349E-06   4.6975E-06   0.90152
FLUX  418   471.00        6.365021E+14   4.1563E-06   4.7270E-06   0.87927
FLUX  419   473.00        6.338108E+14   4.3286E-06   4.7562E-06   0.91009
FLUX  420   475.00        6.311421E+14   4.4184E-06   4.7853E-06   0.92332
FLUX  421   477.00        6.284958E+14   4.4362E-06   4.8142E-06   0.92147
FLUX  422   479.00        6.258716E+14   4.4558E-06   4.8428E-06   0.92007
FLUX  423   481.00        6.232692E+14   4.4752E-06   4.8712E-06   0.91870
FLUX  424   483.00        6.206884E+14   4.5303E-06   4.8994E-06   0.92468
FLUX  425   485.00        6.181289E+14   4.3856E-06   4.9317E-06   0.88928
FLUX  426   487.00        6.155903E+14   4.0321E-06   4.9595E-06   0.81300
FLUX  427   489.00        6.130726E+14   4.5094E-06   4.9872E-06   0.90420
FLUX  428   491.00        6.105753E+14   4.5307E-06   5.0147E-06   0.90348
FLUX  429   493.00        6.080984E+14   4.5014E-06   5.0420E-06   0.89278
FLUX  430   495.00        6.056414E+14   4.6778E-06   5.0692E-06   0.92280
FLUX  431   497.00        6.032042E+14   4.7597E-06   5.0961E-06   0.93399
FLUX  432   499.00        6.007866E+14   4.5280E-06   5.1230E-06   0.88387
FLUX  433   501.00        5.983882E+14   4.4136E-06   5.1496E-06   0.85709
FLUX  434   503.00        5.960089E+14   4.6662E-06   5.1760E-06   0.90150
FLUX  435   505.00        5.936485E+14   4.6969E-06   5.2023E-06   0.90286
FLUX  436   507.00        5.913067E+14   4.8754E-06   5.2284E-06   0.93250
FLUX  437   509.00        5.889833E+14   4.7620E-06   5.2542E-06   0.90631
FLUX  438   511.00        5.866781E+14   4.8475E-06   5.2799E-06   0.91810
FLUX  439   513.00        5.843908E+14   4.7845E-06   5.3055E-06   0.90181
FLUX  440   515.00        5.821214E+14   4.7075E-06   5.3308E-06   0.88307
FLUX  441   517.00        5.798694E+14   4.5818E-06   5.3560E-06   0.85544
FLUX  442   519.00        5.776349E+14   4.6333E-06   5.3810E-06   0.86104
FLUX  443   521.00        5.754175E+14   4.8139E-06   5.4058E-06   0.89050
FLUX  444   523.00        5.732170E+14   4.9161E-06   5.4305E-06   0.90529
FLUX  445   525.00        5.710333E+14   5.0513E-06   5.4549E-06   0.92601
FLUX  446   527.00        5.688662E+14   4.7022E-06   5.4792E-06   0.85820
FLUX  447   529.00        5.667155E+14   5.1033E-06   5.5033E-06   0.92731
FLUX  448   531.00        5.645810E+14   5.2374E-06   5.5272E-06   0.94757
FLUX  449   533.00        5.624625E+14   4.9558E-06   5.5510E-06   0.89278
FLUX  450   535.00        5.603598E+14   5.2393E-06   5.5746E-06   0.93987
FLUX  451   537.00        5.582728E+14   5.2602E-06   5.5983E-06   0.93961
FLUX  452   539.00        5.562013E+14   5.2428E-06   5.6233E-06   0.93234
FLUX  453   541.00        5.541451E+14   5.1750E-06   5.6463E-06   0.91652
FLUX  454   543.00        5.521040E+14   5.2709E-06   5.6692E-06   0.92974
FLUX  455   545.00        5.500780E+14   5.4183E-06   5.6919E-06   0.95194
FLUX  456   547.00        5.480667E+14   5.3829E-06   5.7144E-06   0.94199
FLUX  457   549.00        5.460701E+14   5.4094E-06   5.7368E-06   0.94294
FLUX  458   551.00        5.440880E+14   5.4375E-06   5.7590E-06   0.94417
FLUX  459   553.00        5.421202E+14   5.5034E-06   5.7811E-06   0.95197
FLUX  460   555.00        5.401667E+14   5.5950E-06   5.8030E-06   0.96415
FLUX  461   557.00        5.382271E+14   5.5086E-06   5.8247E-06   0.94572
FLUX  462   559.00        5.363014E+14   5.4731E-06   5.8463E-06   0.93617
FLUX  463   561.00        5.343895E+14   5.6001E-06   5.8676E-06   0.95441
FLUX  464   563.00        5.324911E+14   5.6711E-06   5.8909E-06   0.96269
FLUX  465   565.00        5.306062E+14   5.6808E-06   5.9119E-06   0.96091
FLUX  466   567.00        5.287346E+14   5.6188E-06   5.9328E-06   0.94708
FLUX  467   569.00        5.268761E+14   5.7253E-06   5.9536E-06   0.96165
FLUX  468   571.00        5.250306E+14   5.6577E-06   5.9741E-06   0.94704
FLUX  469   573.00        5.231981E+14   5.9268E-06   5.9945E-06   0.98872
FLUX  470   575.00        5.213783E+14   5.8458E-06   6.0146E-06   0.97193
FLUX  471   577.00        5.195711E+14   5.9118E-06   6.0346E-06   0.97964
FLUX  472   579.00        5.177763E+14   5.8483E-06   6.0544E-06   0.96595
FLUX  473   581.00        5.159940E+14   5.9548E-06   6.0741E-06   0.98037
FLUX  474   583.00        5.142238E+14   6.0325E-06   6.0935E-06   0.98999
FLUX  475   585.00        5.124658E+14   5.9688E-06   6.1128E-06   0.97643
FLUX  476   587.00        5.107198E+14   6.0136E-06   6.1320E-06   0.98069
FLUX  477   589.00        5.089856E+14   5.8193E-06   6.1510E-06   0.94608
FLUX  478   591.00        5.072631E+14   6.0403E-06   6.1698E-06   0.97901
FLUX  479   593.00        5.055523E+14   6.0617E-06   6.1885E-06   0.97952
FLUX  480   595.00        5.038529E+14   6.1004E-06   6.2077E-06   0.98272
FLUX  481   597.00        5.021650E+14   6.1370E-06   6.2260E-06   0.98570
FLUX  482   599.00        5.004883E+14   6.1300E-06   6.2442E-06   0.98171
FLUX  483   601.00        4.988228E+14   6.0968E-06   6.2623E-06   0.97358
FLUX  484   603.00        4.971683E+14   6.1419E-06   6.2802E-06   0.97799
FLUX  485   605.00        4.955248E+14   6.2472E-06   6.2980E-06   0.99193
FLUX  486   607.00        4.938921E+14   6.2450E-06   6.3156E-06   0.98882
FLUX  487   609.00        4.922701E+14   6.1978E-06   6.3330E-06   0.97866
FLUX  488   611.00        4.906588E+14   6.1856E-06   6.3503E-06   0.97407
FLUX  489   613.00        4.890579E+14   6.0683E-06   6.3674E-06   0.95303
FLUX  490   615.00        4.874675E+14   6.1500E-06   6.3843E-06   0.96330
FLUX  491   617.00        4.858874E+14   6.0659E-06   6.4011E-06   0.94763
FLUX  492   619.00        4.843174E+14   6.2837E-06   6.4178E-06   0.97911
FLUX  493   621.00        4.827576E+14   6.3254E-06   6.4344E-06   0.98306
FLUX  494   623.00        4.812079E+14   6.2422E-06   6.4507E-06   0.96767
FLUX  495   625.00        4.796680E+14   6.1210E-06   6.4669E-06   0.94651
FLUX  496   627.00        4.781380E+14   6.3554E-06   6.4865E-06   0.97978
FLUX  497   629.00        4.766176E+14   6.3947E-06   6.5024E-06   0.98344
FLUX  498   631.00        4.751070E+14   6.2949E-06   6.5182E-06   0.96574
FLUX  499   633.00        4.736058E+14   6.3600E-06   6.5338E-06   0.97339
FLUX  500   635.00        4.721142E+14   6.4183E-06   6.5496E-06   0.97996
FLUX  501   637.00        4.706319E+14   6.4289E-06   6.5649E-06   0.97928
FLUX  502   639.00        4.691588E+14   6.4612E-06   6.5801E-06   0.98192
FLUX  503   641.00        4.676950E+14   6.3841E-06   6.5951E-06   0.96801
FLUX  504   643.00        4.662403E+14   6.4565E-06   6.6100E-06   0.97678
FLUX  505   645.00        4.647946E+14   6.4501E-06   6.6247E-06   0.97363
FLUX  506   647.00        4.633578E+14   6.4684E-06   6.6393E-06   0.97426
FLUX  507   649.00        4.619299E+14   6.4037E-06   6.6537E-06   0.96242
FLUX  508   651.00        4.605107E+14   6.5492E-06   6.6685E-06   0.98211
FLUX  509   653.00        4.591003E+14   6.5986E-06   6.6826E-06   0.98742
FLUX  510   655.00        4.576985E+14   6.4955E-06   6.6990E-06   0.96962
FLUX  511   657.00        4.563052E+14   5.9553E-06   6.7129E-06   0.88715
FLUX  512   659.00        4.549203E+14   6.5767E-06   6.7266E-06   0.97772
FLUX  513   661.00        4.535439E+14   6.6517E-06   6.7401E-06   0.98689
FLUX  514   663.00        4.521757E+14   6.6725E-06   6.7536E-06   0.98800
FLUX  515   665.00        4.508158E+14   6.6776E-06   6.7668E-06   0.98681
FLUX  516   667.00        4.494640E+14   6.6525E-06   6.7800E-06   0.98120
FLUX  517   669.00        4.481203E+14   6.7480E-06   6.7930E-06   0.99338
FLUX  518   671.00        4.467846E+14   6.6900E-06   6.8058E-06   0.98297
FLUX  519   673.00        4.454569E+14   6.7640E-06   6.8186E-06   0.99200
FLUX  520   675.00        4.441370E+14   6.7367E-06   6.8312E-06   0.98618
FLUX  521   677.00        4.428250E+14   6.7617E-06   6.8436E-06   0.98803
FLUX  522   679.00        4.415206E+14   6.7756E-06   6.8560E-06   0.98827
FLUX  523   681.00        4.402239E+14   6.7760E-06   6.8682E-06   0.98658
FLUX  524   683.00        4.389348E+14   6.8201E-06   6.8803E-06   0.99126
FLUX  525   685.00        4.376533E+14   6.7619E-06   6.8922E-06   0.98110
FLUX  526   687.00        4.363792E+14   6.8177E-06   6.9040E-06   0.98749
FLUX  527   689.00        4.351125E+14   6.8597E-06   6.9157E-06   0.99190
FLUX  528   691.00        4.338531E+14   6.8519E-06   6.9273E-06   0.98912
FLUX  529   693.00        4.326010E+14   6.8660E-06   6.9387E-06   0.98952
FLUX  530   695.00        4.313561E+14   6.8641E-06   6.9500E-06   0.98764
FLUX  531   697.00        4.301184E+14   6.9005E-06   6.9612E-06   0.99127
FLUX  532   699.00        4.288877E+14   6.9022E-06   6.9723E-06   0.98995
FLUX  533   701.00        4.276640E+14   6.8179E-06   6.9832E-06   0.97632
FLUX  534   703.00        4.264474E+14   6.8981E-06   6.9941E-06   0.98629
FLUX  535   705.00        4.252376E+14   6.9371E-06   7.0047E-06   0.99034
FLUX  536   707.00        4.240346E+14   6.9272E-06   7.0153E-06   0.98745
FLUX  537   709.00        4.228385E+14   6.9342E-06   7.0257E-06   0.98697
FLUX  538   711.00        4.216491E+14   6.9552E-06   7.0360E-06   0.98852
FLUX  539   713.00        4.204663E+14   6.9198E-06   7.0462E-06   0.98206
FLUX  540   715.00        4.192902E+14   6.9217E-06   7.0562E-06   0.98093
FLUX  541   717.00        4.181206E+14   6.9432E-06   7.0662E-06   0.98259
FLUX  542   719.00        4.169576E+14   6.8523E-06   7.0760E-06   0.96838
FLUX  543   721.00        4.158010E+14   6.9355E-06   7.0857E-06   0.97881
FLUX  544   723.00        4.146508E+14   6.9741E-06   7.0952E-06   0.98292
FLUX  545   725.00        4.135069E+14   7.0184E-06   7.1062E-06   0.98765
FLUX  546   727.00        4.123693E+14   7.0248E-06   7.1155E-06   0.98725
FLUX  547   729.00        4.112380E+14   6.9408E-06   7.1246E-06   0.97419
FLUX  548   731.00        4.101129E+14   7.0125E-06   7.1369E-06   0.98257
FLUX  549   733.00        4.089939E+14   7.0241E-06   7.1459E-06   0.98296
FLUX  550   735.00        4.078809E+14   7.0598E-06   7.1547E-06   0.98673
FLUX  551   737.00        4.067741E+14   7.0977E-06   7.1635E-06   0.99082
FLUX  552   739.00        4.056732E+14   7.0110E-06   7.1721E-06   0.97754
FLUX  553   741.00        4.045783E+14   6.9550E-06   7.1806E-06   0.96857
FLUX  554   743.00        4.034892E+14   7.0378E-06   7.1890E-06   0.97897
FLUX  555   745.00        4.024060E+14   7.0700E-06   7.1973E-06   0.98231
FLUX  556   747.00        4.013286E+14   7.1171E-06   7.2055E-06   0.98773
FLUX  557   749.00        4.002570E+14   7.0962E-06   7.2136E-06   0.98373
FLUX  558   751.00        3.991911E+14   7.1199E-06   7.2215E-06   0.98592
FLUX  559   753.00        3.981308E+14   7.1402E-06   7.2294E-06   0.98766
FLUX  560   755.00        3.970762E+14   7.1794E-06   7.2372E-06   0.99202
FLUX  561   757.00        3.960271E+14   7.1568E-06   7.2449E-06   0.98785
FLUX  562   759.00        3.949835E+14   7.1630E-06   7.2525E-06   0.98767
FLUX  563   761.00        3.939455E+14   7.1727E-06   7.2599E-06   0.98798
FLUX  564   763.00        3.929128E+14   7.1989E-06   7.2673E-06   0.99059
FLUX  565   765.00        3.918856E+14   7.2077E-06   7.2746E-06   0.99081
FLUX  566   767.00        3.908638E+14   7.1107E-06   7.2817E-06   0.97652
FLUX  567   769.00        3.898472E+14   7.2242E-06   7.2888E-06   0.99114
FLUX  568   771.00        3.888359E+14   7.1647E-06   7.2957E-06   0.98204
FLUX  569   773.00        3.878299E+14   7.2023E-06   7.3026E-06   0.98626
FLUX  570   775.00        3.868290E+14   7.1741E-06   7.3094E-06   0.98149
FLUX  571   777.00        3.858333E+14   7.2465E-06   7.3161E-06   0.99049
FLUX  572   779.00        3.848427E+14   7.2637E-06   7.3226E-06   0.99195
FLUX  573   781.00        3.838572E+14   7.2794E-06   7.3291E-06   0.99321
FLUX  574   783.00        3.828768E+14   7.2425E-06   7.3355E-06   0.98731
FLUX  575   785.00        3.819013E+14   7.2586E-06   7.3418E-06   0.98866
FLUX  576   787.00        3.809307E+14   7.3110E-06   7.3480E-06   0.99496
FLUX  577   789.00        3.799651E+14   7.3040E-06   7.3541E-06   0.99317
FLUX  578   791.00        3.790044E+14   7.2668E-06   7.3602E-06   0.98731
FLUX  579   793.00        3.780485E+14   7.2116E-06   7.3661E-06   0.97902
FLUX  580   795.00        3.770975E+14   7.2304E-06   7.3719E-06   0.98080
FLUX  581   797.00        3.761512E+14   7.3249E-06   7.3779E-06   0.99282
FLUX  582   799.00        3.752096E+14   7.3386E-06   7.3835E-06   0.99392
FLUX  583   801.00        3.742728E+14   7.2976E-06   7.3891E-06   0.98762
FLUX  584   803.00        3.733406E+14   7.3149E-06   7.3945E-06   0.98923
FLUX  585   805.00        3.724130E+14   7.2929E-06   7.3999E-06   0.98554
FLUX  586   807.00        3.714901E+14   7.3460E-06   7.4052E-06   0.99201
FLUX  587   809.00        3.705717E+14   7.2821E-06   7.4104E-06   0.98269
FLUX  588   811.00        3.696578E+14   7.3506E-06   7.4155E-06   0.99125
FLUX  589   813.00        3.687485E+14   7.3756E-06   7.4205E-06   0.99395
FLUX  590   815.00        3.678436E+14   7.3704E-06   7.4254E-06   0.99259
FLUX  591   817.00        3.669431E+14   7.3759E-06   7.4303E-06   0.99269
FLUX  592   819.00        3.660470E+14   7.2623E-06   7.4350E-06   0.97677
FLUX  593   821.00        3.651553E+14   7.3031E-06   7.4774E-06   0.97669
FLUX  594   823.00        3.642679E+14   7.3024E-06   7.4821E-06   0.97599
FLUX  595   825.00        3.633848E+14   7.3504E-06   7.4867E-06   0.98179
FLUX  596   827.00        3.625060E+14   7.4104E-06   7.4913E-06   0.98920
FLUX  597   829.00        3.616315E+14   7.4024E-06   7.4957E-06   0.98755
FLUX  598   831.00        3.607611E+14   7.3492E-06   7.5001E-06   0.97988
FLUX  599   833.00        3.598950E+14   7.3129E-06   7.5044E-06   0.97448
FLUX  600   835.00        3.590329E+14   7.3820E-06   7.5087E-06   0.98313
FLUX  601   837.00        3.581750E+14   7.4007E-06   7.5128E-06   0.98508
FLUX  602   839.00        3.573212E+14   7.3281E-06   7.5169E-06   0.97489
FLUX  603   841.00        3.564715E+14   7.4173E-06   7.5209E-06   0.98623
FLUX  604   843.00        3.556257E+14   7.3460E-06   7.5249E-06   0.97623
FLUX  605   845.00        3.547840E+14   7.3948E-06   7.5288E-06   0.98220
FLUX  606   847.00        3.539463E+14   7.3634E-06   7.5326E-06   0.97754
FLUX  607   849.00        3.531125E+14   7.3371E-06   7.5363E-06   0.97356
FLUX  608   851.00        3.522826E+14   7.0491E-06   7.5400E-06   0.93491
FLUX  609   853.00        3.514566E+14   7.3243E-06   7.5435E-06   0.97093
FLUX  610   855.00        3.506345E+14   6.4083E-06   7.5473E-06   0.84909
FLUX  611   857.00        3.498162E+14   7.4727E-06   7.5508E-06   0.98965
FLUX  612   859.00        3.490017E+14   7.3918E-06   7.5542E-06   0.97850
FLUX  613   861.00        3.481911E+14   7.3664E-06   7.5575E-06   0.97472
FLUX  614   863.00        3.473841E+14   7.4758E-06   7.5608E-06   0.98876
FLUX  615   865.00        3.465809E+14   7.4305E-06   7.5639E-06   0.98235
FLUX  616   867.00        3.457814E+14   6.5547E-06   7.5671E-06   0.86621
FLUX  617   869.00        3.449856E+14   7.3702E-06   7.5701E-06   0.97358
FLUX  618   871.00        3.441935E+14   7.4748E-06   7.5731E-06   0.98702
FLUX  619   873.00        3.434049E+14   7.4815E-06   7.5761E-06   0.98751
FLUX  620   875.00        3.426200E+14   7.2942E-06   7.5789E-06   0.96243
FLUX  621   877.00        3.418387E+14   7.5102E-06   7.5818E-06   0.99055
FLUX  622   879.00        3.410609E+14   7.4916E-06   7.5845E-06   0.98775
FLUX  623   881.00        3.402866E+14   7.4210E-06   7.5872E-06   0.97809
FLUX  624   883.00        3.395159E+14   7.4792E-06   7.5899E-06   0.98541
FLUX  625   885.00        3.387486E+14   7.4820E-06   7.5924E-06   0.98546
FLUX  626   887.00        3.379848E+14   7.2892E-06   7.5949E-06   0.95975
FLUX  627   889.00        3.372244E+14   7.5398E-06   7.5974E-06   0.99242
FLUX  628   891.00        3.364674E+14   7.5524E-06   7.5998E-06   0.99377
FLUX  629   893.00        3.357139E+14   7.4918E-06   7.6021E-06   0.98549
FLUX  630   895.00        3.349637E+14   7.5054E-06   7.6044E-06   0.98698
FLUX  631   897.00        3.342168E+14   7.5343E-06   7.6066E-06   0.99050
FLUX  632   899.00        3.334733E+14   7.5559E-06   7.6088E-06   0.99306
FLUX  633   901.00        3.327331E+14   7.2555E-06   7.6109E-06   0.95330
FLUX  634   903.00        3.319961E+14   7.5028E-06   7.6129E-06   0.98553
FLUX  635   905.00        3.312624E+14   7.5932E-06   7.6148E-06   0.99716
FLUX  636   907.00        3.305320E+14   7.5048E-06   7.6167E-06   0.98530
FLUX  637   909.00        3.298047E+14   7.3793E-06   7.6186E-06   0.96859
FLUX  638   911.00        3.290807E+14   7.4838E-06   7.6204E-06   0.98207
FLUX  639   913.00        3.283598E+14   7.5725E-06   7.6222E-06   0.99349
FLUX  640   915.00        3.276421E+14   7.5529E-06   7.6239E-06   0.99070
FLUX  641   917.00        3.269275E+14   7.5417E-06   7.6255E-06   0.98901
FLUX  642   919.00        3.262160E+14   7.5662E-06   7.6271E-06   0.99201
FLUX  643   921.00        3.255076E+14   7.4567E-06   7.6286E-06   0.97746
FLUX  644   923.00        3.248023E+14   7.2728E-06   7.6301E-06   0.95316
FLUX  645   925.00        3.241000E+14   7.4326E-06   7.6316E-06   0.97392
FLUX  646   927.00        3.234008E+14   7.5229E-06   7.6331E-06   0.98557
FLUX  647   929.00        3.227045E+14   7.5466E-06   7.6345E-06   0.98849
FLUX  648   931.00        3.220113E+14   7.5786E-06   7.6358E-06   0.99250
FLUX  649   933.00        3.213210E+14   7.5701E-06   7.6371E-06   0.99122
FLUX  650   935.00        3.206337E+14   7.5628E-06   7.6384E-06   0.99010
FLUX  651   937.00        3.199493E+14   7.5506E-06   7.6396E-06   0.98834
FLUX  652   939.00        3.192678E+14   7.5699E-06   7.6408E-06   0.99072
FLUX  653   941.00        3.185893E+14   7.3906E-06   7.6419E-06   0.96711
FLUX  654   943.00        3.179136E+14   7.5387E-06   7.6430E-06   0.98635
FLUX  655   945.00        3.172407E+14   7.5064E-06   7.6441E-06   0.98198
FLUX  656   947.00        3.165707E+14   7.5804E-06   7.6451E-06   0.99154
FLUX  657   949.00        3.159036E+14   7.5951E-06   7.6461E-06   0.99334
FLUX  658   951.00        3.152392E+14   7.5854E-06   7.6470E-06   0.99195
FLUX  659   953.00        3.145776E+14   7.5626E-06   7.6479E-06   0.98885
FLUX  660   955.00        3.139188E+14   7.3408E-06   7.6487E-06   0.95974
FLUX  661   957.00        3.132628E+14   7.5549E-06   7.6495E-06   0.98764
FLUX  662   959.00        3.126095E+14   7.6026E-06   7.6502E-06   0.99378
FLUX  663   961.00        3.119589E+14   7.5663E-06   7.6509E-06   0.98894
FLUX  664   963.00        3.113110E+14   7.5386E-06   7.6515E-06   0.98524
FLUX  665   965.00        3.106658E+14   7.5369E-06   7.6522E-06   0.98494
FLUX  666   967.00        3.100233E+14   7.5238E-06   7.6527E-06   0.98315
FLUX  667   969.00        3.093834E+14   7.5876E-06   7.6533E-06   0.99143
FLUX  668   971.00        3.087461E+14   7.5929E-06   7.6538E-06   0.99205
FLUX  669   973.00        3.081115E+14   7.5950E-06   7.6542E-06   0.99226
FLUX  670   975.00        3.074795E+14   7.5529E-06   7.6547E-06   0.98670
FLUX  671   977.00        3.068500E+14   7.5842E-06   7.6550E-06   0.99075
FLUX  672   979.00        3.062232E+14   7.5689E-06   7.6554E-06   0.98870
FLUX  673   981.00        3.055989E+14   7.6099E-06   7.6557E-06   0.99401
FLUX  674   983.00        3.049771E+14   7.6079E-06   7.6560E-06   0.99372
FLUX  675   985.00        3.043579E+14   7.6113E-06   7.6562E-06   0.99414
FLUX  676   987.00        3.037411E+14   7.5880E-06   7.6564E-06   0.99107
FLUX  677   989.00        3.031269E+14   7.5851E-06   7.6566E-06   0.99066
FLUX  678   991.00        3.025151E+14   7.5840E-06   7.6567E-06   0.99051
FLUX  679   993.00        3.019058E+14   7.6240E-06   7.6568E-06   0.99571
FLUX  680   995.00        3.012990E+14   7.6260E-06   7.6569E-06   0.99596
FLUX  681   997.00        3.006946E+14   7.6305E-06   7.6570E-06   0.99655
FLUX  682   999.00        3.000926E+14   7.6275E-06   7.6570E-06   0.99615
FLUX  683  1002.50        2.990449E+14   7.5904E-06   7.6570E-06   0.99131
FLUX  684  1007.50        2.975608E+14   7.5258E-06   7.6568E-06   0.98290
FLUX  685  1012.50        2.960914E+14   7.6064E-06   7.6565E-06   0.99346
FLUX  686  1017.50        2.946364E+14   7.5806E-06   7.6561E-06   0.99015
FLUX  687  1022.50        2.931956E+14   7.6053E-06   7.6555E-06   0.99344
FLUX  688  1027.50        2.917689E+14   7.6316E-06   7.6549E-06   0.99696
FLUX  689  1032.50        2.903559E+14   7.5738E-06   7.6541E-06   0.98951
FLUX  690  1037.50        2.889566E+14   7.5900E-06   7.6532E-06   0.99175
FLUX  691  1042.50        2.875707E+14   7.6234E-06   7.6521E-06   0.99625
FLUX  692  1047.50        2.861981E+14   7.5717E-06   7.6509E-06   0.98964
FLUX  693  1052.50        2.848385E+14   7.6136E-06   7.6495E-06   0.99531
FLUX  694  1057.50        2.834917E+14   7.5907E-06   7.6479E-06   0.99252
FLUX  695  1062.50        2.821576E+14   7.5775E-06   7.6463E-06   0.99101
FLUX  696  1067.50        2.808361E+14   7.4952E-06   7.6444E-06   0.98047
FLUX  697  1072.50        2.795268E+14   7.5616E-06   7.6425E-06   0.98941
FLUX  698  1077.50        2.782297E+14   7.5431E-06   7.6406E-06   0.98724
FLUX  699  1082.50        2.769446E+14   7.4980E-06   7.6386E-06   0.98160
FLUX  700  1087.50        2.756713E+14   7.5172E-06   7.6366E-06   0.98437
FLUX  701  1092.50        2.744096E+14   7.4239E-06   7.6345E-06   0.97242
FLUX  702  1097.50        2.731595E+14   7.4603E-06   7.6323E-06   0.97745
FLUX  703  1102.50        2.719206E+14   7.5199E-06   7.6300E-06   0.98557
FLUX  704  1107.50        2.706930E+14   7.5543E-06   7.6276E-06   0.99038
FLUX  705  1112.50        2.694764E+14   7.5308E-06   7.6251E-06   0.98762
FLUX  706  1117.50        2.682707E+14   7.5264E-06   7.6226E-06   0.98738
FLUX  707  1122.50        2.670757E+14   7.5568E-06   7.6201E-06   0.99170
FLUX  708  1127.50        2.658913E+14   7.4875E-06   7.6175E-06   0.98293
FLUX  709  1132.50        2.647174E+14   7.5200E-06   7.6150E-06   0.98752
FLUX  710  1137.50        2.635538E+14   7.5154E-06   7.6125E-06   0.98725
FLUX  711  1142.50        2.624004E+14   7.4834E-06   7.6098E-06   0.98339
FLUX  712  1147.50        2.612571E+14   7.5607E-06   7.6071E-06   0.99391
FLUX  713  1152.50        2.601236E+14   7.5642E-06   7.6043E-06   0.99472
FLUX  714  1157.50        2.590000E+14   7.5301E-06   7.6015E-06   0.99060
FLUX  715  1162.50        2.578860E+14   7.4752E-06   7.5987E-06   0.98375
FLUX  716  1167.50        2.567816E+14   7.4924E-06   7.5959E-06   0.98637
FLUX  717  1172.50        2.556866E+14   7.5662E-06   7.5931E-06   0.99645
FLUX  718  1177.50        2.546008E+14   7.4738E-06   7.5903E-06   0.98465
FLUX  719  1182.50        2.535243E+14   7.4856E-06   7.5876E-06   0.98656
FLUX  720  1187.50        2.524568E+14   7.4598E-06   7.5850E-06   0.98349
FLUX  721  1192.50        2.513983E+14   7.5646E-06   7.5823E-06   0.99767
FLUX  722  1197.50        2.503486E+14   7.4185E-06   7.5795E-06   0.97875
FLUX  723  1202.50        2.493077E+14   7.5015E-06   7.5767E-06   0.99007
FLUX  724  1207.50        2.482754E+14   7.4829E-06   7.5739E-06   0.98799
FLUX  725  1212.50        2.472515E+14   7.5044E-06   7.5711E-06   0.99119
FLUX  726  1217.50        2.462361E+14   7.5482E-06   7.5683E-06   0.99735
FLUX  727  1222.50        2.452290E+14   7.5437E-06   7.5655E-06   0.99712
FLUX  728  1227.50        2.442301E+14   7.5171E-06   7.5628E-06   0.99395
FLUX  729  1232.50        2.432393E+14   7.5337E-06   7.5601E-06   0.99650
FLUX  730  1237.50        2.422566E+14   7.5249E-06   7.5575E-06   0.99568
FLUX  731  1242.50        2.412817E+14   7.5208E-06   7.5550E-06   0.99548
FLUX  732  1247.50        2.403146E+14   7.5340E-06   7.5525E-06   0.99756
FLUX  733  1252.50        2.393553E+14   7.5179E-06   7.5500E-06   0.99574
FLUX  734  1257.50        2.384036E+14   7.5105E-06   7.5476E-06   0.99508
FLUX  735  1262.50        2.374594E+14   7.5078E-06   7.5452E-06   0.99504
FLUX  736  1267.50        2.365227E+14   7.5023E-06   7.5429E-06   0.99461
FLUX  737  1272.50        2.355933E+14   7.5216E-06   7.5407E-06   0.99746
FLUX  738  1277.50        2.346712E+14   7.5142E-06   7.5387E-06   0.99675
FLUX  739  1282.50        2.337563E+14   7.2135E-06   7.5367E-06   0.95712
FLUX  740  1287.50        2.328485E+14   7.4959E-06   7.5347E-06   0.99485
FLUX  741  1292.50        2.319478E+14   7.4854E-06   7.5329E-06   0.99370
FLUX  742  1297.50        2.310539E+14   7.5110E-06   7.5311E-06   0.99734
FLUX  743  1302.50        2.301670E+14   7.4935E-06   7.5293E-06   0.99524
FLUX  744  1307.50        2.292868E+14   7.5103E-06   7.5276E-06   0.99770
FLUX  745  1312.50        2.284133E+14   7.4622E-06   7.5259E-06   0.99155
FLUX  746  1317.50        2.275465E+14   7.4520E-06   7.5242E-06   0.99040
FLUX  747  1322.50        2.266862E+14   7.5005E-06   7.5226E-06   0.99707
FLUX  748  1327.50        2.258324E+14   7.4506E-06   7.5210E-06   0.99064
FLUX  749  1332.50        2.249850E+14   7.4803E-06   7.5195E-06   0.99479
FLUX  750  1337.50        2.241439E+14   7.4746E-06   7.5180E-06   0.99422
FLUX  751  1342.50        2.233091E+14   7.4977E-06   7.5166E-06   0.99748
FLUX  752  1347.50        2.224805E+14   7.4923E-06   7.5153E-06   0.99694
FLUX  753  1352.50        2.216580E+14   7.4898E-06   7.5142E-06   0.99676
FLUX  754  1357.50        2.208416E+14   7.4466E-06   7.5131E-06   0.99115
FLUX  755  1362.50        2.200312E+14   7.4619E-06   7.5121E-06   0.99331
FLUX  756  1367.50        2.192267E+14   7.4651E-06   7.5111E-06   0.99388
FLUX  757  1372.50        2.184280E+14   7.4485E-06   7.5101E-06   0.99179
FLUX  758  1377.50        2.176352E+14   7.4601E-06   7.5092E-06   0.99347
FLUX  759  1382.50        2.168481E+14   7.4659E-06   7.5083E-06   0.99436
FLUX  760  1387.50        2.160667E+14   7.4695E-06   7.5073E-06   0.99496
FLUX  761  1392.50        2.152908E+14   7.4712E-06   7.5065E-06   0.99530
FLUX  762  1397.50        2.145206E+14   7.4680E-06   7.5058E-06   0.99497
FLUX  763  1402.50        2.137558E+14   7.4382E-06   7.5050E-06   0.99110
FLUX  764  1407.50        2.129964E+14   7.4634E-06   7.5042E-06   0.99457
FLUX  765  1412.50        2.122425E+14   7.4174E-06   7.5034E-06   0.98854
FLUX  766  1417.50        2.114938E+14   7.4578E-06   7.5026E-06   0.99403
FLUX  767  1422.50        2.107504E+14   7.3893E-06   7.5020E-06   0.98499
FLUX  768  1427.50        2.100123E+14   7.3586E-06   7.5012E-06   0.98099
FLUX  769  1432.50        2.092792E+14   7.4364E-06   7.5002E-06   0.99149
FLUX  770  1437.50        2.085513E+14   7.4627E-06   7.4993E-06   0.99512
FLUX  771  1442.50        2.078284E+14   7.3128E-06   7.4982E-06   0.97527
FLUX  772  1447.50        2.071105E+14   7.4491E-06   7.4971E-06   0.99359
FLUX  773  1452.50        2.063976E+14   7.3626E-06   7.4960E-06   0.98220
FLUX  774  1457.00        2.057601E+14   7.4052E-06   7.4950E-06   0.98801
FLUX  775  1462.00        2.050564E+14   7.4076E-06   7.5501E-06   0.98113
FLUX  776  1467.50        2.042879E+14   7.4202E-06   7.5503E-06   0.98276
FLUX  777  1472.50        2.035942E+14   7.3656E-06   7.5502E-06   0.97556
FLUX  778  1477.50        2.029052E+14   7.3753E-06   7.5499E-06   0.97688
FLUX  779  1482.50        2.022209E+14   7.3893E-06   7.5494E-06   0.97879
FLUX  780  1487.50        2.015412E+14   7.3164E-06   7.5487E-06   0.96923
FLUX  781  1492.50        2.008660E+14   7.4379E-06   7.5479E-06   0.98542
FLUX  782  1497.50        2.001953E+14   7.3931E-06   7.5469E-06   0.97963
FLUX  783  1502.50        1.995291E+14   7.3153E-06   7.5457E-06   0.96947
FLUX  784  1507.50        1.988673E+14   7.3054E-06   7.5443E-06   0.96834
FLUX  785  1512.50        1.982099E+14   7.3965E-06   7.5425E-06   0.98064
FLUX  786  1517.50        1.975568E+14   7.4116E-06   7.5405E-06   0.98290
FLUX  787  1522.50        1.969080E+14   7.3598E-06   7.5382E-06   0.97634
FLUX  788  1527.50        1.962635E+14   7.3837E-06   7.5355E-06   0.97987
FLUX  789  1532.50        1.956232E+14   7.3717E-06   7.5323E-06   0.97869
FLUX  790  1537.50        1.949870E+14   7.3735E-06   7.5286E-06   0.97940
FLUX  791  1542.50        1.943549E+14   7.3508E-06   7.5246E-06   0.97691
FLUX  792  1547.50        1.937270E+14   7.3751E-06   7.5201E-06   0.98072
FLUX  793  1552.50        1.931031E+14   7.3497E-06   7.5151E-06   0.97798
FLUX  794  1557.50        1.924831E+14   7.2840E-06   7.5096E-06   0.96995
FLUX  795  1562.50        1.918672E+14   7.3876E-06   7.5034E-06   0.98457
FLUX  796  1567.50        1.912552E+14   7.2885E-06   7.4966E-06   0.97224
FLUX  797  1572.50        1.906471E+14   7.2458E-06   7.4892E-06   0.96750
FLUX  798  1577.50        1.900428E+14   7.2212E-06   7.4811E-06   0.96526
FLUX  799  1582.50        1.894423E+14   7.2882E-06   7.4722E-06   0.97538
FLUX  800  1587.50        1.888457E+14   7.0097E-06   7.4624E-06   0.93934
FLUX  801  1592.50        1.882527E+14   7.2593E-06   7.4517E-06   0.97418
FLUX  802  1597.50        1.876635E+14   7.2969E-06   7.4401E-06   0.98076
FLUX  803  1605.00        1.867866E+14   7.2522E-06   7.4206E-06   0.97730
FLUX  804  1615.00        1.856300E+14   7.0997E-06   7.3901E-06   0.96070
FLUX  805  1625.00        1.844877E+14   7.2554E-06   7.3536E-06   0.98666
FLUX  806  1635.00        1.833593E+14   7.1410E-06   7.3078E-06   0.97718
FLUX  807  1645.00        1.822447E+14   6.9488E-06   7.2497E-06   0.95850
FLUX  808  1655.00        1.811435E+14   7.1186E-06   7.1835E-06   0.99098
FLUX  809  1665.00        1.800556E+14   7.0600E-06   7.1181E-06   0.99185
FLUX  810  1675.00        1.789806E+14   6.9133E-06   7.0537E-06   0.98011
FLUX  811  1685.00        1.779184E+14   6.6996E-06   6.9899E-06   0.95846
FLUX  812  1695.00        1.768687E+14   6.9014E-06   6.9270E-06   0.99631
FLUX  813  1705.00        1.758314E+14   6.7929E-06   6.8649E-06   0.98951
FLUX  814  1715.00        1.748061E+14   6.7425E-06   6.8036E-06   0.99103
FLUX  815  1725.00        1.737928E+14   6.6567E-06   6.7429E-06   0.98721
FLUX  816  1735.00        1.727911E+14   6.3460E-06   6.6831E-06   0.94956
FLUX  817  1745.00        1.718009E+14   6.5253E-06   6.6239E-06   0.98511
FLUX  818  1755.00        1.708219E+14   6.5154E-06   6.5655E-06   0.99236
FLUX  819  1765.00        1.698541E+14   6.4528E-06   6.5079E-06   0.99153
FLUX  820  1775.00        1.688972E+14   6.4018E-06   6.4510E-06   0.99238
FLUX  821  1785.00        1.679510E+14   6.3589E-06   6.3947E-06   0.99440
FLUX  822  1795.00        1.670153E+14   6.3147E-06   6.3392E-06   0.99612
FLUX  823  1805.00        1.660900E+14   6.2405E-06   6.2844E-06   0.99302
FLUX  824  1815.00        1.651749E+14   5.9735E-06   6.2302E-06   0.95880
FLUX  825  1825.00        1.642699E+14   6.0908E-06   6.1767E-06   0.98609
FLUX  826  1835.00        1.633747E+14   6.0844E-06   6.1237E-06   0.99358
FLUX  827  1845.00        1.624892E+14   6.0043E-06   6.0714E-06   0.98895
FLUX  828  1855.00        1.616132E+14   5.9779E-06   6.0198E-06   0.99304
FLUX  829  1865.00        1.607466E+14   5.9002E-06   5.9687E-06   0.98852
FLUX  830  1875.00        1.598893E+14   5.6047E-06   5.9183E-06   0.94701
FLUX  831  1885.00        1.590411E+14   5.8072E-06   5.8685E-06   0.98957
FLUX  832  1895.00        1.582018E+14   5.6983E-06   5.8192E-06   0.97922
FLUX  833  1905.00        1.573714E+14   5.7388E-06   5.7706E-06   0.99450
FLUX  834  1915.00        1.565496E+14   5.6806E-06   5.7225E-06   0.99268
FLUX  835  1925.00        1.557364E+14   5.6400E-06   5.6750E-06   0.99383
FLUX  836  1935.00        1.549315E+14   5.5614E-06   5.6281E-06   0.98816
FLUX  837  1945.00        1.541350E+14   5.3153E-06   5.5817E-06   0.95227
FLUX  838  1955.00        1.533465E+14   5.4855E-06   5.5359E-06   0.99090
FLUX  839  1965.00        1.525662E+14   5.4486E-06   5.4906E-06   0.99234
FLUX  840  1975.00        1.517937E+14   5.3845E-06   5.4459E-06   0.98874
FLUX  841  1985.00        1.510290E+14   5.3600E-06   5.4016E-06   0.99230
FLUX  842  1995.00        1.502719E+14   5.3169E-06   5.3579E-06   0.99235
FLUX  843  2005.00        1.495224E+14   5.2942E-06   5.3147E-06   0.99614
FLUX  844  2015.00        1.487804E+14   5.2642E-06   5.2719E-06   0.99853
FLUX  845  2025.00        1.480457E+14   5.1977E-06   5.2297E-06   0.99389
FLUX  846  2035.00        1.473182E+14   5.1354E-06   5.1879E-06   0.98987
FLUX  847  2045.00        1.465978E+14   5.1375E-06   5.1467E-06   0.99822
FLUX  848  2055.00        1.458844E+14   5.0897E-06   5.1059E-06   0.99684
FLUX  849  2065.00        1.451780E+14   5.0302E-06   5.0655E-06   0.99302
FLUX  850  2075.00        1.444783E+14   5.0030E-06   5.0256E-06   0.99549
FLUX  851  2085.00        1.437854E+14   4.9664E-06   4.9862E-06   0.99604
FLUX  852  2095.00        1.430990E+14   4.9091E-06   4.9472E-06   0.99229
FLUX  853  2105.00        1.424192E+14   4.8938E-06   4.9087E-06   0.99696
FLUX  854  2115.00        1.417459E+14   4.8496E-06   4.8706E-06   0.99570
FLUX  855  2125.00        1.410788E+14   4.8118E-06   4.8329E-06   0.99563
FLUX  856  2135.00        1.404180E+14   4.7792E-06   4.7956E-06   0.99656
FLUX  857  2145.00        1.397634E+14   4.7499E-06   4.7588E-06   0.99813
FLUX  858  2155.00        1.391148E+14   4.7102E-06   4.7224E-06   0.99741
FLUX  859  2165.00        1.384723E+14   4.5082E-06   4.6864E-06   0.96197
FLUX  860  2175.00        1.378356E+14   4.6149E-06   4.6507E-06   0.99230
FLUX  861  2185.00        1.372048E+14   4.5880E-06   4.6155E-06   0.99404
FLUX  862  2195.00        1.365797E+14   4.5741E-06   4.5807E-06   0.99858
FLUX  863  2205.00        1.359603E+14   4.5133E-06   4.5462E-06   0.99276
FLUX  864  2215.00        1.353465E+14   4.5001E-06   4.5121E-06   0.99733
FLUX  865  2225.00        1.347382E+14   4.4654E-06   4.4784E-06   0.99710
FLUX  866  2235.00        1.341353E+14   4.4320E-06   4.4451E-06   0.99707
FLUX  867  2245.00        1.335379E+14   4.4013E-06   4.4121E-06   0.99755
FLUX  868  2255.00        1.329457E+14   4.3557E-06   4.3795E-06   0.99457
FLUX  869  2265.00        1.323587E+14   4.3271E-06   4.3472E-06   0.99536
FLUX  870  2275.00        1.317769E+14   4.3062E-06   4.3153E-06   0.99788
FLUX  871  2285.00        1.312002E+14   4.2616E-06   4.2948E-06   0.99227
FLUX  872  2295.00        1.306285E+14   4.2057E-06   4.2634E-06   0.98645
FLUX  873  2305.00        1.300618E+14   4.2011E-06   4.2324E-06   0.99261
FLUX  874  2315.00        1.295000E+14   4.1687E-06   4.2017E-06   0.99214
FLUX  875  2325.00        1.289430E+14   4.0983E-06   4.1714E-06   0.98248
FLUX  876  2335.00        1.283908E+14   4.0910E-06   4.1414E-06   0.98784
FLUX  877  2345.00        1.278433E+14   4.0829E-06   4.1116E-06   0.99301
FLUX  878  2355.00        1.273004E+14   4.0013E-06   4.0822E-06   0.98017
FLUX  879  2365.00        1.267622E+14   4.0122E-06   4.0531E-06   0.98991
FLUX  880  2375.00        1.262284E+14   3.9827E-06   4.0243E-06   0.98966
FLUX  881  2385.00        1.256992E+14   3.9134E-06   3.9958E-06   0.97937
FLUX  882  2395.00        1.251743E+14   3.9229E-06   3.9676E-06   0.98874
FLUX  883  2405.00        1.246538E+14   3.9007E-06   3.9397E-06   0.99011
FLUX  884  2415.00        1.241377E+14   3.8408E-06   3.9120E-06   0.98180
FLUX  885  2425.00        1.236258E+14   3.8362E-06   3.8847E-06   0.98753
FLUX  886  2435.00        1.231181E+14   3.8102E-06   3.8576E-06   0.98772
FLUX  887  2445.00        1.226145E+14   3.7756E-06   3.8308E-06   0.98558
FLUX  888  2455.00        1.221151E+14   3.7385E-06   3.8043E-06   0.98272
FLUX  889  2465.00        1.216197E+14   3.7433E-06   3.7780E-06   0.99082
FLUX  890  2475.00        1.211283E+14   3.7012E-06   3.7521E-06   0.98645
FLUX  891  2485.00        1.206408E+14   3.6596E-06   3.7263E-06   0.98208
FLUX  892  2495.00        1.201573E+14   3.6532E-06   3.7009E-06   0.98712
FLUX  893  2505.00        1.196776E+14   3.6456E-06   3.6757E-06   0.99182
FLUX  894  2515.00        1.192018E+14   3.6060E-06   3.6507E-06   0.98774
FLUX  895  2525.00        1.187297E+14   3.5821E-06   3.6260E-06   0.98788
FLUX  896  2535.00        1.182613E+14   3.5713E-06   3.6016E-06   0.99159
FLUX  897  2545.00        1.177967E+14   3.5401E-06   3.5773E-06   0.98959
FLUX  898  2555.00        1.173356E+14   3.5154E-06   3.5533E-06   0.98933
FLUX  899  2565.00        1.168782E+14   3.4721E-06   3.5296E-06   0.98370
FLUX  900  2575.00        1.164243E+14   3.4857E-06   3.5061E-06   0.99420
FLUX  901  2585.00        1.159739E+14   3.4347E-06   3.4828E-06   0.98620
FLUX  902  2595.00        1.155270E+14   3.4358E-06   3.4597E-06   0.99308
FLUX  903  2605.00        1.150835E+14   3.4139E-06   3.4369E-06   0.99331
FLUX  904  2615.00        1.146434E+14   3.3612E-06   3.4143E-06   0.98444
FLUX  905  2625.00        1.142067E+14   3.2691E-06   3.3919E-06   0.96378
FLUX  906  2635.00        1.137732E+14   3.3395E-06   3.3697E-06   0.99104
FLUX  907  2645.00        1.133431E+14   3.3195E-06   3.3478E-06   0.99156
FLUX  908  2655.00        1.129162E+14   3.2964E-06   3.3260E-06   0.99110
FLUX  909  2665.00        1.124925E+14   3.2607E-06   3.3045E-06   0.98675
FLUX  910  2675.00        1.120720E+14   3.2274E-06   3.2832E-06   0.98303
FLUX  911  2685.00        1.116546E+14   3.2498E-06   3.2620E-06   0.99624
FLUX  912  2695.00        1.112403E+14   3.2288E-06   3.2411E-06   0.99620
FLUX  913  2705.00        1.108290E+14   3.2088E-06   3.2204E-06   0.99641
FLUX  914  2715.00        1.104208E+14   3.1885E-06   3.1999E-06   0.99644
FLUX  915  2725.00        1.100156E+14   3.1693E-06   3.1795E-06   0.99679
FLUX  916  2735.00        1.096133E+14   3.1495E-06   3.1594E-06   0.99688
FLUX  917  2745.00        1.092140E+14   3.1327E-06   3.1394E-06   0.99786
FLUX  918  2755.00        1.088176E+14   3.0670E-06   3.1197E-06   0.98313
FLUX  919  2765.00        1.084240E+14   3.0799E-06   3.1001E-06   0.99350
FLUX  920  2775.00        1.080333E+14   3.0712E-06   3.0807E-06   0.99693
FLUX  921  2785.00        1.076454E+14   3.0533E-06   3.0614E-06   0.99735
FLUX  922  2795.00        1.072603E+14   3.0367E-06   3.0424E-06   0.99813
FLUX  923  2805.00        1.068779E+14   3.0171E-06   3.0235E-06   0.99786
FLUX  924  2815.00        1.064982E+14   3.0002E-06   3.0048E-06   0.99847
FLUX  925  2825.00        1.061212E+14   2.9813E-06   2.9863E-06   0.99832
FLUX  926  2835.00        1.057469E+14   2.9656E-06   2.9679E-06   0.99922
FLUX  927  2845.00        1.053752E+14   2.9422E-06   2.9497E-06   0.99744
FLUX  928  2855.00        1.050061E+14   2.9271E-06   2.9317E-06   0.99843
FLUX  929  2865.00        1.046396E+14   2.9045E-06   2.9138E-06   0.99682
FLUX  930  2875.00        1.042757E+14   2.8407E-06   2.8961E-06   0.98086
FLUX  931  2885.00        1.039142E+14   2.8730E-06   2.8785E-06   0.99807
FLUX  932  2895.00        1.035553E+14   2.8579E-06   2.8611E-06   0.99887
FLUX  933  2905.00        1.031988E+14   2.8401E-06   2.8439E-06   0.99866
FLUX  934  2915.00        1.028448E+14   2.8234E-06   2.8268E-06   0.99878
FLUX  935  2925.00        1.024932E+14   2.8010E-06   2.8099E-06   0.99683
FLUX  936  2935.00        1.021440E+14   2.7894E-06   2.7931E-06   0.99867
FLUX  937  2945.00        1.017971E+14   2.7695E-06   2.7765E-06   0.99751
FLUX  938  2955.00        1.014526E+14   2.7567E-06   2.7600E-06   0.99883
FLUX  939  2965.00        1.011105E+14   2.7400E-06   2.7436E-06   0.99867
FLUX  940  2975.00        1.007706E+14   2.7243E-06   2.7274E-06   0.99885
FLUX  941  2985.00        1.004330E+14   2.7095E-06   2.7113E-06   0.99931
FLUX  942  2995.00        1.000977E+14   2.6904E-06   2.6954E-06   0.99814
FLUX  943  3005.00        9.976456E+13   2.6745E-06   2.6796E-06   0.99808
FLUX  944  3015.00        9.943366E+13   2.6618E-06   2.6640E-06   0.99919
FLUX  945  3025.00        9.910496E+13   2.6452E-06   2.6485E-06   0.99876
FLUX  946  3035.00        9.877842E+13   2.5886E-06   2.6331E-06   0.98307
FLUX  947  3045.00        9.845402E+13   2.6011E-06   2.6178E-06   0.99361
FLUX  948  3055.00        9.813175E+13   2.5992E-06   2.6027E-06   0.99865
FLUX  949  3065.00        9.781158E+13   2.5816E-06   2.5877E-06   0.99765
FLUX  950  3075.00        9.749349E+13   2.5711E-06   2.5728E-06   0.99934
FLUX  951  3085.00        9.717747E+13   2.5517E-06   2.5580E-06   0.99754
FLUX  952  3095.00        9.686349E+13   2.5374E-06   2.5433E-06   0.99767
FLUX  953  3105.00        9.655153E+13   2.5267E-06   2.5288E-06   0.99916
FLUX  954  3115.00        9.624157E+13   2.4996E-06   2.5144E-06   0.99412
FLUX  955  3125.00        9.593360E+13   2.4966E-06   2.5001E-06   0.99858
FLUX  956  3135.00        9.562759E+13   2.4815E-06   2.4860E-06   0.99819
FLUX  957  3145.00        9.532353E+13   2.4694E-06   2.4719E-06   0.99897
FLUX  958  3155.00        9.502139E+13   2.4498E-06   2.4580E-06   0.99665
FLUX  959  3165.00        9.472117E+13   2.4415E-06   2.4442E-06   0.99888
FLUX  960  3175.00        9.442283E+13   2.4252E-06   2.4305E-06   0.99784
FLUX  961  3185.00        9.412637E+13   2.4130E-06   2.4169E-06   0.99838
FLUX  962  3195.00        9.383177E+13   2.4019E-06   2.4035E-06   0.99937
FLUX  963  3210.00        9.339330E+13   2.3800E-06   2.3835E-06   0.99855
FLUX  964  3230.00        9.281501E+13   2.3537E-06   2.3572E-06   0.99853
FLUX  965  3250.00        9.224385E+13   2.3286E-06   2.3314E-06   0.99881
FLUX  966  3270.00        9.167966E+13   2.3029E-06   2.3060E-06   0.99868
FLUX  967  3290.00        9.112234E+13   2.2534E-06   2.2821E-06   0.98741
FLUX  968  3310.00        9.057175E+13   2.2509E-06   2.2575E-06   0.99709
FLUX  969  3330.00        9.002778E+13   2.2246E-06   2.2332E-06   0.99615
FLUX  970  3350.00        8.949030E+13   2.2054E-06   2.2094E-06   0.99820
FLUX  971  3370.00        8.895920E+13   2.1807E-06   2.1859E-06   0.99763
FLUX  972  3390.00        8.843436E+13   2.1536E-06   2.1628E-06   0.99576
FLUX  973  3410.00        8.791569E+13   2.1315E-06   2.1401E-06   0.99602
FLUX  974  3430.00        8.740306E+13   2.1147E-06   2.1177E-06   0.99862
FLUX  975  3450.00        8.689638E+13   2.0926E-06   2.0956E-06   0.99858
FLUX  976  3470.00        8.639553E+13   2.0715E-06   2.0739E-06   0.99887
FLUX  977  3490.00        8.590043E+13   2.0508E-06   2.0525E-06   0.99916
FLUX  978  3510.00        8.541097E+13   2.0291E-06   2.0315E-06   0.99885
FLUX  979  3530.00        8.492705E+13   2.0064E-06   2.0107E-06   0.99783
FLUX  980  3550.00        8.444859E+13   1.9885E-06   1.9903E-06   0.99909
FLUX  981  3570.00        8.397549E+13   1.9658E-06   1.9702E-06   0.99777
FLUX  982  3590.00        8.350766E+13   1.9462E-06   1.9504E-06   0.99784
FLUX  983  3610.00        8.304501E+13   1.9299E-06   1.9309E-06   0.99950
FLUX  984  3630.00        8.258746E+13   1.9100E-06   1.9117E-06   0.99910
FLUX  985  3650.00        8.213493E+13   1.8875E-06   1.8928E-06   0.99724
FLUX  986  3670.00        8.168733E+13   1.8685E-06   1.8741E-06   0.99701
FLUX  987  3690.00        8.124458E+13   1.8462E-06   1.8557E-06   0.99486
FLUX  988  3710.00        8.080660E+13   1.8290E-06   1.8376E-06   0.99529
FLUX  989  3730.00        8.037332E+13   1.8103E-06   1.8198E-06   0.99478
FLUX  990  3750.00        7.994467E+13   1.7793E-06   1.8022E-06   0.98731
FLUX  991  3770.00        7.952056E+13   1.7797E-06   1.7848E-06   0.99715
FLUX  992  3790.00        7.910092E+13   1.7632E-06   1.7677E-06   0.99746
FLUX  993  3810.00        7.868569E+13   1.7457E-06   1.7509E-06   0.99705
FLUX  994  3830.00        7.827480E+13   1.7313E-06   1.7343E-06   0.99829
FLUX  995  3850.00        7.786818E+13   1.7162E-06   1.7179E-06   0.99901
FLUX  996  3870.00        7.746576E+13   1.6985E-06   1.7017E-06   0.99810
FLUX  997  3890.00        7.706748E+13   1.6820E-06   1.6858E-06   0.99772
FLUX  998  3910.00        7.667327E+13   1.6664E-06   1.6701E-06   0.99774
FLUX  999  3930.00        7.628308E+13   1.6528E-06   1.6547E-06   0.99889
FLUX 1000  3950.00        7.589683E+13   1.6355E-06   1.6394E-06   0.99763
FLUX 1001  3970.00        7.551448E+13   1.6224E-06   1.6243E-06   0.99884
FLUX 1002  3990.00        7.513596E+13   1.6025E-06   1.6095E-06   0.99566
FLUX 1003  4010.00        7.476122E+13   1.5892E-06   1.5948E-06   0.99645
FLUX 1004  4030.00        7.439020E+13   1.5761E-06   1.5804E-06   0.99728
FLUX 1005  4050.00        7.402284E+13   1.5508E-06   1.5661E-06   0.99020
FLUX 1006  4070.00        7.365909E+13   1.5485E-06   1.5521E-06   0.99768
FLUX 1007  4090.00        7.329890E+13   1.5354E-06   1.5382E-06   0.99818
FLUX 1008  4110.00        7.294221E+13   1.5228E-06   1.5245E-06   0.99890
FLUX 1009  4130.00        7.258898E+13   1.5102E-06   1.5110E-06   0.99949
FLUX 1010  4150.00        7.223916E+13   1.4951E-06   1.4976E-06   0.99831
FLUX 1011  4170.00        7.189269E+13   1.4787E-06   1.4845E-06   0.99613
FLUX 1012  4190.00        7.154952E+13   1.4695E-06   1.4715E-06   0.99866
FLUX 1013  4210.00        7.120962E+13   1.4526E-06   1.4587E-06   0.99588
FLUX 1014  4230.00        7.087293E+13   1.4458E-06   1.4460E-06   0.99986
FLUX 1015  4250.00        7.053941E+13   1.4314E-06   1.4335E-06   0.99854
FLUX 1016  4270.00        7.020902E+13   1.4205E-06   1.4212E-06   0.99955
FLUX 1017  4290.00        6.988170E+13   1.3913E-06   1.4090E-06   0.98743
FLUX 1018  4310.00        6.955742E+13   1.3688E-06   1.3970E-06   0.97983
FLUX 1019  4330.00        6.923614E+13   1.3652E-06   1.3851E-06   0.98561
FLUX 1020  4350.00        6.891782E+13   1.3353E-06   1.3734E-06   0.97226
FLUX 1021  4370.00        6.860240E+13   1.3178E-06   1.3619E-06   0.96764
FLUX 1022  4390.00        6.828986E+13   1.3159E-06   1.3504E-06   0.97441
FLUX 1023  4410.00        6.798016E+13   1.2838E-06   1.3392E-06   0.95863
FLUX 1024  4430.00        6.767325E+13   1.2825E-06   1.3280E-06   0.96570
FLUX 1025  4450.00        6.736910E+13   1.2742E-06   1.3170E-06   0.96746
FLUX 1026  4470.00        6.706767E+13   1.2454E-06   1.3063E-06   0.95338
FLUX 1027  4490.00        6.676893E+13   1.2480E-06   1.2956E-06   0.96326
FLUX 1028  4510.00        6.647284E+13   1.2372E-06   1.2850E-06   0.96282
FLUX 1029  4530.00        6.617936E+13   1.2138E-06   1.2745E-06   0.95237
FLUX 1030  4550.00        6.588846E+13   1.2126E-06   1.2642E-06   0.95920
FLUX 1031  4570.00        6.560011E+13   1.2074E-06   1.2540E-06   0.96284
FLUX 1032  4590.00        6.531427E+13   1.1844E-06   1.2439E-06   0.95222
FLUX 1033  4610.00        6.503091E+13   1.1839E-06   1.2339E-06   0.95947
FLUX 1034  4630.00        6.475000E+13   1.1733E-06   1.2240E-06   0.95859
FLUX 1035  4650.00        6.447150E+13   1.1623E-06   1.2143E-06   0.95719
FLUX 1036  4670.00        6.419540E+13   1.1566E-06   1.2047E-06   0.96008
FLUX 1037  4690.00        6.392164E+13   1.1510E-06   1.1951E-06   0.96309
FLUX 1038  4710.00        6.365021E+13   1.1425E-06   1.1857E-06   0.96357
FLUX 1039  4730.00        6.338108E+13   1.1399E-06   1.1765E-06   0.96892
FLUX 1040  4750.00        6.311421E+13   1.1284E-06   1.1673E-06   0.96673
FLUX 1041  4770.00        6.284958E+13   1.1196E-06   1.1582E-06   0.96666
FLUX 1042  4790.00        6.258716E+13   1.1133E-06   1.1492E-06   0.96875
FLUX 1043  4810.00        6.232692E+13   1.1006E-06   1.1404E-06   0.96515
FLUX 1044  4830.00        6.206884E+13   1.0999E-06   1.1316E-06   0.97197
FLUX 1045  4850.00        6.181289E+13   1.0900E-06   1.1229E-06   0.97068
FLUX 1046  4870.00        6.155903E+13   1.0808E-06   1.1144E-06   0.96984
FLUX 1047  4890.00        6.130726E+13   1.0740E-06   1.1059E-06   0.97118
FLUX 1048  4910.00        6.105753E+13   1.0667E-06   1.0975E-06   0.97191
FLUX 1049  4930.00        6.080984E+13   1.0590E-06   1.0892E-06   0.97225
FLUX 1050  4950.00        6.056414E+13   1.0508E-06   1.0811E-06   0.97203
FLUX 1051  4970.00        6.032042E+13   1.0436E-06   1.0730E-06   0.97258
FLUX 1052  4990.00        6.007866E+13   1.0382E-06   1.0650E-06   0.97485
FLUX 1053  5010.00        5.983882E+13   1.0273E-06   1.0571E-06   0.97186
FLUX 1054  5030.00        5.960089E+13   1.0241E-06   1.0492E-06   0.97608
FLUX 1055  5050.00        5.936485E+13   1.0127E-06   1.0415E-06   0.97233
FLUX 1056  5070.00        5.913067E+13   1.0074E-06   1.0338E-06   0.97439
FLUX 1057  5090.00        5.889833E+13   1.0027E-06   1.0263E-06   0.97702
FLUX 1058  5110.00        5.866781E+13   9.9331E-07   1.0188E-06   0.97500
FLUX 1059  5130.00        5.843908E+13   9.8456E-07   1.0114E-06   0.97348
FLUX 1060  5150.00        5.821214E+13   9.8026E-07   1.0041E-06   0.97630
FLUX 1061  5170.00        5.798694E+13   9.7753E-07   9.9681E-07   0.98066
FLUX 1062  5190.00        5.776349E+13   9.6685E-07   9.8964E-07   0.97697
FLUX 1063  5210.00        5.754175E+13   9.5975E-07   9.8255E-07   0.97680
FLUX 1064  5230.00        5.732170E+13   9.5311E-07   9.7553E-07   0.97701
FLUX 1065  5250.00        5.710333E+13   9.4878E-07   9.6859E-07   0.97954
FLUX 1066  5270.00        5.688662E+13   9.4403E-07   9.6173E-07   0.98160
FLUX 1067  5290.00        5.667155E+13   9.3329E-07   9.5493E-07   0.97733
FLUX 1068  5310.00        5.645810E+13   9.2956E-07   9.4821E-07   0.98033
FLUX 1069  5330.00        5.624625E+13   9.2244E-07   9.4156E-07   0.97969
FLUX 1070  5350.00        5.603598E+13   9.1744E-07   9.3498E-07   0.98124
FLUX 1071  5370.00        5.582728E+13   9.1145E-07   9.2847E-07   0.98167
FLUX 1072  5390.00        5.562013E+13   9.0598E-07   9.2202E-07   0.98260
FLUX 1073  5410.00        5.541451E+13   8.9989E-07   9.1565E-07   0.98279
FLUX 1074  5430.00        5.521040E+13   8.9116E-07   9.0933E-07   0.98002
FLUX 1075  5450.00        5.500780E+13   8.8841E-07   9.0309E-07   0.98375
FLUX 1076  5470.00        5.480667E+13   8.8169E-07   8.9690E-07   0.98304
FLUX 1077  5490.00        5.460701E+13   8.7521E-07   8.9078E-07   0.98252
FLUX 1078  5510.00        5.440880E+13   8.7113E-07   8.8472E-07   0.98463
FLUX 1079  5530.00        5.421202E+13   8.6736E-07   8.7873E-07   0.98707
FLUX 1080  5550.00        5.401667E+13   8.5822E-07   8.7279E-07   0.98330
FLUX 1081  5570.00        5.382271E+13   8.5650E-07   8.6691E-07   0.98799
FLUX 1082  5590.00        5.363014E+13   8.4829E-07   8.6109E-07   0.98512
FLUX 1083  5610.00        5.343895E+13   8.4354E-07   8.5534E-07   0.98621
FLUX 1084  5630.00        5.324911E+13   8.3768E-07   8.4963E-07   0.98593
FLUX 1085  5650.00        5.306062E+13   8.3469E-07   8.4399E-07   0.98898
FLUX 1086  5670.00        5.287346E+13   8.2948E-07   8.3840E-07   0.98936
FLUX 1087  5690.00        5.268761E+13   8.2210E-07   8.3287E-07   0.98707
FLUX 1088  5710.00        5.250306E+13   8.1865E-07   8.2739E-07   0.98943
FLUX 1089  5730.00        5.231981E+13   8.1384E-07   8.2196E-07   0.99012
FLUX 1090  5750.00        5.213783E+13   8.0855E-07   8.1659E-07   0.99015
FLUX 1091  5770.00        5.195711E+13   8.0345E-07   8.1127E-07   0.99036
FLUX 1092  5790.00        5.177763E+13   7.9930E-07   8.0600E-07   0.99168
FLUX 1093  5810.00        5.159940E+13   7.9356E-07   8.0079E-07   0.99098
FLUX 1094  5830.00        5.142238E+13   7.8898E-07   7.9562E-07   0.99165
FLUX 1095  5850.00        5.124658E+13   7.8489E-07   7.9053E-07   0.99286
FLUX 1096  5870.00        5.107198E+13   7.7905E-07   7.8546E-07   0.99184
FLUX 1097  5890.00        5.089856E+13   7.7406E-07   7.8044E-07   0.99183
FLUX 1098  5910.00        5.072631E+13   7.6789E-07   7.7547E-07   0.99023
FLUX 1099  5930.00        5.055523E+13   7.6545E-07   7.7054E-07   0.99339
FLUX 1100  5950.00        5.038529E+13   7.5911E-07   7.6567E-07   0.99144
FLUX 1101  5970.00        5.021650E+13   7.5661E-07   7.6083E-07   0.99444
FLUX 1102  5990.00        5.004883E+13   7.5204E-07   7.5605E-07   0.99470
FLUX 1103  6010.00        4.988228E+13   7.4750E-07   7.5131E-07   0.99493
FLUX 1104  6030.00        4.971683E+13   7.4306E-07   7.4661E-07   0.99525
FLUX 1105  6050.00        4.955248E+13   7.3827E-07   7.4196E-07   0.99503
FLUX 1106  6070.00        4.938921E+13   7.3370E-07   7.3735E-07   0.99504
FLUX 1107  6090.00        4.922701E+13   7.2929E-07   7.3278E-07   0.99523
FLUX 1108  6110.00        4.906588E+13   7.2411E-07   7.2826E-07   0.99430
FLUX 1109  6130.00        4.890579E+13   7.2087E-07   7.2378E-07   0.99599
FLUX 1110  6150.00        4.874675E+13   7.1678E-07   7.1934E-07   0.99645
FLUX 1111  6170.00        4.858874E+13   7.1261E-07   7.1493E-07   0.99674
FLUX 1112  6190.00        4.843174E+13   7.0858E-07   7.1057E-07   0.99719
FLUX 1113  6210.00        4.827576E+13   7.0438E-07   7.0625E-07   0.99734
FLUX 1114  6230.00        4.812079E+13   6.9921E-07   7.0197E-07   0.99606
FLUX 1115  6250.00        4.796680E+13   6.9535E-07   6.9773E-07   0.99658
FLUX 1116  6270.00        4.781380E+13   6.9143E-07   6.9353E-07   0.99698
FLUX 1117  6290.00        4.766176E+13   6.8678E-07   6.8936E-07   0.99625
FLUX 1118  6310.00        4.751070E+13   6.8303E-07   6.8523E-07   0.99678
FLUX 1119  6330.00        4.736058E+13   6.8001E-07   6.8114E-07   0.99834
FLUX 1120  6350.00        4.721142E+13   6.7569E-07   6.7709E-07   0.99793
FLUX 1121  6370.00        4.706319E+13   6.7198E-07   6.7307E-07   0.99838
FLUX 1122  6390.00        4.691588E+13   6.6764E-07   6.6908E-07   0.99784
FLUX 1123  6420.00        4.669665E+13   6.6221E-07   6.6317E-07   0.99855
FLUX 1124  6460.00        4.640751E+13   6.5424E-07   6.5541E-07   0.99821
FLUX 1125  6500.00        4.612192E+13   6.4667E-07   6.4779E-07   0.99827
FLUX 1126  6540.00        4.583983E+13   6.3961E-07   6.4030E-07   0.99893
FLUX 1127  6580.00        4.556117E+13   6.3246E-07   6.3294E-07   0.99924
FLUX 1128  6620.00        4.528588E+13   6.2511E-07   6.2570E-07   0.99906
FLUX 1129  6660.00        4.501389E+13   6.1819E-07   6.1859E-07   0.99936
FLUX 1130  6700.00        4.474515E+13   6.1117E-07   6.1159E-07   0.99931
FLUX 1131  6740.00        4.447960E+13   6.0417E-07   6.0472E-07   0.99909
FLUX 1132  6780.00        4.421718E+13   5.9716E-07   5.9796E-07   0.99867
FLUX 1133  6820.00        4.395784E+13   5.9100E-07   5.9131E-07   0.99947
FLUX 1134  6860.00        4.370153E+13   5.8456E-07   5.8477E-07   0.99964
FLUX 1135  6900.00        4.344819E+13   5.7811E-07   5.7834E-07   0.99960
FLUX 1136  6940.00        4.319777E+13   5.7169E-07   5.7202E-07   0.99943
FLUX 1137  6980.00        4.295021E+13   5.6566E-07   5.6580E-07   0.99975
FLUX 1138  7020.00        4.270548E+13   5.5928E-07   5.5968E-07   0.99930
FLUX 1139  7060.00        4.246353E+13   5.5351E-07   5.5366E-07   0.99974
FLUX 1140  7100.00        4.222430E+13   5.4762E-07   5.4773E-07   0.99981
FLUX 1141  7140.00        4.198774E+13   5.4181E-07   5.4190E-07   0.99984
FLUX 1142  7180.00        4.175383E+13   5.3604E-07   5.3616E-07   0.99977
FLUX 1143  7220.00        4.152251E+13   5.3036E-07   5.3052E-07   0.99970
FLUX 1144  7260.00        4.129373E+13   5.2480E-07   5.2496E-07   0.99969
FLUX 1145  7300.00        4.106747E+13   5.1945E-07   5.1949E-07   0.99993
FLUX 1146  7340.00        4.084366E+13   5.1389E-07   5.1410E-07   0.99960
FLUX 1147  7380.00        4.062229E+13   5.0876E-07   5.0880E-07   0.99992
FLUX 1148  7420.00        4.040330E+13   5.0342E-07   5.0358E-07   0.99969
FLUX 1149  7460.00        4.018666E+13   4.9703E-07   4.9844E-07   0.99719
FLUX 1150  7500.00        3.997233E+13   4.9202E-07   4.9337E-07   0.99726
FLUX 1151  7540.00        3.976028E+13   4.8825E-07   4.8839E-07   0.99971
FLUX 1152  7580.00        3.955046E+13   4.8343E-07   4.8347E-07   0.99991
FLUX 1153  7620.00        3.934285E+13   4.7857E-07   4.7864E-07   0.99987
FLUX 1154  7660.00        3.913740E+13   4.7384E-07   4.7387E-07   0.99994
FLUX 1155  7700.00        3.893409E+13   4.6906E-07   4.6917E-07   0.99975
FLUX 1156  7740.00        3.873288E+13   4.6452E-07   4.6455E-07   0.99994
FLUX 1157  7780.00        3.853374E+13   4.5998E-07   4.5999E-07   0.99997
FLUX 1158  7820.00        3.833664E+13   4.5549E-07   4.5550E-07   0.99998
FLUX 1159  7860.00        3.814154E+13   4.5106E-07   4.5107E-07   0.99998
FLUX 1160  7900.00        3.794842E+13   4.4670E-07   4.4671E-07   0.99997
FLUX 1161  7940.00        3.775724E+13   4.4238E-07   4.4241E-07   0.99994
FLUX 1162  7980.00        3.756798E+13   4.3815E-07   4.3817E-07   0.99995
FLUX 1163  8020.00        3.738061E+13   4.3391E-07   4.3400E-07   0.99979
FLUX 1164  8060.00        3.719510E+13   4.2976E-07   4.2988E-07   0.99972
FLUX 1165  8100.00        3.701142E+13   4.2581E-07   4.2582E-07   0.99997
FLUX 1166  8140.00        3.682955E+13   4.2162E-07   4.2182E-07   0.99952
FLUX 1167  8180.00        3.664945E+13   4.1777E-07   4.1788E-07   0.99975
FLUX 1168  8220.00        3.647111E+13   4.1397E-07   4.1399E-07   0.99997
FLUX 1169  8260.00        3.629449E+13   4.1011E-07   4.1015E-07   0.99991
FLUX 1170  8300.00        3.611958E+13   4.0634E-07   4.0637E-07   0.99993
FLUX 1171  8340.00        3.594634E+13   4.0249E-07   4.0263E-07   0.99965
FLUX 1172  8380.00        3.577476E+13   3.9888E-07   3.9895E-07   0.99982
FLUX 1173  8420.00        3.560481E+13   3.9530E-07   3.9532E-07   0.99994
FLUX 1174  8460.00        3.543647E+13   3.9172E-07   3.9174E-07   0.99993
FLUX 1175  8500.00        3.526971E+13   3.8819E-07   3.8821E-07   0.99994
FLUX 1176  8540.00        3.510451E+13   3.8470E-07   3.8473E-07   0.99993
FLUX 1177  8580.00        3.494085E+13   3.8126E-07   3.8129E-07   0.99993
FLUX 1178  8620.00        3.477871E+13   3.7785E-07   3.7790E-07   0.99987
FLUX 1179  8660.00        3.461807E+13   3.7447E-07   3.7455E-07   0.99980
FLUX 1180  8700.00        3.445891E+13   3.7124E-07   3.7125E-07   0.99998
FLUX 1181  8740.00        3.430120E+13   3.6781E-07   3.6799E-07   0.99952
FLUX 1182  8780.00        3.414493E+13   3.6459E-07   3.6477E-07   0.99951
FLUX 1183  8820.00        3.399008E+13   3.6151E-07   3.6159E-07   0.99975
FLUX 1184  8860.00        3.383662E+13   3.5839E-07   3.5846E-07   0.99979
FLUX 1185  8900.00        3.368455E+13   3.5527E-07   3.5537E-07   0.99974
FLUX 1186  8940.00        3.353384E+13   3.5226E-07   3.5231E-07   0.99986
FLUX 1187  8980.00        3.338447E+13   3.4916E-07   3.4930E-07   0.99960
FLUX 1188  9020.00        3.323642E+13   3.4625E-07   3.4632E-07   0.99980
FLUX 1189  9060.00        3.308968E+13   3.4338E-07   3.4339E-07   0.99999
FLUX 1190  9100.00        3.294423E+13   3.4036E-07   3.4049E-07   0.99962
FLUX 1191  9140.00        3.280005E+13   3.3749E-07   3.3762E-07   0.99963
FLUX 1192  9180.00        3.265713E+13   3.3475E-07   3.3479E-07   0.99987
FLUX 1193  9220.00        3.251546E+13   3.3197E-07   3.3200E-07   0.99992
FLUX 1194  9260.00        3.237500E+13   3.2919E-07   3.2924E-07   0.99985
FLUX 1195  9300.00        3.223575E+13   3.2651E-07   3.2652E-07   0.99999
FLUX 1196  9340.00        3.209770E+13   3.2376E-07   3.2383E-07   0.99978
FLUX 1197  9380.00        3.196082E+13   3.2100E-07   3.2117E-07   0.99946
FLUX 1198  9420.00        3.182511E+13   3.1854E-07   3.1855E-07   0.99998
FLUX 1199  9460.00        3.169054E+13   3.1587E-07   3.1595E-07   0.99972
FLUX 1200  9500.00        3.155710E+13   3.1337E-07   3.1339E-07   0.99994
FLUX 1201  9540.00        3.142479E+13   3.1082E-07   3.1086E-07   0.99985
FLUX 1202  9580.00        3.129358E+13   3.0826E-07   3.0836E-07   0.99968
FLUX 1203  9620.00        3.116346E+13   3.0584E-07   3.0589E-07   0.99983
FLUX 1204  9660.00        3.103442E+13   3.0333E-07   3.0345E-07   0.99960
FLUX 1205  9700.00        3.090644E+13   3.0102E-07   3.0104E-07   0.99993
FLUX 1206  9740.00        3.077952E+13   2.9852E-07   2.9866E-07   0.99953
FLUX 1207  9780.00        3.065363E+13   2.9612E-07   2.9630E-07   0.99936
FLUX 1208  9820.00        3.052877E+13   2.9394E-07   2.9398E-07   0.99987
FLUX 1209  9860.00        3.040492E+13   2.9164E-07   2.9168E-07   0.99988
FLUX 1210  9900.00        3.028207E+13   2.8934E-07   2.8941E-07   0.99977
FLUX 1211  9940.00        3.016021E+13   2.8702E-07   2.8716E-07   0.99952
FLUX 1212  9980.00        3.003933E+13   2.8491E-07   2.8494E-07   0.99991
FLUX 1213 10020.00        2.991941E+13   2.8272E-07   2.8275E-07   0.99991
FLUX 1214 20000.00        1.498962E+13   7.3231E-08   7.3232E-08   0.99999
FLUX 1215 40000.00        7.494812E+12   1.8473E-08   1.8473E-08   1.00000
FLUX 1216 60000.00        4.996542E+12   8.1913E-09   8.1913E-09   1.00000
FLUX 1217 80000.00        3.747406E+12   4.5880E-09   4.5880E-09   1.00000
FLUX 1218100000.00        2.997925E+12   2.9229E-09   2.9229E-09   1.00000
FLUX 1219120000.00        2.498271E+12   2.0208E-09   2.0208E-09   1.00000
FLUX 1220140000.00        2.141375E+12   1.4785E-09   1.4785E-09   1.00000
FLUX 1221160000.00        1.873703E+12   1.1276E-09   1.1276E-09   1.00000
FLUX
