TEFF   6250.  GRAVITY 3.00000 LTE 
TITLE  [-0.5] N(He)/Ntot=0.0784 VTURB=2.0  L/H=1.25 NOVER                       
FLUX    1     9.09        3.298047E+16   1.0000E-50   0.0000E+00   1.00000
FLUX    2     9.35        3.206337E+16   1.0000E-50   0.0000E+00   1.00000
FLUX    3     9.61        3.119589E+16   1.0000E-50   0.0000E+00   1.00000
FLUX    4     9.77        3.068501E+16   1.8796-155   1.8796-155   0.99998
FLUX    5     9.96        3.009965E+16   1.5718-152   1.5718-152   0.99998
FLUX    6    10.20        2.939142E+16   5.3747-149   5.3748-149   0.99998
FLUX    7    10.38        2.888174E+16   1.8741-146   1.8742-146   0.99998
FLUX    8    10.56        2.838944E+16   5.3431-144   5.3432-144   0.99998
FLUX    9    10.77        2.783589E+16   3.0693-141   3.0694-141   0.99998
FLUX   10    11.04        2.715512E+16   7.5726-138   7.5728-138   0.99998
FLUX   11    11.40        2.629759E+16   1.4109-133   1.4110-133   0.99998
FLUX   12    11.78        2.544928E+16   2.3518-129   2.3519-129   0.99998
FLUX   13    12.13        2.471496E+16   1.0557-125   1.0557-125   0.99998
FLUX   14    12.48        2.402183E+16   2.9399-122   2.9399-122   0.99998
FLUX   15    12.71        2.358714E+16   4.2438-120   4.2439-120   0.99998
FLUX   16    12.84        2.334833E+16   6.5135-119   6.5136-119   0.99998
FLUX   17    13.05        2.297261E+16   4.7786-117   4.7786-117   0.99998
FLUX   18    13.24        2.264294E+16   2.0671-115   2.0671-115   0.99998
FLUX   19    13.39        2.238928E+16   3.7487-114   3.7488-114   0.99998
FLUX   20    13.66        2.194674E+16   5.8720-112   5.8721-112   0.99998
FLUX   21    13.98        2.144438E+16   1.8164-109   1.8164-109   0.99998
FLUX   22    14.33        2.092062E+16   7.1385-107   7.1386-107   0.99998
FLUX   23    14.72        2.036634E+16   3.9582-104   3.9583-104   0.99998
FLUX   24    15.10        1.985381E+16   1.3586-101   1.3586-101   0.99998
FLUX   25    15.52        1.931653E+16   6.1557E-99   6.1558E-99   0.99998
FLUX   26    15.88        1.887862E+16   8.9580E-97   8.9582E-97   0.99998
FLUX   27    16.20        1.850571E+16   6.2096E-95   6.2097E-95   0.99998
FLUX   28    16.60        1.805979E+16   9.8397E-93   9.8399E-93   0.99998
FLUX   29    17.03        1.760379E+16   1.7418E-90   1.7418E-90   0.99998
FLUX   30    17.34        1.728907E+16   6.1842E-89   6.1843E-89   0.99998
FLUX   31    17.68        1.695659E+16   2.6803E-87   2.6803E-87   0.99998
FLUX   32    18.02        1.663665E+16   1.0055E-85   1.0055E-85   0.99998
FLUX   33    18.17        1.649931E+16   4.7624E-85   4.7624E-85   0.99998
FLUX   34    18.61        1.610922E+16   3.9411E-83   3.9411E-83   0.99998
FLUX   35    19.10        1.569594E+16   4.2213E-81   4.2214E-81   0.99998
FLUX   36    19.39        1.546119E+16   5.9809E-80   5.9810E-80   0.99998
FLUX   37    19.84        1.511051E+16   3.1313E-78   3.1314E-78   0.99998
FLUX   38    20.18        1.485592E+16   5.5408E-77   5.5409E-77   0.99998
FLUX   39    20.50        1.462402E+16   7.5883E-76   7.5884E-76   0.99998
FLUX   40    21.05        1.424192E+16   5.6185E-74   5.6186E-74   0.99998
FLUX   41    21.62        1.386644E+16   3.8464E-72   3.8465E-72   0.99998
FLUX   42    21.98        1.363933E+16   4.9474E-71   4.9475E-71   0.99998
FLUX   43    22.30        1.344361E+16   4.4561E-70   4.4561E-70   0.99998
FLUX   44    22.68        1.321836E+16   5.5893E-69   5.5894E-69   0.99998
FLUX   45    23.00        1.303446E+16   4.4069E-68   4.4069E-68   0.99998
FLUX   46    23.40        1.281165E+16   5.3565E-67   5.3566E-67   0.99998
FLUX   47    24.00        1.249135E+16   1.9362E-65   1.9362E-65   0.99998
FLUX   48    24.65        1.216197E+16   7.7234E-64   7.7236E-64   0.99998
FLUX   49    25.24        1.187767E+16   1.8540E-62   1.8541E-62   0.99998
FLUX   50    25.68        1.167416E+16   1.8003E-61   1.8003E-61   0.99998
FLUX   51    26.00        1.153048E+16   8.9513E-61   8.9515E-61   0.99998
FLUX   52    26.40        1.135578E+16   6.2847E-60   6.2848E-60   0.99998
FLUX   53    26.85        1.116546E+16   5.2361E-59   5.2362E-59   0.99998
FLUX   54    27.35        1.096133E+16   5.0758E-58   5.0758E-58   0.99998
FLUX   55    27.85        1.076454E+16   4.5327E-57   4.5328E-57   0.99998
FLUX   56    28.40        1.055607E+16   4.5953E-56   4.5954E-56   0.99998
FLUX   57    29.00        1.033767E+16   5.1866E-55   5.1867E-55   0.99998
FLUX   58    29.60        1.012813E+16   5.2842E-54   5.2843E-54   0.99998
FLUX   59    30.10        9.959884E+15   3.4056E-53   3.4059E-53   0.99992
FLUX   60    30.80        9.733523E+15   4.1648E-52   4.1649E-52   0.99998
FLUX   61    31.80        9.427437E+15   1.2229E-50   1.2230E-50   0.99998
FLUX   62    32.80        9.140015E+15   2.9049E-49   2.9050E-49   0.99998
FLUX   63    33.80        8.869601E+15   5.6832E-48   5.6833E-48   0.99998
FLUX   64    34.80        8.614727E+15   9.3267E-47   9.3269E-47   0.99998
FLUX   65    35.70        8.397549E+15   1.0065E-45   1.0065E-45   0.99998
FLUX   66    36.60        8.191052E+15   9.6398E-45   9.6399E-45   0.99998
FLUX   67    37.50        7.994467E+15   8.2448E-44   8.2450E-44   0.99998
FLUX   68    38.50        7.786818E+15   7.9255E-43   7.9257E-43   0.99998
FLUX   69    39.50        7.589684E+15   6.7610E-42   6.7611E-42   0.99998
FLUX   70    40.50        7.402284E+15   5.1685E-41   5.1686E-41   0.99998
FLUX   71    41.40        7.241365E+15   2.9558E-40   2.9559E-40   0.99998
FLUX   72    42.20        7.104088E+15   1.3045E-39   1.3046E-39   0.99998
FLUX   73    43.00        6.971919E+15   5.4363E-39   5.4364E-39   0.99998
FLUX   74    44.10        6.798016E+15   3.5433E-38   3.5434E-38   0.99998
FLUX   75    45.10        6.647284E+15   1.7921E-37   1.7921E-37   0.99998
FLUX   76    46.00        6.517228E+15   7.2393E-37   7.2394E-37   0.99998
FLUX   77    47.00        6.378564E+15   3.1998E-36   3.1998E-36   0.99998
FLUX   78    48.00        6.245677E+15   1.3251E-35   1.3251E-35   0.99998
FLUX   79    49.00        6.118214E+15   5.1668E-35   5.1669E-35   0.99998
FLUX   80    50.00        5.995850E+15   1.9013E-34   1.9014E-34   0.99998
FLUX   81    50.60        5.924753E+15   5.3766E-34   6.1438E-34   0.87513
FLUX   82    51.20        5.855322E+15   1.2627E-33   1.2789E-33   0.98741
FLUX   83    52.00        5.765240E+15   3.2727E-33   3.3057E-33   0.99000
FLUX   84    53.00        5.656462E+15   1.0383E-32   1.0384E-32   0.99997
FLUX   85    54.00        5.551713E+15   3.1010E-32   3.1192E-32   0.99415
FLUX   86    55.00        5.450773E+15   8.9870E-32   8.9876E-32   0.99993
FLUX   87    56.00        5.353438E+15   2.4880E-31   2.4881E-31   0.99997
FLUX   88    57.00        5.259518E+15   6.6320E-31   6.6321E-31   0.99998
FLUX   89    58.00        5.168836E+15   1.6868E-30   1.7057E-30   0.98890
FLUX   90    59.00        5.081229E+15   4.2392E-30   4.2399E-30   0.99984
FLUX   91    60.00        4.996542E+15   1.0202E-29   1.0204E-29   0.99979
FLUX   92    61.00        4.914631E+15   2.3817E-29   2.3817E-29   0.99998
FLUX   93    62.00        4.835363E+15   5.3991E-29   5.3996E-29   0.99991
FLUX   94    63.00        4.758611E+15   1.1906E-28   1.1906E-28   0.99993
FLUX   95    64.00        4.684258E+15   2.5583E-28   2.5585E-28   0.99992
FLUX   96    65.00        4.612192E+15   5.3615E-28   5.3616E-28   0.99998
FLUX   97    65.80        4.556117E+15   9.5237E-28   9.5240E-28   0.99997
FLUX   98    66.50        4.508158E+15   1.5549E-27   1.5555E-27   0.99959
FLUX   99    67.50        4.441370E+15   3.0754E-27   3.0762E-27   0.99972
FLUX  100    68.50        4.376533E+15   5.9546E-27   5.9551E-27   0.99991
FLUX  101    69.50        4.313561E+15   1.1295E-26   1.1295E-26   0.99998
FLUX  102    70.50        4.252376E+15   2.0981E-26   2.1008E-26   0.99869
FLUX  103    71.60        4.187046E+15   4.0688E-26   4.0690E-26   0.99993
FLUX  104    72.60        4.129373E+15   7.2835E-26   7.2837E-26   0.99998
FLUX  105    73.50        4.078810E+15   1.2124E-25   1.2125E-25   0.99992
FLUX  106    74.50        4.024060E+15   2.1028E-25   2.1033E-25   0.99975
FLUX  107    75.50        3.970762E+15   3.5903E-25   3.5915E-25   0.99965
FLUX  108    76.50        3.918856E+15   6.0393E-25   6.0405E-25   0.99981
FLUX  109    77.50        3.868290E+15   1.0010E-24   1.0012E-24   0.99973
FLUX  110    78.50        3.819013E+15   1.6366E-24   1.6366E-24   0.99998
FLUX  111    79.50        3.770975E+15   2.6281E-24   2.6394E-24   0.99570
FLUX  112    80.50        3.724130E+15   4.1965E-24   4.2020E-24   0.99868
FLUX  113    81.50        3.678436E+15   6.6059E-24   6.6071E-24   0.99981
FLUX  114    82.50        3.633848E+15   1.0266E-23   1.0267E-23   0.99990
FLUX  115    83.50        3.590329E+15   1.5772E-23   1.5773E-23   0.99993
FLUX  116    84.50        3.547840E+15   2.3963E-23   2.3965E-23   0.99993
FLUX  117    85.50        3.506345E+15   3.6025E-23   3.6026E-23   0.99997
FLUX  118    86.50        3.465809E+15   5.3595E-23   5.3597E-23   0.99997
FLUX  119    87.50        3.426200E+15   7.8877E-23   7.8947E-23   0.99911
FLUX  120    88.50        3.387486E+15   1.1518E-22   1.1519E-22   0.99992
FLUX  121    89.50        3.349637E+15   1.6651E-22   1.6652E-22   0.99997
FLUX  122    90.50        3.312624E+15   2.3847E-22   2.3856E-22   0.99962
FLUX  123    91.50        3.276421E+15   1.1014E-18   2.7744E-18   0.39698
FLUX  124    92.50        3.241000E+15   3.8330E-18   4.0666E-18   0.94255
FLUX  125    93.50        3.206337E+15   5.5527E-18   5.9050E-18   0.94033
FLUX  126    94.50        3.172407E+15   8.0054E-18   8.5015E-18   0.94164
FLUX  127    95.50        3.139188E+15   1.1882E-17   1.2145E-17   0.97834
FLUX  128    96.50        3.106658E+15   1.6849E-17   1.7197E-17   0.97976
FLUX  129    97.50        3.074795E+15   2.3626E-17   2.4141E-17   0.97867
FLUX  130    98.50        3.043579E+15   3.3066E-17   3.3800E-17   0.97828
FLUX  131    99.50        3.012990E+15   4.5751E-17   4.6857E-17   0.97641
FLUX  132   100.50        2.983010E+15   6.4328E-17   6.4499E-17   0.99734
FLUX  133   101.50        2.953621E+15   8.7879E-17   8.8079E-17   0.99774
FLUX  134   102.50        2.924805E+15   1.1759E-16   1.2002E-16   0.97972
FLUX  135   103.50        2.896546E+15   1.6177E-16   1.6208E-16   0.99805
FLUX  136   104.50        2.868828E+15   2.1746E-16   2.1779E-16   0.99846
FLUX  137   105.50        2.841635E+15   2.9049E-16   2.9093E-16   0.99851
FLUX  138   106.50        2.814953E+15   3.8534E-16   3.8647E-16   0.99708
FLUX  139   107.50        2.788767E+15   5.0966E-16   5.1063E-16   0.99809
FLUX  140   108.50        2.763065E+15   6.7013E-16   6.7110E-16   0.99856
FLUX  141   109.50        2.737831E+15   8.7467E-16   8.7732E-16   0.99698
FLUX  142   110.50        2.713054E+15   2.1173E-15   9.9144E-15   0.21356
FLUX  143   111.50        2.688722E+15   7.0460E-15   1.3976E-14   0.50416
FLUX  144   112.50        2.664822E+15   1.0932E-14   1.8997E-14   0.57548
FLUX  145   113.50        2.641344E+15   1.6608E-14   2.4854E-14   0.66822
FLUX  146   114.50        2.618275E+15   2.2000E-14   3.1305E-14   0.70278
FLUX  147   115.50        2.595606E+15   2.4917E-14   3.7834E-14   0.65859
FLUX  148   116.50        2.573326E+15   3.3569E-14   4.3517E-14   0.77140
FLUX  149   117.50        2.551426E+15   3.9443E-14   4.6869E-14   0.84155
FLUX  150   118.50        2.529895E+15   4.5415E-14   8.9194E-14   0.50917
FLUX  151   119.50        2.508724E+15   2.0808E-14   1.0897E-13   0.19095
FLUX  152   120.50        2.487905E+15   1.7673E-14   1.3219E-13   0.13370
FLUX  153   121.50        2.467428E+15   1.1813E-14   1.5939E-13   0.07412
FLUX  154   122.50        2.447286E+15   2.4754E-14   1.9466E-13   0.12716
FLUX  155   123.50        2.427470E+15   5.6676E-14   2.3248E-13   0.24380
FLUX  156   124.50        2.407972E+15   1.3118E-13   1.8628E-13   0.70423
FLUX  157   125.50        2.388785E+15   2.6610E-13   3.4548E-13   0.77022
FLUX  158   126.50        2.369901E+15   3.2540E-13   5.5022E-13   0.59140
FLUX  159   127.50        2.351314E+15   5.0897E-13   7.6213E-13   0.66782
FLUX  160   128.50        2.333016E+15   7.6009E-13   1.0290E-12   0.73864
FLUX  161   129.50        2.315000E+15   9.9808E-13   1.3100E-12   0.76187
FLUX  162   130.50        2.297261E+15   1.0453E-12   1.6400E-12   0.63739
FLUX  163   131.50        2.279791E+15   1.5286E-12   2.0011E-12   0.76391
FLUX  164   132.50        2.262585E+15   1.8895E-12   2.4111E-12   0.78367
FLUX  165   133.50        2.245637E+15   2.2467E-12   2.8664E-12   0.78381
FLUX  166   134.50        2.228941E+15   2.7675E-12   3.3772E-12   0.81946
FLUX  167   135.50        2.212491E+15   3.1153E-12   3.9581E-12   0.78708
FLUX  168   136.50        2.196282E+15   3.7015E-12   4.6319E-12   0.79914
FLUX  169   137.50        2.180309E+15   4.1587E-12   5.3890E-12   0.77170
FLUX  170   138.50        2.164567E+15   4.6987E-12   6.2414E-12   0.75284
FLUX  171   139.50        2.149050E+15   5.5128E-12   7.1953E-12   0.76617
FLUX  172   140.50        2.133754E+15   6.4779E-12   8.2667E-12   0.78361
FLUX  173   141.50        2.118675E+15   7.2769E-12   9.4613E-12   0.76912
FLUX  174   142.50        2.103807E+15   8.1397E-12   1.0802E-11   0.75355
FLUX  175   143.50        2.089146E+15   9.0516E-12   1.2289E-11   0.73657
FLUX  176   144.20        2.079005E+15   1.0990E-11   1.3432E-11   0.81824
FLUX  177   144.70        2.071821E+15   1.0953E-11   1.4432E-11   0.75895
FLUX  178   145.50        2.060430E+15   1.2685E-11   1.5931E-11   0.79620
FLUX  179   146.50        2.046365E+15   1.4092E-11   1.7991E-11   0.78325
FLUX  180   147.50        2.032492E+15   1.5406E-11   2.0270E-11   0.76006
FLUX  181   148.50        2.018805E+15   1.7658E-11   2.2786E-11   0.77494
FLUX  182   149.50        2.005301E+15   2.1645E-11   2.5564E-11   0.84668
FLUX  183   150.50        1.991977E+15   2.5168E-11   2.8620E-11   0.87941
FLUX  184   151.20        1.982755E+15   2.4381E-11   3.0940E-11   0.78801
FLUX  185   151.70        1.976220E+15   2.7901E-11   3.9875E-11   0.69971
FLUX  186   152.50        1.965852E+15   3.3855E-11   8.2049E-11   0.41262
FLUX  187   153.50        1.953046E+15   6.6148E-11   1.7548E-10   0.37697
FLUX  188   154.50        1.940405E+15   8.1975E-11   1.9698E-10   0.41615
FLUX  189   155.50        1.927926E+15   9.7983E-11   2.2043E-10   0.44452
FLUX  190   156.50        1.915607E+15   9.5523E-11   2.4624E-10   0.38792
FLUX  191   157.50        1.903444E+15   1.3584E-10   2.8901E-10   0.47003
FLUX  192   158.50        1.891435E+15   1.5680E-10   3.2179E-10   0.48726
FLUX  193   159.50        1.879577E+15   1.8557E-10   3.5766E-10   0.51884
FLUX  194   160.50        1.867866E+15   1.9350E-10   3.9650E-10   0.48801
FLUX  195   161.50        1.856300E+15   2.1736E-10   4.3836E-10   0.49585
FLUX  196   162.50        1.844877E+15   2.3626E-10   4.9160E-10   0.48060
FLUX  197   163.50        1.833593E+15   3.0185E-10   5.4172E-10   0.55722
FLUX  198   164.50        1.822447E+15   3.8558E-10   5.9571E-10   0.64727
FLUX  199   165.50        1.811435E+15   2.6628E-10   6.5402E-10   0.40714
FLUX  200   166.50        1.800556E+15   4.5763E-10   7.1670E-10   0.63853
FLUX  201   167.20        1.793017E+15   3.2297E-10   7.6336E-10   0.42309
FLUX  202   167.70        1.787671E+15   5.1881E-10   1.9474E-09   0.26642
FLUX  203   168.50        1.779184E+15   7.9232E-10   3.5542E-08   0.02229
FLUX  204   169.50        1.768687E+15   1.2198E-09   3.8401E-08   0.03177
FLUX  205   170.50        1.758314E+15   2.5009E-09   4.1457E-08   0.06032
FLUX  206   171.50        1.748061E+15   6.1391E-09   6.2794E-08   0.09777
FLUX  207   172.50        1.737928E+15   9.0008E-09   6.7171E-08   0.13400
FLUX  208   173.50        1.727911E+15   1.2788E-08   7.0981E-08   0.18016
FLUX  209   174.50        1.718009E+15   1.2799E-08   7.5270E-08   0.17004
FLUX  210   175.50        1.708219E+15   2.0052E-08   7.9071E-08   0.25359
FLUX  211   176.50        1.698541E+15   1.4054E-08   8.2757E-08   0.16982
FLUX  212   177.50        1.688972E+15   2.0104E-08   8.6437E-08   0.23258
FLUX  213   178.50        1.679510E+15   2.1399E-08   9.0089E-08   0.23753
FLUX  214   179.50        1.670153E+15   3.5445E-08   9.3626E-08   0.37858
FLUX  215   180.50        1.660900E+15   2.3198E-08   9.7252E-08   0.23854
FLUX  216   181.50        1.651749E+15   2.7514E-08   1.0078E-07   0.27301
FLUX  217   182.50        1.642699E+15   2.5988E-08   1.0433E-07   0.24909
FLUX  218   183.50        1.633747E+15   3.0036E-08   1.0772E-07   0.27884
FLUX  219   184.50        1.624892E+15   2.3074E-08   1.1109E-07   0.20771
FLUX  220   185.50        1.616132E+15   3.3817E-08   1.1462E-07   0.29503
FLUX  221   186.50        1.607466E+15   4.6400E-08   1.1783E-07   0.39378
FLUX  222   187.50        1.598893E+15   4.3735E-08   1.2712E-07   0.34404
FLUX  223   188.50        1.590411E+15   4.8159E-08   1.3001E-07   0.37042
FLUX  224   189.50        1.582018E+15   5.7578E-08   1.3277E-07   0.43367
FLUX  225   190.50        1.573714E+15   5.3282E-08   1.3532E-07   0.39374
FLUX  226   191.50        1.565496E+15   5.7182E-08   1.3779E-07   0.41498
FLUX  227   192.50        1.557364E+15   4.6499E-08   1.4017E-07   0.33174
FLUX  228   193.50        1.549315E+15   1.9429E-08   1.4242E-07   0.13643
FLUX  229   194.50        1.541350E+15   6.7414E-08   1.4471E-07   0.46586
FLUX  230   195.50        1.533465E+15   7.4524E-08   1.4694E-07   0.50717
FLUX  231   196.70        1.524110E+15   9.0308E-08   1.4953E-07   0.60392
FLUX  232   197.60        1.517169E+15   8.3364E-08   1.6650E-07   0.50068
FLUX  233   198.40        1.511051E+15   8.0600E-08   1.6886E-07   0.47733
FLUX  234   199.50        1.502719E+15   8.7752E-08   1.8042E-07   0.48637
FLUX  235   200.50        1.495224E+15   8.6186E-08   1.8396E-07   0.46850
FLUX  236   201.50        1.487804E+15   8.6492E-08   1.8784E-07   0.46047
FLUX  237   202.50        1.480457E+15   7.4500E-08   1.9161E-07   0.38882
FLUX  238   203.50        1.473182E+15   1.0444E-07   1.9531E-07   0.53476
FLUX  239   204.50        1.465978E+15   1.1945E-07   1.9927E-07   0.59944
FLUX  240   205.50        1.458844E+15   1.0914E-07   2.0301E-07   0.53759
FLUX  241   206.50        1.451780E+15   1.0208E-07   2.0655E-07   0.49420
FLUX  242   207.40        1.445480E+15   1.2569E-07   2.0962E-07   0.59963
FLUX  243   207.80        1.442697E+15   1.8756E-07   4.4404E-07   0.42238
FLUX  244   208.50        1.437854E+15   1.8105E-07   4.5283E-07   0.39982
FLUX  245   209.50        1.430990E+15   1.9044E-07   4.6530E-07   0.40929
FLUX  246   210.50        1.424192E+15   2.0382E-07   4.7743E-07   0.42691
FLUX  247   211.50        1.417459E+15   2.3434E-07   4.8919E-07   0.47905
FLUX  248   212.50        1.410788E+15   2.0996E-07   5.0090E-07   0.41917
FLUX  249   213.50        1.404180E+15   1.8095E-07   5.1264E-07   0.35297
FLUX  250   214.50        1.397634E+15   2.4029E-07   5.2421E-07   0.45838
FLUX  251   215.50        1.391148E+15   2.5196E-07   5.3582E-07   0.47024
FLUX  252   216.50        1.384723E+15   2.2708E-07   5.4758E-07   0.41469
FLUX  253   217.50        1.378356E+15   2.3780E-07   5.5941E-07   0.42510
FLUX  254   218.50        1.372048E+15   2.7216E-07   5.7148E-07   0.47624
FLUX  255   219.50        1.365797E+15   3.0086E-07   5.8373E-07   0.51541
FLUX  256   220.50        1.359603E+15   2.8572E-07   5.9619E-07   0.47925
FLUX  257   221.50        1.353465E+15   2.2102E-07   6.0887E-07   0.36300
FLUX  258   222.50        1.347382E+15   2.3763E-07   6.2420E-07   0.38069
FLUX  259   223.50        1.341353E+15   3.2025E-07   6.3723E-07   0.50256
FLUX  260   224.50        1.335379E+15   2.9972E-07   6.5043E-07   0.46080
FLUX  261   225.50        1.329457E+15   2.2810E-07   6.7968E-07   0.33560
FLUX  262   226.50        1.323587E+15   2.3138E-07   6.9263E-07   0.33405
FLUX  263   227.50        1.317769E+15   2.8550E-07   7.0566E-07   0.40459
FLUX  264   228.50        1.312002E+15   3.2435E-07   7.1864E-07   0.45134
FLUX  265   229.50        1.306285E+15   2.8311E-07   7.3163E-07   0.38696
FLUX  266   230.50        1.300618E+15   3.3373E-07   7.4463E-07   0.44818
FLUX  267   231.50        1.295000E+15   3.0334E-07   7.5771E-07   0.40034
FLUX  268   232.50        1.289430E+15   2.9232E-07   7.7088E-07   0.37921
FLUX  269   233.50        1.283908E+15   1.8136E-07   7.8779E-07   0.23021
FLUX  270   234.50        1.278433E+15   1.1441E-07   8.0081E-07   0.14287
FLUX  271   235.50        1.273004E+15   2.5691E-07   8.1389E-07   0.31565
FLUX  272   236.50        1.267622E+15   1.2466E-07   8.2706E-07   0.15073
FLUX  273   237.50        1.262284E+15   1.9149E-07   8.4032E-07   0.22788
FLUX  274   238.50        1.256992E+15   8.2768E-08   8.5378E-07   0.09694
FLUX  275   239.50        1.251743E+15   1.2295E-07   8.6724E-07   0.14178
FLUX  276   240.50        1.246538E+15   1.2107E-07   8.8070E-07   0.13747
FLUX  277   241.50        1.241377E+15   1.7506E-07   8.9423E-07   0.19576
FLUX  278   242.50        1.236258E+15   3.3061E-07   9.0785E-07   0.36416
FLUX  279   243.50        1.231181E+15   3.3536E-07   9.2157E-07   0.36390
FLUX  280   244.50        1.226145E+15   3.9772E-07   9.4111E-07   0.42260
FLUX  281   245.50        1.221151E+15   4.0853E-07   9.5475E-07   0.42790
FLUX  282   246.50        1.216197E+15   3.8459E-07   9.6842E-07   0.39714
FLUX  283   247.50        1.211283E+15   3.4049E-07   9.8206E-07   0.34671
FLUX  284   248.50        1.206408E+15   2.8272E-07   9.9579E-07   0.28391
FLUX  285   249.50        1.201573E+15   2.9867E-07   1.0096E-06   0.29582
FLUX  286   250.50        1.196776E+15   4.5073E-07   1.0280E-06   0.43844
FLUX  287   251.30        1.192967E+15   2.7758E-07   1.0390E-06   0.26717
FLUX  288   251.80        1.190598E+15   2.4715E-07   1.2645E-06   0.19546
FLUX  289   252.50        1.187297E+15   1.9632E-07   1.2771E-06   0.15372
FLUX  290   253.50        1.182613E+15   2.2093E-07   1.2953E-06   0.17056
FLUX  291   254.50        1.177967E+15   2.7152E-07   1.3135E-06   0.20672
FLUX  292   255.50        1.173356E+15   4.0472E-07   1.3317E-06   0.30391
FLUX  293   256.50        1.168782E+15   3.2876E-07   1.3500E-06   0.24352
FLUX  294   257.50        1.164243E+15   4.0734E-07   1.3685E-06   0.29766
FLUX  295   258.50        1.159739E+15   3.5829E-07   1.3870E-06   0.25832
FLUX  296   259.50        1.155270E+15   3.2147E-07   1.4056E-06   0.22871
FLUX  297   260.50        1.150835E+15   2.6151E-07   1.4243E-06   0.18360
FLUX  298   261.50        1.146434E+15   2.3725E-07   1.4429E-06   0.16442
FLUX  299   262.50        1.142067E+15   3.5130E-07   1.4617E-06   0.24034
FLUX  300   263.50        1.137732E+15   5.4189E-07   1.4824E-06   0.36554
FLUX  301   264.50        1.133431E+15   7.8613E-07   1.5012E-06   0.52366
FLUX  302   265.50        1.129162E+15   9.0560E-07   1.5201E-06   0.59575
FLUX  303   266.50        1.124925E+15   6.6150E-07   1.5391E-06   0.42981
FLUX  304   267.50        1.120720E+15   7.6562E-07   1.5581E-06   0.49138
FLUX  305   268.50        1.116546E+15   8.0677E-07   1.5772E-06   0.51152
FLUX  306   269.50        1.112403E+15   6.6644E-07   1.5963E-06   0.41749
FLUX  307   270.50        1.108290E+15   7.7933E-07   1.6177E-06   0.48175
FLUX  308   271.50        1.104208E+15   6.1827E-07   1.6368E-06   0.37773
FLUX  309   272.50        1.100156E+15   6.1887E-07   1.6560E-06   0.37372
FLUX  310   273.50        1.096133E+15   6.9318E-07   1.6752E-06   0.41378
FLUX  311   274.50        1.092140E+15   3.4966E-07   1.6946E-06   0.20634
FLUX  312   275.50        1.088176E+15   4.8162E-07   1.7140E-06   0.28099
FLUX  313   276.50        1.084241E+15   6.0747E-07   1.7334E-06   0.35044
FLUX  314   277.50        1.080333E+15   7.4075E-07   1.7529E-06   0.42260
FLUX  315   278.50        1.076454E+15   4.6812E-07   1.7724E-06   0.26412
FLUX  316   279.50        1.072603E+15   1.2528E-07   1.7920E-06   0.06991
FLUX  317   280.50        1.068779E+15   1.7393E-07   1.8116E-06   0.09601
FLUX  318   281.50        1.064982E+15   6.9912E-07   1.8313E-06   0.38176
FLUX  319   282.50        1.061212E+15   1.0002E-06   1.8511E-06   0.54032
FLUX  320   283.50        1.057469E+15   9.6089E-07   1.8709E-06   0.51360
FLUX  321   284.50        1.053752E+15   9.0416E-07   1.8908E-06   0.47820
FLUX  322   285.50        1.050061E+15   6.1651E-07   1.9106E-06   0.32267
FLUX  323   286.50        1.046396E+15   1.0179E-06   1.9305E-06   0.52728
FLUX  324   287.50        1.042757E+15   1.0634E-06   1.9505E-06   0.54521
FLUX  325   288.50        1.039142E+15   1.0306E-06   1.9706E-06   0.52300
FLUX  326   289.50        1.035553E+15   1.0286E-06   1.9906E-06   0.51672
FLUX  327   291.00        1.030215E+15   1.3122E-06   2.0223E-06   0.64888
FLUX  328   293.00        1.023183E+15   1.2305E-06   2.0626E-06   0.59659
FLUX  329   295.00        1.016246E+15   1.2244E-06   2.1033E-06   0.58214
FLUX  330   297.00        1.009402E+15   1.3686E-06   2.1439E-06   0.63834
FLUX  331   299.00        1.002651E+15   1.3811E-06   2.1846E-06   0.63221
FLUX  332   301.00        9.959884E+14   1.4822E-06   2.2256E-06   0.66599
FLUX  333   303.00        9.894142E+14   1.4866E-06   2.2667E-06   0.65587
FLUX  334   305.00        9.829262E+14   1.5542E-06   2.3078E-06   0.67345
FLUX  335   307.00        9.765228E+14   1.5645E-06   2.3491E-06   0.66601
FLUX  336   309.00        9.702023E+14   1.6464E-06   2.3917E-06   0.68836
FLUX  337   311.00        9.639630E+14   1.6332E-06   2.4331E-06   0.67122
FLUX  338   313.00        9.578035E+14   1.6359E-06   2.4749E-06   0.66097
FLUX  339   315.00        9.517222E+14   1.6766E-06   2.5164E-06   0.66628
FLUX  340   317.00        9.457177E+14   1.7517E-06   2.5578E-06   0.68483
FLUX  341   319.00        9.397884E+14   1.6169E-06   2.5994E-06   0.62205
FLUX  342   321.00        9.339330E+14   1.7789E-06   2.6410E-06   0.67358
FLUX  343   323.00        9.281502E+14   1.6019E-06   2.6831E-06   0.59704
FLUX  344   325.00        9.224385E+14   1.8658E-06   2.7248E-06   0.68477
FLUX  345   327.00        9.167966E+14   2.0476E-06   2.7664E-06   0.74017
FLUX  346   329.00        9.112234E+14   2.0543E-06   2.8083E-06   0.73152
FLUX  347   331.00        9.057175E+14   2.1350E-06   2.8500E-06   0.74915
FLUX  348   333.00        9.002778E+14   2.1216E-06   2.8917E-06   0.73371
FLUX  349   335.00        8.949030E+14   2.1213E-06   2.9334E-06   0.72315
FLUX  350   337.00        8.895920E+14   1.9972E-06   2.9752E-06   0.67130
FLUX  351   339.00        8.843437E+14   2.1536E-06   3.0170E-06   0.71380
FLUX  352   341.00        8.791569E+14   2.2003E-06   3.0587E-06   0.71935
FLUX  353   343.00        8.740306E+14   2.2968E-06   3.1004E-06   0.74080
FLUX  354   345.00        8.689638E+14   2.3512E-06   3.1422E-06   0.74825
FLUX  355   347.00        8.639553E+14   2.3497E-06   3.1840E-06   0.73796
FLUX  356   349.00        8.590043E+14   2.4108E-06   3.2259E-06   0.74732
FLUX  357   351.00        8.541097E+14   2.5233E-06   3.2676E-06   0.77221
FLUX  358   353.00        8.492705E+14   2.4655E-06   3.3093E-06   0.74504
FLUX  359   355.00        8.444859E+14   2.7390E-06   3.3510E-06   0.81735
FLUX  360   357.00        8.397549E+14   2.4809E-06   3.3929E-06   0.73119
FLUX  361   359.00        8.350766E+14   2.4943E-06   3.4348E-06   0.72618
FLUX  362   361.00        8.304501E+14   2.5899E-06   3.4767E-06   0.74494
FLUX  363   363.00        8.258747E+14   2.6537E-06   3.5184E-06   0.75422
FLUX  364   364.00        8.236058E+14   2.6442E-06   3.5394E-06   0.74706
FLUX  365   365.00        8.213493E+14   2.8971E-06   6.8720E-06   0.42158
FLUX  366   367.00        8.168733E+14   2.8697E-06   6.9265E-06   0.41430
FLUX  367   369.00        8.124458E+14   2.8436E-06   6.9806E-06   0.40736
FLUX  368   371.00        8.080660E+14   3.2446E-06   7.0344E-06   0.46125
FLUX  369   373.00        8.037332E+14   3.3362E-06   7.0876E-06   0.47072
FLUX  370   375.00        7.994467E+14   3.8940E-06   7.1403E-06   0.54535
FLUX  371   377.00        7.952056E+14   4.2219E-06   7.2019E-06   0.58621
FLUX  372   379.00        7.910092E+14   4.6696E-06   7.2543E-06   0.64370
FLUX  373   381.00        7.868570E+14   5.1527E-06   7.3057E-06   0.70530
FLUX  374   383.00        7.827480E+14   4.3190E-06   7.3564E-06   0.58711
FLUX  375   385.00        7.786818E+14   5.3542E-06   7.4076E-06   0.72280
FLUX  376   387.00        7.746576E+14   5.6285E-06   7.4574E-06   0.75475
FLUX  377   389.00        7.706748E+14   4.6921E-06   7.5072E-06   0.62501
FLUX  378   391.00        7.667327E+14   5.5869E-06   7.5566E-06   0.73934
FLUX  379   393.00        7.628308E+14   3.6207E-06   7.6055E-06   0.47606
FLUX  380   395.00        7.589684E+14   5.3849E-06   7.6540E-06   0.70354
FLUX  381   397.00        7.551448E+14   3.7348E-06   7.7019E-06   0.48492
FLUX  382   399.00        7.513596E+14   6.1177E-06   7.7493E-06   0.78945
FLUX  383   401.00        7.476122E+14   6.4802E-06   7.7974E-06   0.83108
FLUX  384   403.00        7.439020E+14   6.5176E-06   7.8444E-06   0.83086
FLUX  385   405.00        7.402284E+14   6.4980E-06   7.8910E-06   0.82347
FLUX  386   407.00        7.365909E+14   6.4780E-06   7.9370E-06   0.81617
FLUX  387   409.00        7.329890E+14   6.5481E-06   7.9825E-06   0.82031
FLUX  388   411.00        7.294221E+14   5.8919E-06   8.0275E-06   0.73396
FLUX  389   413.00        7.258898E+14   6.8235E-06   8.0721E-06   0.84533
FLUX  390   415.00        7.223916E+14   7.0737E-06   8.1163E-06   0.87153
FLUX  391   417.00        7.189269E+14   7.0341E-06   8.1602E-06   0.86200
FLUX  392   419.00        7.154952E+14   7.0439E-06   8.2035E-06   0.85865
FLUX  393   421.00        7.120962E+14   7.0781E-06   8.2462E-06   0.85835
FLUX  394   423.00        7.087293E+14   6.9605E-06   8.2884E-06   0.83979
FLUX  395   425.00        7.053941E+14   7.1520E-06   8.3302E-06   0.85856
FLUX  396   427.00        7.020902E+14   7.1071E-06   8.3715E-06   0.84896
FLUX  397   429.00        6.988170E+14   6.8725E-06   8.4127E-06   0.81692
FLUX  398   431.00        6.955742E+14   6.3808E-06   8.4533E-06   0.75482
FLUX  399   433.00        6.923614E+14   6.9089E-06   8.4933E-06   0.81345
FLUX  400   435.00        6.891782E+14   6.4189E-06   8.5328E-06   0.75226
FLUX  401   437.00        6.860240E+14   7.6294E-06   8.5717E-06   0.89007
FLUX  402   439.00        6.828986E+14   7.4559E-06   8.6102E-06   0.86593
FLUX  403   441.00        6.798016E+14   7.5364E-06   8.6483E-06   0.87143
FLUX  404   443.00        6.767325E+14   7.6750E-06   8.6860E-06   0.88360
FLUX  405   445.00        6.736910E+14   7.6994E-06   8.7233E-06   0.88262
FLUX  406   447.00        6.706767E+14   7.8478E-06   8.7602E-06   0.89584
FLUX  407   449.00        6.676893E+14   7.9460E-06   8.7968E-06   0.90329
FLUX  408   451.00        6.647284E+14   8.3508E-06   8.8329E-06   0.94541
FLUX  409   453.00        6.617936E+14   7.9374E-06   8.8687E-06   0.89499
FLUX  410   455.00        6.588846E+14   8.0455E-06   8.9042E-06   0.90357
FLUX  411   457.00        6.560011E+14   8.4638E-06   8.9392E-06   0.94682
FLUX  412   459.00        6.531427E+14   8.2005E-06   8.9738E-06   0.91383
FLUX  413   461.00        6.503091E+14   8.4571E-06   9.0081E-06   0.93883
FLUX  414   463.00        6.475000E+14   8.3863E-06   9.0420E-06   0.92748
FLUX  415   465.00        6.447151E+14   8.5114E-06   9.0755E-06   0.93784
FLUX  416   467.00        6.419540E+14   8.6778E-06   9.1086E-06   0.95270
FLUX  417   469.00        6.392164E+14   8.6059E-06   9.1414E-06   0.94143
FLUX  418   471.00        6.365021E+14   8.4090E-06   9.1737E-06   0.91664
FLUX  419   473.00        6.338108E+14   8.7656E-06   9.2058E-06   0.95218
FLUX  420   475.00        6.311421E+14   8.8718E-06   9.2375E-06   0.96042
FLUX  421   477.00        6.284958E+14   8.8653E-06   9.2689E-06   0.95646
FLUX  422   479.00        6.258716E+14   8.8863E-06   9.2999E-06   0.95553
FLUX  423   481.00        6.232692E+14   8.9220E-06   9.3305E-06   0.95621
FLUX  424   483.00        6.206884E+14   8.9375E-06   9.3609E-06   0.95477
FLUX  425   485.00        6.181289E+14   8.3403E-06   9.3908E-06   0.88813
FLUX  426   487.00        6.155903E+14   7.3239E-06   9.4205E-06   0.77744
FLUX  427   489.00        6.130726E+14   8.8302E-06   9.4498E-06   0.93444
FLUX  428   491.00        6.105754E+14   8.9284E-06   9.4788E-06   0.94193
FLUX  429   493.00        6.080984E+14   8.8428E-06   9.5073E-06   0.93011
FLUX  430   495.00        6.056414E+14   9.0938E-06   9.5354E-06   0.95369
FLUX  431   497.00        6.032042E+14   9.2437E-06   9.5631E-06   0.96660
FLUX  432   499.00        6.007866E+14   8.8872E-06   9.5905E-06   0.92667
FLUX  433   501.00        5.983882E+14   8.6963E-06   9.6176E-06   0.90421
FLUX  434   503.00        5.960089E+14   9.1122E-06   9.6445E-06   0.94481
FLUX  435   505.00        5.936485E+14   9.1001E-06   9.6711E-06   0.94096
FLUX  436   507.00        5.913067E+14   9.3483E-06   9.6973E-06   0.96401
FLUX  437   509.00        5.889833E+14   9.2192E-06   9.7233E-06   0.94816
FLUX  438   511.00        5.866781E+14   9.3255E-06   9.7489E-06   0.95657
FLUX  439   513.00        5.843908E+14   9.2134E-06   9.7742E-06   0.94263
FLUX  440   515.00        5.821214E+14   9.1080E-06   9.7992E-06   0.92947
FLUX  441   517.00        5.798694E+14   9.0087E-06   9.8239E-06   0.91702
FLUX  442   519.00        5.776349E+14   9.0204E-06   9.8483E-06   0.91594
FLUX  443   521.00        5.754175E+14   9.1568E-06   9.8724E-06   0.92751
FLUX  444   523.00        5.732170E+14   9.2915E-06   9.8962E-06   0.93890
FLUX  445   525.00        5.710333E+14   9.5167E-06   9.9196E-06   0.95938
FLUX  446   527.00        5.688662E+14   8.9735E-06   9.9428E-06   0.90251
FLUX  447   529.00        5.667155E+14   9.5211E-06   9.9656E-06   0.95540
FLUX  448   531.00        5.645810E+14   9.6207E-06   9.9882E-06   0.96321
FLUX  449   533.00        5.624625E+14   9.2809E-06   1.0010E-05   0.92712
FLUX  450   535.00        5.603598E+14   9.6601E-06   1.0032E-05   0.96289
FLUX  451   537.00        5.582728E+14   9.6484E-06   1.0054E-05   0.95966
FLUX  452   539.00        5.562013E+14   9.6443E-06   1.0075E-05   0.95722
FLUX  453   541.00        5.541451E+14   9.5307E-06   1.0096E-05   0.94397
FLUX  454   543.00        5.521041E+14   9.6763E-06   1.0117E-05   0.95642
FLUX  455   545.00        5.500780E+14   9.8378E-06   1.0138E-05   0.97042
FLUX  456   547.00        5.480667E+14   9.8001E-06   1.0158E-05   0.96478
FLUX  457   549.00        5.460701E+14   9.8457E-06   1.0178E-05   0.96737
FLUX  458   551.00        5.440880E+14   9.8786E-06   1.0197E-05   0.96873
FLUX  459   553.00        5.421203E+14   9.9179E-06   1.0217E-05   0.97074
FLUX  460   555.00        5.401667E+14   1.0045E-05   1.0236E-05   0.98134
FLUX  461   557.00        5.382271E+14   9.9228E-06   1.0255E-05   0.96762
FLUX  462   559.00        5.363014E+14   9.8899E-06   1.0273E-05   0.96267
FLUX  463   561.00        5.343895E+14   9.9951E-06   1.0292E-05   0.97117
FLUX  464   563.00        5.324911E+14   1.0113E-05   1.0312E-05   0.98066
FLUX  465   565.00        5.306062E+14   1.0094E-05   1.0330E-05   0.97717
FLUX  466   567.00        5.287346E+14   1.0014E-05   1.0348E-05   0.96772
FLUX  467   569.00        5.268761E+14   1.0143E-05   1.0365E-05   0.97861
FLUX  468   571.00        5.250306E+14   1.0090E-05   1.0382E-05   0.97189
FLUX  469   573.00        5.231981E+14   1.0351E-05   1.0399E-05   0.99536
FLUX  470   575.00        5.213783E+14   1.0263E-05   1.0415E-05   0.98539
FLUX  471   577.00        5.195711E+14   1.0327E-05   1.0432E-05   0.98998
FLUX  472   579.00        5.177763E+14   1.0285E-05   1.0448E-05   0.98439
FLUX  473   581.00        5.159940E+14   1.0366E-05   1.0463E-05   0.99069
FLUX  474   583.00        5.142238E+14   1.0428E-05   1.0479E-05   0.99512
FLUX  475   585.00        5.124658E+14   1.0352E-05   1.0494E-05   0.98647
FLUX  476   587.00        5.107198E+14   1.0402E-05   1.0509E-05   0.98978
FLUX  477   589.00        5.089856E+14   1.0209E-05   1.0524E-05   0.97005
FLUX  478   591.00        5.072631E+14   1.0429E-05   1.0538E-05   0.98959
FLUX  479   593.00        5.055523E+14   1.0443E-05   1.0553E-05   0.98964
FLUX  480   595.00        5.038529E+14   1.0486E-05   1.0567E-05   0.99231
FLUX  481   597.00        5.021650E+14   1.0505E-05   1.0581E-05   0.99288
FLUX  482   599.00        5.004883E+14   1.0488E-05   1.0594E-05   0.98998
FLUX  483   601.00        4.988228E+14   1.0455E-05   1.0608E-05   0.98564
FLUX  484   603.00        4.971683E+14   1.0480E-05   1.0621E-05   0.98675
FLUX  485   605.00        4.955248E+14   1.0579E-05   1.0634E-05   0.99483
FLUX  486   607.00        4.938921E+14   1.0603E-05   1.0647E-05   0.99585
FLUX  487   609.00        4.922701E+14   1.0553E-05   1.0659E-05   0.99005
FLUX  488   611.00        4.906588E+14   1.0521E-05   1.0672E-05   0.98585
FLUX  489   613.00        4.890579E+14   1.0381E-05   1.0684E-05   0.97162
FLUX  490   615.00        4.874675E+14   1.0415E-05   1.0696E-05   0.97381
FLUX  491   617.00        4.858874E+14   1.0369E-05   1.0707E-05   0.96844
FLUX  492   619.00        4.843174E+14   1.0601E-05   1.0719E-05   0.98906
FLUX  493   621.00        4.827576E+14   1.0648E-05   1.0730E-05   0.99234
FLUX  494   623.00        4.812079E+14   1.0552E-05   1.0741E-05   0.98245
FLUX  495   625.00        4.796680E+14   1.0366E-05   1.0752E-05   0.96410
FLUX  496   627.00        4.781380E+14   1.0670E-05   1.0762E-05   0.99150
FLUX  497   629.00        4.766176E+14   1.0697E-05   1.0772E-05   0.99305
FLUX  498   631.00        4.751070E+14   1.0571E-05   1.0782E-05   0.98035
FLUX  499   633.00        4.736058E+14   1.0635E-05   1.0792E-05   0.98542
FLUX  500   635.00        4.721142E+14   1.0673E-05   1.0802E-05   0.98807
FLUX  501   637.00        4.706319E+14   1.0678E-05   1.0811E-05   0.98768
FLUX  502   639.00        4.691588E+14   1.0715E-05   1.0821E-05   0.99020
FLUX  503   641.00        4.676950E+14   1.0612E-05   1.0830E-05   0.97987
FLUX  504   643.00        4.662403E+14   1.0685E-05   1.0839E-05   0.98585
FLUX  505   645.00        4.647946E+14   1.0649E-05   1.0847E-05   0.98168
FLUX  506   647.00        4.633578E+14   1.0694E-05   1.0856E-05   0.98510
FLUX  507   649.00        4.619299E+14   1.0592E-05   1.0864E-05   0.97496
FLUX  508   651.00        4.605108E+14   1.0729E-05   1.0872E-05   0.98680
FLUX  509   653.00        4.591003E+14   1.0747E-05   1.0880E-05   0.98775
FLUX  510   655.00        4.576985E+14   1.0341E-05   1.0891E-05   0.94950
FLUX  511   657.00        4.563052E+14   9.0114E-06   1.0898E-05   0.82686
FLUX  512   659.00        4.549203E+14   1.0648E-05   1.0906E-05   0.97635
FLUX  513   661.00        4.535439E+14   1.0807E-05   1.0913E-05   0.99026
FLUX  514   663.00        4.521757E+14   1.0853E-05   1.0920E-05   0.99385
FLUX  515   665.00        4.508158E+14   1.0861E-05   1.0927E-05   0.99400
FLUX  516   667.00        4.494640E+14   1.0819E-05   1.0934E-05   0.98954
FLUX  517   669.00        4.481203E+14   1.0904E-05   1.0940E-05   0.99673
FLUX  518   671.00        4.467846E+14   1.0865E-05   1.0946E-05   0.99252
FLUX  519   673.00        4.454569E+14   1.0911E-05   1.0953E-05   0.99619
FLUX  520   675.00        4.441370E+14   1.0867E-05   1.0959E-05   0.99164
FLUX  521   677.00        4.428250E+14   1.0911E-05   1.0964E-05   0.99512
FLUX  522   679.00        4.415206E+14   1.0910E-05   1.0970E-05   0.99456
FLUX  523   681.00        4.402239E+14   1.0910E-05   1.0976E-05   0.99400
FLUX  524   683.00        4.389348E+14   1.0926E-05   1.0981E-05   0.99498
FLUX  525   685.00        4.376533E+14   1.0884E-05   1.0986E-05   0.99068
FLUX  526   687.00        4.363792E+14   1.0934E-05   1.0991E-05   0.99475
FLUX  527   689.00        4.351125E+14   1.0956E-05   1.0996E-05   0.99630
FLUX  528   691.00        4.338531E+14   1.0949E-05   1.1001E-05   0.99531
FLUX  529   693.00        4.326010E+14   1.0957E-05   1.1006E-05   0.99556
FLUX  530   695.00        4.313561E+14   1.0958E-05   1.1010E-05   0.99525
FLUX  531   697.00        4.301184E+14   1.0973E-05   1.1014E-05   0.99623
FLUX  532   699.00        4.288877E+14   1.0979E-05   1.1018E-05   0.99642
FLUX  533   701.00        4.276641E+14   1.0886E-05   1.1022E-05   0.98758
FLUX  534   703.00        4.264474E+14   1.0955E-05   1.1026E-05   0.99357
FLUX  535   705.00        4.252376E+14   1.0987E-05   1.1030E-05   0.99609
FLUX  536   707.00        4.240347E+14   1.0978E-05   1.1033E-05   0.99498
FLUX  537   709.00        4.228385E+14   1.0981E-05   1.1037E-05   0.99496
FLUX  538   711.00        4.216491E+14   1.0927E-05   1.1040E-05   0.98975
FLUX  539   713.00        4.204663E+14   1.0939E-05   1.1043E-05   0.99056
FLUX  540   715.00        4.192902E+14   1.0938E-05   1.1046E-05   0.99024
FLUX  541   717.00        4.181206E+14   1.0944E-05   1.1049E-05   0.99052
FLUX  542   719.00        4.169576E+14   1.0873E-05   1.1051E-05   0.98393
FLUX  543   721.00        4.158010E+14   1.0926E-05   1.1054E-05   0.98850
FLUX  544   723.00        4.146508E+14   1.0948E-05   1.1056E-05   0.99021
FLUX  545   725.00        4.135069E+14   1.0987E-05   1.1060E-05   0.99339
FLUX  546   727.00        4.123693E+14   1.1000E-05   1.1062E-05   0.99446
FLUX  547   729.00        4.112380E+14   1.0911E-05   1.1063E-05   0.98622
FLUX  548   731.00        4.101129E+14   1.0959E-05   1.1069E-05   0.99012
FLUX  549   733.00        4.089939E+14   1.0964E-05   1.1070E-05   0.99038
FLUX  550   735.00        4.078810E+14   1.1005E-05   1.1072E-05   0.99396
FLUX  551   737.00        4.067741E+14   1.1030E-05   1.1073E-05   0.99610
FLUX  552   739.00        4.056732E+14   1.0942E-05   1.1074E-05   0.98807
FLUX  553   741.00        4.045783E+14   1.0866E-05   1.1075E-05   0.98114
FLUX  554   743.00        4.034892E+14   1.0932E-05   1.1076E-05   0.98698
FLUX  555   745.00        4.024060E+14   1.0958E-05   1.1077E-05   0.98925
FLUX  556   747.00        4.013286E+14   1.0984E-05   1.1078E-05   0.99151
FLUX  557   749.00        4.002570E+14   1.0963E-05   1.1078E-05   0.98956
FLUX  558   751.00        3.991911E+14   1.0983E-05   1.1079E-05   0.99138
FLUX  559   753.00        3.981308E+14   1.1005E-05   1.1079E-05   0.99336
FLUX  560   755.00        3.970762E+14   1.1042E-05   1.1079E-05   0.99664
FLUX  561   757.00        3.960271E+14   1.1010E-05   1.1079E-05   0.99377
FLUX  562   759.00        3.949835E+14   1.1014E-05   1.1079E-05   0.99414
FLUX  563   761.00        3.939455E+14   1.1012E-05   1.1079E-05   0.99395
FLUX  564   763.00        3.929128E+14   1.1030E-05   1.1079E-05   0.99558
FLUX  565   765.00        3.918856E+14   1.1018E-05   1.1079E-05   0.99455
FLUX  566   767.00        3.908638E+14   1.0922E-05   1.1078E-05   0.98596
FLUX  567   769.00        3.898472E+14   1.1012E-05   1.1077E-05   0.99407
FLUX  568   771.00        3.888359E+14   1.0958E-05   1.1077E-05   0.98932
FLUX  569   773.00        3.878299E+14   1.1000E-05   1.1076E-05   0.99318
FLUX  570   775.00        3.868290E+14   1.0962E-05   1.1075E-05   0.98978
FLUX  571   777.00        3.858333E+14   1.0931E-05   1.1074E-05   0.98709
FLUX  572   779.00        3.848427E+14   1.1036E-05   1.1073E-05   0.99666
FLUX  573   781.00        3.838572E+14   1.1033E-05   1.1072E-05   0.99649
FLUX  574   783.00        3.828768E+14   1.0983E-05   1.1070E-05   0.99211
FLUX  575   785.00        3.819013E+14   1.0983E-05   1.1069E-05   0.99218
FLUX  576   787.00        3.809307E+14   1.1026E-05   1.1068E-05   0.99626
FLUX  577   789.00        3.799651E+14   1.1020E-05   1.1066E-05   0.99584
FLUX  578   791.00        3.790044E+14   1.1000E-05   1.1064E-05   0.99419
FLUX  579   793.00        3.780485E+14   1.0920E-05   1.1062E-05   0.98713
FLUX  580   795.00        3.770975E+14   1.0946E-05   1.1060E-05   0.98961
FLUX  581   797.00        3.761512E+14   1.1032E-05   1.1058E-05   0.99764
FLUX  582   799.00        3.752096E+14   1.1026E-05   1.1056E-05   0.99723
FLUX  583   801.00        3.742728E+14   1.0989E-05   1.1054E-05   0.99407
FLUX  584   803.00        3.733406E+14   1.0993E-05   1.1052E-05   0.99471
FLUX  585   805.00        3.724130E+14   1.0976E-05   1.1049E-05   0.99332
FLUX  586   807.00        3.714901E+14   1.1014E-05   1.1047E-05   0.99699
FLUX  587   809.00        3.705717E+14   1.0961E-05   1.1044E-05   0.99242
FLUX  588   811.00        3.696578E+14   1.1019E-05   1.1041E-05   0.99794
FLUX  589   813.00        3.687485E+14   1.1029E-05   1.1039E-05   0.99911
FLUX  590   815.00        3.678436E+14   1.1016E-05   1.1036E-05   0.99823
FLUX  591   817.00        3.669431E+14   1.1011E-05   1.1033E-05   0.99802
FLUX  592   819.00        3.660470E+14   1.0863E-05   1.1030E-05   0.98486
FLUX  593   821.00        3.651553E+14   1.0923E-05   1.1320E-05   0.96493
FLUX  594   823.00        3.642679E+14   1.0901E-05   1.1317E-05   0.96330
FLUX  595   825.00        3.633848E+14   1.0927E-05   1.1313E-05   0.96584
FLUX  596   827.00        3.625060E+14   1.1005E-05   1.1310E-05   0.97303
FLUX  597   829.00        3.616315E+14   1.0993E-05   1.1307E-05   0.97226
FLUX  598   831.00        3.607611E+14   1.0941E-05   1.1303E-05   0.96795
FLUX  599   833.00        3.598950E+14   1.0855E-05   1.1300E-05   0.96063
FLUX  600   835.00        3.590329E+14   1.0955E-05   1.1296E-05   0.96980
FLUX  601   837.00        3.581750E+14   1.0961E-05   1.1293E-05   0.97064
FLUX  602   839.00        3.573212E+14   1.0882E-05   1.1289E-05   0.96393
FLUX  603   841.00        3.564715E+14   1.0946E-05   1.1285E-05   0.96989
FLUX  604   843.00        3.556257E+14   1.0904E-05   1.1282E-05   0.96654
FLUX  605   845.00        3.547840E+14   1.0864E-05   1.1278E-05   0.96329
FLUX  606   847.00        3.539463E+14   1.0812E-05   1.1274E-05   0.95901
FLUX  607   849.00        3.531125E+14   1.0890E-05   1.1270E-05   0.96634
FLUX  608   851.00        3.522826E+14   1.0403E-05   1.1266E-05   0.92344
FLUX  609   853.00        3.514566E+14   1.0900E-05   1.1262E-05   0.96793
FLUX  610   855.00        3.506345E+14   9.6362E-06   1.1257E-05   0.85599
FLUX  611   857.00        3.498162E+14   1.1048E-05   1.1253E-05   0.98177
FLUX  612   859.00        3.490017E+14   1.0816E-05   1.1249E-05   0.96153
FLUX  613   861.00        3.481911E+14   1.0679E-05   1.1244E-05   0.94977
FLUX  614   863.00        3.473841E+14   1.1069E-05   1.1240E-05   0.98480
FLUX  615   865.00        3.465809E+14   1.0973E-05   1.1235E-05   0.97668
FLUX  616   867.00        3.457814E+14   9.6271E-06   1.1231E-05   0.85721
FLUX  617   869.00        3.449856E+14   1.0897E-05   1.1226E-05   0.97071
FLUX  618   871.00        3.441935E+14   1.1086E-05   1.1221E-05   0.98798
FLUX  619   873.00        3.434049E+14   1.1033E-05   1.1217E-05   0.98362
FLUX  620   875.00        3.426200E+14   1.0277E-05   1.1212E-05   0.91659
FLUX  621   877.00        3.418387E+14   1.0994E-05   1.1207E-05   0.98103
FLUX  622   879.00        3.410609E+14   1.1082E-05   1.1202E-05   0.98926
FLUX  623   881.00        3.402866E+14   1.1025E-05   1.1197E-05   0.98460
FLUX  624   883.00        3.395159E+14   1.1015E-05   1.1192E-05   0.98414
FLUX  625   885.00        3.387486E+14   1.0867E-05   1.1187E-05   0.97137
FLUX  626   887.00        3.379848E+14   1.0219E-05   1.1182E-05   0.91387
FLUX  627   889.00        3.372244E+14   1.1032E-05   1.1177E-05   0.98707
FLUX  628   891.00        3.364675E+14   1.1073E-05   1.1171E-05   0.99116
FLUX  629   893.00        3.357139E+14   1.1028E-05   1.1166E-05   0.98763
FLUX  630   895.00        3.349637E+14   1.1081E-05   1.1161E-05   0.99284
FLUX  631   897.00        3.342168E+14   1.1077E-05   1.1155E-05   0.99299
FLUX  632   899.00        3.334733E+14   1.1035E-05   1.1150E-05   0.98968
FLUX  633   901.00        3.327331E+14   1.0201E-05   1.1144E-05   0.91539
FLUX  634   903.00        3.319961E+14   1.0763E-05   1.1139E-05   0.96629
FLUX  635   905.00        3.312624E+14   1.1067E-05   1.1133E-05   0.99403
FLUX  636   907.00        3.305320E+14   1.0924E-05   1.1128E-05   0.98175
FLUX  637   909.00        3.298047E+14   1.0775E-05   1.1122E-05   0.96886
FLUX  638   911.00        3.290807E+14   1.0959E-05   1.1116E-05   0.98586
FLUX  639   913.00        3.283598E+14   1.1070E-05   1.1110E-05   0.99637
FLUX  640   915.00        3.276421E+14   1.1074E-05   1.1104E-05   0.99725
FLUX  641   917.00        3.269275E+14   1.1055E-05   1.1099E-05   0.99610
FLUX  642   919.00        3.262160E+14   1.1041E-05   1.1093E-05   0.99533
FLUX  643   921.00        3.255076E+14   1.0834E-05   1.1087E-05   0.97725
FLUX  644   923.00        3.248023E+14   9.9939E-06   1.1081E-05   0.90193
FLUX  645   925.00        3.241000E+14   1.0730E-05   1.1075E-05   0.96889
FLUX  646   927.00        3.234008E+14   1.0918E-05   1.1068E-05   0.98642
FLUX  647   929.00        3.227045E+14   1.1021E-05   1.1062E-05   0.99628
FLUX  648   931.00        3.220113E+14   1.1035E-05   1.1056E-05   0.99803
FLUX  649   933.00        3.213210E+14   1.1016E-05   1.1050E-05   0.99694
FLUX  650   935.00        3.206337E+14   1.1011E-05   1.1044E-05   0.99704
FLUX  651   937.00        3.199493E+14   1.1006E-05   1.1038E-05   0.99709
FLUX  652   939.00        3.192678E+14   1.1000E-05   1.1032E-05   0.99716
FLUX  653   941.00        3.185893E+14   1.0730E-05   1.1025E-05   0.97320
FLUX  654   943.00        3.179136E+14   1.0933E-05   1.1019E-05   0.99220
FLUX  655   945.00        3.172407E+14   1.0922E-05   1.1013E-05   0.99174
FLUX  656   947.00        3.165707E+14   1.0982E-05   1.1006E-05   0.99781
FLUX  657   949.00        3.159036E+14   1.0984E-05   1.1000E-05   0.99857
FLUX  658   951.00        3.152392E+14   1.0929E-05   1.0993E-05   0.99414
FLUX  659   953.00        3.145776E+14   1.0789E-05   1.0987E-05   0.98198
FLUX  660   955.00        3.139188E+14   9.9604E-06   1.0980E-05   0.90711
FLUX  661   957.00        3.132628E+14   1.0799E-05   1.0974E-05   0.98409
FLUX  662   959.00        3.126095E+14   1.0916E-05   1.0967E-05   0.99535
FLUX  663   961.00        3.119589E+14   1.0869E-05   1.0961E-05   0.99161
FLUX  664   963.00        3.113110E+14   1.0823E-05   1.0954E-05   0.98806
FLUX  665   965.00        3.106658E+14   1.0867E-05   1.0947E-05   0.99269
FLUX  666   967.00        3.100233E+14   1.0801E-05   1.0941E-05   0.98727
FLUX  667   969.00        3.093834E+14   1.0860E-05   1.0934E-05   0.99323
FLUX  668   971.00        3.087461E+14   1.0902E-05   1.0927E-05   0.99772
FLUX  669   973.00        3.081115E+14   1.0895E-05   1.0920E-05   0.99771
FLUX  670   975.00        3.074795E+14   1.0827E-05   1.0913E-05   0.99210
FLUX  671   977.00        3.068501E+14   1.0870E-05   1.0907E-05   0.99662
FLUX  672   979.00        3.062232E+14   1.0858E-05   1.0900E-05   0.99619
FLUX  673   981.00        3.055989E+14   1.0870E-05   1.0893E-05   0.99795
FLUX  674   983.00        3.049771E+14   1.0859E-05   1.0886E-05   0.99755
FLUX  675   985.00        3.043579E+14   1.0835E-05   1.0879E-05   0.99598
FLUX  676   987.00        3.037411E+14   1.0814E-05   1.0872E-05   0.99471
FLUX  677   989.00        3.031269E+14   1.0780E-05   1.0865E-05   0.99224
FLUX  678   991.00        3.025151E+14   1.0789E-05   1.0858E-05   0.99364
FLUX  679   993.00        3.019058E+14   1.0818E-05   1.0851E-05   0.99697
FLUX  680   995.00        3.012990E+14   1.0817E-05   1.0844E-05   0.99750
FLUX  681   997.00        3.006946E+14   1.0815E-05   1.0837E-05   0.99799
FLUX  682   999.00        3.000926E+14   1.0803E-05   1.0829E-05   0.99758
FLUX  683  1002.50        2.990449E+14   1.0598E-05   1.0817E-05   0.97978
FLUX  684  1007.50        2.975608E+14   1.0389E-05   1.0799E-05   0.96203
FLUX  685  1012.50        2.960914E+14   1.0712E-05   1.0781E-05   0.99365
FLUX  686  1017.50        2.946364E+14   1.0696E-05   1.0763E-05   0.99382
FLUX  687  1022.50        2.931956E+14   1.0708E-05   1.0745E-05   0.99656
FLUX  688  1027.50        2.917689E+14   1.0713E-05   1.0727E-05   0.99875
FLUX  689  1032.50        2.903559E+14   1.0631E-05   1.0708E-05   0.99281
FLUX  690  1037.50        2.889566E+14   1.0646E-05   1.0690E-05   0.99585
FLUX  691  1042.50        2.875707E+14   1.0649E-05   1.0672E-05   0.99783
FLUX  692  1047.50        2.861981E+14   1.0541E-05   1.0653E-05   0.98944
FLUX  693  1052.50        2.848385E+14   1.0590E-05   1.0635E-05   0.99579
FLUX  694  1057.50        2.834917E+14   1.0556E-05   1.0616E-05   0.99436
FLUX  695  1062.50        2.821576E+14   1.0521E-05   1.0597E-05   0.99285
FLUX  696  1067.50        2.808361E+14   1.0368E-05   1.0578E-05   0.98012
FLUX  697  1072.50        2.795268E+14   1.0451E-05   1.0559E-05   0.98971
FLUX  698  1077.50        2.782297E+14   1.0436E-05   1.0540E-05   0.99009
FLUX  699  1082.50        2.769446E+14   1.0377E-05   1.0521E-05   0.98629
FLUX  700  1087.50        2.756713E+14   1.0371E-05   1.0502E-05   0.98744
FLUX  701  1092.50        2.744096E+14   9.8862E-06   1.0483E-05   0.94302
FLUX  702  1097.50        2.731595E+14   1.0230E-05   1.0465E-05   0.97754
FLUX  703  1102.50        2.719206E+14   1.0391E-05   1.0445E-05   0.99479
FLUX  704  1107.50        2.706930E+14   1.0406E-05   1.0426E-05   0.99803
FLUX  705  1112.50        2.694764E+14   1.0360E-05   1.0407E-05   0.99546
FLUX  706  1117.50        2.682707E+14   1.0330E-05   1.0388E-05   0.99438
FLUX  707  1122.50        2.670757E+14   1.0344E-05   1.0369E-05   0.99767
FLUX  708  1127.50        2.658914E+14   1.0225E-05   1.0350E-05   0.98800
FLUX  709  1132.50        2.647174E+14   1.0222E-05   1.0330E-05   0.98945
FLUX  710  1137.50        2.635538E+14   1.0245E-05   1.0311E-05   0.99352
FLUX  711  1142.50        2.624004E+14   1.0170E-05   1.0292E-05   0.98808
FLUX  712  1147.50        2.612571E+14   1.0251E-05   1.0273E-05   0.99784
FLUX  713  1152.50        2.601236E+14   1.0235E-05   1.0254E-05   0.99816
FLUX  714  1157.50        2.590000E+14   1.0192E-05   1.0234E-05   0.99586
FLUX  715  1162.50        2.578860E+14   1.0085E-05   1.0215E-05   0.98727
FLUX  716  1167.50        2.567816E+14   1.0054E-05   1.0196E-05   0.98607
FLUX  717  1172.50        2.556866E+14   1.0160E-05   1.0177E-05   0.99838
FLUX  718  1177.50        2.546008E+14   9.9950E-06   1.0157E-05   0.98401
FLUX  719  1182.50        2.535243E+14   1.0030E-05   1.0138E-05   0.98936
FLUX  720  1187.50        2.524568E+14   9.9675E-06   1.0119E-05   0.98502
FLUX  721  1192.50        2.513983E+14   1.0093E-05   1.0100E-05   0.99933
FLUX  722  1197.50        2.503486E+14   9.9302E-06   1.0081E-05   0.98507
FLUX  723  1202.50        2.493077E+14   9.9957E-06   1.0062E-05   0.99346
FLUX  724  1207.50        2.482754E+14   9.9579E-06   1.0042E-05   0.99159
FLUX  725  1212.50        2.472515E+14   9.9618E-06   1.0023E-05   0.99387
FLUX  726  1217.50        2.462361E+14   9.9899E-06   1.0004E-05   0.99858
FLUX  727  1222.50        2.452290E+14   9.9658E-06   9.9850E-06   0.99807
FLUX  728  1227.50        2.442301E+14   9.9200E-06   9.9660E-06   0.99539
FLUX  729  1232.50        2.432394E+14   9.9193E-06   9.9470E-06   0.99722
FLUX  730  1237.50        2.422566E+14   9.8997E-06   9.9280E-06   0.99714
FLUX  731  1242.50        2.412817E+14   9.8878E-06   9.9091E-06   0.99785
FLUX  732  1247.50        2.403146E+14   9.8747E-06   9.8903E-06   0.99842
FLUX  733  1252.50        2.393553E+14   9.8371E-06   9.8715E-06   0.99652
FLUX  734  1257.50        2.384036E+14   9.7956E-06   9.8527E-06   0.99420
FLUX  735  1262.50        2.374594E+14   9.7862E-06   9.8339E-06   0.99515
FLUX  736  1267.50        2.365227E+14   9.7847E-06   9.8152E-06   0.99689
FLUX  737  1272.50        2.355933E+14   9.7760E-06   9.7966E-06   0.99790
FLUX  738  1277.50        2.346712E+14   9.6804E-06   9.7780E-06   0.99002
FLUX  739  1282.50        2.337563E+14   8.9823E-06   9.7594E-06   0.92037
FLUX  740  1287.50        2.328485E+14   9.6543E-06   9.7409E-06   0.99111
FLUX  741  1292.50        2.319478E+14   9.6831E-06   9.7225E-06   0.99595
FLUX  742  1297.50        2.310539E+14   9.6838E-06   9.7040E-06   0.99792
FLUX  743  1302.50        2.301670E+14   9.6592E-06   9.6855E-06   0.99728
FLUX  744  1307.50        2.292868E+14   9.6562E-06   9.6671E-06   0.99887
FLUX  745  1312.50        2.284133E+14   9.5987E-06   9.6487E-06   0.99481
FLUX  746  1317.50        2.275465E+14   9.5652E-06   9.6304E-06   0.99323
FLUX  747  1322.50        2.266862E+14   9.5975E-06   9.6120E-06   0.99849
FLUX  748  1327.50        2.258324E+14   9.5495E-06   9.5936E-06   0.99539
FLUX  749  1332.50        2.249850E+14   9.5509E-06   9.5753E-06   0.99746
FLUX  750  1337.50        2.241439E+14   9.5275E-06   9.5570E-06   0.99692
FLUX  751  1342.50        2.233091E+14   9.5245E-06   9.5387E-06   0.99852
FLUX  752  1347.50        2.224805E+14   9.5049E-06   9.5204E-06   0.99837
FLUX  753  1352.50        2.216580E+14   9.4749E-06   9.5021E-06   0.99713
FLUX  754  1357.50        2.208416E+14   9.4290E-06   9.4840E-06   0.99420
FLUX  755  1362.50        2.200312E+14   9.4395E-06   9.4658E-06   0.99722
FLUX  756  1367.50        2.192267E+14   9.4142E-06   9.4476E-06   0.99647
FLUX  757  1372.50        2.184281E+14   9.3393E-06   9.4294E-06   0.99044
FLUX  758  1377.50        2.176352E+14   9.3596E-06   9.4112E-06   0.99451
FLUX  759  1382.50        2.168481E+14   9.3471E-06   9.3929E-06   0.99512
FLUX  760  1387.50        2.160667E+14   9.3582E-06   9.3746E-06   0.99826
FLUX  761  1392.50        2.152908E+14   9.3200E-06   9.3562E-06   0.99612
FLUX  762  1397.50        2.145206E+14   9.3073E-06   9.3379E-06   0.99673
FLUX  763  1402.50        2.137558E+14   9.2729E-06   9.3195E-06   0.99499
FLUX  764  1407.50        2.129964E+14   9.2797E-06   9.3011E-06   0.99770
FLUX  765  1412.50        2.122425E+14   9.2296E-06   9.2827E-06   0.99428
FLUX  766  1417.50        2.114938E+14   9.2443E-06   9.2642E-06   0.99786
FLUX  767  1422.50        2.107504E+14   9.1744E-06   9.2456E-06   0.99229
FLUX  768  1427.50        2.100123E+14   9.1346E-06   9.2270E-06   0.98998
FLUX  769  1432.50        2.092792E+14   9.1773E-06   9.2083E-06   0.99664
FLUX  770  1437.50        2.085513E+14   9.1773E-06   9.1894E-06   0.99869
FLUX  771  1442.50        2.078284E+14   8.9769E-06   9.1705E-06   0.97889
FLUX  772  1447.50        2.071105E+14   9.1263E-06   9.1515E-06   0.99725
FLUX  773  1452.50        2.063976E+14   9.0129E-06   9.1325E-06   0.98691
FLUX  774  1457.00        2.057601E+14   9.0592E-06   9.1153E-06   0.99385
FLUX  775  1462.00        2.050564E+14   9.0336E-06   9.2878E-06   0.97263
FLUX  776  1467.50        2.042879E+14   9.0398E-06   9.2685E-06   0.97532
FLUX  777  1472.50        2.035942E+14   8.9768E-06   9.2508E-06   0.97037
FLUX  778  1477.50        2.029052E+14   8.9485E-06   9.2330E-06   0.96919
FLUX  779  1482.50        2.022209E+14   8.9519E-06   9.2149E-06   0.97146
FLUX  780  1487.50        2.015412E+14   8.8689E-06   9.1966E-06   0.96437
FLUX  781  1492.50        2.008660E+14   8.9649E-06   9.1781E-06   0.97677
FLUX  782  1497.50        2.001953E+14   8.9106E-06   9.1594E-06   0.97284
FLUX  783  1502.50        1.995291E+14   8.8332E-06   9.1405E-06   0.96638
FLUX  784  1507.50        1.988673E+14   8.7996E-06   9.1214E-06   0.96472
FLUX  785  1512.50        1.982099E+14   8.8600E-06   9.1020E-06   0.97340
FLUX  786  1517.50        1.975568E+14   8.8487E-06   9.0824E-06   0.97426
FLUX  787  1522.50        1.969080E+14   8.7977E-06   9.0625E-06   0.97078
FLUX  788  1527.50        1.962635E+14   8.7786E-06   9.0423E-06   0.97084
FLUX  789  1532.50        1.956232E+14   8.7475E-06   9.0218E-06   0.96960
FLUX  790  1537.50        1.949870E+14   8.7490E-06   9.0009E-06   0.97201
FLUX  791  1542.50        1.943549E+14   8.6433E-06   8.9797E-06   0.96253
FLUX  792  1547.50        1.937270E+14   8.7015E-06   8.9582E-06   0.97135
FLUX  793  1552.50        1.931031E+14   8.6874E-06   8.9364E-06   0.97214
FLUX  794  1557.50        1.924831E+14   8.5221E-06   8.9141E-06   0.95602
FLUX  795  1562.50        1.918672E+14   8.7108E-06   8.8913E-06   0.97970
FLUX  796  1567.50        1.912552E+14   8.5535E-06   8.8681E-06   0.96452
FLUX  797  1572.50        1.906471E+14   8.3976E-06   8.8445E-06   0.94947
FLUX  798  1577.50        1.900428E+14   8.5453E-06   8.8204E-06   0.96882
FLUX  799  1582.50        1.894423E+14   8.5784E-06   8.7957E-06   0.97530
FLUX  800  1587.50        1.888457E+14   8.0608E-06   8.7704E-06   0.91909
FLUX  801  1592.50        1.882527E+14   8.4861E-06   8.7446E-06   0.97044
FLUX  802  1597.50        1.876635E+14   8.5588E-06   8.7181E-06   0.98173
FLUX  803  1605.00        1.867866E+14   8.4514E-06   8.6772E-06   0.97397
FLUX  804  1615.00        1.856300E+14   8.1492E-06   8.6197E-06   0.94541
FLUX  805  1625.00        1.844877E+14   8.4697E-06   8.5584E-06   0.98964
FLUX  806  1635.00        1.833593E+14   8.2638E-06   8.4913E-06   0.97320
FLUX  807  1645.00        1.822447E+14   7.9200E-06   8.4164E-06   0.94102
FLUX  808  1655.00        1.811435E+14   8.2759E-06   8.3366E-06   0.99271
FLUX  809  1665.00        1.800556E+14   8.2124E-06   8.2579E-06   0.99448
FLUX  810  1675.00        1.789806E+14   7.9707E-06   8.1803E-06   0.97437
FLUX  811  1685.00        1.779184E+14   7.6159E-06   8.1037E-06   0.93981
FLUX  812  1695.00        1.768687E+14   7.9986E-06   8.0281E-06   0.99633
FLUX  813  1705.00        1.758314E+14   7.8966E-06   7.9535E-06   0.99285
FLUX  814  1715.00        1.748061E+14   7.8391E-06   7.8800E-06   0.99481
FLUX  815  1725.00        1.737928E+14   7.7126E-06   7.8073E-06   0.98787
FLUX  816  1735.00        1.727911E+14   7.1649E-06   7.7356E-06   0.92622
FLUX  817  1745.00        1.718009E+14   7.5250E-06   7.6649E-06   0.98175
FLUX  818  1755.00        1.708219E+14   7.5426E-06   7.5951E-06   0.99308
FLUX  819  1765.00        1.698541E+14   7.4684E-06   7.5263E-06   0.99231
FLUX  820  1775.00        1.688972E+14   7.4176E-06   7.4583E-06   0.99454
FLUX  821  1785.00        1.679510E+14   7.3557E-06   7.3913E-06   0.99519
FLUX  822  1795.00        1.670153E+14   7.3084E-06   7.3251E-06   0.99773
FLUX  823  1805.00        1.660900E+14   7.2090E-06   7.2598E-06   0.99301
FLUX  824  1815.00        1.651749E+14   6.7399E-06   7.1953E-06   0.93671
FLUX  825  1825.00        1.642699E+14   6.9972E-06   7.1316E-06   0.98115
FLUX  826  1835.00        1.633747E+14   7.0345E-06   7.0687E-06   0.99516
FLUX  827  1845.00        1.624892E+14   6.9603E-06   7.0066E-06   0.99338
FLUX  828  1855.00        1.616132E+14   6.9084E-06   6.9453E-06   0.99468
FLUX  829  1865.00        1.607466E+14   6.8170E-06   6.8848E-06   0.99015
FLUX  830  1875.00        1.598893E+14   6.3252E-06   6.8250E-06   0.92677
FLUX  831  1885.00        1.590411E+14   6.6835E-06   6.7660E-06   0.98782
FLUX  832  1895.00        1.582018E+14   6.6022E-06   6.7077E-06   0.98427
FLUX  833  1905.00        1.573714E+14   6.6307E-06   6.6501E-06   0.99708
FLUX  834  1915.00        1.565496E+14   6.5675E-06   6.5933E-06   0.99608
FLUX  835  1925.00        1.557364E+14   6.5115E-06   6.5372E-06   0.99606
FLUX  836  1935.00        1.549315E+14   6.4146E-06   6.4818E-06   0.98964
FLUX  837  1945.00        1.541350E+14   5.9894E-06   6.4271E-06   0.93190
FLUX  838  1955.00        1.533465E+14   6.3157E-06   6.3730E-06   0.99100
FLUX  839  1965.00        1.525662E+14   6.2933E-06   6.3197E-06   0.99583
FLUX  840  1975.00        1.517937E+14   6.2219E-06   6.2669E-06   0.99282
FLUX  841  1985.00        1.510290E+14   6.1910E-06   6.2148E-06   0.99617
FLUX  842  1995.00        1.502719E+14   6.1395E-06   6.1634E-06   0.99613
FLUX  843  2005.00        1.495224E+14   6.1005E-06   6.1125E-06   0.99803
FLUX  844  2015.00        1.487804E+14   6.0588E-06   6.0623E-06   0.99942
FLUX  845  2025.00        1.480457E+14   5.9942E-06   6.0126E-06   0.99693
FLUX  846  2035.00        1.473182E+14   5.9285E-06   5.9636E-06   0.99412
FLUX  847  2045.00        1.465978E+14   5.9111E-06   5.9152E-06   0.99932
FLUX  848  2055.00        1.458844E+14   5.8593E-06   5.8673E-06   0.99865
FLUX  849  2065.00        1.451780E+14   5.7959E-06   5.8199E-06   0.99588
FLUX  850  2075.00        1.444783E+14   5.7591E-06   5.7732E-06   0.99757
FLUX  851  2085.00        1.437854E+14   5.7157E-06   5.7269E-06   0.99804
FLUX  852  2095.00        1.430990E+14   5.6571E-06   5.6813E-06   0.99575
FLUX  853  2105.00        1.424192E+14   5.6244E-06   5.6361E-06   0.99792
FLUX  854  2115.00        1.417459E+14   5.5711E-06   5.5915E-06   0.99636
FLUX  855  2125.00        1.410788E+14   5.5274E-06   5.5474E-06   0.99639
FLUX  856  2135.00        1.404180E+14   5.4872E-06   5.5038E-06   0.99698
FLUX  857  2145.00        1.397634E+14   5.4547E-06   5.4607E-06   0.99889
FLUX  858  2155.00        1.391148E+14   5.3943E-06   5.4182E-06   0.99560
FLUX  859  2165.00        1.384723E+14   5.0559E-06   5.3761E-06   0.94044
FLUX  860  2175.00        1.378356E+14   5.2844E-06   5.3345E-06   0.99061
FLUX  861  2185.00        1.372048E+14   5.2726E-06   5.2933E-06   0.99609
FLUX  862  2195.00        1.365797E+14   5.2502E-06   5.2527E-06   0.99952
FLUX  863  2205.00        1.359603E+14   5.1889E-06   5.2125E-06   0.99547
FLUX  864  2215.00        1.353465E+14   5.1572E-06   5.1727E-06   0.99699
FLUX  865  2225.00        1.347382E+14   5.1278E-06   5.1335E-06   0.99890
FLUX  866  2235.00        1.341353E+14   5.0890E-06   5.0946E-06   0.99889
FLUX  867  2245.00        1.335379E+14   5.0512E-06   5.0562E-06   0.99902
FLUX  868  2255.00        1.329457E+14   4.9926E-06   5.0182E-06   0.99490
FLUX  869  2265.00        1.323587E+14   4.9671E-06   4.9806E-06   0.99727
FLUX  870  2275.00        1.317769E+14   4.9360E-06   4.9435E-06   0.99848
FLUX  871  2285.00        1.312002E+14   4.8939E-06   4.9411E-06   0.99045
FLUX  872  2295.00        1.306285E+14   4.8594E-06   4.9043E-06   0.99086
FLUX  873  2305.00        1.300618E+14   4.8327E-06   4.8679E-06   0.99278
FLUX  874  2315.00        1.295000E+14   4.7928E-06   4.8319E-06   0.99191
FLUX  875  2325.00        1.289430E+14   4.7617E-06   4.7963E-06   0.99279
FLUX  876  2335.00        1.283908E+14   4.7226E-06   4.7611E-06   0.99191
FLUX  877  2345.00        1.278433E+14   4.6945E-06   4.7263E-06   0.99327
FLUX  878  2355.00        1.273004E+14   4.6584E-06   4.6919E-06   0.99287
FLUX  879  2365.00        1.267622E+14   4.6277E-06   4.6578E-06   0.99355
FLUX  880  2375.00        1.262284E+14   4.5865E-06   4.6240E-06   0.99188
FLUX  881  2385.00        1.256992E+14   4.5529E-06   4.5907E-06   0.99178
FLUX  882  2395.00        1.251743E+14   4.5262E-06   4.5576E-06   0.99310
FLUX  883  2405.00        1.246538E+14   4.4912E-06   4.5250E-06   0.99253
FLUX  884  2415.00        1.241377E+14   4.4560E-06   4.4927E-06   0.99184
FLUX  885  2425.00        1.236258E+14   4.4293E-06   4.4607E-06   0.99297
FLUX  886  2435.00        1.231181E+14   4.3897E-06   4.4290E-06   0.99113
FLUX  887  2445.00        1.226145E+14   4.3626E-06   4.3977E-06   0.99202
FLUX  888  2455.00        1.221151E+14   4.3254E-06   4.3668E-06   0.99054
FLUX  889  2465.00        1.216197E+14   4.3032E-06   4.3361E-06   0.99241
FLUX  890  2475.00        1.211283E+14   4.2678E-06   4.3058E-06   0.99118
FLUX  891  2485.00        1.206408E+14   4.2341E-06   4.2758E-06   0.99027
FLUX  892  2495.00        1.201573E+14   4.1931E-06   4.2460E-06   0.98752
FLUX  893  2505.00        1.196776E+14   4.1941E-06   4.2167E-06   0.99465
FLUX  894  2515.00        1.192018E+14   4.1650E-06   4.1876E-06   0.99462
FLUX  895  2525.00        1.187297E+14   4.1004E-06   4.1588E-06   0.98596
FLUX  896  2535.00        1.182613E+14   4.1073E-06   4.1302E-06   0.99445
FLUX  897  2545.00        1.177967E+14   4.0815E-06   4.1020E-06   0.99499
FLUX  898  2555.00        1.173356E+14   4.0460E-06   4.0741E-06   0.99310
FLUX  899  2565.00        1.168782E+14   3.9598E-06   4.0465E-06   0.97857
FLUX  900  2575.00        1.164243E+14   4.0004E-06   4.0191E-06   0.99534
FLUX  901  2585.00        1.159739E+14   3.9633E-06   3.9920E-06   0.99281
FLUX  902  2595.00        1.155270E+14   3.9516E-06   3.9652E-06   0.99658
FLUX  903  2605.00        1.150835E+14   3.9105E-06   3.9386E-06   0.99286
FLUX  904  2615.00        1.146434E+14   3.8069E-06   3.9123E-06   0.97306
FLUX  905  2625.00        1.142067E+14   3.6761E-06   3.8863E-06   0.94591
FLUX  906  2635.00        1.137732E+14   3.8274E-06   3.8605E-06   0.99144
FLUX  907  2645.00        1.133431E+14   3.8191E-06   3.8350E-06   0.99586
FLUX  908  2655.00        1.129162E+14   3.7958E-06   3.8097E-06   0.99636
FLUX  909  2665.00        1.124925E+14   3.7489E-06   3.7847E-06   0.99054
FLUX  910  2675.00        1.120720E+14   3.6356E-06   3.7599E-06   0.96693
FLUX  911  2685.00        1.116546E+14   3.7199E-06   3.7354E-06   0.99585
FLUX  912  2695.00        1.112403E+14   3.7082E-06   3.7111E-06   0.99923
FLUX  913  2705.00        1.108290E+14   3.6826E-06   3.6870E-06   0.99880
FLUX  914  2715.00        1.104208E+14   3.6596E-06   3.6632E-06   0.99902
FLUX  915  2725.00        1.100156E+14   3.6360E-06   3.6396E-06   0.99902
FLUX  916  2735.00        1.096133E+14   3.6135E-06   3.6162E-06   0.99927
FLUX  917  2745.00        1.092140E+14   3.5875E-06   3.5930E-06   0.99845
FLUX  918  2755.00        1.088176E+14   3.4512E-06   3.5701E-06   0.96668
FLUX  919  2765.00        1.084241E+14   3.5094E-06   3.5474E-06   0.98930
FLUX  920  2775.00        1.080333E+14   3.5202E-06   3.5249E-06   0.99866
FLUX  921  2785.00        1.076454E+14   3.4996E-06   3.5026E-06   0.99913
FLUX  922  2795.00        1.072603E+14   3.4796E-06   3.4805E-06   0.99974
FLUX  923  2805.00        1.068779E+14   3.4572E-06   3.4587E-06   0.99959
FLUX  924  2815.00        1.064982E+14   3.4360E-06   3.4370E-06   0.99970
FLUX  925  2825.00        1.061212E+14   3.4142E-06   3.4156E-06   0.99959
FLUX  926  2835.00        1.057469E+14   3.3940E-06   3.3943E-06   0.99993
FLUX  927  2845.00        1.053752E+14   3.3687E-06   3.3732E-06   0.99865
FLUX  928  2855.00        1.050061E+14   3.3502E-06   3.3524E-06   0.99935
FLUX  929  2865.00        1.046396E+14   3.3094E-06   3.3317E-06   0.99331
FLUX  930  2875.00        1.042757E+14   3.1842E-06   3.3112E-06   0.96166
FLUX  931  2885.00        1.039142E+14   3.2826E-06   3.2909E-06   0.99748
FLUX  932  2895.00        1.035553E+14   3.2692E-06   3.2707E-06   0.99953
FLUX  933  2905.00        1.031988E+14   3.2497E-06   3.2508E-06   0.99965
FLUX  934  2915.00        1.028448E+14   3.2277E-06   3.2310E-06   0.99898
FLUX  935  2925.00        1.024932E+14   3.2067E-06   3.2115E-06   0.99853
FLUX  936  2935.00        1.021440E+14   3.1909E-06   3.1921E-06   0.99965
FLUX  937  2945.00        1.017971E+14   3.1700E-06   3.1728E-06   0.99912
FLUX  938  2955.00        1.014526E+14   3.1527E-06   3.1538E-06   0.99966
FLUX  939  2965.00        1.011105E+14   3.1340E-06   3.1349E-06   0.99972
FLUX  940  2975.00        1.007706E+14   3.1149E-06   3.1162E-06   0.99959
FLUX  941  2985.00        1.004330E+14   3.0971E-06   3.0976E-06   0.99982
FLUX  942  2995.00        1.000977E+14   3.0767E-06   3.0792E-06   0.99919
FLUX  943  3005.00        9.976456E+13   3.0585E-06   3.0610E-06   0.99920
FLUX  944  3015.00        9.943367E+13   3.0414E-06   3.0429E-06   0.99949
FLUX  945  3025.00        9.910496E+13   3.0209E-06   3.0250E-06   0.99865
FLUX  946  3035.00        9.877842E+13   2.9114E-06   3.0073E-06   0.96811
FLUX  947  3045.00        9.845402E+13   2.9485E-06   2.9897E-06   0.98623
FLUX  948  3055.00        9.813175E+13   2.9695E-06   2.9722E-06   0.99910
FLUX  949  3065.00        9.781158E+13   2.9512E-06   2.9549E-06   0.99875
FLUX  950  3075.00        9.749350E+13   2.9368E-06   2.9377E-06   0.99970
FLUX  951  3085.00        9.717747E+13   2.9161E-06   2.9207E-06   0.99843
FLUX  952  3095.00        9.686349E+13   2.9001E-06   2.9038E-06   0.99875
FLUX  953  3105.00        9.655153E+13   2.8843E-06   2.8871E-06   0.99906
FLUX  954  3115.00        9.624157E+13   2.8582E-06   2.8705E-06   0.99574
FLUX  955  3125.00        9.593360E+13   2.8506E-06   2.8540E-06   0.99880
FLUX  956  3135.00        9.562759E+13   2.8347E-06   2.8377E-06   0.99895
FLUX  957  3145.00        9.532353E+13   2.8186E-06   2.8215E-06   0.99897
FLUX  958  3155.00        9.502139E+13   2.8003E-06   2.8055E-06   0.99815
FLUX  959  3165.00        9.472117E+13   2.7881E-06   2.7896E-06   0.99946
FLUX  960  3175.00        9.442283E+13   2.7703E-06   2.7738E-06   0.99871
FLUX  961  3185.00        9.412637E+13   2.7568E-06   2.7582E-06   0.99950
FLUX  962  3195.00        9.383177E+13   2.7422E-06   2.7427E-06   0.99981
FLUX  963  3210.00        9.339330E+13   2.7175E-06   2.7197E-06   0.99920
FLUX  964  3230.00        9.281502E+13   2.6886E-06   2.6895E-06   0.99967
FLUX  965  3250.00        9.224385E+13   2.6584E-06   2.6598E-06   0.99951
FLUX  966  3270.00        9.167966E+13   2.6286E-06   2.6305E-06   0.99926
FLUX  967  3290.00        9.112234E+13   2.5414E-06   2.6064E-06   0.97504
FLUX  968  3310.00        9.057175E+13   2.5610E-06   2.5780E-06   0.99341
FLUX  969  3330.00        9.002778E+13   2.5385E-06   2.5501E-06   0.99543
FLUX  970  3350.00        8.949030E+13   2.5144E-06   2.5226E-06   0.99674
FLUX  971  3370.00        8.895920E+13   2.4848E-06   2.4956E-06   0.99568
FLUX  972  3390.00        8.843437E+13   2.4577E-06   2.4690E-06   0.99545
FLUX  973  3410.00        8.791569E+13   2.4315E-06   2.4428E-06   0.99536
FLUX  974  3430.00        8.740306E+13   2.4112E-06   2.4170E-06   0.99760
FLUX  975  3450.00        8.689638E+13   2.3885E-06   2.3916E-06   0.99869
FLUX  976  3470.00        8.639553E+13   2.3629E-06   2.3667E-06   0.99841
FLUX  977  3490.00        8.590043E+13   2.3388E-06   2.3421E-06   0.99861
FLUX  978  3510.00        8.541097E+13   2.3152E-06   2.3179E-06   0.99884
FLUX  979  3530.00        8.492705E+13   2.2903E-06   2.2940E-06   0.99838
FLUX  980  3550.00        8.444859E+13   2.2672E-06   2.2706E-06   0.99853
FLUX  981  3570.00        8.397549E+13   2.2424E-06   2.2474E-06   0.99775
FLUX  982  3590.00        8.350766E+13   2.2216E-06   2.2247E-06   0.99862
FLUX  983  3610.00        8.304501E+13   2.1984E-06   2.2023E-06   0.99825
FLUX  984  3630.00        8.258747E+13   2.1788E-06   2.1802E-06   0.99937
FLUX  985  3650.00        8.213493E+13   2.1516E-06   2.1584E-06   0.99683
FLUX  986  3670.00        8.168733E+13   2.1331E-06   2.1370E-06   0.99819
FLUX  987  3690.00        8.124458E+13   2.1042E-06   2.1159E-06   0.99446
FLUX  988  3710.00        8.080660E+13   2.0881E-06   2.0951E-06   0.99666
FLUX  989  3730.00        8.037332E+13   2.0549E-06   2.0746E-06   0.99051
FLUX  990  3750.00        7.994467E+13   2.0134E-06   2.0544E-06   0.98005
FLUX  991  3770.00        7.952056E+13   2.0301E-06   2.0345E-06   0.99786
FLUX  992  3790.00        7.910092E+13   2.0113E-06   2.0149E-06   0.99825
FLUX  993  3810.00        7.868570E+13   1.9874E-06   1.9955E-06   0.99592
FLUX  994  3830.00        7.827480E+13   1.9714E-06   1.9765E-06   0.99745
FLUX  995  3850.00        7.786818E+13   1.9564E-06   1.9577E-06   0.99935
FLUX  996  3870.00        7.746576E+13   1.9358E-06   1.9392E-06   0.99825
FLUX  997  3890.00        7.706748E+13   1.9177E-06   1.9209E-06   0.99833
FLUX  998  3910.00        7.667327E+13   1.8905E-06   1.9029E-06   0.99346
FLUX  999  3930.00        7.628308E+13   1.8837E-06   1.8852E-06   0.99924
FLUX 1000  3950.00        7.589684E+13   1.8650E-06   1.8677E-06   0.99857
FLUX 1001  3970.00        7.551448E+13   1.8492E-06   1.8504E-06   0.99936
FLUX 1002  3990.00        7.513596E+13   1.8284E-06   1.8334E-06   0.99730
FLUX 1003  4010.00        7.476122E+13   1.8078E-06   1.8166E-06   0.99519
FLUX 1004  4030.00        7.439020E+13   1.7883E-06   1.8000E-06   0.99351
FLUX 1005  4050.00        7.402284E+13   1.7520E-06   1.7837E-06   0.98223
FLUX 1006  4070.00        7.365909E+13   1.7649E-06   1.7676E-06   0.99850
FLUX 1007  4090.00        7.329890E+13   1.7492E-06   1.7517E-06   0.99860
FLUX 1008  4110.00        7.294221E+13   1.7352E-06   1.7360E-06   0.99955
FLUX 1009  4130.00        7.258898E+13   1.7201E-06   1.7205E-06   0.99975
FLUX 1010  4150.00        7.223916E+13   1.7033E-06   1.7052E-06   0.99887
FLUX 1011  4170.00        7.189269E+13   1.6709E-06   1.6902E-06   0.98859
FLUX 1012  4190.00        7.154952E+13   1.6734E-06   1.6753E-06   0.99887
FLUX 1013  4210.00        7.120962E+13   1.6564E-06   1.6606E-06   0.99748
FLUX 1014  4230.00        7.087293E+13   1.6460E-06   1.6461E-06   0.99993
FLUX 1015  4250.00        7.053941E+13   1.6308E-06   1.6319E-06   0.99938
FLUX 1016  4270.00        7.020902E+13   1.6175E-06   1.6177E-06   0.99987
FLUX 1017  4290.00        6.988170E+13   1.6030E-06   1.6038E-06   0.99952
FLUX 1018  4310.00        6.955742E+13   1.5886E-06   1.5901E-06   0.99906
FLUX 1019  4330.00        6.923614E+13   1.5742E-06   1.5765E-06   0.99856
FLUX 1020  4350.00        6.891782E+13   1.5600E-06   1.5631E-06   0.99804
FLUX 1021  4370.00        6.860240E+13   1.5280E-06   1.5499E-06   0.98589
FLUX 1022  4390.00        6.828986E+13   1.5315E-06   1.5368E-06   0.99656
FLUX 1023  4410.00        6.798016E+13   1.5184E-06   1.5239E-06   0.99642
FLUX 1024  4430.00        6.767325E+13   1.5067E-06   1.5112E-06   0.99707
FLUX 1025  4450.00        6.736910E+13   1.4944E-06   1.4986E-06   0.99719
FLUX 1026  4470.00        6.706767E+13   1.4822E-06   1.4870E-06   0.99680
FLUX 1027  4490.00        6.676893E+13   1.4703E-06   1.4747E-06   0.99699
FLUX 1028  4510.00        6.647284E+13   1.4580E-06   1.4626E-06   0.99686
FLUX 1029  4530.00        6.617936E+13   1.4460E-06   1.4506E-06   0.99682
FLUX 1030  4550.00        6.588846E+13   1.4345E-06   1.4388E-06   0.99702
FLUX 1031  4570.00        6.560011E+13   1.4228E-06   1.4271E-06   0.99703
FLUX 1032  4590.00        6.531427E+13   1.4109E-06   1.4155E-06   0.99673
FLUX 1033  4610.00        6.503091E+13   1.4006E-06   1.4041E-06   0.99747
FLUX 1034  4630.00        6.475000E+13   1.3891E-06   1.3928E-06   0.99733
FLUX 1035  4650.00        6.447151E+13   1.3552E-06   1.3817E-06   0.98081
FLUX 1036  4670.00        6.419540E+13   1.3481E-06   1.3707E-06   0.98355
FLUX 1037  4690.00        6.392164E+13   1.3567E-06   1.3598E-06   0.99769
FLUX 1038  4710.00        6.365021E+13   1.3465E-06   1.3491E-06   0.99808
FLUX 1039  4730.00        6.338108E+13   1.3363E-06   1.3384E-06   0.99841
FLUX 1040  4750.00        6.311421E+13   1.3255E-06   1.3279E-06   0.99816
FLUX 1041  4770.00        6.284958E+13   1.3153E-06   1.3176E-06   0.99827
FLUX 1042  4790.00        6.258716E+13   1.3054E-06   1.3073E-06   0.99853
FLUX 1043  4810.00        6.232692E+13   1.2950E-06   1.2972E-06   0.99827
FLUX 1044  4830.00        6.206884E+13   1.2854E-06   1.2872E-06   0.99862
FLUX 1045  4850.00        6.181289E+13   1.2751E-06   1.2773E-06   0.99834
FLUX 1046  4870.00        6.155903E+13   1.2654E-06   1.2675E-06   0.99837
FLUX 1047  4890.00        6.130726E+13   1.2558E-06   1.2578E-06   0.99840
FLUX 1048  4910.00        6.105754E+13   1.2462E-06   1.2483E-06   0.99835
FLUX 1049  4930.00        6.080984E+13   1.2368E-06   1.2388E-06   0.99835
FLUX 1050  4950.00        6.056414E+13   1.2272E-06   1.2294E-06   0.99821
FLUX 1051  4970.00        6.032042E+13   1.2179E-06   1.2202E-06   0.99815
FLUX 1052  4990.00        6.007866E+13   1.2096E-06   1.2111E-06   0.99876
FLUX 1053  5010.00        5.983882E+13   1.2001E-06   1.2020E-06   0.99838
FLUX 1054  5030.00        5.960089E+13   1.1914E-06   1.1931E-06   0.99855
FLUX 1055  5050.00        5.936485E+13   1.1823E-06   1.1843E-06   0.99836
FLUX 1056  5070.00        5.913067E+13   1.1738E-06   1.1755E-06   0.99857
FLUX 1057  5090.00        5.889833E+13   1.1649E-06   1.1669E-06   0.99827
FLUX 1058  5110.00        5.866781E+13   1.1559E-06   1.1583E-06   0.99787
FLUX 1059  5130.00        5.843908E+13   1.1326E-06   1.1499E-06   0.98499
FLUX 1060  5150.00        5.821214E+13   1.1399E-06   1.1415E-06   0.99855
FLUX 1061  5170.00        5.798694E+13   1.1314E-06   1.1332E-06   0.99840
FLUX 1062  5190.00        5.776349E+13   1.1236E-06   1.1251E-06   0.99875
FLUX 1063  5210.00        5.754175E+13   1.1153E-06   1.1170E-06   0.99848
FLUX 1064  5230.00        5.732170E+13   1.1073E-06   1.1090E-06   0.99852
FLUX 1065  5250.00        5.710333E+13   1.0997E-06   1.1010E-06   0.99883
FLUX 1066  5270.00        5.688662E+13   1.0912E-06   1.0932E-06   0.99816
FLUX 1067  5290.00        5.667155E+13   1.0842E-06   1.0855E-06   0.99883
FLUX 1068  5310.00        5.645810E+13   1.0767E-06   1.0778E-06   0.99899
FLUX 1069  5330.00        5.624625E+13   1.0691E-06   1.0702E-06   0.99895
FLUX 1070  5350.00        5.603598E+13   1.0616E-06   1.0627E-06   0.99901
FLUX 1071  5370.00        5.582728E+13   1.0529E-06   1.0553E-06   0.99773
FLUX 1072  5390.00        5.562013E+13   1.0461E-06   1.0479E-06   0.99829
FLUX 1073  5410.00        5.541451E+13   1.0398E-06   1.0406E-06   0.99922
FLUX 1074  5430.00        5.521041E+13   1.0321E-06   1.0334E-06   0.99869
FLUX 1075  5450.00        5.500780E+13   1.0255E-06   1.0263E-06   0.99919
FLUX 1076  5470.00        5.480667E+13   1.0175E-06   1.0193E-06   0.99828
FLUX 1077  5490.00        5.460701E+13   1.0113E-06   1.0123E-06   0.99905
FLUX 1078  5510.00        5.440880E+13   1.0045E-06   1.0054E-06   0.99916
FLUX 1079  5530.00        5.421203E+13   9.9546E-07   9.9852E-07   0.99693
FLUX 1080  5550.00        5.401667E+13   9.9104E-07   9.9176E-07   0.99928
FLUX 1081  5570.00        5.382271E+13   9.8452E-07   9.8506E-07   0.99946
FLUX 1082  5590.00        5.363014E+13   9.7682E-07   9.7842E-07   0.99836
FLUX 1083  5610.00        5.343895E+13   9.7126E-07   9.7186E-07   0.99939
FLUX 1084  5630.00        5.324911E+13   9.6457E-07   9.6536E-07   0.99919
FLUX 1085  5650.00        5.306062E+13   9.5857E-07   9.5892E-07   0.99963
FLUX 1086  5670.00        5.287346E+13   9.5218E-07   9.5255E-07   0.99961
FLUX 1087  5690.00        5.268761E+13   9.4558E-07   9.4624E-07   0.99930
FLUX 1088  5710.00        5.250306E+13   9.3617E-07   9.4000E-07   0.99593
FLUX 1089  5730.00        5.231981E+13   9.3346E-07   9.3381E-07   0.99962
FLUX 1090  5750.00        5.213783E+13   9.2738E-07   9.2769E-07   0.99966
FLUX 1091  5770.00        5.195711E+13   9.2124E-07   9.2163E-07   0.99958
FLUX 1092  5790.00        5.177763E+13   9.1514E-07   9.1562E-07   0.99947
FLUX 1093  5810.00        5.159940E+13   9.0935E-07   9.0968E-07   0.99964
FLUX 1094  5830.00        5.142238E+13   9.0355E-07   9.0379E-07   0.99974
FLUX 1095  5850.00        5.124658E+13   8.9791E-07   8.9814E-07   0.99974
FLUX 1096  5870.00        5.107198E+13   8.9201E-07   8.9237E-07   0.99960
FLUX 1097  5890.00        5.089856E+13   8.8568E-07   8.8664E-07   0.99891
FLUX 1098  5910.00        5.072631E+13   8.6957E-07   8.8098E-07   0.98705
FLUX 1099  5930.00        5.055523E+13   8.7490E-07   8.7537E-07   0.99946
FLUX 1100  5950.00        5.038529E+13   8.6413E-07   8.6981E-07   0.99347
FLUX 1101  5970.00        5.021650E+13   8.6333E-07   8.6430E-07   0.99887
FLUX 1102  5990.00        5.004883E+13   8.5858E-07   8.5885E-07   0.99969
FLUX 1103  6010.00        4.988228E+13   8.5300E-07   8.5345E-07   0.99947
FLUX 1104  6030.00        4.971683E+13   8.4792E-07   8.4809E-07   0.99979
FLUX 1105  6050.00        4.955248E+13   8.4270E-07   8.4279E-07   0.99988
FLUX 1106  6070.00        4.938921E+13   8.3726E-07   8.3754E-07   0.99967
FLUX 1107  6090.00        4.922701E+13   8.3190E-07   8.3234E-07   0.99948
FLUX 1108  6110.00        4.906588E+13   8.2626E-07   8.2719E-07   0.99888
FLUX 1109  6130.00        4.890579E+13   8.2182E-07   8.2208E-07   0.99969
FLUX 1110  6150.00        4.874675E+13   8.1693E-07   8.1702E-07   0.99989
FLUX 1111  6170.00        4.858874E+13   8.1185E-07   8.1201E-07   0.99980
FLUX 1112  6190.00        4.843174E+13   8.0686E-07   8.0704E-07   0.99978
FLUX 1113  6210.00        4.827576E+13   8.0203E-07   8.0212E-07   0.99989
FLUX 1114  6230.00        4.812079E+13   7.9644E-07   7.9724E-07   0.99899
FLUX 1115  6250.00        4.796680E+13   7.9215E-07   7.9241E-07   0.99967
FLUX 1116  6270.00        4.781380E+13   7.8726E-07   7.8762E-07   0.99954
FLUX 1117  6290.00        4.766176E+13   7.7716E-07   7.8288E-07   0.99270
FLUX 1118  6310.00        4.751070E+13   7.7750E-07   7.7818E-07   0.99913
FLUX 1119  6330.00        4.736058E+13   7.7343E-07   7.7352E-07   0.99989
FLUX 1120  6350.00        4.721142E+13   7.6880E-07   7.6890E-07   0.99987
FLUX 1121  6370.00        4.706319E+13   7.6416E-07   7.6432E-07   0.99979
FLUX 1122  6390.00        4.691588E+13   7.5962E-07   7.5979E-07   0.99978
FLUX 1123  6420.00        4.669665E+13   7.5299E-07   7.5306E-07   0.99991
FLUX 1124  6460.00        4.640751E+13   7.4401E-07   7.4422E-07   0.99971
FLUX 1125  6500.00        4.612192E+13   7.3522E-07   7.3554E-07   0.99956
FLUX 1126  6540.00        4.583983E+13   7.2696E-07   7.2702E-07   0.99992
FLUX 1127  6580.00        4.556117E+13   7.1858E-07   7.1864E-07   0.99992
FLUX 1128  6620.00        4.528588E+13   7.1030E-07   7.1040E-07   0.99987
FLUX 1129  6660.00        4.501389E+13   7.0226E-07   7.0230E-07   0.99994
FLUX 1130  6700.00        4.474515E+13   6.9425E-07   6.9434E-07   0.99986
FLUX 1131  6740.00        4.447960E+13   6.8631E-07   6.8652E-07   0.99969
FLUX 1132  6780.00        4.421718E+13   6.7596E-07   6.7883E-07   0.99577
FLUX 1133  6820.00        4.395784E+13   6.7119E-07   6.7126E-07   0.99989
FLUX 1134  6860.00        4.370153E+13   6.6375E-07   6.6382E-07   0.99988
FLUX 1135  6900.00        4.344819E+13   6.5641E-07   6.5651E-07   0.99986
FLUX 1136  6940.00        4.319777E+13   6.4912E-07   6.4931E-07   0.99970
FLUX 1137  6980.00        4.295021E+13   6.4217E-07   6.4224E-07   0.99990
FLUX 1138  7020.00        4.270548E+13   6.3506E-07   6.3527E-07   0.99967
FLUX 1139  7060.00        4.246353E+13   6.2833E-07   6.2842E-07   0.99986
FLUX 1140  7100.00        4.222430E+13   6.2163E-07   6.2168E-07   0.99991
FLUX 1141  7140.00        4.198775E+13   6.1500E-07   6.1505E-07   0.99991
FLUX 1142  7180.00        4.175383E+13   6.0844E-07   6.0852E-07   0.99986
FLUX 1143  7220.00        4.152251E+13   6.0192E-07   6.0210E-07   0.99969
FLUX 1144  7260.00        4.129373E+13   5.9559E-07   5.9578E-07   0.99969
FLUX 1145  7300.00        4.106747E+13   5.8954E-07   5.8956E-07   0.99998
FLUX 1146  7340.00        4.084366E+13   5.8331E-07   5.8343E-07   0.99978
FLUX 1147  7380.00        4.062229E+13   5.7737E-07   5.7740E-07   0.99994
FLUX 1148  7420.00        4.040330E+13   5.7135E-07   5.7146E-07   0.99980
FLUX 1149  7460.00        4.018666E+13   5.6190E-07   5.6562E-07   0.99342
FLUX 1150  7500.00        3.997233E+13   5.5421E-07   5.5986E-07   0.98991
FLUX 1151  7540.00        3.976028E+13   5.5410E-07   5.5420E-07   0.99982
FLUX 1152  7580.00        3.955046E+13   5.4857E-07   5.4861E-07   0.99991
FLUX 1153  7620.00        3.934285E+13   5.4307E-07   5.4311E-07   0.99992
FLUX 1154  7660.00        3.913740E+13   5.3768E-07   5.3770E-07   0.99997
FLUX 1155  7700.00        3.893409E+13   5.3228E-07   5.3236E-07   0.99986
FLUX 1156  7740.00        3.873288E+13   5.2709E-07   5.2710E-07   0.99997
FLUX 1157  7780.00        3.853374E+13   5.2151E-07   5.2192E-07   0.99922
FLUX 1158  7820.00        3.833664E+13   5.1681E-07   5.1682E-07   0.99998
FLUX 1159  7860.00        3.814154E+13   5.1178E-07   5.1179E-07   0.99999
FLUX 1160  7900.00        3.794842E+13   5.0682E-07   5.0683E-07   0.99998
FLUX 1161  7940.00        3.775724E+13   5.0193E-07   5.0195E-07   0.99998
FLUX 1162  7980.00        3.756798E+13   4.9712E-07   4.9713E-07   0.99997
FLUX 1163  8020.00        3.738061E+13   4.9233E-07   4.9239E-07   0.99989
FLUX 1164  8060.00        3.719510E+13   4.8764E-07   4.8771E-07   0.99985
FLUX 1165  8100.00        3.701142E+13   4.8309E-07   4.8310E-07   0.99998
FLUX 1166  8140.00        3.682955E+13   4.7786E-07   4.7855E-07   0.99857
FLUX 1167  8180.00        3.664945E+13   4.7397E-07   4.7407E-07   0.99981
FLUX 1168  8220.00        3.647111E+13   4.6963E-07   4.6964E-07   0.99998
FLUX 1169  8260.00        3.629449E+13   4.6526E-07   4.6529E-07   0.99994
FLUX 1170  8300.00        3.611958E+13   4.6097E-07   4.6099E-07   0.99997
FLUX 1171  8340.00        3.594634E+13   4.5663E-07   4.5675E-07   0.99975
FLUX 1172  8380.00        3.577476E+13   4.5248E-07   4.5257E-07   0.99980
FLUX 1173  8420.00        3.560481E+13   4.4841E-07   4.4844E-07   0.99992
FLUX 1174  8460.00        3.543647E+13   4.4436E-07   4.4438E-07   0.99997
FLUX 1175  8500.00        3.526971E+13   4.4036E-07   4.4036E-07   0.99998
FLUX 1176  8540.00        3.510451E+13   4.3639E-07   4.3640E-07   0.99997
FLUX 1177  8580.00        3.494085E+13   4.3248E-07   4.3250E-07   0.99995
FLUX 1178  8620.00        3.477871E+13   4.2861E-07   4.2864E-07   0.99991
FLUX 1179  8660.00        3.461807E+13   4.2398E-07   4.2484E-07   0.99797
FLUX 1180  8700.00        3.445891E+13   4.2108E-07   4.2109E-07   0.99999
FLUX 1181  8740.00        3.430120E+13   4.1644E-07   4.1739E-07   0.99772
FLUX 1182  8780.00        3.414493E+13   4.1276E-07   4.1373E-07   0.99765
FLUX 1183  8820.00        3.399008E+13   4.1007E-07   4.1013E-07   0.99987
FLUX 1184  8860.00        3.383663E+13   4.0652E-07   4.0657E-07   0.99987
FLUX 1185  8900.00        3.368455E+13   4.0300E-07   4.0306E-07   0.99986
FLUX 1186  8940.00        3.353384E+13   3.9956E-07   3.9959E-07   0.99992
FLUX 1187  8980.00        3.338447E+13   3.9608E-07   3.9617E-07   0.99978
FLUX 1188  9020.00        3.323642E+13   3.9274E-07   3.9279E-07   0.99988
FLUX 1189  9060.00        3.308968E+13   3.8945E-07   3.8945E-07   0.99999
FLUX 1190  9100.00        3.294423E+13   3.8609E-07   3.8616E-07   0.99982
FLUX 1191  9140.00        3.280005E+13   3.8284E-07   3.8290E-07   0.99984
FLUX 1192  9180.00        3.265714E+13   3.7968E-07   3.7969E-07   0.99997
FLUX 1193  9220.00        3.251546E+13   3.7652E-07   3.7652E-07   0.99999
FLUX 1194  9260.00        3.237500E+13   3.7336E-07   3.7339E-07   0.99994
FLUX 1195  9300.00        3.223575E+13   3.7029E-07   3.7029E-07   0.99999
FLUX 1196  9340.00        3.209770E+13   3.6722E-07   3.6724E-07   0.99994
FLUX 1197  9380.00        3.196082E+13   3.6325E-07   3.6422E-07   0.99733
FLUX 1198  9420.00        3.182511E+13   3.6123E-07   3.6124E-07   0.99997
FLUX 1199  9460.00        3.169054E+13   3.5829E-07   3.5830E-07   0.99997
FLUX 1200  9500.00        3.155711E+13   3.5538E-07   3.5539E-07   0.99997
FLUX 1201  9540.00        3.142479E+13   3.5246E-07   3.5252E-07   0.99984
FLUX 1202  9580.00        3.129358E+13   3.4966E-07   3.4968E-07   0.99994
FLUX 1203  9620.00        3.116346E+13   3.4684E-07   3.4688E-07   0.99989
FLUX 1204  9660.00        3.103442E+13   3.4409E-07   3.4411E-07   0.99994
FLUX 1205  9700.00        3.090644E+13   3.4136E-07   3.4137E-07   0.99999
FLUX 1206  9740.00        3.077952E+13   3.3858E-07   3.3866E-07   0.99976
FLUX 1207  9780.00        3.065363E+13   3.3594E-07   3.3599E-07   0.99985
FLUX 1208  9820.00        3.052877E+13   3.3332E-07   3.3335E-07   0.99992
FLUX 1209  9860.00        3.040492E+13   3.3071E-07   3.3074E-07   0.99992
FLUX 1210  9900.00        3.028207E+13   3.2815E-07   3.2816E-07   0.99997
FLUX 1211  9940.00        3.016021E+13   3.2557E-07   3.2561E-07   0.99989
FLUX 1212  9980.00        3.003933E+13   3.2307E-07   3.2309E-07   0.99994
FLUX 1213 10020.00        2.991941E+13   3.2058E-07   3.2060E-07   0.99994
FLUX 1214 20000.00        1.498963E+13   8.2925E-08   8.2926E-08   0.99999
FLUX 1215 40000.00        7.494813E+12   2.0886E-08   2.0886E-08   1.00000
FLUX 1216 60000.00        4.996542E+12   9.2537E-09   9.2537E-09   1.00000
FLUX 1217 80000.00        3.747406E+12   5.1811E-09   5.1811E-09   1.00000
FLUX 1218100000.00        2.997925E+12   3.3005E-09   3.3005E-09   1.00000
FLUX 1219120000.00        2.498271E+12   2.2821E-09   2.2821E-09   1.00000
FLUX 1220140000.00        2.141375E+12   1.6700E-09   1.6700E-09   1.00000
FLUX 1221160000.00        1.873703E+12   1.2739E-09   1.2739E-09   1.00000
FLUX
