TEFF   6250.  GRAVITY 1.50000 LTE 
TITLE  [-0.5] N(He)/Ntot=0.0784 VTURB=2.0  L/H=1.25 NOVER                       
FLUX    1     9.09        3.298047E+16   1.0000E-50   0.0000E+00   1.00000
FLUX    2     9.35        3.206337E+16   1.0000E-50   0.0000E+00   1.00000
FLUX    3     9.61        3.119589E+16   1.0000E-50   0.0000E+00   1.00000
FLUX    4     9.77        3.068501E+16   1.0000E-50   0.0000E+00   1.00000
FLUX    5     9.96        3.009965E+16   1.0000E-50   0.0000E+00   1.00000
FLUX    6    10.20        2.939142E+16   1.0000E-50   0.0000E+00   1.00000
FLUX    7    10.38        2.888174E+16   1.0000E-50   0.0000E+00   1.00000
FLUX    8    10.56        2.838944E+16   1.0000E-50   0.0000E+00   1.00000
FLUX    9    10.77        2.783589E+16   1.0000E-50   0.0000E+00   1.00000
FLUX   10    11.04        2.715512E+16   1.0867-143   1.0867-143   0.99998
FLUX   11    11.40        2.629759E+16   3.1292-139   3.1293-139   0.99998
FLUX   12    11.78        2.544928E+16   8.0237-135   8.0238-135   0.99998
FLUX   13    12.13        2.471496E+16   5.2288-131   5.2289-131   0.99998
FLUX   14    12.48        2.402183E+16   2.0703-127   2.0703-127   0.99998
FLUX   15    12.71        2.358714E+16   3.7265-125   3.7266-125   0.99998
FLUX   16    12.84        2.334833E+16   6.4568-124   6.4569-124   0.99998
FLUX   17    13.05        2.297261E+16   5.7325-122   5.7326-122   0.99998
FLUX   18    13.24        2.264294E+16   2.9315-120   2.9315-120   0.99998
FLUX   19    13.39        2.238928E+16   6.0471-119   6.0472-119   0.99998
FLUX   20    13.66        2.194674E+16   1.1858-116   1.1859-116   0.99998
FLUX   21    13.98        2.144438E+16   4.7338-114   4.7339-114   0.99998
FLUX   22    14.33        2.092062E+16   2.4271-111   2.4272-111   0.99998
FLUX   23    14.72        2.036634E+16   1.7832-108   1.7833-108   0.99998
FLUX   24    15.10        1.985381E+16   7.9396-106   7.9398-106   0.99998
FLUX   25    15.52        1.931653E+16   4.7256-103   4.7257-103   0.99998
FLUX   26    15.88        1.887862E+16   8.5891-101   8.5893-101   0.99998
FLUX   27    16.20        1.850571E+16   7.1949E-99   7.1951E-99   0.99998
FLUX   28    16.60        1.805979E+16   1.4298E-96   1.4298E-96   0.99998
FLUX   29    17.03        1.760379E+16   3.1903E-94   3.1903E-94   0.99998
FLUX   30    17.34        1.728907E+16   1.3290E-92   1.3290E-92   0.99998
FLUX   31    17.68        1.695659E+16   6.8190E-91   6.8191E-91   0.99998
FLUX   32    18.02        1.663665E+16   3.0093E-89   3.0094E-89   0.99998
FLUX   33    18.17        1.649931E+16   1.5282E-88   1.5283E-88   0.99998
FLUX   34    18.61        1.610922E+16   1.5417E-86   1.5417E-86   0.99998
FLUX   35    19.10        1.569594E+16   2.0368E-84   2.0369E-84   0.99998
FLUX   36    19.39        1.546119E+16   3.2512E-83   3.2513E-83   0.99998
FLUX   37    19.84        1.511051E+16   2.0339E-81   2.0339E-81   0.99998
FLUX   38    20.18        1.485592E+16   4.0956E-80   4.0956E-80   0.99998
FLUX   39    20.50        1.462402E+16   6.3098E-79   6.3099E-79   0.99998
FLUX   40    21.05        1.424192E+16   5.6721E-77   5.6722E-77   0.99998
FLUX   41    21.62        1.386644E+16   4.6986E-75   4.6987E-75   0.99998
FLUX   42    21.98        1.363933E+16   6.7822E-74   6.7824E-74   0.99998
FLUX   43    22.30        1.344361E+16   6.7469E-73   6.7470E-73   0.99998
FLUX   44    22.68        1.321836E+16   9.4881E-72   9.4883E-72   0.99998
FLUX   45    23.00        1.303446E+16   8.2130E-71   8.2131E-71   0.99998
FLUX   46    23.40        1.281165E+16   1.1179E-69   1.1179E-69   0.99998
FLUX   47    24.00        1.249135E+16   4.7542E-68   4.7543E-68   0.99998
FLUX   48    24.65        1.216197E+16   2.2417E-66   2.2417E-66   0.99998
FLUX   49    25.24        1.187767E+16   6.2168E-65   6.2169E-65   0.99998
FLUX   50    25.68        1.167416E+16   6.6937E-64   6.6938E-64   0.99998
FLUX   51    26.00        1.153048E+16   3.5801E-63   3.5801E-63   0.99998
FLUX   52    26.40        1.135578E+16   2.7467E-62   2.7468E-62   0.99998
FLUX   53    26.85        1.116546E+16   2.5206E-61   2.5206E-61   0.99998
FLUX   54    27.35        1.096133E+16   2.7102E-60   2.7103E-60   0.99998
FLUX   55    27.85        1.076454E+16   2.6746E-59   2.6746E-59   0.99998
FLUX   56    28.40        1.055607E+16   3.0142E-58   3.0143E-58   0.99998
FLUX   57    29.00        1.033767E+16   3.8011E-57   3.8011E-57   0.99998
FLUX   58    29.60        1.012813E+16   4.3074E-56   4.3074E-56   0.99998
FLUX   59    30.10        9.959884E+15   3.0236E-55   3.0238E-55   0.99992
FLUX   60    30.80        9.733523E+15   4.1480E-54   4.1481E-54   0.99998
FLUX   61    31.80        9.427437E+15   1.4228E-52   1.4228E-52   0.99998
FLUX   62    32.80        9.140015E+15   3.9106E-51   3.9107E-51   0.99998
FLUX   63    33.80        8.869601E+15   8.7767E-50   8.7769E-50   0.99998
FLUX   64    34.80        8.614727E+15   1.6393E-48   1.6394E-48   0.99998
FLUX   65    35.70        8.397549E+15   1.9753E-47   1.9753E-47   0.99998
FLUX   66    36.60        8.191052E+15   2.1010E-46   2.1011E-46   0.99998
FLUX   67    37.50        7.994467E+15   1.9856E-45   1.9857E-45   0.99998
FLUX   68    38.50        7.786818E+15   2.1210E-44   2.1210E-44   0.99998
FLUX   69    39.50        7.589684E+15   1.9998E-43   1.9998E-43   0.99998
FLUX   70    40.50        7.402284E+15   1.6814E-42   1.6814E-42   0.99998
FLUX   71    41.40        7.241365E+15   1.0434E-41   1.0434E-41   0.99998
FLUX   72    42.20        7.104088E+15   4.9375E-41   4.9376E-41   0.99998
FLUX   73    43.00        6.971919E+15   2.2004E-40   2.2004E-40   0.99998
FLUX   74    44.10        6.798016E+15   1.5666E-39   1.5666E-39   0.99998
FLUX   75    45.10        6.647284E+15   8.5535E-39   8.5536E-39   0.99998
FLUX   76    46.00        6.517228E+15   3.6911E-38   3.6912E-38   0.99998
FLUX   77    47.00        6.378564E+15   1.7505E-37   1.7505E-37   0.99997
FLUX   78    48.00        6.245677E+15   7.7549E-37   7.7550E-37   0.99998
FLUX   79    49.00        6.118214E+15   3.2261E-36   3.2261E-36   0.99998
FLUX   80    50.00        5.995850E+15   1.2632E-35   1.2633E-35   0.99998
FLUX   81    50.60        5.924753E+15   3.7050E-35   4.2321E-35   0.87544
FLUX   82    51.20        5.855322E+15   9.0124E-35   9.1257E-35   0.98759
FLUX   83    52.00        5.765240E+15   2.4450E-34   2.4693E-34   0.99015
FLUX   84    53.00        5.656462E+15   8.1963E-34   8.1969E-34   0.99993
FLUX   85    54.00        5.551713E+15   2.5814E-33   2.5968E-33   0.99404
FLUX   86    55.00        5.450773E+15   7.8751E-33   7.8759E-33   0.99990
FLUX   87    56.00        5.353438E+15   2.2906E-32   2.2908E-32   0.99993
FLUX   88    57.00        5.259518E+15   6.4043E-32   6.4044E-32   0.99998
FLUX   89    58.00        5.168836E+15   1.7058E-31   1.7248E-31   0.98898
FLUX   90    59.00        5.081229E+15   4.4814E-31   4.4822E-31   0.99982
FLUX   91    60.00        4.996542E+15   1.1259E-30   1.1262E-30   0.99976
FLUX   92    61.00        4.914631E+15   2.7401E-30   2.7402E-30   0.99998
FLUX   93    62.00        4.835363E+15   6.4666E-30   6.4672E-30   0.99991
FLUX   94    63.00        4.758611E+15   1.4826E-29   1.4827E-29   0.99993
FLUX   95    64.00        4.684258E+15   3.3084E-29   3.3088E-29   0.99989
FLUX   96    65.00        4.612192E+15   7.1921E-29   7.1923E-29   0.99998
FLUX   97    65.80        4.556117E+15   1.3144E-28   1.3145E-28   0.99997
FLUX   98    66.50        4.508158E+15   2.1989E-28   2.1998E-28   0.99958
FLUX   99    67.50        4.441370E+15   4.4992E-28   4.5005E-28   0.99972
FLUX  100    68.50        4.376533E+15   9.0027E-28   9.0038E-28   0.99988
FLUX  101    69.50        4.313561E+15   1.7632E-27   1.7632E-27   0.99998
FLUX  102    70.50        4.252376E+15   3.3786E-27   3.3831E-27   0.99869
FLUX  103    71.60        4.187046E+15   6.7730E-27   6.7735E-27   0.99993
FLUX  104    72.60        4.129373E+15   1.2485E-26   1.2485E-26   0.99998
FLUX  105    73.50        4.078810E+15   2.1322E-26   2.1324E-26   0.99992
FLUX  106    74.50        4.024060E+15   3.8024E-26   3.8034E-26   0.99974
FLUX  107    75.50        3.970762E+15   6.6702E-26   6.6725E-26   0.99965
FLUX  108    76.50        3.918856E+15   1.1519E-25   1.1522E-25   0.99974
FLUX  109    77.50        3.868290E+15   1.9590E-25   1.9595E-25   0.99973
FLUX  110    78.50        3.819013E+15   3.2841E-25   3.2841E-25   0.99998
FLUX  111    79.50        3.770975E+15   5.4041E-25   5.4272E-25   0.99574
FLUX  112    80.50        3.724130E+15   8.8366E-25   8.8483E-25   0.99868
FLUX  113    81.50        3.678436E+15   1.4237E-24   1.4239E-24   0.99981
FLUX  114    82.50        3.633848E+15   2.2630E-24   2.2633E-24   0.99990
FLUX  115    83.50        3.590329E+15   3.5546E-24   3.5549E-24   0.99993
FLUX  116    84.50        3.547840E+15   5.5185E-24   5.5189E-24   0.99993
FLUX  117    85.50        3.506345E+15   8.4724E-24   8.4730E-24   0.99993
FLUX  118    86.50        3.465809E+15   1.2867E-23   1.2868E-23   0.99997
FLUX  119    87.50        3.426200E+15   1.9320E-23   1.9339E-23   0.99899
FLUX  120    88.50        3.387486E+15   2.8774E-23   2.8777E-23   0.99992
FLUX  121    89.50        3.349637E+15   4.2406E-23   4.2407E-23   0.99997
FLUX  122    90.50        3.312624E+15   6.1860E-23   6.1908E-23   0.99923
FLUX  123    91.50        3.276421E+15   2.2904E-19   5.7700E-19   0.39694
FLUX  124    92.50        3.241000E+15   8.0558E-19   8.5987E-19   0.93687
FLUX  125    93.50        3.206337E+15   1.1827E-18   1.2684E-18   0.93244
FLUX  126    94.50        3.172407E+15   1.7341E-18   1.8542E-18   0.93525
FLUX  127    95.50        3.139188E+15   2.6223E-18   2.6890E-18   0.97521
FLUX  128    96.50        3.106658E+15   3.7775E-18   3.8618E-18   0.97817
FLUX  129    97.50        3.074795E+15   5.3702E-18   5.4944E-18   0.97739
FLUX  130    98.50        3.043579E+15   7.6172E-18   7.8096E-18   0.97536
FLUX  131    99.50        3.012990E+15   1.0663E-17   1.0974E-17   0.97166
FLUX  132   100.50        2.983010E+15   1.5256E-17   1.5307E-17   0.99666
FLUX  133   101.50        2.953621E+15   2.1119E-17   2.1164E-17   0.99789
FLUX  134   102.50        2.924805E+15   2.8607E-17   2.9243E-17   0.97824
FLUX  135   103.50        2.896546E+15   3.9884E-17   3.9995E-17   0.99722
FLUX  136   104.50        2.868828E+15   5.4333E-17   5.4438E-17   0.99808
FLUX  137   105.50        2.841635E+15   7.3547E-17   7.3640E-17   0.99874
FLUX  138   106.50        2.814953E+15   9.8586E-17   9.9051E-17   0.99531
FLUX  139   107.50        2.788767E+15   1.3209E-16   1.3250E-16   0.99691
FLUX  140   108.50        2.763065E+15   1.7585E-16   1.7626E-16   0.99772
FLUX  141   109.50        2.737831E+15   2.3186E-16   2.3317E-16   0.99437
FLUX  142   110.50        2.713054E+15   6.7364E-16   3.0003E-15   0.22453
FLUX  143   111.50        2.688722E+15   2.5650E-15   4.2503E-15   0.60349
FLUX  144   112.50        2.664822E+15   3.9845E-15   5.8129E-15   0.68545
FLUX  145   113.50        2.641344E+15   5.8989E-15   7.6484E-15   0.77126
FLUX  146   114.50        2.618275E+15   7.8482E-15   9.6738E-15   0.81128
FLUX  147   115.50        2.595606E+15   8.7321E-15   1.1703E-14   0.74616
FLUX  148   116.50        2.573326E+15   1.1946E-14   1.3415E-14   0.89048
FLUX  149   117.50        2.551426E+15   1.3407E-14   1.4340E-14   0.93498
FLUX  150   118.50        2.529895E+15   1.6813E-14   3.0053E-14   0.55944
FLUX  151   119.50        2.508724E+15   6.6199E-15   3.7215E-14   0.17788
FLUX  152   120.50        2.487905E+15   5.6082E-15   4.5737E-14   0.12262
FLUX  153   121.50        2.467428E+15   3.4097E-15   5.5859E-14   0.06104
FLUX  154   122.50        2.447286E+15   7.8463E-15   6.9203E-14   0.11338
FLUX  155   123.50        2.427470E+15   1.8674E-14   8.3656E-14   0.22322
FLUX  156   124.50        2.407972E+15   4.3270E-14   5.6607E-14   0.76439
FLUX  157   125.50        2.388785E+15   9.7445E-14   1.1553E-13   0.84347
FLUX  158   126.50        2.369901E+15   1.2413E-13   2.0405E-13   0.60834
FLUX  159   127.50        2.351314E+15   2.1936E-13   3.0688E-13   0.71479
FLUX  160   128.50        2.333016E+15   3.6290E-13   4.5404E-13   0.79925
FLUX  161   129.50        2.315000E+15   5.2065E-13   6.2113E-13   0.83824
FLUX  162   130.50        2.297261E+15   4.9980E-13   8.3542E-13   0.59827
FLUX  163   131.50        2.279791E+15   8.6386E-13   1.0816E-12   0.79867
FLUX  164   132.50        2.262585E+15   1.1349E-12   1.3766E-12   0.82442
FLUX  165   133.50        2.245637E+15   1.4268E-12   1.7148E-12   0.83207
FLUX  166   134.50        2.228941E+15   1.8636E-12   2.1065E-12   0.88469
FLUX  167   135.50        2.212491E+15   2.1230E-12   2.5575E-12   0.83011
FLUX  168   136.50        2.196282E+15   2.5829E-12   3.0851E-12   0.83722
FLUX  169   137.50        2.180309E+15   2.9836E-12   3.6852E-12   0.80961
FLUX  170   138.50        2.164567E+15   3.4877E-12   4.3704E-12   0.79802
FLUX  171   139.50        2.149050E+15   4.2538E-12   5.1428E-12   0.82714
FLUX  172   140.50        2.133754E+15   5.0618E-12   6.0209E-12   0.84072
FLUX  173   141.50        2.118675E+15   5.6328E-12   7.0026E-12   0.80438
FLUX  174   142.50        2.103807E+15   6.4860E-12   8.1191E-12   0.79886
FLUX  175   143.50        2.089146E+15   7.1142E-12   9.3552E-12   0.76045
FLUX  176   144.20        2.079005E+15   8.7247E-12   1.0313E-11   0.84596
FLUX  177   144.70        2.071821E+15   9.0551E-12   1.1328E-11   0.79938
FLUX  178   145.50        2.060430E+15   1.0528E-11   1.2608E-11   0.83507
FLUX  179   146.50        2.046365E+15   1.1488E-11   1.4380E-11   0.79889
FLUX  180   147.50        2.032492E+15   1.3060E-11   1.6346E-11   0.79901
FLUX  181   148.50        2.018805E+15   1.5151E-11   1.8522E-11   0.81797
FLUX  182   149.50        2.005301E+15   1.8487E-11   2.0938E-11   0.88292
FLUX  183   150.50        1.991977E+15   2.1437E-11   2.3594E-11   0.90858
FLUX  184   151.20        1.982755E+15   2.1505E-11   2.5619E-11   0.83940
FLUX  185   151.70        1.976220E+15   2.4317E-11   3.2808E-11   0.74120
FLUX  186   152.50        1.965852E+15   2.8549E-11   6.4037E-11   0.44582
FLUX  187   153.50        1.953046E+15   5.2908E-11   1.2096E-10   0.43740
FLUX  188   154.50        1.940405E+15   7.5127E-11   1.3792E-10   0.54470
FLUX  189   155.50        1.927926E+15   8.4338E-11   1.5652E-10   0.53885
FLUX  190   156.50        1.915607E+15   8.0368E-11   1.7730E-10   0.45329
FLUX  191   157.50        1.903444E+15   1.2112E-10   2.0768E-10   0.58321
FLUX  192   158.50        1.891435E+15   1.4248E-10   2.3394E-10   0.60905
FLUX  193   159.50        1.879577E+15   1.8030E-10   2.6303E-10   0.68547
FLUX  194   160.50        1.867866E+15   1.8275E-10   2.9476E-10   0.62001
FLUX  195   161.50        1.856300E+15   1.9232E-10   3.2940E-10   0.58384
FLUX  196   162.50        1.844877E+15   1.9859E-10   3.7181E-10   0.53412
FLUX  197   163.50        1.833593E+15   2.4962E-10   4.1382E-10   0.60321
FLUX  198   164.50        1.822447E+15   3.1001E-10   4.5959E-10   0.67453
FLUX  199   165.50        1.811435E+15   1.9285E-10   5.0955E-10   0.37848
FLUX  200   166.50        1.800556E+15   3.4596E-10   5.6338E-10   0.61408
FLUX  201   167.20        1.793017E+15   2.1430E-10   6.0373E-10   0.35497
FLUX  202   167.70        1.787671E+15   4.0879E-10   1.0229E-09   0.39963
FLUX  203   168.50        1.779184E+15   6.2193E-10   9.5824E-09   0.06490
FLUX  204   169.50        1.768687E+15   9.1626E-10   1.0670E-08   0.08587
FLUX  205   170.50        1.758314E+15   1.1647E-09   1.1851E-08   0.09828
FLUX  206   171.50        1.748061E+15   2.4738E-09   1.9098E-08   0.12953
FLUX  207   172.50        1.737928E+15   3.6565E-09   2.0753E-08   0.17620
FLUX  208   173.50        1.727911E+15   5.2357E-09   2.2279E-08   0.23500
FLUX  209   174.50        1.718009E+15   4.3233E-09   2.4050E-08   0.17976
FLUX  210   175.50        1.708219E+15   7.0842E-09   2.5753E-08   0.27508
FLUX  211   176.50        1.698541E+15   5.7115E-09   2.7431E-08   0.20821
FLUX  212   177.50        1.688972E+15   7.9687E-09   2.9340E-08   0.27160
FLUX  213   178.50        1.679510E+15   7.1928E-09   3.1289E-08   0.22988
FLUX  214   179.50        1.670153E+15   1.3658E-08   3.3166E-08   0.41181
FLUX  215   180.50        1.660900E+15   8.0044E-09   3.5120E-08   0.22792
FLUX  216   181.50        1.651749E+15   1.0922E-08   3.7116E-08   0.29426
FLUX  217   182.50        1.642699E+15   9.2143E-09   3.9159E-08   0.23531
FLUX  218   183.50        1.633747E+15   1.1501E-08   4.1172E-08   0.27933
FLUX  219   184.50        1.624892E+15   1.0769E-08   4.3250E-08   0.24901
FLUX  220   185.50        1.616132E+15   1.4790E-08   4.5452E-08   0.32540
FLUX  221   186.50        1.607466E+15   1.9635E-08   4.7594E-08   0.41255
FLUX  222   187.50        1.598893E+15   1.8451E-08   5.2095E-08   0.35417
FLUX  223   188.50        1.590411E+15   2.1094E-08   5.4321E-08   0.38832
FLUX  224   189.50        1.582018E+15   2.5519E-08   5.6564E-08   0.45116
FLUX  225   190.50        1.573714E+15   2.3570E-08   5.8773E-08   0.40103
FLUX  226   191.50        1.565496E+15   2.4862E-08   6.0972E-08   0.40777
FLUX  227   192.50        1.557364E+15   2.0356E-08   6.3186E-08   0.32216
FLUX  228   193.50        1.549315E+15   1.0240E-08   6.5418E-08   0.15653
FLUX  229   194.50        1.541350E+15   3.1993E-08   6.7629E-08   0.47307
FLUX  230   195.50        1.533465E+15   3.6066E-08   6.9834E-08   0.51646
FLUX  231   196.70        1.524110E+15   4.3877E-08   7.2522E-08   0.60501
FLUX  232   197.60        1.517169E+15   4.2048E-08   8.0826E-08   0.52024
FLUX  233   198.40        1.511051E+15   4.1876E-08   8.2893E-08   0.50518
FLUX  234   199.50        1.502719E+15   4.5349E-08   8.9248E-08   0.50813
FLUX  235   200.50        1.495224E+15   4.4648E-08   9.2043E-08   0.48508
FLUX  236   201.50        1.487804E+15   4.2105E-08   9.4930E-08   0.44354
FLUX  237   202.50        1.480457E+15   3.7660E-08   9.7852E-08   0.38487
FLUX  238   203.50        1.473182E+15   5.3364E-08   1.0070E-07   0.52991
FLUX  239   204.50        1.465978E+15   6.1647E-08   1.0363E-07   0.59486
FLUX  240   205.50        1.458844E+15   5.2733E-08   1.0657E-07   0.49482
FLUX  241   206.50        1.451780E+15   4.9176E-08   1.0952E-07   0.44903
FLUX  242   207.40        1.445480E+15   6.8808E-08   1.1215E-07   0.61356
FLUX  243   207.80        1.442697E+15   9.8556E-08   2.1007E-07   0.46917
FLUX  244   208.50        1.437854E+15   9.7158E-08   2.1495E-07   0.45200
FLUX  245   209.50        1.430990E+15   1.0065E-07   2.2201E-07   0.45335
FLUX  246   210.50        1.424192E+15   1.0234E-07   2.2914E-07   0.44661
FLUX  247   211.50        1.417459E+15   1.1365E-07   2.3635E-07   0.48088
FLUX  248   212.50        1.410788E+15   1.0390E-07   2.4357E-07   0.42658
FLUX  249   213.50        1.404180E+15   8.5111E-08   2.5085E-07   0.33929
FLUX  250   214.50        1.397634E+15   1.1456E-07   2.5823E-07   0.44364
FLUX  251   215.50        1.391148E+15   1.2442E-07   2.6573E-07   0.46821
FLUX  252   216.50        1.384723E+15   1.0609E-07   2.7340E-07   0.38806
FLUX  253   217.50        1.378356E+15   1.1574E-07   2.8111E-07   0.41172
FLUX  254   218.50        1.372048E+15   1.3022E-07   2.8892E-07   0.45070
FLUX  255   219.50        1.365797E+15   1.5193E-07   2.9689E-07   0.51172
FLUX  256   220.50        1.359603E+15   1.4179E-07   3.0504E-07   0.46483
FLUX  257   221.50        1.353465E+15   1.0607E-07   3.1338E-07   0.33848
FLUX  258   222.50        1.347382E+15   1.1004E-07   3.2282E-07   0.34087
FLUX  259   223.50        1.341353E+15   1.6164E-07   3.3132E-07   0.48785
FLUX  260   224.50        1.335379E+15   1.4914E-07   3.3999E-07   0.43867
FLUX  261   225.50        1.329457E+15   1.0566E-07   3.5534E-07   0.29735
FLUX  262   226.50        1.323587E+15   1.0364E-07   3.6410E-07   0.28464
FLUX  263   227.50        1.317769E+15   1.4554E-07   3.7299E-07   0.39019
FLUX  264   228.50        1.312002E+15   1.5985E-07   3.8185E-07   0.41861
FLUX  265   229.50        1.306285E+15   1.4783E-07   3.9077E-07   0.37831
FLUX  266   230.50        1.300618E+15   1.7017E-07   3.9981E-07   0.42562
FLUX  267   231.50        1.295000E+15   1.5136E-07   4.0898E-07   0.37010
FLUX  268   232.50        1.289430E+15   1.4130E-07   4.1827E-07   0.33782
FLUX  269   233.50        1.283908E+15   7.0390E-08   4.2920E-07   0.16400
FLUX  270   234.50        1.278433E+15   4.5256E-08   4.3853E-07   0.10320
FLUX  271   235.50        1.273004E+15   1.0678E-07   4.4795E-07   0.23838
FLUX  272   236.50        1.267622E+15   4.6321E-08   4.5749E-07   0.10125
FLUX  273   237.50        1.262284E+15   7.3833E-08   4.6716E-07   0.15805
FLUX  274   238.50        1.256992E+15   3.2809E-08   4.7698E-07   0.06878
FLUX  275   239.50        1.251743E+15   4.8073E-08   4.8689E-07   0.09873
FLUX  276   240.50        1.246538E+15   4.6195E-08   4.9681E-07   0.09298
FLUX  277   241.50        1.241377E+15   8.4054E-08   5.0679E-07   0.16586
FLUX  278   242.50        1.236258E+15   1.8458E-07   5.1690E-07   0.35709
FLUX  279   243.50        1.231181E+15   1.8954E-07   5.2714E-07   0.35957
FLUX  280   244.50        1.226145E+15   2.2056E-07   5.3990E-07   0.40852
FLUX  281   245.50        1.221151E+15   2.2752E-07   5.5027E-07   0.41346
FLUX  282   246.50        1.216197E+15   2.1090E-07   5.6072E-07   0.37612
FLUX  283   247.50        1.211283E+15   1.9075E-07   5.7114E-07   0.33398
FLUX  284   248.50        1.206408E+15   1.7346E-07   5.8167E-07   0.29820
FLUX  285   249.50        1.201573E+15   1.8030E-07   5.9231E-07   0.30440
FLUX  286   250.50        1.196776E+15   2.7218E-07   6.0498E-07   0.44990
FLUX  287   251.30        1.192967E+15   1.7753E-07   6.1358E-07   0.28933
FLUX  288   251.80        1.190598E+15   1.8291E-07   7.1010E-07   0.25759
FLUX  289   252.50        1.187297E+15   1.3692E-07   7.1908E-07   0.19041
FLUX  290   253.50        1.182613E+15   1.5280E-07   7.3201E-07   0.20874
FLUX  291   254.50        1.177967E+15   1.7927E-07   7.4494E-07   0.24065
FLUX  292   255.50        1.173356E+15   2.4242E-07   7.5800E-07   0.31982
FLUX  293   256.50        1.168782E+15   1.7943E-07   7.7117E-07   0.23267
FLUX  294   257.50        1.164243E+15   2.1943E-07   7.8446E-07   0.27973
FLUX  295   258.50        1.159739E+15   1.7443E-07   7.9786E-07   0.21862
FLUX  296   259.50        1.155270E+15   1.4458E-07   8.1138E-07   0.17819
FLUX  297   260.50        1.150835E+15   1.1065E-07   8.2500E-07   0.13412
FLUX  298   261.50        1.146434E+15   1.0416E-07   8.3859E-07   0.12421
FLUX  299   262.50        1.142067E+15   1.5418E-07   8.5230E-07   0.18090
FLUX  300   263.50        1.137732E+15   2.7715E-07   8.6693E-07   0.31969
FLUX  301   264.50        1.133431E+15   4.7023E-07   8.8083E-07   0.53385
FLUX  302   265.50        1.129162E+15   5.2936E-07   8.9485E-07   0.59156
FLUX  303   266.50        1.124925E+15   3.8675E-07   9.0898E-07   0.42548
FLUX  304   267.50        1.120720E+15   4.4770E-07   9.2323E-07   0.48493
FLUX  305   268.50        1.116546E+15   4.6431E-07   9.3750E-07   0.49527
FLUX  306   269.50        1.112403E+15   4.0408E-07   9.5180E-07   0.42454
FLUX  307   270.50        1.108290E+15   4.6712E-07   9.6712E-07   0.48300
FLUX  308   271.50        1.104208E+15   3.5834E-07   9.8161E-07   0.36505
FLUX  309   272.50        1.100156E+15   3.5854E-07   9.9619E-07   0.35991
FLUX  310   273.50        1.096133E+15   3.8372E-07   1.0109E-06   0.37959
FLUX  311   274.50        1.092140E+15   1.6917E-07   1.0257E-06   0.16494
FLUX  312   275.50        1.088176E+15   2.3905E-07   1.0406E-06   0.22973
FLUX  313   276.50        1.084241E+15   3.1789E-07   1.0555E-06   0.30117
FLUX  314   277.50        1.080333E+15   3.8695E-07   1.0704E-06   0.36149
FLUX  315   278.50        1.076454E+15   2.3302E-07   1.0855E-06   0.21467
FLUX  316   279.50        1.072603E+15   7.2146E-08   1.1006E-06   0.06555
FLUX  317   280.50        1.068779E+15   9.4456E-08   1.1158E-06   0.08465
FLUX  318   281.50        1.064982E+15   3.4231E-07   1.1311E-06   0.30262
FLUX  319   282.50        1.061212E+15   5.5254E-07   1.1465E-06   0.48193
FLUX  320   283.50        1.057469E+15   5.5930E-07   1.1620E-06   0.48133
FLUX  321   284.50        1.053752E+15   5.5838E-07   1.1776E-06   0.47417
FLUX  322   285.50        1.050061E+15   4.3532E-07   1.1932E-06   0.36485
FLUX  323   286.50        1.046396E+15   6.2210E-07   1.2088E-06   0.51465
FLUX  324   287.50        1.042757E+15   6.4307E-07   1.2245E-06   0.52517
FLUX  325   288.50        1.039142E+15   6.5076E-07   1.2403E-06   0.52468
FLUX  326   289.50        1.035553E+15   6.3842E-07   1.2562E-06   0.50823
FLUX  327   291.00        1.030215E+15   8.2263E-07   1.2807E-06   0.64232
FLUX  328   293.00        1.023183E+15   7.7735E-07   1.3129E-06   0.59207
FLUX  329   295.00        1.016246E+15   7.6876E-07   1.3454E-06   0.57138
FLUX  330   297.00        1.009402E+15   8.8369E-07   1.3780E-06   0.64127
FLUX  331   299.00        1.002651E+15   8.9654E-07   1.4109E-06   0.63545
FLUX  332   301.00        9.959884E+14   9.7979E-07   1.4440E-06   0.67851
FLUX  333   303.00        9.894142E+14   9.8722E-07   1.4775E-06   0.66818
FLUX  334   305.00        9.829262E+14   1.0310E-06   1.5110E-06   0.68232
FLUX  335   307.00        9.765228E+14   1.0365E-06   1.5447E-06   0.67097
FLUX  336   309.00        9.702023E+14   1.1349E-06   1.5792E-06   0.71864
FLUX  337   311.00        9.639630E+14   1.1113E-06   1.6133E-06   0.68884
FLUX  338   313.00        9.578035E+14   1.1157E-06   1.6479E-06   0.67704
FLUX  339   315.00        9.517222E+14   1.1914E-06   1.6824E-06   0.70817
FLUX  340   317.00        9.457177E+14   1.2107E-06   1.7171E-06   0.70510
FLUX  341   319.00        9.397884E+14   1.1143E-06   1.7519E-06   0.63604
FLUX  342   321.00        9.339330E+14   1.2366E-06   1.7870E-06   0.69199
FLUX  343   323.00        9.281502E+14   1.1071E-06   1.8224E-06   0.60746
FLUX  344   325.00        9.224385E+14   1.2917E-06   1.8579E-06   0.69528
FLUX  345   327.00        9.167966E+14   1.4105E-06   1.8933E-06   0.74497
FLUX  346   329.00        9.112234E+14   1.4246E-06   1.9289E-06   0.73852
FLUX  347   331.00        9.057175E+14   1.5032E-06   1.9647E-06   0.76515
FLUX  348   333.00        9.002778E+14   1.4816E-06   2.0005E-06   0.74059
FLUX  349   335.00        8.949030E+14   1.4812E-06   2.0365E-06   0.72732
FLUX  350   337.00        8.895920E+14   1.4416E-06   2.0726E-06   0.69556
FLUX  351   339.00        8.843437E+14   1.5393E-06   2.1089E-06   0.72994
FLUX  352   341.00        8.791569E+14   1.6016E-06   2.1451E-06   0.74662
FLUX  353   343.00        8.740306E+14   1.6796E-06   2.1814E-06   0.76994
FLUX  354   345.00        8.689638E+14   1.7077E-06   2.2179E-06   0.76999
FLUX  355   347.00        8.639553E+14   1.6954E-06   2.2544E-06   0.75202
FLUX  356   349.00        8.590043E+14   1.7215E-06   2.2911E-06   0.75141
FLUX  357   351.00        8.541097E+14   1.8257E-06   2.3277E-06   0.78433
FLUX  358   353.00        8.492705E+14   1.8159E-06   2.3644E-06   0.76803
FLUX  359   355.00        8.444859E+14   2.0026E-06   2.4011E-06   0.83403
FLUX  360   357.00        8.397549E+14   1.8384E-06   2.4380E-06   0.75405
FLUX  361   359.00        8.350766E+14   1.8736E-06   2.4749E-06   0.75703
FLUX  362   361.00        8.304501E+14   1.9313E-06   2.5119E-06   0.76884
FLUX  363   363.00        8.258747E+14   2.0029E-06   2.5489E-06   0.78582
FLUX  364   364.00        8.236058E+14   1.9817E-06   2.5675E-06   0.77183
FLUX  365   365.00        8.213493E+14   2.1431E-06   7.9750E-06   0.26872
FLUX  366   367.00        8.168733E+14   2.1346E-06   8.0271E-06   0.26592
FLUX  367   369.00        8.124458E+14   2.3061E-06   8.0784E-06   0.28547
FLUX  368   371.00        8.080660E+14   2.8970E-06   8.1291E-06   0.35637
FLUX  369   373.00        8.037332E+14   3.3791E-06   8.1791E-06   0.41314
FLUX  370   375.00        7.994467E+14   4.2009E-06   8.2283E-06   0.51055
FLUX  371   377.00        7.952056E+14   4.5030E-06   8.2861E-06   0.54345
FLUX  372   379.00        7.910092E+14   5.1189E-06   8.3333E-06   0.61427
FLUX  373   381.00        7.868570E+14   5.7395E-06   8.3797E-06   0.68493
FLUX  374   383.00        7.827480E+14   4.8491E-06   8.4255E-06   0.57553
FLUX  375   385.00        7.786818E+14   5.9368E-06   8.4717E-06   0.70078
FLUX  376   387.00        7.746576E+14   6.3869E-06   8.5165E-06   0.74994
FLUX  377   389.00        7.706748E+14   5.0968E-06   8.5610E-06   0.59536
FLUX  378   391.00        7.667327E+14   6.0246E-06   8.6051E-06   0.70012
FLUX  379   393.00        7.628308E+14   3.2811E-06   8.6487E-06   0.37937
FLUX  380   395.00        7.589684E+14   5.4594E-06   8.6919E-06   0.62811
FLUX  381   397.00        7.551448E+14   3.4708E-06   8.7347E-06   0.39736
FLUX  382   399.00        7.513596E+14   6.5822E-06   8.7767E-06   0.74996
FLUX  383   401.00        7.476122E+14   7.0939E-06   8.8193E-06   0.80436
FLUX  384   403.00        7.439020E+14   7.1120E-06   8.8607E-06   0.80265
FLUX  385   405.00        7.402284E+14   7.1005E-06   8.9016E-06   0.79767
FLUX  386   407.00        7.365909E+14   7.0572E-06   8.9420E-06   0.78922
FLUX  387   409.00        7.329890E+14   7.2161E-06   8.9819E-06   0.80341
FLUX  388   411.00        7.294221E+14   6.3816E-06   9.0211E-06   0.70740
FLUX  389   413.00        7.258898E+14   7.4374E-06   9.0599E-06   0.82092
FLUX  390   415.00        7.223916E+14   7.7872E-06   9.0981E-06   0.85591
FLUX  391   417.00        7.189269E+14   7.6486E-06   9.1358E-06   0.83721
FLUX  392   419.00        7.154952E+14   7.7441E-06   9.1730E-06   0.84423
FLUX  393   421.00        7.120962E+14   7.7565E-06   9.2097E-06   0.84221
FLUX  394   423.00        7.087293E+14   7.6641E-06   9.2459E-06   0.82891
FLUX  395   425.00        7.053941E+14   7.9132E-06   9.2817E-06   0.85255
FLUX  396   427.00        7.020902E+14   7.8612E-06   9.3170E-06   0.84375
FLUX  397   429.00        6.988170E+14   7.7719E-06   9.3519E-06   0.83105
FLUX  398   431.00        6.955742E+14   7.3406E-06   9.3863E-06   0.78205
FLUX  399   433.00        6.923614E+14   7.5711E-06   9.4193E-06   0.80378
FLUX  400   435.00        6.891782E+14   6.9504E-06   9.4519E-06   0.73535
FLUX  401   437.00        6.860240E+14   8.4004E-06   9.4838E-06   0.88576
FLUX  402   439.00        6.828986E+14   8.2203E-06   9.5154E-06   0.86389
FLUX  403   441.00        6.798016E+14   8.1608E-06   9.5466E-06   0.85483
FLUX  404   443.00        6.767325E+14   8.2609E-06   9.5775E-06   0.86253
FLUX  405   445.00        6.736910E+14   8.3509E-06   9.6080E-06   0.86916
FLUX  406   447.00        6.706767E+14   8.4934E-06   9.6382E-06   0.88122
FLUX  407   449.00        6.676893E+14   8.6032E-06   9.6681E-06   0.88985
FLUX  408   451.00        6.647284E+14   9.0534E-06   9.6977E-06   0.93356
FLUX  409   453.00        6.617936E+14   8.5665E-06   9.7270E-06   0.88069
FLUX  410   455.00        6.588846E+14   8.6343E-06   9.7557E-06   0.88505
FLUX  411   457.00        6.560011E+14   9.1227E-06   9.7840E-06   0.93241
FLUX  412   459.00        6.531427E+14   8.7954E-06   9.8117E-06   0.89642
FLUX  413   461.00        6.503091E+14   9.1714E-06   9.8392E-06   0.93213
FLUX  414   463.00        6.475000E+14   9.0457E-06   9.8664E-06   0.91683
FLUX  415   465.00        6.447151E+14   9.2121E-06   9.8932E-06   0.93116
FLUX  416   467.00        6.419540E+14   9.3592E-06   9.9197E-06   0.94350
FLUX  417   469.00        6.392164E+14   9.2392E-06   9.9458E-06   0.92895
FLUX  418   471.00        6.365021E+14   9.0184E-06   9.9717E-06   0.90440
FLUX  419   473.00        6.338108E+14   9.4454E-06   9.9972E-06   0.94480
FLUX  420   475.00        6.311421E+14   9.5915E-06   1.0022E-05   0.95700
FLUX  421   477.00        6.284958E+14   9.5270E-06   1.0047E-05   0.94820
FLUX  422   479.00        6.258716E+14   9.5694E-06   1.0072E-05   0.95007
FLUX  423   481.00        6.232692E+14   9.6016E-06   1.0096E-05   0.95101
FLUX  424   483.00        6.206884E+14   9.6018E-06   1.0120E-05   0.94882
FLUX  425   485.00        6.181289E+14   8.8867E-06   1.0143E-05   0.87615
FLUX  426   487.00        6.155903E+14   7.6795E-06   1.0166E-05   0.75542
FLUX  427   489.00        6.130726E+14   9.4899E-06   1.0189E-05   0.93142
FLUX  428   491.00        6.105754E+14   9.5918E-06   1.0211E-05   0.93935
FLUX  429   493.00        6.080984E+14   9.4471E-06   1.0233E-05   0.92319
FLUX  430   495.00        6.056414E+14   9.7671E-06   1.0255E-05   0.95244
FLUX  431   497.00        6.032042E+14   9.9224E-06   1.0276E-05   0.96556
FLUX  432   499.00        6.007866E+14   9.4764E-06   1.0297E-05   0.92026
FLUX  433   501.00        5.983882E+14   9.2220E-06   1.0318E-05   0.89375
FLUX  434   503.00        5.960089E+14   9.7043E-06   1.0339E-05   0.93861
FLUX  435   505.00        5.936485E+14   9.7015E-06   1.0359E-05   0.93650
FLUX  436   507.00        5.913067E+14   9.9592E-06   1.0379E-05   0.95952
FLUX  437   509.00        5.889833E+14   9.8287E-06   1.0399E-05   0.94515
FLUX  438   511.00        5.866781E+14   9.9116E-06   1.0418E-05   0.95135
FLUX  439   513.00        5.843908E+14   9.7184E-06   1.0438E-05   0.93110
FLUX  440   515.00        5.821214E+14   9.6471E-06   1.0456E-05   0.92260
FLUX  441   517.00        5.798694E+14   9.5956E-06   1.0475E-05   0.91604
FLUX  442   519.00        5.776349E+14   9.5816E-06   1.0493E-05   0.91310
FLUX  443   521.00        5.754175E+14   9.6710E-06   1.0512E-05   0.92003
FLUX  444   523.00        5.732170E+14   9.8043E-06   1.0529E-05   0.93114
FLUX  445   525.00        5.710333E+14   1.0020E-05   1.0547E-05   0.95004
FLUX  446   527.00        5.688662E+14   9.4370E-06   1.0564E-05   0.89329
FLUX  447   529.00        5.667155E+14   1.0033E-05   1.0581E-05   0.94822
FLUX  448   531.00        5.645810E+14   1.0055E-05   1.0598E-05   0.94881
FLUX  449   533.00        5.624625E+14   9.7597E-06   1.0614E-05   0.91948
FLUX  450   535.00        5.603598E+14   1.0184E-05   1.0630E-05   0.95804
FLUX  451   537.00        5.582728E+14   1.0185E-05   1.0646E-05   0.95676
FLUX  452   539.00        5.562013E+14   1.0138E-05   1.0661E-05   0.95094
FLUX  453   541.00        5.541451E+14   1.0029E-05   1.0676E-05   0.93938
FLUX  454   543.00        5.521041E+14   1.0145E-05   1.0691E-05   0.94891
FLUX  455   545.00        5.500780E+14   1.0364E-05   1.0705E-05   0.96814
FLUX  456   547.00        5.480667E+14   1.0303E-05   1.0720E-05   0.96109
FLUX  457   549.00        5.460701E+14   1.0336E-05   1.0734E-05   0.96290
FLUX  458   551.00        5.440880E+14   1.0342E-05   1.0748E-05   0.96226
FLUX  459   553.00        5.421203E+14   1.0404E-05   1.0762E-05   0.96678
FLUX  460   555.00        5.401667E+14   1.0542E-05   1.0775E-05   0.97831
FLUX  461   557.00        5.382271E+14   1.0436E-05   1.0789E-05   0.96733
FLUX  462   559.00        5.363014E+14   1.0396E-05   1.0802E-05   0.96239
FLUX  463   561.00        5.343895E+14   1.0498E-05   1.0815E-05   0.97065
FLUX  464   563.00        5.324911E+14   1.0606E-05   1.0830E-05   0.97933
FLUX  465   565.00        5.306062E+14   1.0547E-05   1.0843E-05   0.97275
FLUX  466   567.00        5.287346E+14   1.0452E-05   1.0855E-05   0.96282
FLUX  467   569.00        5.268761E+14   1.0615E-05   1.0868E-05   0.97672
FLUX  468   571.00        5.250306E+14   1.0564E-05   1.0879E-05   0.97101
FLUX  469   573.00        5.231981E+14   1.0825E-05   1.0891E-05   0.99395
FLUX  470   575.00        5.213783E+14   1.0734E-05   1.0902E-05   0.98458
FLUX  471   577.00        5.195711E+14   1.0795E-05   1.0913E-05   0.98917
FLUX  472   579.00        5.177763E+14   1.0738E-05   1.0924E-05   0.98296
FLUX  473   581.00        5.159940E+14   1.0810E-05   1.0935E-05   0.98859
FLUX  474   583.00        5.142238E+14   1.0867E-05   1.0945E-05   0.99289
FLUX  475   585.00        5.124658E+14   1.0791E-05   1.0955E-05   0.98501
FLUX  476   587.00        5.107198E+14   1.0849E-05   1.0965E-05   0.98939
FLUX  477   589.00        5.089856E+14   1.0646E-05   1.0974E-05   0.97006
FLUX  478   591.00        5.072631E+14   1.0860E-05   1.0984E-05   0.98876
FLUX  479   593.00        5.055523E+14   1.0866E-05   1.0993E-05   0.98844
FLUX  480   595.00        5.038529E+14   1.0901E-05   1.1002E-05   0.99079
FLUX  481   597.00        5.021650E+14   1.0928E-05   1.1011E-05   0.99248
FLUX  482   599.00        5.004883E+14   1.0885E-05   1.1020E-05   0.98781
FLUX  483   601.00        4.988228E+14   1.0846E-05   1.1028E-05   0.98347
FLUX  484   603.00        4.971683E+14   1.0883E-05   1.1037E-05   0.98606
FLUX  485   605.00        4.955248E+14   1.0957E-05   1.1045E-05   0.99201
FLUX  486   607.00        4.938921E+14   1.0998E-05   1.1053E-05   0.99506
FLUX  487   609.00        4.922701E+14   1.0930E-05   1.1061E-05   0.98821
FLUX  488   611.00        4.906588E+14   1.0879E-05   1.1069E-05   0.98290
FLUX  489   613.00        4.890579E+14   1.0750E-05   1.1076E-05   0.97061
FLUX  490   615.00        4.874675E+14   1.0736E-05   1.1083E-05   0.96865
FLUX  491   617.00        4.858874E+14   1.0732E-05   1.1090E-05   0.96767
FLUX  492   619.00        4.843174E+14   1.0967E-05   1.1097E-05   0.98826
FLUX  493   621.00        4.827576E+14   1.1012E-05   1.1104E-05   0.99173
FLUX  494   623.00        4.812079E+14   1.0889E-05   1.1111E-05   0.98003
FLUX  495   625.00        4.796680E+14   1.0631E-05   1.1117E-05   0.95625
FLUX  496   627.00        4.781380E+14   1.1018E-05   1.1124E-05   0.99054
FLUX  497   629.00        4.766176E+14   1.1031E-05   1.1130E-05   0.99117
FLUX  498   631.00        4.751070E+14   1.0871E-05   1.1136E-05   0.97622
FLUX  499   633.00        4.736058E+14   1.0962E-05   1.1141E-05   0.98391
FLUX  500   635.00        4.721142E+14   1.0990E-05   1.1147E-05   0.98590
FLUX  501   637.00        4.706319E+14   1.0985E-05   1.1152E-05   0.98500
FLUX  502   639.00        4.691588E+14   1.1026E-05   1.1157E-05   0.98825
FLUX  503   641.00        4.676950E+14   1.0911E-05   1.1162E-05   0.97747
FLUX  504   643.00        4.662403E+14   1.0988E-05   1.1167E-05   0.98393
FLUX  505   645.00        4.647946E+14   1.0934E-05   1.1172E-05   0.97867
FLUX  506   647.00        4.633578E+14   1.1014E-05   1.1176E-05   0.98544
FLUX  507   649.00        4.619299E+14   1.0855E-05   1.1181E-05   0.97090
FLUX  508   651.00        4.605108E+14   1.1009E-05   1.1185E-05   0.98432
FLUX  509   653.00        4.591003E+14   1.1051E-05   1.1189E-05   0.98768
FLUX  510   655.00        4.576985E+14   1.0587E-05   1.1195E-05   0.94570
FLUX  511   657.00        4.563052E+14   9.0034E-06   1.1199E-05   0.80395
FLUX  512   659.00        4.549203E+14   1.0932E-05   1.1202E-05   0.97588
FLUX  513   661.00        4.535439E+14   1.1058E-05   1.1206E-05   0.98677
FLUX  514   663.00        4.521757E+14   1.1142E-05   1.1209E-05   0.99406
FLUX  515   665.00        4.508158E+14   1.1133E-05   1.1212E-05   0.99290
FLUX  516   667.00        4.494640E+14   1.1091E-05   1.1215E-05   0.98896
FLUX  517   669.00        4.481203E+14   1.1170E-05   1.1218E-05   0.99571
FLUX  518   671.00        4.467846E+14   1.1130E-05   1.1220E-05   0.99190
FLUX  519   673.00        4.454569E+14   1.1174E-05   1.1223E-05   0.99568
FLUX  520   675.00        4.441370E+14   1.1102E-05   1.1225E-05   0.98899
FLUX  521   677.00        4.428250E+14   1.1173E-05   1.1227E-05   0.99516
FLUX  522   679.00        4.415206E+14   1.1153E-05   1.1230E-05   0.99322
FLUX  523   681.00        4.402239E+14   1.1168E-05   1.1231E-05   0.99436
FLUX  524   683.00        4.389348E+14   1.1155E-05   1.1233E-05   0.99307
FLUX  525   685.00        4.376533E+14   1.1129E-05   1.1235E-05   0.99053
FLUX  526   687.00        4.363792E+14   1.1179E-05   1.1236E-05   0.99485
FLUX  527   689.00        4.351125E+14   1.1196E-05   1.1238E-05   0.99631
FLUX  528   691.00        4.338531E+14   1.1187E-05   1.1239E-05   0.99542
FLUX  529   693.00        4.326010E+14   1.1187E-05   1.1240E-05   0.99529
FLUX  530   695.00        4.313561E+14   1.1184E-05   1.1241E-05   0.99495
FLUX  531   697.00        4.301184E+14   1.1195E-05   1.1242E-05   0.99581
FLUX  532   699.00        4.288877E+14   1.1199E-05   1.1242E-05   0.99615
FLUX  533   701.00        4.276641E+14   1.1089E-05   1.1243E-05   0.98631
FLUX  534   703.00        4.264474E+14   1.1162E-05   1.1243E-05   0.99276
FLUX  535   705.00        4.252376E+14   1.1196E-05   1.1244E-05   0.99575
FLUX  536   707.00        4.240347E+14   1.1186E-05   1.1244E-05   0.99491
FLUX  537   709.00        4.228385E+14   1.1190E-05   1.1244E-05   0.99524
FLUX  538   711.00        4.216491E+14   1.1063E-05   1.1244E-05   0.98397
FLUX  539   713.00        4.204663E+14   1.1126E-05   1.1243E-05   0.98954
FLUX  540   715.00        4.192902E+14   1.1135E-05   1.1243E-05   0.99038
FLUX  541   717.00        4.181206E+14   1.1136E-05   1.1242E-05   0.99057
FLUX  542   719.00        4.169576E+14   1.1060E-05   1.1242E-05   0.98384
FLUX  543   721.00        4.158010E+14   1.1099E-05   1.1241E-05   0.98737
FLUX  544   723.00        4.146508E+14   1.1106E-05   1.1240E-05   0.98803
FLUX  545   725.00        4.135069E+14   1.1151E-05   1.1241E-05   0.99201
FLUX  546   727.00        4.123693E+14   1.1173E-05   1.1240E-05   0.99409
FLUX  547   729.00        4.112380E+14   1.1079E-05   1.1238E-05   0.98583
FLUX  548   731.00        4.101129E+14   1.1093E-05   1.1240E-05   0.98688
FLUX  549   733.00        4.089939E+14   1.1116E-05   1.1239E-05   0.98912
FLUX  550   735.00        4.078810E+14   1.1147E-05   1.1237E-05   0.99199
FLUX  551   737.00        4.067741E+14   1.1190E-05   1.1235E-05   0.99595
FLUX  552   739.00        4.056732E+14   1.1100E-05   1.1233E-05   0.98810
FLUX  553   741.00        4.045783E+14   1.1017E-05   1.1232E-05   0.98092
FLUX  554   743.00        4.034892E+14   1.1059E-05   1.1229E-05   0.98485
FLUX  555   745.00        4.024060E+14   1.1085E-05   1.1227E-05   0.98734
FLUX  556   747.00        4.013286E+14   1.1084E-05   1.1225E-05   0.98746
FLUX  557   749.00        4.002570E+14   1.1080E-05   1.1223E-05   0.98732
FLUX  558   751.00        3.991911E+14   1.1104E-05   1.1220E-05   0.98962
FLUX  559   753.00        3.981308E+14   1.1129E-05   1.1218E-05   0.99213
FLUX  560   755.00        3.970762E+14   1.1179E-05   1.1215E-05   0.99678
FLUX  561   757.00        3.960271E+14   1.1133E-05   1.1212E-05   0.99294
FLUX  562   759.00        3.949835E+14   1.1146E-05   1.1209E-05   0.99438
FLUX  563   761.00        3.939455E+14   1.1145E-05   1.1206E-05   0.99454
FLUX  564   763.00        3.929128E+14   1.1156E-05   1.1203E-05   0.99580
FLUX  565   765.00        3.918856E+14   1.1127E-05   1.1200E-05   0.99344
FLUX  566   767.00        3.908638E+14   1.1041E-05   1.1197E-05   0.98607
FLUX  567   769.00        3.898472E+14   1.1122E-05   1.1193E-05   0.99360
FLUX  568   771.00        3.888359E+14   1.1056E-05   1.1190E-05   0.98803
FLUX  569   773.00        3.878299E+14   1.1101E-05   1.1186E-05   0.99235
FLUX  570   775.00        3.868290E+14   1.1077E-05   1.1183E-05   0.99057
FLUX  571   777.00        3.858333E+14   1.0979E-05   1.1179E-05   0.98212
FLUX  572   779.00        3.848427E+14   1.1140E-05   1.1175E-05   0.99688
FLUX  573   781.00        3.838572E+14   1.1134E-05   1.1171E-05   0.99668
FLUX  574   783.00        3.828768E+14   1.1075E-05   1.1167E-05   0.99172
FLUX  575   785.00        3.819013E+14   1.1051E-05   1.1163E-05   0.98992
FLUX  576   787.00        3.809307E+14   1.1098E-05   1.1159E-05   0.99454
FLUX  577   789.00        3.799651E+14   1.1077E-05   1.1155E-05   0.99307
FLUX  578   791.00        3.790044E+14   1.1064E-05   1.1150E-05   0.99229
FLUX  579   793.00        3.780485E+14   1.1001E-05   1.1146E-05   0.98700
FLUX  580   795.00        3.770975E+14   1.1015E-05   1.1141E-05   0.98864
FLUX  581   797.00        3.761512E+14   1.1113E-05   1.1137E-05   0.99782
FLUX  582   799.00        3.752096E+14   1.1083E-05   1.1132E-05   0.99556
FLUX  583   801.00        3.742728E+14   1.1062E-05   1.1127E-05   0.99417
FLUX  584   803.00        3.733406E+14   1.1054E-05   1.1122E-05   0.99390
FLUX  585   805.00        3.724130E+14   1.1048E-05   1.1117E-05   0.99377
FLUX  586   807.00        3.714901E+14   1.1070E-05   1.1112E-05   0.99616
FLUX  587   809.00        3.705717E+14   1.1024E-05   1.1107E-05   0.99254
FLUX  588   811.00        3.696578E+14   1.1080E-05   1.1102E-05   0.99806
FLUX  589   813.00        3.687485E+14   1.1087E-05   1.1097E-05   0.99909
FLUX  590   815.00        3.678436E+14   1.1072E-05   1.1091E-05   0.99825
FLUX  591   817.00        3.669431E+14   1.1067E-05   1.1086E-05   0.99828
FLUX  592   819.00        3.660470E+14   1.0898E-05   1.1080E-05   0.98356
FLUX  593   821.00        3.651553E+14   1.0968E-05   1.1902E-05   0.92152
FLUX  594   823.00        3.642679E+14   1.0946E-05   1.1896E-05   0.92018
FLUX  595   825.00        3.633848E+14   1.0951E-05   1.1889E-05   0.92109
FLUX  596   827.00        3.625060E+14   1.1052E-05   1.1882E-05   0.93014
FLUX  597   829.00        3.616315E+14   1.1034E-05   1.1876E-05   0.92913
FLUX  598   831.00        3.607611E+14   1.0976E-05   1.1869E-05   0.92478
FLUX  599   833.00        3.598950E+14   1.0849E-05   1.1862E-05   0.91465
FLUX  600   835.00        3.590329E+14   1.0985E-05   1.1855E-05   0.92664
FLUX  601   837.00        3.581750E+14   1.0918E-05   1.1848E-05   0.92151
FLUX  602   839.00        3.573212E+14   1.0869E-05   1.1841E-05   0.91794
FLUX  603   841.00        3.564715E+14   1.0911E-05   1.1833E-05   0.92204
FLUX  604   843.00        3.556257E+14   1.0971E-05   1.1826E-05   0.92767
FLUX  605   845.00        3.547840E+14   1.0869E-05   1.1819E-05   0.91967
FLUX  606   847.00        3.539463E+14   1.0735E-05   1.1811E-05   0.90889
FLUX  607   849.00        3.531125E+14   1.1032E-05   1.1804E-05   0.93457
FLUX  608   851.00        3.522826E+14   1.0262E-05   1.1797E-05   0.86987
FLUX  609   853.00        3.514566E+14   1.1097E-05   1.1789E-05   0.94129
FLUX  610   855.00        3.506345E+14   9.2931E-06   1.1782E-05   0.78878
FLUX  611   857.00        3.498162E+14   1.1382E-05   1.1774E-05   0.96668
FLUX  612   859.00        3.490017E+14   1.1065E-05   1.1766E-05   0.94042
FLUX  613   861.00        3.481911E+14   1.0839E-05   1.1759E-05   0.92175
FLUX  614   863.00        3.473841E+14   1.1490E-05   1.1751E-05   0.97776
FLUX  615   865.00        3.465809E+14   1.1340E-05   1.1743E-05   0.96565
FLUX  616   867.00        3.457814E+14   9.4669E-06   1.1735E-05   0.80669
FLUX  617   869.00        3.449856E+14   1.1281E-05   1.1728E-05   0.96190
FLUX  618   871.00        3.441935E+14   1.1569E-05   1.1720E-05   0.98715
FLUX  619   873.00        3.434049E+14   1.1495E-05   1.1712E-05   0.98148
FLUX  620   875.00        3.426200E+14   1.0464E-05   1.1704E-05   0.89406
FLUX  621   877.00        3.418387E+14   1.1439E-05   1.1696E-05   0.97808
FLUX  622   879.00        3.410609E+14   1.1563E-05   1.1688E-05   0.98935
FLUX  623   881.00        3.402866E+14   1.1505E-05   1.1680E-05   0.98502
FLUX  624   883.00        3.395159E+14   1.1433E-05   1.1672E-05   0.97960
FLUX  625   885.00        3.387486E+14   1.1248E-05   1.1663E-05   0.96442
FLUX  626   887.00        3.379848E+14   1.0433E-05   1.1655E-05   0.89517
FLUX  627   889.00        3.372244E+14   1.1468E-05   1.1647E-05   0.98466
FLUX  628   891.00        3.364675E+14   1.1514E-05   1.1639E-05   0.98931
FLUX  629   893.00        3.357139E+14   1.1466E-05   1.1630E-05   0.98585
FLUX  630   895.00        3.349637E+14   1.1532E-05   1.1622E-05   0.99229
FLUX  631   897.00        3.342168E+14   1.1521E-05   1.1614E-05   0.99203
FLUX  632   899.00        3.334733E+14   1.1461E-05   1.1605E-05   0.98760
FLUX  633   901.00        3.327331E+14   1.0461E-05   1.1597E-05   0.90205
FLUX  634   903.00        3.319961E+14   1.1128E-05   1.1588E-05   0.96024
FLUX  635   905.00        3.312624E+14   1.1506E-05   1.1580E-05   0.99363
FLUX  636   907.00        3.305320E+14   1.1302E-05   1.1571E-05   0.97673
FLUX  637   909.00        3.298047E+14   1.1131E-05   1.1563E-05   0.96266
FLUX  638   911.00        3.290807E+14   1.1364E-05   1.1554E-05   0.98353
FLUX  639   913.00        3.283598E+14   1.1488E-05   1.1546E-05   0.99501
FLUX  640   915.00        3.276421E+14   1.1505E-05   1.1537E-05   0.99725
FLUX  641   917.00        3.269275E+14   1.1476E-05   1.1528E-05   0.99548
FLUX  642   919.00        3.262160E+14   1.1452E-05   1.1519E-05   0.99417
FLUX  643   921.00        3.255076E+14   1.1227E-05   1.1511E-05   0.97533
FLUX  644   923.00        3.248023E+14   1.0178E-05   1.1502E-05   0.88491
FLUX  645   925.00        3.241000E+14   1.1071E-05   1.1493E-05   0.96330
FLUX  646   927.00        3.234008E+14   1.1269E-05   1.1484E-05   0.98123
FLUX  647   929.00        3.227045E+14   1.1431E-05   1.1475E-05   0.99616
FLUX  648   931.00        3.220113E+14   1.1440E-05   1.1466E-05   0.99770
FLUX  649   933.00        3.213210E+14   1.1415E-05   1.1458E-05   0.99629
FLUX  650   935.00        3.206337E+14   1.1412E-05   1.1449E-05   0.99675
FLUX  651   937.00        3.199493E+14   1.1408E-05   1.1440E-05   0.99721
FLUX  652   939.00        3.192678E+14   1.1386E-05   1.1431E-05   0.99606
FLUX  653   941.00        3.185893E+14   1.1068E-05   1.1422E-05   0.96901
FLUX  654   943.00        3.179136E+14   1.1289E-05   1.1413E-05   0.98919
FLUX  655   945.00        3.172407E+14   1.1295E-05   1.1404E-05   0.99043
FLUX  656   947.00        3.165707E+14   1.1365E-05   1.1395E-05   0.99738
FLUX  657   949.00        3.159036E+14   1.1371E-05   1.1386E-05   0.99874
FLUX  658   951.00        3.152392E+14   1.1311E-05   1.1377E-05   0.99424
FLUX  659   953.00        3.145776E+14   1.1152E-05   1.1367E-05   0.98106
FLUX  660   955.00        3.139188E+14   1.0159E-05   1.1358E-05   0.89445
FLUX  661   957.00        3.132628E+14   1.1161E-05   1.1349E-05   0.98345
FLUX  662   959.00        3.126095E+14   1.1289E-05   1.1340E-05   0.99551
FLUX  663   961.00        3.119589E+14   1.1212E-05   1.1331E-05   0.98957
FLUX  664   963.00        3.113110E+14   1.1145E-05   1.1321E-05   0.98444
FLUX  665   965.00        3.106658E+14   1.1214E-05   1.1312E-05   0.99130
FLUX  666   967.00        3.100233E+14   1.1116E-05   1.1303E-05   0.98350
FLUX  667   969.00        3.093834E+14   1.1167E-05   1.1293E-05   0.98877
FLUX  668   971.00        3.087461E+14   1.1256E-05   1.1284E-05   0.99750
FLUX  669   973.00        3.081115E+14   1.1243E-05   1.1275E-05   0.99718
FLUX  670   975.00        3.074795E+14   1.1139E-05   1.1265E-05   0.98883
FLUX  671   977.00        3.068501E+14   1.1219E-05   1.1256E-05   0.99677
FLUX  672   979.00        3.062232E+14   1.1201E-05   1.1246E-05   0.99594
FLUX  673   981.00        3.055989E+14   1.1209E-05   1.1237E-05   0.99756
FLUX  674   983.00        3.049771E+14   1.1199E-05   1.1227E-05   0.99749
FLUX  675   985.00        3.043579E+14   1.1143E-05   1.1218E-05   0.99336
FLUX  676   987.00        3.037411E+14   1.1136E-05   1.1208E-05   0.99352
FLUX  677   989.00        3.031269E+14   1.1089E-05   1.1199E-05   0.99018
FLUX  678   991.00        3.025151E+14   1.1104E-05   1.1189E-05   0.99241
FLUX  679   993.00        3.019058E+14   1.1124E-05   1.1180E-05   0.99501
FLUX  680   995.00        3.012990E+14   1.1124E-05   1.1170E-05   0.99590
FLUX  681   997.00        3.006946E+14   1.1132E-05   1.1160E-05   0.99744
FLUX  682   999.00        3.000926E+14   1.1122E-05   1.1151E-05   0.99742
FLUX  683  1002.50        2.990449E+14   1.0887E-05   1.1134E-05   0.97780
FLUX  684  1007.50        2.975608E+14   1.0647E-05   1.1110E-05   0.95832
FLUX  685  1012.50        2.960914E+14   1.0985E-05   1.1086E-05   0.99091
FLUX  686  1017.50        2.946364E+14   1.0985E-05   1.1061E-05   0.99306
FLUX  687  1022.50        2.931956E+14   1.0991E-05   1.1037E-05   0.99586
FLUX  688  1027.50        2.917689E+14   1.0998E-05   1.1013E-05   0.99867
FLUX  689  1032.50        2.903559E+14   1.0892E-05   1.0989E-05   0.99123
FLUX  690  1037.50        2.889566E+14   1.0914E-05   1.0964E-05   0.99542
FLUX  691  1042.50        2.875707E+14   1.0909E-05   1.0940E-05   0.99721
FLUX  692  1047.50        2.861981E+14   1.0764E-05   1.0915E-05   0.98612
FLUX  693  1052.50        2.848385E+14   1.0818E-05   1.0891E-05   0.99333
FLUX  694  1057.50        2.834917E+14   1.0794E-05   1.0866E-05   0.99335
FLUX  695  1062.50        2.821576E+14   1.0753E-05   1.0841E-05   0.99187
FLUX  696  1067.50        2.808361E+14   1.0576E-05   1.0817E-05   0.97777
FLUX  697  1072.50        2.795268E+14   1.0661E-05   1.0792E-05   0.98790
FLUX  698  1077.50        2.782297E+14   1.0649E-05   1.0767E-05   0.98907
FLUX  699  1082.50        2.769446E+14   1.0592E-05   1.0742E-05   0.98600
FLUX  700  1087.50        2.756713E+14   1.0588E-05   1.0718E-05   0.98794
FLUX  701  1092.50        2.744096E+14   1.0046E-05   1.0693E-05   0.93953
FLUX  702  1097.50        2.731595E+14   1.0441E-05   1.0668E-05   0.97870
FLUX  703  1102.50        2.719206E+14   1.0596E-05   1.0643E-05   0.99556
FLUX  704  1107.50        2.706930E+14   1.0600E-05   1.0618E-05   0.99826
FLUX  705  1112.50        2.694764E+14   1.0536E-05   1.0593E-05   0.99456
FLUX  706  1117.50        2.682707E+14   1.0505E-05   1.0569E-05   0.99394
FLUX  707  1122.50        2.670757E+14   1.0518E-05   1.0544E-05   0.99755
FLUX  708  1127.50        2.658914E+14   1.0362E-05   1.0519E-05   0.98512
FLUX  709  1132.50        2.647174E+14   1.0345E-05   1.0494E-05   0.98579
FLUX  710  1137.50        2.635538E+14   1.0388E-05   1.0469E-05   0.99226
FLUX  711  1142.50        2.624004E+14   1.0293E-05   1.0444E-05   0.98551
FLUX  712  1147.50        2.612571E+14   1.0394E-05   1.0419E-05   0.99757
FLUX  713  1152.50        2.601236E+14   1.0376E-05   1.0394E-05   0.99827
FLUX  714  1157.50        2.590000E+14   1.0326E-05   1.0369E-05   0.99583
FLUX  715  1162.50        2.578860E+14   1.0183E-05   1.0344E-05   0.98442
FLUX  716  1167.50        2.567816E+14   1.0128E-05   1.0320E-05   0.98147
FLUX  717  1172.50        2.556866E+14   1.0274E-05   1.0295E-05   0.99803
FLUX  718  1177.50        2.546008E+14   1.0074E-05   1.0270E-05   0.98089
FLUX  719  1182.50        2.535243E+14   1.0122E-05   1.0245E-05   0.98797
FLUX  720  1187.50        2.524568E+14   1.0031E-05   1.0220E-05   0.98151
FLUX  721  1192.50        2.513983E+14   1.0189E-05   1.0195E-05   0.99942
FLUX  722  1197.50        2.503486E+14   1.0016E-05   1.0170E-05   0.98486
FLUX  723  1202.50        2.493077E+14   1.0082E-05   1.0145E-05   0.99380
FLUX  724  1207.50        2.482754E+14   1.0035E-05   1.0121E-05   0.99156
FLUX  725  1212.50        2.472515E+14   1.0027E-05   1.0096E-05   0.99324
FLUX  726  1217.50        2.462361E+14   1.0050E-05   1.0071E-05   0.99797
FLUX  727  1222.50        2.452290E+14   1.0015E-05   1.0046E-05   0.99695
FLUX  728  1227.50        2.442301E+14   9.9670E-06   1.0021E-05   0.99460
FLUX  729  1232.50        2.432394E+14   9.9580E-06   9.9964E-06   0.99616
FLUX  730  1237.50        2.422566E+14   9.9371E-06   9.9716E-06   0.99654
FLUX  731  1242.50        2.412817E+14   9.9281E-06   9.9470E-06   0.99810
FLUX  732  1247.50        2.403146E+14   9.9015E-06   9.9223E-06   0.99791
FLUX  733  1252.50        2.393553E+14   9.8508E-06   9.8977E-06   0.99526
FLUX  734  1257.50        2.384036E+14   9.7897E-06   9.8731E-06   0.99155
FLUX  735  1262.50        2.374594E+14   9.7884E-06   9.8485E-06   0.99389
FLUX  736  1267.50        2.365227E+14   9.7945E-06   9.8239E-06   0.99700
FLUX  737  1272.50        2.355933E+14   9.7871E-06   9.7994E-06   0.99874
FLUX  738  1277.50        2.346712E+14   9.7116E-06   9.7750E-06   0.99352
FLUX  739  1282.50        2.337563E+14   9.0365E-06   9.7507E-06   0.92676
FLUX  740  1287.50        2.328485E+14   9.6692E-06   9.7263E-06   0.99413
FLUX  741  1292.50        2.319478E+14   9.6642E-06   9.7019E-06   0.99611
FLUX  742  1297.50        2.310539E+14   9.6527E-06   9.6776E-06   0.99742
FLUX  743  1302.50        2.301670E+14   9.6302E-06   9.6533E-06   0.99761
FLUX  744  1307.50        2.292868E+14   9.6189E-06   9.6290E-06   0.99895
FLUX  745  1312.50        2.284133E+14   9.5623E-06   9.6047E-06   0.99559
FLUX  746  1317.50        2.275465E+14   9.5179E-06   9.5804E-06   0.99348
FLUX  747  1322.50        2.266862E+14   9.5410E-06   9.5561E-06   0.99842
FLUX  748  1327.50        2.258324E+14   9.4933E-06   9.5318E-06   0.99597
FLUX  749  1332.50        2.249850E+14   9.4855E-06   9.5075E-06   0.99769
FLUX  750  1337.50        2.241439E+14   9.4591E-06   9.4832E-06   0.99746
FLUX  751  1342.50        2.233091E+14   9.4441E-06   9.4589E-06   0.99844
FLUX  752  1347.50        2.224805E+14   9.4198E-06   9.4347E-06   0.99843
FLUX  753  1352.50        2.216580E+14   9.3769E-06   9.4105E-06   0.99644
FLUX  754  1357.50        2.208416E+14   9.3280E-06   9.3863E-06   0.99379
FLUX  755  1362.50        2.200312E+14   9.3388E-06   9.3621E-06   0.99750
FLUX  756  1367.50        2.192267E+14   9.3060E-06   9.3379E-06   0.99658
FLUX  757  1372.50        2.184281E+14   9.1956E-06   9.3137E-06   0.98732
FLUX  758  1377.50        2.176352E+14   9.2301E-06   9.2895E-06   0.99361
FLUX  759  1382.50        2.168481E+14   9.2133E-06   9.2652E-06   0.99439
FLUX  760  1387.50        2.160667E+14   9.2273E-06   9.2409E-06   0.99853
FLUX  761  1392.50        2.152908E+14   9.1717E-06   9.2167E-06   0.99513
FLUX  762  1397.50        2.145206E+14   9.1621E-06   9.1923E-06   0.99671
FLUX  763  1402.50        2.137558E+14   9.1252E-06   9.1680E-06   0.99533
FLUX  764  1407.50        2.129964E+14   9.1272E-06   9.1437E-06   0.99819
FLUX  765  1412.50        2.122425E+14   9.0744E-06   9.1194E-06   0.99507
FLUX  766  1417.50        2.114938E+14   9.0736E-06   9.0950E-06   0.99765
FLUX  767  1422.50        2.107504E+14   9.0115E-06   9.0706E-06   0.99348
FLUX  768  1427.50        2.100123E+14   8.9707E-06   9.0462E-06   0.99166
FLUX  769  1432.50        2.092792E+14   8.9934E-06   9.0217E-06   0.99686
FLUX  770  1437.50        2.085513E+14   8.9876E-06   8.9971E-06   0.99895
FLUX  771  1442.50        2.078284E+14   8.7644E-06   8.9725E-06   0.97681
FLUX  772  1447.50        2.071105E+14   8.9226E-06   8.9478E-06   0.99718
FLUX  773  1452.50        2.063976E+14   8.7980E-06   8.9231E-06   0.98598
FLUX  774  1457.00        2.057601E+14   8.8522E-06   8.9008E-06   0.99455
FLUX  775  1462.00        2.050564E+14   8.8092E-06   9.2417E-06   0.95320
FLUX  776  1467.50        2.042879E+14   8.8203E-06   9.2158E-06   0.95709
FLUX  777  1472.50        2.035942E+14   8.7544E-06   9.1922E-06   0.95238
FLUX  778  1477.50        2.029052E+14   8.7140E-06   9.1684E-06   0.95044
FLUX  779  1482.50        2.022209E+14   8.7113E-06   9.1444E-06   0.95264
FLUX  780  1487.50        2.015412E+14   8.6372E-06   9.1204E-06   0.94703
FLUX  781  1492.50        2.008660E+14   8.7142E-06   9.0962E-06   0.95801
FLUX  782  1497.50        2.001953E+14   8.6594E-06   9.0718E-06   0.95454
FLUX  783  1502.50        1.995291E+14   8.5713E-06   9.0473E-06   0.94739
FLUX  784  1507.50        1.988673E+14   8.5344E-06   9.0227E-06   0.94588
FLUX  785  1512.50        1.982099E+14   8.5699E-06   8.9979E-06   0.95243
FLUX  786  1517.50        1.975568E+14   8.5506E-06   8.9729E-06   0.95294
FLUX  787  1522.50        1.969080E+14   8.5599E-06   8.9477E-06   0.95666
FLUX  788  1527.50        1.962635E+14   8.4411E-06   8.9223E-06   0.94607
FLUX  789  1532.50        1.956232E+14   8.4134E-06   8.8966E-06   0.94568
FLUX  790  1537.50        1.949870E+14   8.5113E-06   8.8708E-06   0.95947
FLUX  791  1542.50        1.943549E+14   8.2507E-06   8.8447E-06   0.93284
FLUX  792  1547.50        1.937270E+14   8.4715E-06   8.8184E-06   0.96067
FLUX  793  1552.50        1.931031E+14   8.4917E-06   8.7918E-06   0.96586
FLUX  794  1557.50        1.924831E+14   8.1262E-06   8.7650E-06   0.92712
FLUX  795  1562.50        1.918672E+14   8.5358E-06   8.7379E-06   0.97687
FLUX  796  1567.50        1.912552E+14   8.3527E-06   8.7104E-06   0.95893
FLUX  797  1572.50        1.906471E+14   8.0445E-06   8.6827E-06   0.92650
FLUX  798  1577.50        1.900428E+14   8.3989E-06   8.6547E-06   0.97045
FLUX  799  1582.50        1.894423E+14   8.4354E-06   8.6263E-06   0.97787
FLUX  800  1587.50        1.888457E+14   7.7544E-06   8.5975E-06   0.90194
FLUX  801  1592.50        1.882527E+14   8.3519E-06   8.5683E-06   0.97475
FLUX  802  1597.50        1.876635E+14   8.4185E-06   8.5387E-06   0.98592
FLUX  803  1605.00        1.867866E+14   8.3172E-06   8.4935E-06   0.97924
FLUX  804  1615.00        1.856300E+14   7.9800E-06   8.4314E-06   0.94647
FLUX  805  1625.00        1.844877E+14   8.3199E-06   8.3667E-06   0.99441
FLUX  806  1635.00        1.833593E+14   8.1382E-06   8.2980E-06   0.98075
FLUX  807  1645.00        1.822447E+14   7.7803E-06   8.2239E-06   0.94605
FLUX  808  1655.00        1.811435E+14   8.1022E-06   8.1466E-06   0.99455
FLUX  809  1665.00        1.800556E+14   8.0377E-06   8.0704E-06   0.99595
FLUX  810  1675.00        1.789806E+14   7.8587E-06   7.9952E-06   0.98293
FLUX  811  1685.00        1.779184E+14   7.5092E-06   7.9210E-06   0.94802
FLUX  812  1695.00        1.768687E+14   7.8289E-06   7.8478E-06   0.99760
FLUX  813  1705.00        1.758314E+14   7.7170E-06   7.7756E-06   0.99247
FLUX  814  1715.00        1.748061E+14   7.6730E-06   7.7044E-06   0.99594
FLUX  815  1725.00        1.737928E+14   7.5561E-06   7.6341E-06   0.98979
FLUX  816  1735.00        1.727911E+14   7.0963E-06   7.5648E-06   0.93807
FLUX  817  1745.00        1.718009E+14   7.3851E-06   7.4964E-06   0.98515
FLUX  818  1755.00        1.708219E+14   7.3724E-06   7.4288E-06   0.99240
FLUX  819  1765.00        1.698541E+14   7.2948E-06   7.3622E-06   0.99085
FLUX  820  1775.00        1.688972E+14   7.2519E-06   7.2964E-06   0.99389
FLUX  821  1785.00        1.679510E+14   7.1852E-06   7.2315E-06   0.99359
FLUX  822  1795.00        1.670153E+14   7.1535E-06   7.1675E-06   0.99804
FLUX  823  1805.00        1.660900E+14   7.0593E-06   7.1043E-06   0.99368
FLUX  824  1815.00        1.651749E+14   6.6788E-06   7.0419E-06   0.94844
FLUX  825  1825.00        1.642699E+14   6.8897E-06   6.9803E-06   0.98702
FLUX  826  1835.00        1.633747E+14   6.8908E-06   6.9194E-06   0.99586
FLUX  827  1845.00        1.624892E+14   6.8227E-06   6.8594E-06   0.99466
FLUX  828  1855.00        1.616132E+14   6.7617E-06   6.8001E-06   0.99436
FLUX  829  1865.00        1.607466E+14   6.6997E-06   6.7416E-06   0.99379
FLUX  830  1875.00        1.598893E+14   6.2750E-06   6.6838E-06   0.93884
FLUX  831  1885.00        1.590411E+14   6.5657E-06   6.6267E-06   0.99079
FLUX  832  1895.00        1.582018E+14   6.4708E-06   6.5704E-06   0.98484
FLUX  833  1905.00        1.573714E+14   6.5005E-06   6.5148E-06   0.99781
FLUX  834  1915.00        1.565496E+14   6.4399E-06   6.4599E-06   0.99691
FLUX  835  1925.00        1.557364E+14   6.3853E-06   6.4056E-06   0.99683
FLUX  836  1935.00        1.549315E+14   6.3123E-06   6.3520E-06   0.99375
FLUX  837  1945.00        1.541350E+14   5.9582E-06   6.2991E-06   0.94588
FLUX  838  1955.00        1.533465E+14   6.2145E-06   6.2467E-06   0.99484
FLUX  839  1965.00        1.525662E+14   6.1749E-06   6.1951E-06   0.99675
FLUX  840  1975.00        1.517937E+14   6.1030E-06   6.1440E-06   0.99333
FLUX  841  1985.00        1.510290E+14   6.0735E-06   6.0936E-06   0.99672
FLUX  842  1995.00        1.502719E+14   6.0243E-06   6.0437E-06   0.99678
FLUX  843  2005.00        1.495224E+14   5.9847E-06   5.9945E-06   0.99837
FLUX  844  2015.00        1.487804E+14   5.9426E-06   5.9459E-06   0.99946
FLUX  845  2025.00        1.480457E+14   5.8823E-06   5.8978E-06   0.99738
FLUX  846  2035.00        1.473182E+14   5.8219E-06   5.8503E-06   0.99514
FLUX  847  2045.00        1.465978E+14   5.8003E-06   5.8034E-06   0.99946
FLUX  848  2055.00        1.458844E+14   5.7507E-06   5.7571E-06   0.99889
FLUX  849  2065.00        1.451780E+14   5.6908E-06   5.7113E-06   0.99641
FLUX  850  2075.00        1.444783E+14   5.6529E-06   5.6660E-06   0.99768
FLUX  851  2085.00        1.437854E+14   5.6118E-06   5.6213E-06   0.99831
FLUX  852  2095.00        1.430990E+14   5.5577E-06   5.5771E-06   0.99652
FLUX  853  2105.00        1.424192E+14   5.5207E-06   5.5335E-06   0.99770
FLUX  854  2115.00        1.417459E+14   5.4665E-06   5.4903E-06   0.99567
FLUX  855  2125.00        1.410788E+14   5.4248E-06   5.4476E-06   0.99581
FLUX  856  2135.00        1.404180E+14   5.3856E-06   5.4054E-06   0.99633
FLUX  857  2145.00        1.397634E+14   5.3587E-06   5.3637E-06   0.99908
FLUX  858  2155.00        1.391148E+14   5.3125E-06   5.3224E-06   0.99815
FLUX  859  2165.00        1.384723E+14   5.0282E-06   5.2816E-06   0.95202
FLUX  860  2175.00        1.378356E+14   5.2133E-06   5.2413E-06   0.99466
FLUX  861  2185.00        1.372048E+14   5.1854E-06   5.2014E-06   0.99692
FLUX  862  2195.00        1.365797E+14   5.1601E-06   5.1620E-06   0.99963
FLUX  863  2205.00        1.359603E+14   5.1016E-06   5.1230E-06   0.99581
FLUX  864  2215.00        1.353465E+14   5.0642E-06   5.0845E-06   0.99601
FLUX  865  2225.00        1.347382E+14   5.0419E-06   5.0464E-06   0.99911
FLUX  866  2235.00        1.341353E+14   5.0041E-06   5.0087E-06   0.99907
FLUX  867  2245.00        1.335379E+14   4.9676E-06   4.9715E-06   0.99922
FLUX  868  2255.00        1.329457E+14   4.9040E-06   4.9346E-06   0.99379
FLUX  869  2265.00        1.323587E+14   4.8847E-06   4.8982E-06   0.99724
FLUX  870  2275.00        1.317769E+14   4.8541E-06   4.8621E-06   0.99835
FLUX  871  2285.00        1.312002E+14   4.8172E-06   4.8941E-06   0.98428
FLUX  872  2295.00        1.306285E+14   4.7792E-06   4.8580E-06   0.98379
FLUX  873  2305.00        1.300618E+14   4.7558E-06   4.8222E-06   0.98623
FLUX  874  2315.00        1.295000E+14   4.7176E-06   4.7868E-06   0.98554
FLUX  875  2325.00        1.289430E+14   4.6883E-06   4.7519E-06   0.98662
FLUX  876  2335.00        1.283908E+14   4.6509E-06   4.7173E-06   0.98593
FLUX  877  2345.00        1.278433E+14   4.6214E-06   4.6830E-06   0.98683
FLUX  878  2355.00        1.273004E+14   4.5873E-06   4.6492E-06   0.98669
FLUX  879  2365.00        1.267622E+14   4.5557E-06   4.6157E-06   0.98700
FLUX  880  2375.00        1.262284E+14   4.5193E-06   4.5825E-06   0.98619
FLUX  881  2385.00        1.256992E+14   4.4853E-06   4.5497E-06   0.98583
FLUX  882  2395.00        1.251743E+14   4.4555E-06   4.5173E-06   0.98633
FLUX  883  2405.00        1.246538E+14   4.4196E-06   4.4852E-06   0.98538
FLUX  884  2415.00        1.241377E+14   4.3845E-06   4.4535E-06   0.98451
FLUX  885  2425.00        1.236258E+14   4.3713E-06   4.4221E-06   0.98853
FLUX  886  2435.00        1.231181E+14   4.3161E-06   4.3910E-06   0.98296
FLUX  887  2445.00        1.226145E+14   4.2856E-06   4.3602E-06   0.98288
FLUX  888  2455.00        1.221151E+14   4.2738E-06   4.3297E-06   0.98709
FLUX  889  2465.00        1.216197E+14   4.2350E-06   4.2996E-06   0.98497
FLUX  890  2475.00        1.211283E+14   4.2041E-06   4.2698E-06   0.98462
FLUX  891  2485.00        1.206408E+14   4.1925E-06   4.2402E-06   0.98873
FLUX  892  2495.00        1.201573E+14   4.0989E-06   4.2110E-06   0.97337
FLUX  893  2505.00        1.196776E+14   4.1536E-06   4.1821E-06   0.99318
FLUX  894  2515.00        1.192018E+14   4.1252E-06   4.1535E-06   0.99319
FLUX  895  2525.00        1.187297E+14   4.0051E-06   4.1252E-06   0.97091
FLUX  896  2535.00        1.182613E+14   4.0702E-06   4.0971E-06   0.99344
FLUX  897  2545.00        1.177967E+14   4.0473E-06   4.0693E-06   0.99458
FLUX  898  2555.00        1.173356E+14   4.0115E-06   4.0419E-06   0.99249
FLUX  899  2565.00        1.168782E+14   3.8694E-06   4.0146E-06   0.96382
FLUX  900  2575.00        1.164243E+14   3.9660E-06   3.9877E-06   0.99456
FLUX  901  2585.00        1.159739E+14   3.9308E-06   3.9610E-06   0.99238
FLUX  902  2595.00        1.155270E+14   3.9235E-06   3.9346E-06   0.99717
FLUX  903  2605.00        1.150835E+14   3.8832E-06   3.9085E-06   0.99353
FLUX  904  2615.00        1.146434E+14   3.7371E-06   3.8826E-06   0.96253
FLUX  905  2625.00        1.142067E+14   3.6728E-06   3.8570E-06   0.95225
FLUX  906  2635.00        1.137732E+14   3.8097E-06   3.8316E-06   0.99429
FLUX  907  2645.00        1.133431E+14   3.7954E-06   3.8065E-06   0.99710
FLUX  908  2655.00        1.129162E+14   3.7686E-06   3.7816E-06   0.99656
FLUX  909  2665.00        1.124925E+14   3.7272E-06   3.7570E-06   0.99208
FLUX  910  2675.00        1.120720E+14   3.5844E-06   3.7326E-06   0.96030
FLUX  911  2685.00        1.116546E+14   3.6982E-06   3.7084E-06   0.99724
FLUX  912  2695.00        1.112403E+14   3.6822E-06   3.6845E-06   0.99939
FLUX  913  2705.00        1.108290E+14   3.6547E-06   3.6608E-06   0.99835
FLUX  914  2715.00        1.104208E+14   3.6347E-06   3.6373E-06   0.99929
FLUX  915  2725.00        1.100156E+14   3.6114E-06   3.6141E-06   0.99927
FLUX  916  2735.00        1.096133E+14   3.5886E-06   3.5910E-06   0.99931
FLUX  917  2745.00        1.092140E+14   3.5663E-06   3.5682E-06   0.99947
FLUX  918  2755.00        1.088176E+14   3.4188E-06   3.5456E-06   0.96424
FLUX  919  2765.00        1.084241E+14   3.4941E-06   3.5233E-06   0.99172
FLUX  920  2775.00        1.080333E+14   3.4979E-06   3.5011E-06   0.99910
FLUX  921  2785.00        1.076454E+14   3.4770E-06   3.4791E-06   0.99938
FLUX  922  2795.00        1.072603E+14   3.4567E-06   3.4574E-06   0.99979
FLUX  923  2805.00        1.068779E+14   3.4346E-06   3.4358E-06   0.99965
FLUX  924  2815.00        1.064982E+14   3.4133E-06   3.4145E-06   0.99965
FLUX  925  2825.00        1.061212E+14   3.3920E-06   3.3933E-06   0.99961
FLUX  926  2835.00        1.057469E+14   3.3721E-06   3.3724E-06   0.99993
FLUX  927  2845.00        1.053752E+14   3.3470E-06   3.3516E-06   0.99863
FLUX  928  2855.00        1.050061E+14   3.3298E-06   3.3310E-06   0.99964
FLUX  929  2865.00        1.046396E+14   3.2972E-06   3.3106E-06   0.99596
FLUX  930  2875.00        1.042757E+14   3.1662E-06   3.2904E-06   0.96225
FLUX  931  2885.00        1.039142E+14   3.2659E-06   3.2704E-06   0.99863
FLUX  932  2895.00        1.035553E+14   3.2486E-06   3.2505E-06   0.99941
FLUX  933  2905.00        1.031988E+14   3.2299E-06   3.2308E-06   0.99972
FLUX  934  2915.00        1.028448E+14   3.2062E-06   3.2113E-06   0.99841
FLUX  935  2925.00        1.024932E+14   3.1878E-06   3.1920E-06   0.99868
FLUX  936  2935.00        1.021440E+14   3.1719E-06   3.1729E-06   0.99970
FLUX  937  2945.00        1.017971E+14   3.1514E-06   3.1539E-06   0.99922
FLUX  938  2955.00        1.014526E+14   3.1342E-06   3.1351E-06   0.99970
FLUX  939  2965.00        1.011105E+14   3.1158E-06   3.1165E-06   0.99977
FLUX  940  2975.00        1.007706E+14   3.0969E-06   3.0980E-06   0.99964
FLUX  941  2985.00        1.004330E+14   3.0792E-06   3.0797E-06   0.99985
FLUX  942  2995.00        1.000977E+14   3.0591E-06   3.0615E-06   0.99921
FLUX  943  3005.00        9.976456E+13   3.0414E-06   3.0436E-06   0.99929
FLUX  944  3015.00        9.943367E+13   3.0238E-06   3.0257E-06   0.99935
FLUX  945  3025.00        9.910496E+13   3.0061E-06   3.0081E-06   0.99934
FLUX  946  3035.00        9.877842E+13   2.9003E-06   2.9905E-06   0.96982
FLUX  947  3045.00        9.845402E+13   2.9417E-06   2.9731E-06   0.98942
FLUX  948  3055.00        9.813175E+13   2.9536E-06   2.9559E-06   0.99924
FLUX  949  3065.00        9.781158E+13   2.9356E-06   2.9388E-06   0.99890
FLUX  950  3075.00        9.749350E+13   2.9207E-06   2.9218E-06   0.99962
FLUX  951  3085.00        9.717747E+13   2.8992E-06   2.9050E-06   0.99798
FLUX  952  3095.00        9.686349E+13   2.8841E-06   2.8884E-06   0.99851
FLUX  953  3105.00        9.655153E+13   2.8676E-06   2.8718E-06   0.99851
FLUX  954  3115.00        9.624157E+13   2.8424E-06   2.8554E-06   0.99542
FLUX  955  3125.00        9.593360E+13   2.8345E-06   2.8392E-06   0.99835
FLUX  956  3135.00        9.562759E+13   2.8185E-06   2.8231E-06   0.99837
FLUX  957  3145.00        9.532353E+13   2.8024E-06   2.8071E-06   0.99833
FLUX  958  3155.00        9.502139E+13   2.7869E-06   2.7913E-06   0.99841
FLUX  959  3165.00        9.472117E+13   2.7745E-06   2.7756E-06   0.99961
FLUX  960  3175.00        9.442283E+13   2.7557E-06   2.7600E-06   0.99843
FLUX  961  3185.00        9.412637E+13   2.7434E-06   2.7446E-06   0.99959
FLUX  962  3195.00        9.383177E+13   2.7285E-06   2.7293E-06   0.99971
FLUX  963  3210.00        9.339330E+13   2.7045E-06   2.7065E-06   0.99925
FLUX  964  3230.00        9.281502E+13   2.6761E-06   2.6767E-06   0.99978
FLUX  965  3250.00        9.224385E+13   2.6462E-06   2.6473E-06   0.99958
FLUX  966  3270.00        9.167966E+13   2.6169E-06   2.6184E-06   0.99942
FLUX  967  3290.00        9.112234E+13   2.5333E-06   2.6010E-06   0.97398
FLUX  968  3310.00        9.057175E+13   2.5496E-06   2.5728E-06   0.99098
FLUX  969  3330.00        9.002778E+13   2.5255E-06   2.5451E-06   0.99232
FLUX  970  3350.00        8.949030E+13   2.5016E-06   2.5178E-06   0.99358
FLUX  971  3370.00        8.895920E+13   2.4712E-06   2.4909E-06   0.99209
FLUX  972  3390.00        8.843437E+13   2.4451E-06   2.4645E-06   0.99214
FLUX  973  3410.00        8.791569E+13   2.4197E-06   2.4385E-06   0.99231
FLUX  974  3430.00        8.740306E+13   2.3975E-06   2.4129E-06   0.99363
FLUX  975  3450.00        8.689638E+13   2.3756E-06   2.3877E-06   0.99495
FLUX  976  3470.00        8.639553E+13   2.3502E-06   2.3629E-06   0.99465
FLUX  977  3490.00        8.590043E+13   2.3267E-06   2.3384E-06   0.99497
FLUX  978  3510.00        8.541097E+13   2.3031E-06   2.3144E-06   0.99515
FLUX  979  3530.00        8.492705E+13   2.2788E-06   2.2907E-06   0.99480
FLUX  980  3550.00        8.444859E+13   2.2554E-06   2.2673E-06   0.99474
FLUX  981  3570.00        8.397549E+13   2.2305E-06   2.2444E-06   0.99383
FLUX  982  3590.00        8.350766E+13   2.2128E-06   2.2217E-06   0.99597
FLUX  983  3610.00        8.304501E+13   2.1860E-06   2.1994E-06   0.99392
FLUX  984  3630.00        8.258747E+13   2.1706E-06   2.1775E-06   0.99685
FLUX  985  3650.00        8.213493E+13   2.1398E-06   2.1558E-06   0.99255
FLUX  986  3670.00        8.168733E+13   2.1266E-06   2.1345E-06   0.99630
FLUX  987  3690.00        8.124458E+13   2.0913E-06   2.1135E-06   0.98949
FLUX  988  3710.00        8.080660E+13   2.0828E-06   2.0928E-06   0.99521
FLUX  989  3730.00        8.037332E+13   2.0515E-06   2.0724E-06   0.98988
FLUX  990  3750.00        7.994467E+13   2.0028E-06   2.0523E-06   0.97587
FLUX  991  3770.00        7.952056E+13   2.0268E-06   2.0325E-06   0.99718
FLUX  992  3790.00        7.910092E+13   2.0088E-06   2.0130E-06   0.99788
FLUX  993  3810.00        7.868570E+13   1.9764E-06   1.9938E-06   0.99127
FLUX  994  3830.00        7.827480E+13   1.9657E-06   1.9748E-06   0.99537
FLUX  995  3850.00        7.786818E+13   1.9545E-06   1.9561E-06   0.99915
FLUX  996  3870.00        7.746576E+13   1.9332E-06   1.9377E-06   0.99767
FLUX  997  3890.00        7.706748E+13   1.9158E-06   1.9195E-06   0.99805
FLUX  998  3910.00        7.667327E+13   1.8763E-06   1.9016E-06   0.98672
FLUX  999  3930.00        7.628308E+13   1.8822E-06   1.8839E-06   0.99910
FLUX 1000  3950.00        7.589684E+13   1.8641E-06   1.8665E-06   0.99874
FLUX 1001  3970.00        7.551448E+13   1.8480E-06   1.8493E-06   0.99930
FLUX 1002  3990.00        7.513596E+13   1.8267E-06   1.8323E-06   0.99689
FLUX 1003  4010.00        7.476122E+13   1.8050E-06   1.8156E-06   0.99412
FLUX 1004  4030.00        7.439020E+13   1.7790E-06   1.7991E-06   0.98879
FLUX 1005  4050.00        7.402284E+13   1.7515E-06   1.7829E-06   0.98243
FLUX 1006  4070.00        7.365909E+13   1.7646E-06   1.7668E-06   0.99875
FLUX 1007  4090.00        7.329890E+13   1.7480E-06   1.7510E-06   0.99829
FLUX 1008  4110.00        7.294221E+13   1.7347E-06   1.7354E-06   0.99962
FLUX 1009  4130.00        7.258898E+13   1.7195E-06   1.7200E-06   0.99971
FLUX 1010  4150.00        7.223916E+13   1.7029E-06   1.7047E-06   0.99890
FLUX 1011  4170.00        7.189269E+13   1.6638E-06   1.6897E-06   0.98463
FLUX 1012  4190.00        7.154952E+13   1.6729E-06   1.6749E-06   0.99877
FLUX 1013  4210.00        7.120962E+13   1.6563E-06   1.6603E-06   0.99757
FLUX 1014  4230.00        7.087293E+13   1.6457E-06   1.6459E-06   0.99991
FLUX 1015  4250.00        7.053941E+13   1.6307E-06   1.6316E-06   0.99944
FLUX 1016  4270.00        7.020902E+13   1.6174E-06   1.6176E-06   0.99988
FLUX 1017  4290.00        6.988170E+13   1.6034E-06   1.6037E-06   0.99985
FLUX 1018  4310.00        6.955742E+13   1.5894E-06   1.5900E-06   0.99962
FLUX 1019  4330.00        6.923614E+13   1.5750E-06   1.5764E-06   0.99912
FLUX 1020  4350.00        6.891782E+13   1.5617E-06   1.5631E-06   0.99910
FLUX 1021  4370.00        6.860240E+13   1.5261E-06   1.5499E-06   0.98468
FLUX 1022  4390.00        6.828986E+13   1.5339E-06   1.5369E-06   0.99807
FLUX 1023  4410.00        6.798016E+13   1.5209E-06   1.5240E-06   0.99796
FLUX 1024  4430.00        6.767325E+13   1.5093E-06   1.5113E-06   0.99864
FLUX 1025  4450.00        6.736910E+13   1.4967E-06   1.4988E-06   0.99865
FLUX 1026  4470.00        6.706767E+13   1.4858E-06   1.4886E-06   0.99813
FLUX 1027  4490.00        6.676893E+13   1.4737E-06   1.4763E-06   0.99820
FLUX 1028  4510.00        6.647284E+13   1.4618E-06   1.4642E-06   0.99836
FLUX 1029  4530.00        6.617936E+13   1.4496E-06   1.4523E-06   0.99817
FLUX 1030  4550.00        6.588846E+13   1.4381E-06   1.4404E-06   0.99841
FLUX 1031  4570.00        6.560011E+13   1.4262E-06   1.4288E-06   0.99823
FLUX 1032  4590.00        6.531427E+13   1.4141E-06   1.4172E-06   0.99781
FLUX 1033  4610.00        6.503091E+13   1.4039E-06   1.4058E-06   0.99863
FLUX 1034  4630.00        6.475000E+13   1.3925E-06   1.3945E-06   0.99856
FLUX 1035  4650.00        6.447151E+13   1.3579E-06   1.3834E-06   0.98159
FLUX 1036  4670.00        6.419540E+13   1.3487E-06   1.3724E-06   0.98273
FLUX 1037  4690.00        6.392164E+13   1.3593E-06   1.3615E-06   0.99834
FLUX 1038  4710.00        6.365021E+13   1.3492E-06   1.3508E-06   0.99880
FLUX 1039  4730.00        6.338108E+13   1.3389E-06   1.3402E-06   0.99900
FLUX 1040  4750.00        6.311421E+13   1.3278E-06   1.3297E-06   0.99858
FLUX 1041  4770.00        6.284958E+13   1.3177E-06   1.3193E-06   0.99874
FLUX 1042  4790.00        6.258716E+13   1.3078E-06   1.3091E-06   0.99899
FLUX 1043  4810.00        6.232692E+13   1.2972E-06   1.2990E-06   0.99863
FLUX 1044  4830.00        6.206884E+13   1.2879E-06   1.2890E-06   0.99920
FLUX 1045  4850.00        6.181289E+13   1.2773E-06   1.2791E-06   0.99860
FLUX 1046  4870.00        6.155903E+13   1.2680E-06   1.2693E-06   0.99896
FLUX 1047  4890.00        6.130726E+13   1.2578E-06   1.2596E-06   0.99853
FLUX 1048  4910.00        6.105754E+13   1.2485E-06   1.2501E-06   0.99875
FLUX 1049  4930.00        6.080984E+13   1.2383E-06   1.2406E-06   0.99816
FLUX 1050  4950.00        6.056414E+13   1.2300E-06   1.2313E-06   0.99900
FLUX 1051  4970.00        6.032042E+13   1.2194E-06   1.2220E-06   0.99783
FLUX 1052  4990.00        6.007866E+13   1.2119E-06   1.2129E-06   0.99922
FLUX 1053  5010.00        5.983882E+13   1.2027E-06   1.2039E-06   0.99907
FLUX 1054  5030.00        5.960089E+13   1.1920E-06   1.1949E-06   0.99758
FLUX 1055  5050.00        5.936485E+13   1.1851E-06   1.1861E-06   0.99916
FLUX 1056  5070.00        5.913067E+13   1.1765E-06   1.1773E-06   0.99930
FLUX 1057  5090.00        5.889833E+13   1.1651E-06   1.1687E-06   0.99691
FLUX 1058  5110.00        5.866781E+13   1.1586E-06   1.1602E-06   0.99869
FLUX 1059  5130.00        5.843908E+13   1.1343E-06   1.1517E-06   0.98485
FLUX 1060  5150.00        5.821214E+13   1.1425E-06   1.1433E-06   0.99926
FLUX 1061  5170.00        5.798694E+13   1.1310E-06   1.1351E-06   0.99639
FLUX 1062  5190.00        5.776349E+13   1.1262E-06   1.1269E-06   0.99939
FLUX 1063  5210.00        5.754175E+13   1.1178E-06   1.1188E-06   0.99915
FLUX 1064  5230.00        5.732170E+13   1.1099E-06   1.1108E-06   0.99918
FLUX 1065  5250.00        5.710333E+13   1.1020E-06   1.1029E-06   0.99920
FLUX 1066  5270.00        5.688662E+13   1.0903E-06   1.0950E-06   0.99567
FLUX 1067  5290.00        5.667155E+13   1.0867E-06   1.0873E-06   0.99946
FLUX 1068  5310.00        5.645810E+13   1.0791E-06   1.0796E-06   0.99956
FLUX 1069  5330.00        5.624625E+13   1.0715E-06   1.0720E-06   0.99957
FLUX 1070  5350.00        5.603598E+13   1.0640E-06   1.0645E-06   0.99957
FLUX 1071  5370.00        5.582728E+13   1.0528E-06   1.0571E-06   0.99594
FLUX 1072  5390.00        5.562013E+13   1.0467E-06   1.0497E-06   0.99713
FLUX 1073  5410.00        5.541451E+13   1.0421E-06   1.0424E-06   0.99968
FLUX 1074  5430.00        5.521041E+13   1.0344E-06   1.0352E-06   0.99920
FLUX 1075  5450.00        5.500780E+13   1.0276E-06   1.0281E-06   0.99956
FLUX 1076  5470.00        5.480667E+13   1.0197E-06   1.0210E-06   0.99871
FLUX 1077  5490.00        5.460701E+13   1.0136E-06   1.0141E-06   0.99953
FLUX 1078  5510.00        5.440880E+13   1.0065E-06   1.0071E-06   0.99940
FLUX 1079  5530.00        5.421203E+13   9.9292E-07   1.0003E-06   0.99262
FLUX 1080  5550.00        5.401667E+13   9.9318E-07   9.9353E-07   0.99965
FLUX 1081  5570.00        5.382271E+13   9.8643E-07   9.8683E-07   0.99960
FLUX 1082  5590.00        5.363014E+13   9.7881E-07   9.8019E-07   0.99859
FLUX 1083  5610.00        5.343895E+13   9.7327E-07   9.7362E-07   0.99964
FLUX 1084  5630.00        5.324911E+13   9.6667E-07   9.6712E-07   0.99954
FLUX 1085  5650.00        5.306062E+13   9.6054E-07   9.6068E-07   0.99986
FLUX 1086  5670.00        5.287346E+13   9.5407E-07   9.5430E-07   0.99976
FLUX 1087  5690.00        5.268761E+13   9.4768E-07   9.4799E-07   0.99967
FLUX 1088  5710.00        5.250306E+13   9.3309E-07   9.4174E-07   0.99081
FLUX 1089  5730.00        5.231981E+13   9.3533E-07   9.3555E-07   0.99976
FLUX 1090  5750.00        5.213783E+13   9.2931E-07   9.2943E-07   0.99988
FLUX 1091  5770.00        5.195711E+13   9.2317E-07   9.2336E-07   0.99979
FLUX 1092  5790.00        5.177763E+13   9.1700E-07   9.1735E-07   0.99962
FLUX 1093  5810.00        5.159940E+13   9.1124E-07   9.1140E-07   0.99983
FLUX 1094  5830.00        5.142238E+13   9.0541E-07   9.0551E-07   0.99989
FLUX 1095  5850.00        5.124658E+13   9.0010E-07   9.0022E-07   0.99987
FLUX 1096  5870.00        5.107198E+13   8.9415E-07   8.9444E-07   0.99969
FLUX 1097  5890.00        5.089856E+13   8.8785E-07   8.8871E-07   0.99904
FLUX 1098  5910.00        5.072631E+13   8.7106E-07   8.8303E-07   0.98644
FLUX 1099  5930.00        5.055523E+13   8.7702E-07   8.7741E-07   0.99956
FLUX 1100  5950.00        5.038529E+13   8.6137E-07   8.7184E-07   0.98798
FLUX 1101  5970.00        5.021650E+13   8.6503E-07   8.6633E-07   0.99850
FLUX 1102  5990.00        5.004883E+13   8.6061E-07   8.6086E-07   0.99970
FLUX 1103  6010.00        4.988228E+13   8.5506E-07   8.5545E-07   0.99954
FLUX 1104  6030.00        4.971683E+13   8.4999E-07   8.5009E-07   0.99988
FLUX 1105  6050.00        4.955248E+13   8.4470E-07   8.4478E-07   0.99991
FLUX 1106  6070.00        4.938921E+13   8.3926E-07   8.3952E-07   0.99969
FLUX 1107  6090.00        4.922701E+13   8.3392E-07   8.3431E-07   0.99954
FLUX 1108  6110.00        4.906588E+13   8.2831E-07   8.2914E-07   0.99899
FLUX 1109  6130.00        4.890579E+13   8.2380E-07   8.2403E-07   0.99973
FLUX 1110  6150.00        4.874675E+13   8.1886E-07   8.1896E-07   0.99988
FLUX 1111  6170.00        4.858874E+13   8.1383E-07   8.1394E-07   0.99987
FLUX 1112  6190.00        4.843174E+13   8.0873E-07   8.0896E-07   0.99971
FLUX 1113  6210.00        4.827576E+13   8.0395E-07   8.0403E-07   0.99990
FLUX 1114  6230.00        4.812079E+13   7.9840E-07   7.9914E-07   0.99907
FLUX 1115  6250.00        4.796680E+13   7.9410E-07   7.9430E-07   0.99974
FLUX 1116  6270.00        4.781380E+13   7.8916E-07   7.8950E-07   0.99956
FLUX 1117  6290.00        4.766176E+13   7.7548E-07   7.8475E-07   0.98819
FLUX 1118  6310.00        4.751070E+13   7.7936E-07   7.8004E-07   0.99914
FLUX 1119  6330.00        4.736058E+13   7.7524E-07   7.7537E-07   0.99983
FLUX 1120  6350.00        4.721142E+13   7.7056E-07   7.7074E-07   0.99976
FLUX 1121  6370.00        4.706319E+13   7.6601E-07   7.6616E-07   0.99981
FLUX 1122  6390.00        4.691588E+13   7.6138E-07   7.6161E-07   0.99970
FLUX 1123  6420.00        4.669665E+13   7.5480E-07   7.5487E-07   0.99991
FLUX 1124  6460.00        4.640751E+13   7.4581E-07   7.4602E-07   0.99972
FLUX 1125  6500.00        4.612192E+13   7.3699E-07   7.3732E-07   0.99955
FLUX 1126  6540.00        4.583983E+13   7.2870E-07   7.2878E-07   0.99990
FLUX 1127  6580.00        4.556117E+13   7.2026E-07   7.2038E-07   0.99984
FLUX 1128  6620.00        4.528588E+13   7.1193E-07   7.1212E-07   0.99973
FLUX 1129  6660.00        4.501389E+13   7.0393E-07   7.0401E-07   0.99988
FLUX 1130  6700.00        4.474515E+13   6.9593E-07   6.9604E-07   0.99985
FLUX 1131  6740.00        4.447960E+13   6.8779E-07   6.8820E-07   0.99941
FLUX 1132  6780.00        4.421718E+13   6.7649E-07   6.8049E-07   0.99413
FLUX 1133  6820.00        4.395784E+13   6.7253E-07   6.7291E-07   0.99943
FLUX 1134  6860.00        4.370153E+13   6.6535E-07   6.6545E-07   0.99984
FLUX 1135  6900.00        4.344819E+13   6.5791E-07   6.5812E-07   0.99969
FLUX 1136  6940.00        4.319777E+13   6.5022E-07   6.5091E-07   0.99894
FLUX 1137  6980.00        4.295021E+13   6.4368E-07   6.4381E-07   0.99980
FLUX 1138  7020.00        4.270548E+13   6.3659E-07   6.3684E-07   0.99961
FLUX 1139  7060.00        4.246353E+13   6.2981E-07   6.2997E-07   0.99975
FLUX 1140  7100.00        4.222430E+13   6.2256E-07   6.2321E-07   0.99895
FLUX 1141  7140.00        4.198775E+13   6.1648E-07   6.1657E-07   0.99986
FLUX 1142  7180.00        4.175383E+13   6.0989E-07   6.1003E-07   0.99977
FLUX 1143  7220.00        4.152251E+13   6.0325E-07   6.0359E-07   0.99944
FLUX 1144  7260.00        4.129373E+13   5.9620E-07   5.9725E-07   0.99824
FLUX 1145  7300.00        4.106747E+13   5.9096E-07   5.9101E-07   0.99992
FLUX 1146  7340.00        4.084366E+13   5.8474E-07   5.8487E-07   0.99977
FLUX 1147  7380.00        4.062229E+13   5.7877E-07   5.7882E-07   0.99990
FLUX 1148  7420.00        4.040330E+13   5.7272E-07   5.7288E-07   0.99973
FLUX 1149  7460.00        4.018666E+13   5.6292E-07   5.6702E-07   0.99278
FLUX 1150  7500.00        3.997233E+13   5.5387E-07   5.6125E-07   0.98685
FLUX 1151  7540.00        3.976028E+13   5.5542E-07   5.5557E-07   0.99973
FLUX 1152  7580.00        3.955046E+13   5.4989E-07   5.4997E-07   0.99984
FLUX 1153  7620.00        3.934285E+13   5.4440E-07   5.4446E-07   0.99988
FLUX 1154  7660.00        3.913740E+13   5.3899E-07   5.3904E-07   0.99991
FLUX 1155  7700.00        3.893409E+13   5.3361E-07   5.3369E-07   0.99986
FLUX 1156  7740.00        3.873288E+13   5.2838E-07   5.2842E-07   0.99994
FLUX 1157  7780.00        3.853374E+13   5.2177E-07   5.2323E-07   0.99722
FLUX 1158  7820.00        3.833664E+13   5.1810E-07   5.1811E-07   0.99998
FLUX 1159  7860.00        3.814154E+13   5.1306E-07   5.1307E-07   0.99998
FLUX 1160  7900.00        3.794842E+13   5.0809E-07   5.0810E-07   0.99998
FLUX 1161  7940.00        3.775724E+13   5.0319E-07   5.0321E-07   0.99997
FLUX 1162  7980.00        3.756798E+13   4.9835E-07   4.9838E-07   0.99993
FLUX 1163  8020.00        3.738061E+13   4.9356E-07   4.9363E-07   0.99986
FLUX 1164  8060.00        3.719510E+13   4.8887E-07   4.8894E-07   0.99986
FLUX 1165  8100.00        3.701142E+13   4.8430E-07   4.8431E-07   0.99997
FLUX 1166  8140.00        3.682955E+13   4.7797E-07   4.7976E-07   0.99627
FLUX 1167  8180.00        3.664945E+13   4.7512E-07   4.7526E-07   0.99969
FLUX 1168  8220.00        3.647111E+13   4.7082E-07   4.7083E-07   0.99997
FLUX 1169  8260.00        3.629449E+13   4.6643E-07   4.6646E-07   0.99993
FLUX 1170  8300.00        3.611958E+13   4.6211E-07   4.6215E-07   0.99991
FLUX 1171  8340.00        3.594634E+13   4.5775E-07   4.5790E-07   0.99966
FLUX 1172  8380.00        3.577476E+13   4.5355E-07   4.5371E-07   0.99965
FLUX 1173  8420.00        3.560481E+13   4.4950E-07   4.4957E-07   0.99983
FLUX 1174  8460.00        3.543647E+13   4.4546E-07   4.4550E-07   0.99993
FLUX 1175  8500.00        3.526971E+13   4.4146E-07   4.4147E-07   0.99998
FLUX 1176  8540.00        3.510451E+13   4.3747E-07   4.3750E-07   0.99992
FLUX 1177  8580.00        3.494085E+13   4.3354E-07   4.3359E-07   0.99990
FLUX 1178  8620.00        3.477871E+13   4.2967E-07   4.2972E-07   0.99988
FLUX 1179  8660.00        3.461807E+13   4.2406E-07   4.2591E-07   0.99566
FLUX 1180  8700.00        3.445891E+13   4.2214E-07   4.2215E-07   0.99998
FLUX 1181  8740.00        3.430120E+13   4.1730E-07   4.1844E-07   0.99728
FLUX 1182  8780.00        3.414493E+13   4.1362E-07   4.1477E-07   0.99722
FLUX 1183  8820.00        3.399008E+13   4.1109E-07   4.1116E-07   0.99985
FLUX 1184  8860.00        3.383663E+13   4.0748E-07   4.0759E-07   0.99974
FLUX 1185  8900.00        3.368455E+13   4.0401E-07   4.0407E-07   0.99986
FLUX 1186  8940.00        3.353384E+13   4.0056E-07   4.0059E-07   0.99992
FLUX 1187  8980.00        3.338447E+13   3.9707E-07   3.9716E-07   0.99978
FLUX 1188  9020.00        3.323642E+13   3.9372E-07   3.9377E-07   0.99987
FLUX 1189  9060.00        3.308968E+13   3.9034E-07   3.9042E-07   0.99978
FLUX 1190  9100.00        3.294423E+13   3.8704E-07   3.8712E-07   0.99981
FLUX 1191  9140.00        3.280005E+13   3.8379E-07   3.8386E-07   0.99984
FLUX 1192  9180.00        3.265714E+13   3.8061E-07   3.8064E-07   0.99994
FLUX 1193  9220.00        3.251546E+13   3.7745E-07   3.7746E-07   0.99998
FLUX 1194  9260.00        3.237500E+13   3.7413E-07   3.7432E-07   0.99949
FLUX 1195  9300.00        3.223575E+13   3.7121E-07   3.7121E-07   0.99999
FLUX 1196  9340.00        3.209770E+13   3.6813E-07   3.6815E-07   0.99994
FLUX 1197  9380.00        3.196082E+13   3.6342E-07   3.6513E-07   0.99534
FLUX 1198  9420.00        3.182511E+13   3.6211E-07   3.6214E-07   0.99992
FLUX 1199  9460.00        3.169054E+13   3.5916E-07   3.5919E-07   0.99994
FLUX 1200  9500.00        3.155711E+13   3.5619E-07   3.5627E-07   0.99977
FLUX 1201  9540.00        3.142479E+13   3.5312E-07   3.5339E-07   0.99923
FLUX 1202  9580.00        3.129358E+13   3.5053E-07   3.5054E-07   0.99998
FLUX 1203  9620.00        3.116346E+13   3.4769E-07   3.4773E-07   0.99988
FLUX 1204  9660.00        3.103442E+13   3.4494E-07   3.4495E-07   0.99998
FLUX 1205  9700.00        3.090644E+13   3.4220E-07   3.4221E-07   0.99999
FLUX 1206  9740.00        3.077952E+13   3.3941E-07   3.3949E-07   0.99976
FLUX 1207  9780.00        3.065363E+13   3.3677E-07   3.3681E-07   0.99989
FLUX 1208  9820.00        3.052877E+13   3.3412E-07   3.3416E-07   0.99988
FLUX 1209  9860.00        3.040492E+13   3.3117E-07   3.3154E-07   0.99887
FLUX 1210  9900.00        3.028207E+13   3.2895E-07   3.2896E-07   0.99998
FLUX 1211  9940.00        3.016021E+13   3.2637E-07   3.2640E-07   0.99991
FLUX 1212  9980.00        3.003933E+13   3.2384E-07   3.2387E-07   0.99991
FLUX 1213 10020.00        2.991941E+13   3.2134E-07   3.2137E-07   0.99991
FLUX 1214 20000.00        1.498963E+13   8.3013E-08   8.3014E-08   0.99999
FLUX 1215 40000.00        7.494813E+12   2.0874E-08   2.0874E-08   1.00000
FLUX 1216 60000.00        4.996542E+12   9.2409E-09   9.2409E-09   1.00000
FLUX 1217 80000.00        3.747406E+12   5.1715E-09   5.1715E-09   1.00000
FLUX 1218100000.00        2.997925E+12   3.2934E-09   3.2934E-09   1.00000
FLUX 1219120000.00        2.498271E+12   2.2766E-09   2.2766E-09   1.00000
FLUX 1220140000.00        2.141375E+12   1.6656E-09   1.6656E-09   1.00000
FLUX 1221160000.00        1.873703E+12   1.2704E-09   1.2704E-09   1.00000
FLUX
