TEFF   6500.  GRAVITY 3.50000 LTE 
TITLE  [-0.5] N(He)/Ntot=0.0784 VTURB=2.0  L/H=1.25 NOVER                       
FLUX    1     9.09        3.298047E+16   1.0000E-50   0.0000E+00   1.00000
FLUX    2     9.35        3.206337E+16   1.0000E-50   0.0000E+00   1.00000
FLUX    3     9.61        3.119589E+16   1.0000E-50   0.0000E+00   1.00000
FLUX    4     9.77        3.068501E+16   1.0000E-50   0.0000E+00   1.00000
FLUX    5     9.96        3.009965E+16   1.0000E-50   0.0000E+00   1.00000
FLUX    6    10.20        2.939142E+16   1.0000E-50   0.0000E+00   1.00000
FLUX    7    10.38        2.888174E+16   1.0000E-50   0.0000E+00   1.00000
FLUX    8    10.56        2.838944E+16   1.0000E-50   0.0000E+00   1.00000
FLUX    9    10.77        2.783589E+16   1.0000E-50   0.0000E+00   1.00000
FLUX   10    11.04        2.715512E+16   1.0000E-50   0.0000E+00   1.00000
FLUX   11    11.40        2.629759E+16   1.0000E-50   0.0000E+00   1.00000
FLUX   12    11.78        2.544928E+16   3.1149-123   3.1150-123   0.99998
FLUX   13    12.13        2.471496E+16   9.4413-120   9.4414-120   0.99998
FLUX   14    12.48        2.402183E+16   1.8149-116   1.8150-116   0.99998
FLUX   15    12.71        2.358714E+16   2.0765-114   2.0765-114   0.99998
FLUX   16    12.84        2.334833E+16   2.8050-113   2.8051-113   0.99998
FLUX   17    13.05        2.297261E+16   1.6833-111   1.6833-111   0.99998
FLUX   18    13.24        2.264294E+16   6.1046-110   6.1047-110   0.99998
FLUX   19    13.39        2.238928E+16   9.6667-109   9.6669-109   0.99998
FLUX   20    13.66        2.194674E+16   1.1951-106   1.1951-106   0.99998
FLUX   21    13.98        2.144438E+16   2.8259-104   2.8260-104   0.99998
FLUX   22    14.33        2.092062E+16   8.3931-102   8.3932-102   0.99998
FLUX   23    14.72        2.036634E+16   3.4601E-99   3.4602E-99   0.99998
FLUX   24    15.10        1.985381E+16   9.0291E-97   9.0292E-97   0.99998
FLUX   25    15.52        1.931653E+16   3.0694E-94   3.0695E-94   0.99998
FLUX   26    15.88        1.887862E+16   3.5342E-92   3.5343E-92   0.99998
FLUX   27    16.20        1.850571E+16   2.0070E-90   2.0070E-90   0.99998
FLUX   28    16.60        1.805979E+16   2.5055E-88   2.5055E-88   0.99998
FLUX   29    17.03        1.760379E+16   3.4754E-86   3.4755E-86   0.99998
FLUX   30    17.34        1.728907E+16   1.0428E-84   1.0428E-84   0.99998
FLUX   31    17.68        1.695659E+16   3.7834E-83   3.7835E-83   0.99998
FLUX   32    18.02        1.663665E+16   1.1961E-81   1.1962E-81   0.99998
FLUX   33    18.17        1.649931E+16   5.2642E-81   5.2643E-81   0.99998
FLUX   34    18.61        1.610922E+16   3.5361E-79   3.5362E-79   0.99998
FLUX   35    19.10        1.569594E+16   3.0365E-77   3.0366E-77   0.99998
FLUX   36    19.39        1.546119E+16   3.7948E-76   3.7948E-76   0.99998
FLUX   37    19.84        1.511051E+16   1.6470E-74   1.6471E-74   0.99998
FLUX   38    20.18        1.485592E+16   2.5435E-73   2.5435E-73   0.99998
FLUX   39    20.50        1.462402E+16   3.0771E-72   3.0771E-72   0.99998
FLUX   40    21.05        1.424192E+16   1.8573E-70   1.8573E-70   0.99998
FLUX   41    21.62        1.386644E+16   1.0402E-68   1.0402E-68   0.99998
FLUX   42    21.98        1.363933E+16   1.1849E-67   1.1849E-67   0.99998
FLUX   43    22.30        1.344361E+16   9.6118E-67   9.6119E-67   0.99998
FLUX   44    22.68        1.321836E+16   1.0688E-65   1.0688E-65   0.99998
FLUX   45    23.00        1.303446E+16   7.6376E-65   7.6378E-65   0.99998
FLUX   46    23.40        1.281165E+16   8.2408E-64   8.2409E-64   0.99998
FLUX   47    24.00        1.249135E+16   2.5099E-62   2.5099E-62   0.99998
FLUX   48    24.65        1.216197E+16   8.3949E-61   8.3950E-61   0.99998
FLUX   49    25.24        1.187767E+16   1.7310E-59   1.7310E-59   0.99998
FLUX   50    25.68        1.167416E+16   1.5075E-58   1.5075E-58   0.99998
FLUX   51    26.00        1.153048E+16   6.9412E-58   6.9413E-58   0.99998
FLUX   52    26.40        1.135578E+16   4.4387E-57   4.4388E-57   0.99998
FLUX   53    26.85        1.116546E+16   3.3402E-56   3.3403E-56   0.99998
FLUX   54    27.35        1.096133E+16   2.9031E-55   2.9032E-55   0.99998
FLUX   55    27.85        1.076454E+16   2.3336E-54   2.3336E-54   0.99998
FLUX   56    28.40        1.055607E+16   2.1162E-53   2.1163E-53   0.99998
FLUX   57    29.00        1.033767E+16   2.1252E-52   2.1253E-52   0.99998
FLUX   58    29.60        1.012813E+16   1.9357E-51   1.9358E-51   0.99998
FLUX   59    30.10        9.959884E+15   1.1402E-50   1.1403E-50   0.99992
FLUX   60    30.80        9.733523E+15   1.2354E-49   1.2354E-49   0.99998
FLUX   61    31.80        9.427437E+15   3.0799E-48   3.0799E-48   0.99998
FLUX   62    32.80        9.140015E+15   6.2735E-47   6.2736E-47   0.99998
FLUX   63    33.80        8.869601E+15   1.0621E-45   1.0621E-45   0.99998
FLUX   64    34.80        8.614727E+15   1.5209E-44   1.5210E-44   0.99998
FLUX   65    35.70        8.397549E+15   1.4613E-43   1.4613E-43   0.99998
FLUX   66    36.60        8.191052E+15   1.2533E-42   1.2533E-42   0.99998
FLUX   67    37.50        7.994467E+15   9.6497E-42   9.6499E-42   0.99998
FLUX   68    38.50        7.786818E+15   8.3011E-41   8.3012E-41   0.99998
FLUX   69    39.50        7.589684E+15   6.3728E-40   6.3729E-40   0.99998
FLUX   70    40.50        7.402284E+15   4.4073E-39   4.4073E-39   0.99998
FLUX   71    41.40        7.241365E+15   2.3126E-38   2.3127E-38   0.99998
FLUX   72    42.20        7.104088E+15   9.4843E-38   9.4844E-38   0.99998
FLUX   73    43.00        6.971919E+15   3.6826E-37   3.6827E-37   0.99998
FLUX   74    44.10        6.798016E+15   2.1871E-36   2.1872E-36   0.99998
FLUX   75    45.10        6.647284E+15   1.0205E-35   1.0205E-35   0.99998
FLUX   76    46.00        6.517228E+15   3.8455E-35   3.8455E-35   0.99998
FLUX   77    47.00        6.378564E+15   1.5782E-34   1.5783E-34   0.99998
FLUX   78    48.00        6.245677E+15   6.0872E-34   6.0874E-34   0.99998
FLUX   79    49.00        6.118214E+15   2.2172E-33   2.2173E-33   0.99998
FLUX   80    50.00        5.995850E+15   7.6423E-33   7.6424E-33   0.99998
FLUX   81    50.60        5.924753E+15   2.0792E-32   2.3774E-32   0.87456
FLUX   82    51.20        5.855322E+15   4.7073E-32   4.7683E-32   0.98721
FLUX   83    52.00        5.765240E+15   1.1627E-31   1.1746E-31   0.98984
FLUX   84    53.00        5.656462E+15   3.4809E-31   3.4810E-31   0.99997
FLUX   85    54.00        5.551713E+15   9.8286E-31   9.8873E-31   0.99406
FLUX   86    55.00        5.450773E+15   2.6990E-30   2.6992E-30   0.99992
FLUX   87    56.00        5.353438E+15   7.0931E-30   7.0933E-30   0.99997
FLUX   88    57.00        5.259518E+15   1.7981E-29   1.7981E-29   0.99998
FLUX   89    58.00        5.168836E+15   4.3564E-29   4.4057E-29   0.98880
FLUX   90    59.00        5.081229E+15   1.0448E-28   1.0450E-28   0.99983
FLUX   91    60.00        4.996542E+15   2.4031E-28   2.4036E-28   0.99978
FLUX   92    61.00        4.914631E+15   5.3698E-28   5.3699E-28   0.99998
FLUX   93    62.00        4.835363E+15   1.1667E-27   1.1669E-27   0.99991
FLUX   94    63.00        4.758611E+15   2.4694E-27   2.4695E-27   0.99993
FLUX   95    64.00        4.684258E+15   5.0993E-27   5.0998E-27   0.99991
FLUX   96    65.00        4.612192E+15   1.0283E-26   1.0283E-26   0.99998
FLUX   97    65.80        4.556117E+15   1.7726E-26   1.7726E-26   0.99997
FLUX   98    66.50        4.508158E+15   2.8207E-26   2.8219E-26   0.99959
FLUX   99    67.50        4.441370E+15   5.3834E-26   5.3849E-26   0.99972
FLUX  100    68.50        4.376533E+15   1.0068E-25   1.0069E-25   0.99991
FLUX  101    69.50        4.313561E+15   1.8465E-25   1.8465E-25   0.99998
FLUX  102    70.50        4.252376E+15   3.3196E-25   3.3240E-25   0.99868
FLUX  103    71.60        4.187046E+15   6.2166E-25   6.2170E-25   0.99993
FLUX  104    72.60        4.129373E+15   1.0790E-24   1.0791E-24   0.99998
FLUX  105    73.50        4.078810E+15   1.7482E-24   1.7484E-24   0.99992
FLUX  106    74.50        4.024060E+15   2.9447E-24   2.9454E-24   0.99975
FLUX  107    75.50        3.970762E+15   4.8864E-24   4.8880E-24   0.99965
FLUX  108    76.50        3.918856E+15   7.9944E-24   7.9960E-24   0.99979
FLUX  109    77.50        3.868290E+15   1.2897E-23   1.2900E-23   0.99973
FLUX  110    78.50        3.819013E+15   2.0538E-23   2.0538E-23   0.99998
FLUX  111    79.50        3.770975E+15   3.2142E-23   3.2282E-23   0.99565
FLUX  112    80.50        3.724130E+15   5.0057E-23   5.0123E-23   0.99867
FLUX  113    81.50        3.678436E+15   7.6895E-23   7.6910E-23   0.99981
FLUX  114    82.50        3.633848E+15   1.1668E-22   1.1669E-22   0.99990
FLUX  115    83.50        3.590329E+15   1.7514E-22   1.7516E-22   0.99993
FLUX  116    84.50        3.547840E+15   2.6013E-22   2.6015E-22   0.99993
FLUX  117    85.50        3.506345E+15   3.8247E-22   3.8248E-22   0.99997
FLUX  118    86.50        3.465809E+15   5.5682E-22   5.5683E-22   0.99997
FLUX  119    87.50        3.426200E+15   8.0228E-22   8.0301E-22   0.99909
FLUX  120    88.50        3.387486E+15   1.1475E-21   1.1476E-21   0.99992
FLUX  121    89.50        3.349637E+15   1.6257E-21   1.6258E-21   0.99997
FLUX  122    90.50        3.312624E+15   2.2825E-21   2.2836E-21   0.99955
FLUX  123    91.50        3.276421E+15   6.9391E-18   1.7739E-17   0.39117
FLUX  124    92.50        3.241000E+15   2.3782E-17   2.5495E-17   0.93283
FLUX  125    93.50        3.206337E+15   3.3704E-17   3.6276E-17   0.92910
FLUX  126    94.50        3.172407E+15   4.7693E-17   5.1179E-17   0.93188
FLUX  127    95.50        3.139188E+15   6.9674E-17   7.1675E-17   0.97208
FLUX  128    96.50        3.106658E+15   9.6961E-17   9.9480E-17   0.97468
FLUX  129    97.50        3.074795E+15   1.3288E-16   1.3689E-16   0.97065
FLUX  130    98.50        3.043579E+15   1.8297E-16   1.8821E-16   0.97215
FLUX  131    99.50        3.012990E+15   2.4797E-16   2.5608E-16   0.96833
FLUX  132   100.50        2.983010E+15   3.4403E-16   3.4606E-16   0.99415
FLUX  133   101.50        2.953621E+15   4.6153E-16   4.6392E-16   0.99485
FLUX  134   102.50        2.924805E+15   6.0515E-16   6.2165E-16   0.97347
FLUX  135   103.50        2.896546E+15   8.2153E-16   8.2519E-16   0.99557
FLUX  136   104.50        2.868828E+15   1.0872E-15   1.0909E-15   0.99665
FLUX  137   105.50        2.841635E+15   1.4297E-15   1.4343E-15   0.99675
FLUX  138   106.50        2.814953E+15   1.8644E-15   1.8765E-15   0.99357
FLUX  139   107.50        2.788767E+15   2.4324E-15   2.4430E-15   0.99568
FLUX  140   108.50        2.763065E+15   3.1543E-15   3.1647E-15   0.99673
FLUX  141   109.50        2.737831E+15   4.0515E-15   4.0787E-15   0.99332
FLUX  142   110.50        2.713054E+15   1.0337E-14   4.9052E-14   0.21073
FLUX  143   111.50        2.688722E+15   3.3496E-14   6.8024E-14   0.49241
FLUX  144   112.50        2.664822E+15   5.1003E-14   9.1158E-14   0.55950
FLUX  145   113.50        2.641344E+15   7.6826E-14   1.1791E-13   0.65156
FLUX  146   114.50        2.618275E+15   1.0050E-13   1.4725E-13   0.68251
FLUX  147   115.50        2.595606E+15   1.1355E-13   1.7712E-13   0.64112
FLUX  148   116.50        2.573326E+15   1.5151E-13   2.0375E-13   0.74359
FLUX  149   117.50        2.551426E+15   1.7934E-13   2.2080E-13   0.81222
FLUX  150   118.50        2.529895E+15   2.0028E-13   3.8879E-13   0.51515
FLUX  151   119.50        2.508724E+15   9.8282E-14   4.6936E-13   0.20940
FLUX  152   120.50        2.487905E+15   8.0706E-14   5.6276E-13   0.14341
FLUX  153   121.50        2.467428E+15   4.4974E-14   6.7095E-13   0.06703
FLUX  154   122.50        2.447286E+15   1.0695E-13   8.1064E-13   0.13193
FLUX  155   123.50        2.427470E+15   2.5868E-13   9.5771E-13   0.27011
FLUX  156   124.50        2.407972E+15   5.7343E-13   8.4479E-13   0.67878
FLUX  157   125.50        2.388785E+15   1.1109E-12   1.5079E-12   0.73671
FLUX  158   126.50        2.369901E+15   1.3375E-12   2.3199E-12   0.57654
FLUX  159   127.50        2.351314E+15   2.0284E-12   3.1302E-12   0.64800
FLUX  160   128.50        2.333016E+15   2.9731E-12   4.1191E-12   0.72180
FLUX  161   129.50        2.315000E+15   3.8137E-12   5.1379E-12   0.74226
FLUX  162   130.50        2.297261E+15   4.0704E-12   6.3103E-12   0.64505
FLUX  163   131.50        2.279791E+15   5.7218E-12   7.5753E-12   0.75532
FLUX  164   132.50        2.262585E+15   7.0312E-12   8.9919E-12   0.78195
FLUX  165   133.50        2.245637E+15   8.2387E-12   1.0548E-11   0.78108
FLUX  166   134.50        2.228941E+15   1.0118E-11   1.2275E-11   0.82430
FLUX  167   135.50        2.212491E+15   1.1253E-11   1.4220E-11   0.79135
FLUX  168   136.50        2.196282E+15   1.3404E-11   1.6454E-11   0.81464
FLUX  169   137.50        2.180309E+15   1.5014E-11   1.8941E-11   0.79269
FLUX  170   138.50        2.164567E+15   1.6813E-11   2.1713E-11   0.77434
FLUX  171   139.50        2.149050E+15   1.9693E-11   2.4790E-11   0.79440
FLUX  172   140.50        2.133754E+15   2.2793E-11   2.8214E-11   0.80788
FLUX  173   141.50        2.118675E+15   2.5675E-11   3.2001E-11   0.80232
FLUX  174   142.50        2.103807E+15   2.8710E-11   3.6215E-11   0.79277
FLUX  175   143.50        2.089146E+15   3.1406E-11   4.0852E-11   0.76877
FLUX  176   144.20        2.079005E+15   3.7519E-11   4.4391E-11   0.84520
FLUX  177   144.70        2.071821E+15   3.8119E-11   4.7577E-11   0.80121
FLUX  178   145.50        2.060430E+15   4.3592E-11   5.2180E-11   0.83542
FLUX  179   146.50        2.046365E+15   4.7437E-11   5.8461E-11   0.81143
FLUX  180   147.50        2.032492E+15   5.2803E-11   6.5356E-11   0.80793
FLUX  181   148.50        2.018805E+15   5.9730E-11   7.2913E-11   0.81920
FLUX  182   149.50        2.005301E+15   7.0838E-11   8.1194E-11   0.87245
FLUX  183   150.50        1.991977E+15   8.1171E-11   9.0235E-11   0.89955
FLUX  184   151.20        1.982755E+15   8.2005E-11   9.7059E-11   0.84490
FLUX  185   151.70        1.976220E+15   9.0860E-11   1.2269E-10   0.74059
FLUX  186   152.50        1.965852E+15   1.0743E-10   2.3791E-10   0.45155
FLUX  187   153.50        1.953046E+15   1.8831E-10   5.0330E-10   0.37416
FLUX  188   154.50        1.940405E+15   2.3637E-10   5.6147E-10   0.42098
FLUX  189   155.50        1.927926E+15   2.7240E-10   6.2443E-10   0.43623
FLUX  190   156.50        1.915607E+15   2.6611E-10   6.9326E-10   0.38386
FLUX  191   157.50        1.903444E+15   3.5622E-10   8.3149E-10   0.42841
FLUX  192   158.50        1.891435E+15   4.0226E-10   9.2244E-10   0.43608
FLUX  193   159.50        1.879577E+15   4.7118E-10   1.0213E-09   0.46135
FLUX  194   160.50        1.867866E+15   4.8992E-10   1.1271E-09   0.43466
FLUX  195   161.50        1.856300E+15   5.4510E-10   1.2393E-09   0.43983
FLUX  196   162.50        1.844877E+15   5.9107E-10   1.4039E-09   0.42101
FLUX  197   163.50        1.833593E+15   7.6004E-10   1.5391E-09   0.49382
FLUX  198   164.50        1.822447E+15   9.6726E-10   1.6824E-09   0.57492
FLUX  199   165.50        1.811435E+15   7.2024E-10   1.8354E-09   0.39242
FLUX  200   166.50        1.800556E+15   1.1947E-09   1.9983E-09   0.59787
FLUX  201   167.20        1.793017E+15   8.7753E-10   2.1184E-09   0.41424
FLUX  202   167.70        1.787671E+15   1.3885E-09   1.3820E-08   0.10047
FLUX  203   168.50        1.779184E+15   2.3075E-09   1.1822E-07   0.01952
FLUX  204   169.50        1.768687E+15   3.9300E-09   1.2493E-07   0.03146
FLUX  205   170.50        1.758314E+15   1.0095E-08   1.3197E-07   0.07649
FLUX  206   171.50        1.748061E+15   2.4286E-08   1.7116E-07   0.14190
FLUX  207   172.50        1.737928E+15   3.4062E-08   1.7989E-07   0.18935
FLUX  208   173.50        1.727911E+15   4.7532E-08   1.8756E-07   0.25342
FLUX  209   174.50        1.718009E+15   4.6900E-08   1.9602E-07   0.23927
FLUX  210   175.50        1.708219E+15   6.8749E-08   2.0352E-07   0.33780
FLUX  211   176.50        1.698541E+15   4.4885E-08   2.1083E-07   0.21289
FLUX  212   177.50        1.688972E+15   6.6652E-08   2.1812E-07   0.30557
FLUX  213   178.50        1.679510E+15   7.1152E-08   2.2535E-07   0.31574
FLUX  214   179.50        1.670153E+15   1.0941E-07   2.3240E-07   0.47081
FLUX  215   180.50        1.660900E+15   7.6288E-08   2.3959E-07   0.31841
FLUX  216   181.50        1.651749E+15   8.9686E-08   2.4659E-07   0.36371
FLUX  217   182.50        1.642699E+15   8.0898E-08   2.5361E-07   0.31899
FLUX  218   183.50        1.633747E+15   8.8632E-08   2.6036E-07   0.34041
FLUX  219   184.50        1.624892E+15   6.6717E-08   2.6708E-07   0.24980
FLUX  220   185.50        1.616132E+15   9.4004E-08   2.7407E-07   0.34299
FLUX  221   186.50        1.607466E+15   1.2803E-07   2.8052E-07   0.45640
FLUX  222   187.50        1.598893E+15   1.1943E-07   2.9646E-07   0.40285
FLUX  223   188.50        1.590411E+15   1.2996E-07   3.0234E-07   0.42986
FLUX  224   189.50        1.582018E+15   1.5019E-07   3.0799E-07   0.48766
FLUX  225   190.50        1.573714E+15   1.3916E-07   3.1334E-07   0.44412
FLUX  226   191.50        1.565496E+15   1.5238E-07   3.1861E-07   0.47827
FLUX  227   192.50        1.557364E+15   1.3006E-07   3.2372E-07   0.40176
FLUX  228   193.50        1.549315E+15   5.9704E-08   3.2864E-07   0.18167
FLUX  229   194.50        1.541350E+15   1.7366E-07   3.3362E-07   0.52053
FLUX  230   195.50        1.533465E+15   1.8993E-07   3.3845E-07   0.56116
FLUX  231   196.70        1.524110E+15   2.2536E-07   3.4410E-07   0.65492
FLUX  232   197.60        1.517169E+15   2.1203E-07   3.7134E-07   0.57099
FLUX  233   198.40        1.511051E+15   2.0242E-07   3.7609E-07   0.53823
FLUX  234   199.50        1.502719E+15   2.1327E-07   3.9491E-07   0.54005
FLUX  235   200.50        1.495224E+15   2.0319E-07   4.0167E-07   0.50586
FLUX  236   201.50        1.487804E+15   2.0602E-07   4.0887E-07   0.50386
FLUX  237   202.50        1.480457E+15   1.7836E-07   4.1594E-07   0.42881
FLUX  238   203.50        1.473182E+15   2.4187E-07   4.2292E-07   0.57190
FLUX  239   204.50        1.465978E+15   2.7391E-07   4.3026E-07   0.63660
FLUX  240   205.50        1.458844E+15   2.5710E-07   4.3729E-07   0.58793
FLUX  241   206.50        1.451780E+15   2.4212E-07   4.4403E-07   0.54528
FLUX  242   207.40        1.445480E+15   2.9737E-07   4.4990E-07   0.66097
FLUX  243   207.80        1.442697E+15   3.9393E-07   7.4969E-07   0.52546
FLUX  244   208.50        1.437854E+15   3.7504E-07   7.6179E-07   0.49232
FLUX  245   209.50        1.430990E+15   3.6598E-07   7.7895E-07   0.46984
FLUX  246   210.50        1.424192E+15   3.7527E-07   7.9577E-07   0.47158
FLUX  247   211.50        1.417459E+15   4.2588E-07   8.1219E-07   0.52436
FLUX  248   212.50        1.410788E+15   3.9863E-07   8.2855E-07   0.48112
FLUX  249   213.50        1.404180E+15   3.3994E-07   8.4495E-07   0.40232
FLUX  250   214.50        1.397634E+15   4.4079E-07   8.6116E-07   0.51186
FLUX  251   215.50        1.391148E+15   4.5222E-07   8.7740E-07   0.51540
FLUX  252   216.50        1.384723E+15   4.1476E-07   8.9379E-07   0.46405
FLUX  253   217.50        1.378356E+15   4.2585E-07   9.1026E-07   0.46783
FLUX  254   218.50        1.372048E+15   4.8436E-07   9.2698E-07   0.52251
FLUX  255   219.50        1.365797E+15   5.3580E-07   9.4389E-07   0.56764
FLUX  256   220.50        1.359603E+15   5.0838E-07   9.6101E-07   0.52900
FLUX  257   221.50        1.353465E+15   4.1295E-07   9.7835E-07   0.42209
FLUX  258   222.50        1.347382E+15   4.3539E-07   9.9855E-07   0.43602
FLUX  259   223.50        1.341353E+15   5.6463E-07   1.0162E-06   0.55560
FLUX  260   224.50        1.335379E+15   5.2536E-07   1.0341E-06   0.50802
FLUX  261   225.50        1.329457E+15   4.2509E-07   1.0692E-06   0.39758
FLUX  262   226.50        1.323587E+15   4.3016E-07   1.0867E-06   0.39583
FLUX  263   227.50        1.317769E+15   5.0475E-07   1.1043E-06   0.45706
FLUX  264   228.50        1.312002E+15   5.6974E-07   1.1219E-06   0.50785
FLUX  265   229.50        1.306285E+15   4.9517E-07   1.1394E-06   0.43459
FLUX  266   230.50        1.300618E+15   5.7303E-07   1.1569E-06   0.49531
FLUX  267   231.50        1.295000E+15   5.4023E-07   1.1745E-06   0.45995
FLUX  268   232.50        1.289430E+15   5.2734E-07   1.1922E-06   0.44232
FLUX  269   233.50        1.283908E+15   3.7080E-07   1.2139E-06   0.30546
FLUX  270   234.50        1.278433E+15   2.4876E-07   1.2315E-06   0.20201
FLUX  271   235.50        1.273004E+15   4.9124E-07   1.2491E-06   0.39328
FLUX  272   236.50        1.267622E+15   2.7391E-07   1.2668E-06   0.21622
FLUX  273   237.50        1.262284E+15   3.9626E-07   1.2846E-06   0.30848
FLUX  274   238.50        1.256992E+15   1.9491E-07   1.3026E-06   0.14963
FLUX  275   239.50        1.251743E+15   2.7460E-07   1.3205E-06   0.20794
FLUX  276   240.50        1.246538E+15   2.7482E-07   1.3385E-06   0.20532
FLUX  277   241.50        1.241377E+15   3.3999E-07   1.3565E-06   0.25063
FLUX  278   242.50        1.236258E+15   5.7049E-07   1.3747E-06   0.41500
FLUX  279   243.50        1.231181E+15   5.6614E-07   1.3928E-06   0.40646
FLUX  280   244.50        1.226145E+15   6.6389E-07   1.4172E-06   0.46846
FLUX  281   245.50        1.221151E+15   6.7560E-07   1.4352E-06   0.47072
FLUX  282   246.50        1.216197E+15   6.5816E-07   1.4533E-06   0.45286
FLUX  283   247.50        1.211283E+15   5.8154E-07   1.4714E-06   0.39522
FLUX  284   248.50        1.206408E+15   5.0974E-07   1.4896E-06   0.34221
FLUX  285   249.50        1.201573E+15   5.1482E-07   1.5078E-06   0.34144
FLUX  286   250.50        1.196776E+15   7.4799E-07   1.5308E-06   0.48862
FLUX  287   251.30        1.192967E+15   4.9998E-07   1.5453E-06   0.32355
FLUX  288   251.80        1.190598E+15   4.5484E-07   1.7811E-06   0.25536
FLUX  289   252.50        1.187297E+15   3.7683E-07   1.7967E-06   0.20974
FLUX  290   253.50        1.182613E+15   3.8115E-07   1.8190E-06   0.20953
FLUX  291   254.50        1.177967E+15   4.3937E-07   1.8414E-06   0.23861
FLUX  292   255.50        1.173356E+15   6.2785E-07   1.8638E-06   0.33687
FLUX  293   256.50        1.168782E+15   5.4995E-07   1.8863E-06   0.29155
FLUX  294   257.50        1.164243E+15   6.8194E-07   1.9089E-06   0.35725
FLUX  295   258.50        1.159739E+15   6.4010E-07   1.9315E-06   0.33140
FLUX  296   259.50        1.155270E+15   6.0049E-07   1.9543E-06   0.30727
FLUX  297   260.50        1.150835E+15   5.1553E-07   1.9770E-06   0.26076
FLUX  298   261.50        1.146434E+15   4.6479E-07   1.9998E-06   0.23242
FLUX  299   262.50        1.142067E+15   6.6307E-07   2.0227E-06   0.32781
FLUX  300   263.50        1.137732E+15   8.8535E-07   2.0476E-06   0.43239
FLUX  301   264.50        1.133431E+15   1.2006E-06   2.0705E-06   0.57985
FLUX  302   265.50        1.129162E+15   1.3558E-06   2.0934E-06   0.64765
FLUX  303   266.50        1.124925E+15   1.0281E-06   2.1163E-06   0.48581
FLUX  304   267.50        1.120720E+15   1.1785E-06   2.1393E-06   0.55088
FLUX  305   268.50        1.116546E+15   1.2345E-06   2.1623E-06   0.57090
FLUX  306   269.50        1.112403E+15   1.0312E-06   2.1854E-06   0.47188
FLUX  307   270.50        1.108290E+15   1.1810E-06   2.2106E-06   0.53425
FLUX  308   271.50        1.104208E+15   9.7393E-07   2.2337E-06   0.43602
FLUX  309   272.50        1.100156E+15   9.9101E-07   2.2568E-06   0.43913
FLUX  310   273.50        1.096133E+15   1.1091E-06   2.2799E-06   0.48647
FLUX  311   274.50        1.092140E+15   6.3688E-07   2.3030E-06   0.27654
FLUX  312   275.50        1.088176E+15   8.2154E-07   2.3262E-06   0.35316
FLUX  313   276.50        1.084241E+15   9.8994E-07   2.3495E-06   0.42135
FLUX  314   277.50        1.080333E+15   1.1898E-06   2.3727E-06   0.50147
FLUX  315   278.50        1.076454E+15   8.4729E-07   2.3960E-06   0.35362
FLUX  316   279.50        1.072603E+15   2.4547E-07   2.4194E-06   0.10146
FLUX  317   280.50        1.068779E+15   3.4564E-07   2.4428E-06   0.14150
FLUX  318   281.50        1.064982E+15   1.1983E-06   2.4662E-06   0.48587
FLUX  319   282.50        1.061212E+15   1.5377E-06   2.4898E-06   0.61760
FLUX  320   283.50        1.057469E+15   1.4618E-06   2.5133E-06   0.58161
FLUX  321   284.50        1.053752E+15   1.3657E-06   2.5369E-06   0.53835
FLUX  322   285.50        1.050061E+15   9.7220E-07   2.5604E-06   0.37970
FLUX  323   286.50        1.046396E+15   1.5174E-06   2.5840E-06   0.58722
FLUX  324   287.50        1.042757E+15   1.5621E-06   2.6076E-06   0.59907
FLUX  325   288.50        1.039142E+15   1.5246E-06   2.6313E-06   0.57941
FLUX  326   289.50        1.035553E+15   1.5094E-06   2.6549E-06   0.56853
FLUX  327   291.00        1.030215E+15   1.8848E-06   2.6919E-06   0.70018
FLUX  328   293.00        1.023183E+15   1.7772E-06   2.7393E-06   0.64878
FLUX  329   295.00        1.016246E+15   1.7733E-06   2.7871E-06   0.63625
FLUX  330   297.00        1.009402E+15   1.9474E-06   2.8347E-06   0.68698
FLUX  331   299.00        1.002651E+15   1.9668E-06   2.8824E-06   0.68237
FLUX  332   301.00        9.959884E+14   2.0823E-06   2.9300E-06   0.71068
FLUX  333   303.00        9.894142E+14   2.0925E-06   2.9778E-06   0.70268
FLUX  334   305.00        9.829262E+14   2.1729E-06   3.0256E-06   0.71817
FLUX  335   307.00        9.765228E+14   2.2198E-06   3.0735E-06   0.72226
FLUX  336   309.00        9.702023E+14   2.3063E-06   3.1225E-06   0.73860
FLUX  337   311.00        9.639630E+14   2.2847E-06   3.1703E-06   0.72064
FLUX  338   313.00        9.578035E+14   2.2938E-06   3.2185E-06   0.71269
FLUX  339   315.00        9.517222E+14   2.3603E-06   3.2662E-06   0.72265
FLUX  340   317.00        9.457177E+14   2.4481E-06   3.3141E-06   0.73869
FLUX  341   319.00        9.397884E+14   2.2692E-06   3.3619E-06   0.67497
FLUX  342   321.00        9.339330E+14   2.4539E-06   3.4098E-06   0.71967
FLUX  343   323.00        9.281502E+14   2.2552E-06   3.4580E-06   0.65219
FLUX  344   325.00        9.224385E+14   2.5495E-06   3.5057E-06   0.72724
FLUX  345   327.00        9.167966E+14   2.7655E-06   3.5534E-06   0.77826
FLUX  346   329.00        9.112234E+14   2.7886E-06   3.6012E-06   0.77435
FLUX  347   331.00        9.057175E+14   2.8958E-06   3.6488E-06   0.79363
FLUX  348   333.00        9.002778E+14   2.8777E-06   3.6964E-06   0.77852
FLUX  349   335.00        8.949030E+14   2.8770E-06   3.7439E-06   0.76846
FLUX  350   337.00        8.895920E+14   2.7520E-06   3.7914E-06   0.72587
FLUX  351   339.00        8.843437E+14   2.9150E-06   3.8389E-06   0.75932
FLUX  352   341.00        8.791569E+14   2.9517E-06   3.8862E-06   0.75955
FLUX  353   343.00        8.740306E+14   3.0675E-06   3.9334E-06   0.77985
FLUX  354   345.00        8.689638E+14   3.1192E-06   3.9807E-06   0.78358
FLUX  355   347.00        8.639553E+14   3.1224E-06   4.0278E-06   0.77520
FLUX  356   349.00        8.590043E+14   3.1981E-06   4.0749E-06   0.78483
FLUX  357   351.00        8.541097E+14   3.3245E-06   4.1218E-06   0.80658
FLUX  358   353.00        8.492705E+14   3.2618E-06   4.1687E-06   0.78245
FLUX  359   355.00        8.444859E+14   3.5714E-06   4.2155E-06   0.84721
FLUX  360   357.00        8.397549E+14   3.2815E-06   4.2624E-06   0.76988
FLUX  361   359.00        8.350766E+14   3.2883E-06   4.3092E-06   0.76308
FLUX  362   361.00        8.304501E+14   3.4002E-06   4.3560E-06   0.78058
FLUX  363   363.00        8.258747E+14   3.4780E-06   4.4025E-06   0.79001
FLUX  364   364.00        8.236058E+14   3.4688E-06   4.4259E-06   0.78376
FLUX  365   365.00        8.213493E+14   3.7758E-06   8.4750E-06   0.44552
FLUX  366   367.00        8.168733E+14   3.7451E-06   8.5347E-06   0.43881
FLUX  367   369.00        8.124458E+14   3.6671E-06   8.5938E-06   0.42672
FLUX  368   371.00        8.080660E+14   4.0257E-06   8.6524E-06   0.46527
FLUX  369   373.00        8.037332E+14   4.0818E-06   8.7103E-06   0.46862
FLUX  370   375.00        7.994467E+14   4.7745E-06   8.7676E-06   0.54456
FLUX  371   377.00        7.952056E+14   5.1679E-06   8.8334E-06   0.58504
FLUX  372   379.00        7.910092E+14   5.7804E-06   8.8901E-06   0.65021
FLUX  373   381.00        7.868570E+14   6.4029E-06   8.9462E-06   0.71571
FLUX  374   383.00        7.827480E+14   5.3432E-06   9.0017E-06   0.59357
FLUX  375   385.00        7.786818E+14   6.7565E-06   9.0576E-06   0.74595
FLUX  376   387.00        7.746576E+14   7.1313E-06   9.1120E-06   0.78262
FLUX  377   389.00        7.706748E+14   5.7347E-06   9.1660E-06   0.62564
FLUX  378   391.00        7.667327E+14   7.1381E-06   9.2193E-06   0.77426
FLUX  379   393.00        7.628308E+14   5.0475E-06   9.2720E-06   0.54438
FLUX  380   395.00        7.589684E+14   7.0150E-06   9.3240E-06   0.75236
FLUX  381   397.00        7.551448E+14   4.8927E-06   9.3754E-06   0.52186
FLUX  382   399.00        7.513596E+14   7.7056E-06   9.4262E-06   0.81747
FLUX  383   401.00        7.476122E+14   8.1566E-06   9.4775E-06   0.86063
FLUX  384   403.00        7.439020E+14   8.2051E-06   9.5275E-06   0.86120
FLUX  385   405.00        7.402284E+14   8.1762E-06   9.5770E-06   0.85373
FLUX  386   407.00        7.365909E+14   8.1259E-06   9.6257E-06   0.84419
FLUX  387   409.00        7.329890E+14   7.9878E-06   9.6736E-06   0.82572
FLUX  388   411.00        7.294221E+14   7.0364E-06   9.7211E-06   0.72383
FLUX  389   413.00        7.258898E+14   8.4702E-06   9.7679E-06   0.86714
FLUX  390   415.00        7.223916E+14   8.7603E-06   9.8144E-06   0.89260
FLUX  391   417.00        7.189269E+14   8.7508E-06   9.8603E-06   0.88747
FLUX  392   419.00        7.154952E+14   8.7406E-06   9.9056E-06   0.88239
FLUX  393   421.00        7.120962E+14   8.8052E-06   9.9503E-06   0.88492
FLUX  394   423.00        7.087293E+14   8.6540E-06   9.9944E-06   0.86589
FLUX  395   425.00        7.053941E+14   8.8813E-06   1.0038E-05   0.88477
FLUX  396   427.00        7.020902E+14   8.8290E-06   1.0081E-05   0.87581
FLUX  397   429.00        6.988170E+14   8.6454E-06   1.0123E-05   0.85400
FLUX  398   431.00        6.955742E+14   8.1180E-06   1.0165E-05   0.79859
FLUX  399   433.00        6.923614E+14   8.3248E-06   1.0207E-05   0.81561
FLUX  400   435.00        6.891782E+14   7.6498E-06   1.0248E-05   0.74648
FLUX  401   437.00        6.860240E+14   9.3402E-06   1.0288E-05   0.90784
FLUX  402   439.00        6.828986E+14   9.2132E-06   1.0328E-05   0.89202
FLUX  403   441.00        6.798016E+14   9.2643E-06   1.0368E-05   0.89357
FLUX  404   443.00        6.767325E+14   9.3975E-06   1.0407E-05   0.90304
FLUX  405   445.00        6.736910E+14   9.4330E-06   1.0445E-05   0.90312
FLUX  406   447.00        6.706767E+14   9.5736E-06   1.0483E-05   0.91327
FLUX  407   449.00        6.676893E+14   9.6782E-06   1.0520E-05   0.91996
FLUX  408   451.00        6.647284E+14   1.0097E-05   1.0557E-05   0.95639
FLUX  409   453.00        6.617936E+14   9.6734E-06   1.0594E-05   0.91313
FLUX  410   455.00        6.588846E+14   9.7732E-06   1.0630E-05   0.91941
FLUX  411   457.00        6.560011E+14   1.0222E-05   1.0665E-05   0.95839
FLUX  412   459.00        6.531427E+14   9.9450E-06   1.0701E-05   0.92939
FLUX  413   461.00        6.503091E+14   1.0208E-05   1.0735E-05   0.95088
FLUX  414   463.00        6.475000E+14   1.0124E-05   1.0770E-05   0.94005
FLUX  415   465.00        6.447151E+14   1.0260E-05   1.0804E-05   0.94964
FLUX  416   467.00        6.419540E+14   1.0436E-05   1.0837E-05   0.96296
FLUX  417   469.00        6.392164E+14   1.0339E-05   1.0870E-05   0.95109
FLUX  418   471.00        6.365021E+14   1.0101E-05   1.0903E-05   0.92647
FLUX  419   473.00        6.338108E+14   1.0512E-05   1.0935E-05   0.96129
FLUX  420   475.00        6.311421E+14   1.0614E-05   1.0967E-05   0.96784
FLUX  421   477.00        6.284958E+14   1.0616E-05   1.0998E-05   0.96528
FLUX  422   479.00        6.258716E+14   1.0623E-05   1.1029E-05   0.96321
FLUX  423   481.00        6.232692E+14   1.0652E-05   1.1059E-05   0.96318
FLUX  424   483.00        6.206884E+14   1.0621E-05   1.1089E-05   0.95783
FLUX  425   485.00        6.181289E+14   9.7711E-06   1.1118E-05   0.87883
FLUX  426   487.00        6.155903E+14   8.4923E-06   1.1147E-05   0.76182
FLUX  427   489.00        6.130726E+14   1.0479E-05   1.1176E-05   0.93759
FLUX  428   491.00        6.105754E+14   1.0641E-05   1.1205E-05   0.94973
FLUX  429   493.00        6.080984E+14   1.0543E-05   1.1233E-05   0.93864
FLUX  430   495.00        6.056414E+14   1.0811E-05   1.1260E-05   0.96007
FLUX  431   497.00        6.032042E+14   1.0980E-05   1.1287E-05   0.97280
FLUX  432   499.00        6.007866E+14   1.0612E-05   1.1314E-05   0.93795
FLUX  433   501.00        5.983882E+14   1.0410E-05   1.1341E-05   0.91792
FLUX  434   503.00        5.960089E+14   1.0856E-05   1.1367E-05   0.95510
FLUX  435   505.00        5.936485E+14   1.0819E-05   1.1392E-05   0.94970
FLUX  436   507.00        5.913067E+14   1.1082E-05   1.1417E-05   0.97062
FLUX  437   509.00        5.889833E+14   1.0953E-05   1.1442E-05   0.95725
FLUX  438   511.00        5.866781E+14   1.1065E-05   1.1467E-05   0.96498
FLUX  439   513.00        5.843908E+14   1.0958E-05   1.1491E-05   0.95365
FLUX  440   515.00        5.821214E+14   1.0829E-05   1.1515E-05   0.94047
FLUX  441   517.00        5.798694E+14   1.0680E-05   1.1539E-05   0.92559
FLUX  442   519.00        5.776349E+14   1.0694E-05   1.1562E-05   0.92495
FLUX  443   521.00        5.754175E+14   1.0866E-05   1.1584E-05   0.93800
FLUX  444   523.00        5.732170E+14   1.0992E-05   1.1607E-05   0.94705
FLUX  445   525.00        5.710333E+14   1.1265E-05   1.1629E-05   0.96874
FLUX  446   527.00        5.688662E+14   1.0659E-05   1.1650E-05   0.91487
FLUX  447   529.00        5.667155E+14   1.1245E-05   1.1672E-05   0.96343
FLUX  448   531.00        5.645810E+14   1.1343E-05   1.1693E-05   0.97008
FLUX  449   533.00        5.624625E+14   1.0966E-05   1.1714E-05   0.93622
FLUX  450   535.00        5.603598E+14   1.1367E-05   1.1734E-05   0.96869
FLUX  451   537.00        5.582728E+14   1.1339E-05   1.1754E-05   0.96467
FLUX  452   539.00        5.562013E+14   1.1348E-05   1.1774E-05   0.96384
FLUX  453   541.00        5.541451E+14   1.1211E-05   1.1793E-05   0.95062
FLUX  454   543.00        5.521041E+14   1.1382E-05   1.1812E-05   0.96359
FLUX  455   545.00        5.500780E+14   1.1525E-05   1.1830E-05   0.97423
FLUX  456   547.00        5.480667E+14   1.1494E-05   1.1848E-05   0.97009
FLUX  457   549.00        5.460701E+14   1.1549E-05   1.1866E-05   0.97325
FLUX  458   551.00        5.440880E+14   1.1586E-05   1.1884E-05   0.97493
FLUX  459   553.00        5.421203E+14   1.1607E-05   1.1901E-05   0.97528
FLUX  460   555.00        5.401667E+14   1.1741E-05   1.1918E-05   0.98516
FLUX  461   557.00        5.382271E+14   1.1602E-05   1.1935E-05   0.97209
FLUX  462   559.00        5.363014E+14   1.1567E-05   1.1951E-05   0.96786
FLUX  463   561.00        5.343895E+14   1.1669E-05   1.1968E-05   0.97502
FLUX  464   563.00        5.324911E+14   1.1797E-05   1.1986E-05   0.98425
FLUX  465   565.00        5.306062E+14   1.1786E-05   1.2001E-05   0.98208
FLUX  466   567.00        5.287346E+14   1.1700E-05   1.2017E-05   0.97366
FLUX  467   569.00        5.268761E+14   1.1825E-05   1.2032E-05   0.98281
FLUX  468   571.00        5.250306E+14   1.1773E-05   1.2047E-05   0.97730
FLUX  469   573.00        5.231981E+14   1.2020E-05   1.2061E-05   0.99655
FLUX  470   575.00        5.213783E+14   1.1933E-05   1.2076E-05   0.98820
FLUX  471   577.00        5.195711E+14   1.1992E-05   1.2090E-05   0.99195
FLUX  472   579.00        5.177763E+14   1.1959E-05   1.2103E-05   0.98807
FLUX  473   581.00        5.159940E+14   1.2029E-05   1.2117E-05   0.99280
FLUX  474   583.00        5.142238E+14   1.2084E-05   1.2130E-05   0.99625
FLUX  475   585.00        5.124658E+14   1.2008E-05   1.2142E-05   0.98896
FLUX  476   587.00        5.107198E+14   1.2052E-05   1.2155E-05   0.99151
FLUX  477   589.00        5.089856E+14   1.1843E-05   1.2167E-05   0.97338
FLUX  478   591.00        5.072631E+14   1.2077E-05   1.2179E-05   0.99161
FLUX  479   593.00        5.055523E+14   1.2090E-05   1.2191E-05   0.99170
FLUX  480   595.00        5.038529E+14   1.2129E-05   1.2203E-05   0.99401
FLUX  481   597.00        5.021650E+14   1.2144E-05   1.2214E-05   0.99427
FLUX  482   599.00        5.004883E+14   1.2128E-05   1.2225E-05   0.99211
FLUX  483   601.00        4.988228E+14   1.2092E-05   1.2236E-05   0.98830
FLUX  484   603.00        4.971683E+14   1.2107E-05   1.2246E-05   0.98862
FLUX  485   605.00        4.955248E+14   1.2206E-05   1.2256E-05   0.99588
FLUX  486   607.00        4.938921E+14   1.2229E-05   1.2267E-05   0.99692
FLUX  487   609.00        4.922701E+14   1.2184E-05   1.2276E-05   0.99249
FLUX  488   611.00        4.906588E+14   1.2149E-05   1.2286E-05   0.98882
FLUX  489   613.00        4.890579E+14   1.1997E-05   1.2295E-05   0.97571
FLUX  490   615.00        4.874675E+14   1.2031E-05   1.2305E-05   0.97781
FLUX  491   617.00        4.858874E+14   1.1979E-05   1.2313E-05   0.97287
FLUX  492   619.00        4.843174E+14   1.2216E-05   1.2322E-05   0.99139
FLUX  493   621.00        4.827576E+14   1.2260E-05   1.2330E-05   0.99425
FLUX  494   623.00        4.812079E+14   1.2164E-05   1.2339E-05   0.98581
FLUX  495   625.00        4.796680E+14   1.1980E-05   1.2347E-05   0.97030
FLUX  496   627.00        4.781380E+14   1.2277E-05   1.2354E-05   0.99372
FLUX  497   629.00        4.766176E+14   1.2301E-05   1.2362E-05   0.99506
FLUX  498   631.00        4.751070E+14   1.2174E-05   1.2369E-05   0.98429
FLUX  499   633.00        4.736058E+14   1.2230E-05   1.2376E-05   0.98824
FLUX  500   635.00        4.721142E+14   1.2257E-05   1.2382E-05   0.98987
FLUX  501   637.00        4.706319E+14   1.2263E-05   1.2389E-05   0.98981
FLUX  502   639.00        4.691588E+14   1.2299E-05   1.2395E-05   0.99228
FLUX  503   641.00        4.676950E+14   1.2190E-05   1.2401E-05   0.98296
FLUX  504   643.00        4.662403E+14   1.2260E-05   1.2407E-05   0.98817
FLUX  505   645.00        4.647946E+14   1.2210E-05   1.2413E-05   0.98365
FLUX  506   647.00        4.633578E+14   1.2253E-05   1.2418E-05   0.98672
FLUX  507   649.00        4.619299E+14   1.2148E-05   1.2423E-05   0.97785
FLUX  508   651.00        4.605108E+14   1.2271E-05   1.2429E-05   0.98729
FLUX  509   653.00        4.591003E+14   1.2247E-05   1.2433E-05   0.98503
FLUX  510   655.00        4.576985E+14   1.1654E-05   1.2441E-05   0.93677
FLUX  511   657.00        4.563052E+14   1.0041E-05   1.2445E-05   0.80684
FLUX  512   659.00        4.549203E+14   1.2101E-05   1.2450E-05   0.97197
FLUX  513   661.00        4.535439E+14   1.2329E-05   1.2454E-05   0.98998
FLUX  514   663.00        4.521757E+14   1.2376E-05   1.2457E-05   0.99348
FLUX  515   665.00        4.508158E+14   1.2399E-05   1.2461E-05   0.99503
FLUX  516   667.00        4.494640E+14   1.2356E-05   1.2465E-05   0.99128
FLUX  517   669.00        4.481203E+14   1.2434E-05   1.2468E-05   0.99730
FLUX  518   671.00        4.467846E+14   1.2398E-05   1.2471E-05   0.99415
FLUX  519   673.00        4.454569E+14   1.2435E-05   1.2474E-05   0.99688
FLUX  520   675.00        4.441370E+14   1.2391E-05   1.2477E-05   0.99308
FLUX  521   677.00        4.428250E+14   1.2435E-05   1.2480E-05   0.99638
FLUX  522   679.00        4.415206E+14   1.2431E-05   1.2482E-05   0.99588
FLUX  523   681.00        4.402239E+14   1.2426E-05   1.2484E-05   0.99533
FLUX  524   683.00        4.389348E+14   1.2436E-05   1.2487E-05   0.99598
FLUX  525   685.00        4.376533E+14   1.2395E-05   1.2489E-05   0.99250
FLUX  526   687.00        4.363792E+14   1.2439E-05   1.2490E-05   0.99590
FLUX  527   689.00        4.351125E+14   1.2455E-05   1.2492E-05   0.99702
FLUX  528   691.00        4.338531E+14   1.2449E-05   1.2494E-05   0.99640
FLUX  529   693.00        4.326010E+14   1.2451E-05   1.2495E-05   0.99646
FLUX  530   695.00        4.313561E+14   1.2450E-05   1.2496E-05   0.99632
FLUX  531   697.00        4.301184E+14   1.2458E-05   1.2497E-05   0.99691
FLUX  532   699.00        4.288877E+14   1.2464E-05   1.2498E-05   0.99726
FLUX  533   701.00        4.276641E+14   1.2372E-05   1.2499E-05   0.98990
FLUX  534   703.00        4.264474E+14   1.2433E-05   1.2499E-05   0.99474
FLUX  535   705.00        4.252376E+14   1.2461E-05   1.2500E-05   0.99688
FLUX  536   707.00        4.240347E+14   1.2452E-05   1.2500E-05   0.99617
FLUX  537   709.00        4.228385E+14   1.2452E-05   1.2500E-05   0.99618
FLUX  538   711.00        4.216491E+14   1.2384E-05   1.2500E-05   0.99073
FLUX  539   713.00        4.204663E+14   1.2401E-05   1.2500E-05   0.99210
FLUX  540   715.00        4.192902E+14   1.2397E-05   1.2499E-05   0.99181
FLUX  541   717.00        4.181206E+14   1.2398E-05   1.2499E-05   0.99192
FLUX  542   719.00        4.169576E+14   1.2334E-05   1.2498E-05   0.98686
FLUX  543   721.00        4.158010E+14   1.2380E-05   1.2497E-05   0.99061
FLUX  544   723.00        4.146508E+14   1.2401E-05   1.2496E-05   0.99236
FLUX  545   725.00        4.135069E+14   1.2427E-05   1.2497E-05   0.99445
FLUX  546   727.00        4.123693E+14   1.2440E-05   1.2496E-05   0.99556
FLUX  547   729.00        4.112380E+14   1.2350E-05   1.2494E-05   0.98847
FLUX  548   731.00        4.101129E+14   1.2400E-05   1.2496E-05   0.99229
FLUX  549   733.00        4.089939E+14   1.2393E-05   1.2494E-05   0.99187
FLUX  550   735.00        4.078810E+14   1.2436E-05   1.2492E-05   0.99551
FLUX  551   737.00        4.067741E+14   1.2451E-05   1.2490E-05   0.99680
FLUX  552   739.00        4.056732E+14   1.2365E-05   1.2488E-05   0.99011
FLUX  553   741.00        4.045783E+14   1.2286E-05   1.2486E-05   0.98401
FLUX  554   743.00        4.034892E+14   1.2346E-05   1.2484E-05   0.98895
FLUX  555   745.00        4.024060E+14   1.2369E-05   1.2481E-05   0.99104
FLUX  556   747.00        4.013286E+14   1.2389E-05   1.2479E-05   0.99282
FLUX  557   749.00        4.002570E+14   1.2363E-05   1.2476E-05   0.99097
FLUX  558   751.00        3.991911E+14   1.2382E-05   1.2473E-05   0.99272
FLUX  559   753.00        3.981308E+14   1.2403E-05   1.2470E-05   0.99461
FLUX  560   755.00        3.970762E+14   1.2433E-05   1.2467E-05   0.99729
FLUX  561   757.00        3.960271E+14   1.2402E-05   1.2464E-05   0.99502
FLUX  562   759.00        3.949835E+14   1.2402E-05   1.2460E-05   0.99530
FLUX  563   761.00        3.939455E+14   1.2396E-05   1.2457E-05   0.99513
FLUX  564   763.00        3.929128E+14   1.2408E-05   1.2453E-05   0.99639
FLUX  565   765.00        3.918856E+14   1.2393E-05   1.2450E-05   0.99547
FLUX  566   767.00        3.908638E+14   1.2296E-05   1.2446E-05   0.98796
FLUX  567   769.00        3.898472E+14   1.2376E-05   1.2442E-05   0.99471
FLUX  568   771.00        3.888359E+14   1.2329E-05   1.2438E-05   0.99125
FLUX  569   773.00        3.878299E+14   1.2370E-05   1.2434E-05   0.99489
FLUX  570   775.00        3.868290E+14   1.2324E-05   1.2430E-05   0.99148
FLUX  571   777.00        3.858333E+14   1.2268E-05   1.2426E-05   0.98736
FLUX  572   779.00        3.848427E+14   1.2390E-05   1.2421E-05   0.99746
FLUX  573   781.00        3.838572E+14   1.2380E-05   1.2417E-05   0.99703
FLUX  574   783.00        3.828768E+14   1.2327E-05   1.2412E-05   0.99316
FLUX  575   785.00        3.819013E+14   1.2326E-05   1.2407E-05   0.99341
FLUX  576   787.00        3.809307E+14   1.2361E-05   1.2403E-05   0.99663
FLUX  577   789.00        3.799651E+14   1.2352E-05   1.2398E-05   0.99634
FLUX  578   791.00        3.790044E+14   1.2333E-05   1.2393E-05   0.99519
FLUX  579   793.00        3.780485E+14   1.2244E-05   1.2388E-05   0.98839
FLUX  580   795.00        3.770975E+14   1.2269E-05   1.2383E-05   0.99087
FLUX  581   797.00        3.761512E+14   1.2353E-05   1.2377E-05   0.99803
FLUX  582   799.00        3.752096E+14   1.2340E-05   1.2372E-05   0.99744
FLUX  583   801.00        3.742728E+14   1.2304E-05   1.2366E-05   0.99493
FLUX  584   803.00        3.733406E+14   1.2305E-05   1.2361E-05   0.99549
FLUX  585   805.00        3.724130E+14   1.2287E-05   1.2355E-05   0.99446
FLUX  586   807.00        3.714901E+14   1.2318E-05   1.2349E-05   0.99747
FLUX  587   809.00        3.705717E+14   1.2266E-05   1.2343E-05   0.99375
FLUX  588   811.00        3.696578E+14   1.2316E-05   1.2337E-05   0.99823
FLUX  589   813.00        3.687485E+14   1.2323E-05   1.2331E-05   0.99928
FLUX  590   815.00        3.678436E+14   1.2308E-05   1.2325E-05   0.99858
FLUX  591   817.00        3.669431E+14   1.2300E-05   1.2319E-05   0.99847
FLUX  592   819.00        3.660470E+14   1.2143E-05   1.2313E-05   0.98624
FLUX  593   821.00        3.651553E+14   1.2205E-05   1.2663E-05   0.96388
FLUX  594   823.00        3.642679E+14   1.2177E-05   1.2656E-05   0.96215
FLUX  595   825.00        3.633848E+14   1.2203E-05   1.2650E-05   0.96471
FLUX  596   827.00        3.625060E+14   1.2279E-05   1.2643E-05   0.97118
FLUX  597   829.00        3.616315E+14   1.2265E-05   1.2637E-05   0.97057
FLUX  598   831.00        3.607611E+14   1.2212E-05   1.2630E-05   0.96687
FLUX  599   833.00        3.598950E+14   1.2118E-05   1.2624E-05   0.95997
FLUX  600   835.00        3.590329E+14   1.2219E-05   1.2617E-05   0.96850
FLUX  601   837.00        3.581750E+14   1.2228E-05   1.2610E-05   0.96970
FLUX  602   839.00        3.573212E+14   1.2145E-05   1.2603E-05   0.96362
FLUX  603   841.00        3.564715E+14   1.2205E-05   1.2596E-05   0.96897
FLUX  604   843.00        3.556257E+14   1.2162E-05   1.2589E-05   0.96605
FLUX  605   845.00        3.547840E+14   1.2104E-05   1.2582E-05   0.96203
FLUX  606   847.00        3.539463E+14   1.2066E-05   1.2575E-05   0.95949
FLUX  607   849.00        3.531125E+14   1.2138E-05   1.2568E-05   0.96579
FLUX  608   851.00        3.522826E+14   1.1656E-05   1.2561E-05   0.92796
FLUX  609   853.00        3.514566E+14   1.2141E-05   1.2553E-05   0.96714
FLUX  610   855.00        3.506345E+14   1.0907E-05   1.2546E-05   0.86934
FLUX  611   857.00        3.498162E+14   1.2271E-05   1.2539E-05   0.97863
FLUX  612   859.00        3.490017E+14   1.2005E-05   1.2531E-05   0.95802
FLUX  613   861.00        3.481911E+14   1.1870E-05   1.2523E-05   0.94780
FLUX  614   863.00        3.473841E+14   1.2290E-05   1.2516E-05   0.98196
FLUX  615   865.00        3.465809E+14   1.2172E-05   1.2508E-05   0.97313
FLUX  616   867.00        3.457814E+14   1.0778E-05   1.2501E-05   0.86220
FLUX  617   869.00        3.449856E+14   1.2099E-05   1.2493E-05   0.96850
FLUX  618   871.00        3.441935E+14   1.2311E-05   1.2485E-05   0.98610
FLUX  619   873.00        3.434049E+14   1.2226E-05   1.2477E-05   0.97986
FLUX  620   875.00        3.426200E+14   1.1288E-05   1.2469E-05   0.90530
FLUX  621   877.00        3.418387E+14   1.2151E-05   1.2461E-05   0.97514
FLUX  622   879.00        3.410609E+14   1.2301E-05   1.2453E-05   0.98781
FLUX  623   881.00        3.402866E+14   1.2247E-05   1.2445E-05   0.98405
FLUX  624   883.00        3.395159E+14   1.2221E-05   1.2437E-05   0.98261
FLUX  625   885.00        3.387486E+14   1.1984E-05   1.2429E-05   0.96416
FLUX  626   887.00        3.379848E+14   1.1179E-05   1.2421E-05   0.90002
FLUX  627   889.00        3.372244E+14   1.2207E-05   1.2412E-05   0.98342
FLUX  628   891.00        3.364675E+14   1.2278E-05   1.2404E-05   0.98979
FLUX  629   893.00        3.357139E+14   1.2236E-05   1.2396E-05   0.98712
FLUX  630   895.00        3.349637E+14   1.2295E-05   1.2387E-05   0.99250
FLUX  631   897.00        3.342168E+14   1.2281E-05   1.2379E-05   0.99210
FLUX  632   899.00        3.334733E+14   1.2205E-05   1.2371E-05   0.98660
FLUX  633   901.00        3.327331E+14   1.1144E-05   1.2362E-05   0.90151
FLUX  634   903.00        3.319961E+14   1.1812E-05   1.2353E-05   0.95619
FLUX  635   905.00        3.312624E+14   1.2238E-05   1.2345E-05   0.99136
FLUX  636   907.00        3.305320E+14   1.2101E-05   1.2336E-05   0.98091
FLUX  637   909.00        3.298047E+14   1.1960E-05   1.2327E-05   0.97017
FLUX  638   911.00        3.290807E+14   1.2160E-05   1.2319E-05   0.98709
FLUX  639   913.00        3.283598E+14   1.2271E-05   1.2310E-05   0.99686
FLUX  640   915.00        3.276421E+14   1.2270E-05   1.2301E-05   0.99747
FLUX  641   917.00        3.269275E+14   1.2241E-05   1.2292E-05   0.99586
FLUX  642   919.00        3.262160E+14   1.2206E-05   1.2283E-05   0.99373
FLUX  643   921.00        3.255076E+14   1.1938E-05   1.2274E-05   0.97263
FLUX  644   923.00        3.248023E+14   1.0834E-05   1.2265E-05   0.88333
FLUX  645   925.00        3.241000E+14   1.1808E-05   1.2256E-05   0.96347
FLUX  646   927.00        3.234008E+14   1.2061E-05   1.2247E-05   0.98482
FLUX  647   929.00        3.227045E+14   1.2187E-05   1.2238E-05   0.99581
FLUX  648   931.00        3.220113E+14   1.2208E-05   1.2229E-05   0.99825
FLUX  649   933.00        3.213210E+14   1.2188E-05   1.2220E-05   0.99737
FLUX  650   935.00        3.206337E+14   1.2182E-05   1.2211E-05   0.99760
FLUX  651   937.00        3.199493E+14   1.2176E-05   1.2202E-05   0.99791
FLUX  652   939.00        3.192678E+14   1.2162E-05   1.2193E-05   0.99752
FLUX  653   941.00        3.185893E+14   1.1872E-05   1.2183E-05   0.97443
FLUX  654   943.00        3.179136E+14   1.2089E-05   1.2174E-05   0.99302
FLUX  655   945.00        3.172407E+14   1.2079E-05   1.2165E-05   0.99293
FLUX  656   947.00        3.165707E+14   1.2130E-05   1.2156E-05   0.99787
FLUX  657   949.00        3.159036E+14   1.2112E-05   1.2146E-05   0.99722
FLUX  658   951.00        3.152392E+14   1.2043E-05   1.2137E-05   0.99227
FLUX  659   953.00        3.145776E+14   1.1823E-05   1.2128E-05   0.97490
FLUX  660   955.00        3.139188E+14   1.0746E-05   1.2118E-05   0.88674
FLUX  661   957.00        3.132628E+14   1.1850E-05   1.2109E-05   0.97867
FLUX  662   959.00        3.126095E+14   1.2023E-05   1.2099E-05   0.99367
FLUX  663   961.00        3.119589E+14   1.1983E-05   1.2090E-05   0.99121
FLUX  664   963.00        3.113110E+14   1.1942E-05   1.2080E-05   0.98854
FLUX  665   965.00        3.106658E+14   1.1996E-05   1.2071E-05   0.99382
FLUX  666   967.00        3.100233E+14   1.1920E-05   1.2061E-05   0.98830
FLUX  667   969.00        3.093834E+14   1.1978E-05   1.2051E-05   0.99393
FLUX  668   971.00        3.087461E+14   1.2020E-05   1.2042E-05   0.99819
FLUX  669   973.00        3.081115E+14   1.2011E-05   1.2032E-05   0.99821
FLUX  670   975.00        3.074795E+14   1.1943E-05   1.2023E-05   0.99340
FLUX  671   977.00        3.068501E+14   1.1980E-05   1.2013E-05   0.99726
FLUX  672   979.00        3.062232E+14   1.1968E-05   1.2003E-05   0.99706
FLUX  673   981.00        3.055989E+14   1.1973E-05   1.1993E-05   0.99831
FLUX  674   983.00        3.049771E+14   1.1959E-05   1.1984E-05   0.99791
FLUX  675   985.00        3.043579E+14   1.1932E-05   1.1974E-05   0.99646
FLUX  676   987.00        3.037411E+14   1.1909E-05   1.1964E-05   0.99534
FLUX  677   989.00        3.031269E+14   1.1868E-05   1.1954E-05   0.99277
FLUX  678   991.00        3.025151E+14   1.1874E-05   1.1945E-05   0.99406
FLUX  679   993.00        3.019058E+14   1.1902E-05   1.1935E-05   0.99727
FLUX  680   995.00        3.012990E+14   1.1898E-05   1.1925E-05   0.99771
FLUX  681   997.00        3.006946E+14   1.1890E-05   1.1915E-05   0.99791
FLUX  682   999.00        3.000926E+14   1.1861E-05   1.1905E-05   0.99625
FLUX  683  1002.50        2.990449E+14   1.1570E-05   1.1888E-05   0.97326
FLUX  684  1007.50        2.975608E+14   1.1306E-05   1.1863E-05   0.95305
FLUX  685  1012.50        2.960914E+14   1.1761E-05   1.1838E-05   0.99344
FLUX  686  1017.50        2.946364E+14   1.1749E-05   1.1814E-05   0.99452
FLUX  687  1022.50        2.931956E+14   1.1756E-05   1.1789E-05   0.99724
FLUX  688  1027.50        2.917689E+14   1.1752E-05   1.1764E-05   0.99895
FLUX  689  1032.50        2.903559E+14   1.1670E-05   1.1739E-05   0.99407
FLUX  690  1037.50        2.889566E+14   1.1675E-05   1.1714E-05   0.99660
FLUX  691  1042.50        2.875707E+14   1.1668E-05   1.1690E-05   0.99818
FLUX  692  1047.50        2.861981E+14   1.1551E-05   1.1665E-05   0.99024
FLUX  693  1052.50        2.848385E+14   1.1597E-05   1.1639E-05   0.99631
FLUX  694  1057.50        2.834917E+14   1.1554E-05   1.1614E-05   0.99485
FLUX  695  1062.50        2.821576E+14   1.1514E-05   1.1589E-05   0.99350
FLUX  696  1067.50        2.808361E+14   1.1340E-05   1.1564E-05   0.98069
FLUX  697  1072.50        2.795268E+14   1.1425E-05   1.1538E-05   0.99023
FLUX  698  1077.50        2.782297E+14   1.1408E-05   1.1513E-05   0.99087
FLUX  699  1082.50        2.769446E+14   1.1340E-05   1.1488E-05   0.98712
FLUX  700  1087.50        2.756713E+14   1.1311E-05   1.1463E-05   0.98674
FLUX  701  1092.50        2.744096E+14   1.0646E-05   1.1438E-05   0.93080
FLUX  702  1097.50        2.731595E+14   1.1106E-05   1.1412E-05   0.97312
FLUX  703  1102.50        2.719206E+14   1.1324E-05   1.1387E-05   0.99446
FLUX  704  1107.50        2.706930E+14   1.1344E-05   1.1362E-05   0.99843
FLUX  705  1112.50        2.694764E+14   1.1293E-05   1.1337E-05   0.99613
FLUX  706  1117.50        2.682707E+14   1.1257E-05   1.1311E-05   0.99522
FLUX  707  1122.50        2.670757E+14   1.1264E-05   1.1286E-05   0.99806
FLUX  708  1127.50        2.658914E+14   1.1134E-05   1.1261E-05   0.98877
FLUX  709  1132.50        2.647174E+14   1.1125E-05   1.1236E-05   0.99014
FLUX  710  1137.50        2.635538E+14   1.1147E-05   1.1211E-05   0.99430
FLUX  711  1142.50        2.624004E+14   1.1067E-05   1.1186E-05   0.98940
FLUX  712  1147.50        2.612571E+14   1.1140E-05   1.1161E-05   0.99816
FLUX  713  1152.50        2.601236E+14   1.1119E-05   1.1135E-05   0.99853
FLUX  714  1157.50        2.590000E+14   1.1072E-05   1.1110E-05   0.99660
FLUX  715  1162.50        2.578860E+14   1.0958E-05   1.1085E-05   0.98853
FLUX  716  1167.50        2.567816E+14   1.0915E-05   1.1060E-05   0.98687
FLUX  717  1172.50        2.556866E+14   1.1021E-05   1.1035E-05   0.99871
FLUX  718  1177.50        2.546008E+14   1.0840E-05   1.1010E-05   0.98456
FLUX  719  1182.50        2.535243E+14   1.0875E-05   1.0985E-05   0.98993
FLUX  720  1187.50        2.524568E+14   1.0809E-05   1.0960E-05   0.98616
FLUX  721  1192.50        2.513983E+14   1.0930E-05   1.0935E-05   0.99953
FLUX  722  1197.50        2.503486E+14   1.0760E-05   1.0911E-05   0.98619
FLUX  723  1202.50        2.493077E+14   1.0818E-05   1.0886E-05   0.99379
FLUX  724  1207.50        2.482754E+14   1.0774E-05   1.0861E-05   0.99198
FLUX  725  1212.50        2.472515E+14   1.0775E-05   1.0836E-05   0.99435
FLUX  726  1217.50        2.462361E+14   1.0798E-05   1.0811E-05   0.99876
FLUX  727  1222.50        2.452290E+14   1.0768E-05   1.0787E-05   0.99829
FLUX  728  1227.50        2.442301E+14   1.0715E-05   1.0762E-05   0.99564
FLUX  729  1232.50        2.432394E+14   1.0711E-05   1.0738E-05   0.99753
FLUX  730  1237.50        2.422566E+14   1.0686E-05   1.0713E-05   0.99747
FLUX  731  1242.50        2.412817E+14   1.0669E-05   1.0689E-05   0.99815
FLUX  732  1247.50        2.403146E+14   1.0649E-05   1.0664E-05   0.99857
FLUX  733  1252.50        2.393553E+14   1.0607E-05   1.0640E-05   0.99691
FLUX  734  1257.50        2.384036E+14   1.0558E-05   1.0616E-05   0.99456
FLUX  735  1262.50        2.374594E+14   1.0543E-05   1.0592E-05   0.99542
FLUX  736  1267.50        2.365227E+14   1.0536E-05   1.0568E-05   0.99702
FLUX  737  1272.50        2.355933E+14   1.0507E-05   1.0544E-05   0.99650
FLUX  738  1277.50        2.346712E+14   1.0366E-05   1.0520E-05   0.98540
FLUX  739  1282.50        2.337563E+14   9.4981E-06   1.0496E-05   0.90494
FLUX  740  1287.50        2.328485E+14   1.0343E-05   1.0472E-05   0.98768
FLUX  741  1292.50        2.319478E+14   1.0399E-05   1.0448E-05   0.99529
FLUX  742  1297.50        2.310539E+14   1.0405E-05   1.0425E-05   0.99809
FLUX  743  1302.50        2.301670E+14   1.0376E-05   1.0401E-05   0.99763
FLUX  744  1307.50        2.292868E+14   1.0367E-05   1.0377E-05   0.99905
FLUX  745  1312.50        2.284133E+14   1.0305E-05   1.0353E-05   0.99534
FLUX  746  1317.50        2.275465E+14   1.0267E-05   1.0330E-05   0.99392
FLUX  747  1322.50        2.266862E+14   1.0294E-05   1.0306E-05   0.99884
FLUX  748  1327.50        2.258324E+14   1.0245E-05   1.0283E-05   0.99630
FLUX  749  1332.50        2.249850E+14   1.0238E-05   1.0259E-05   0.99793
FLUX  750  1337.50        2.241439E+14   1.0210E-05   1.0236E-05   0.99749
FLUX  751  1342.50        2.233091E+14   1.0200E-05   1.0212E-05   0.99885
FLUX  752  1347.50        2.224805E+14   1.0175E-05   1.0189E-05   0.99863
FLUX  753  1352.50        2.216580E+14   1.0140E-05   1.0165E-05   0.99752
FLUX  754  1357.50        2.208416E+14   1.0091E-05   1.0142E-05   0.99500
FLUX  755  1362.50        2.200312E+14   1.0097E-05   1.0119E-05   0.99781
FLUX  756  1367.50        2.192267E+14   1.0065E-05   1.0096E-05   0.99699
FLUX  757  1372.50        2.184281E+14   9.9845E-06   1.0072E-05   0.99130
FLUX  758  1377.50        2.176352E+14   1.0000E-05   1.0049E-05   0.99519
FLUX  759  1382.50        2.168481E+14   9.9824E-06   1.0025E-05   0.99570
FLUX  760  1387.50        2.160667E+14   9.9892E-06   1.0002E-05   0.99871
FLUX  761  1392.50        2.152908E+14   9.9442E-06   9.9787E-06   0.99654
FLUX  762  1397.50        2.145206E+14   9.9267E-06   9.9553E-06   0.99713
FLUX  763  1402.50        2.137558E+14   9.8905E-06   9.9319E-06   0.99583
FLUX  764  1407.50        2.129964E+14   9.8903E-06   9.9086E-06   0.99816
FLUX  765  1412.50        2.122425E+14   9.8358E-06   9.8852E-06   0.99501
FLUX  766  1417.50        2.114938E+14   9.8442E-06   9.8618E-06   0.99821
FLUX  767  1422.50        2.107504E+14   9.7737E-06   9.8383E-06   0.99343
FLUX  768  1427.50        2.100123E+14   9.7290E-06   9.8148E-06   0.99126
FLUX  769  1432.50        2.092792E+14   9.7641E-06   9.7912E-06   0.99723
FLUX  770  1437.50        2.085513E+14   9.7570E-06   9.7675E-06   0.99893
FLUX  771  1442.50        2.078284E+14   9.5516E-06   9.7438E-06   0.98028
FLUX  772  1447.50        2.071105E+14   9.6977E-06   9.7199E-06   0.99771
FLUX  773  1452.50        2.063976E+14   9.5797E-06   9.6960E-06   0.98800
FLUX  774  1457.00        2.057601E+14   9.6224E-06   9.6745E-06   0.99462
FLUX  775  1462.00        2.050564E+14   9.5928E-06   9.8562E-06   0.97328
FLUX  776  1467.50        2.042879E+14   9.5926E-06   9.8314E-06   0.97571
FLUX  777  1472.50        2.035942E+14   9.5289E-06   9.8088E-06   0.97146
FLUX  778  1477.50        2.029052E+14   9.4929E-06   9.7861E-06   0.97004
FLUX  779  1482.50        2.022209E+14   9.4925E-06   9.7632E-06   0.97228
FLUX  780  1487.50        2.015412E+14   9.3999E-06   9.7401E-06   0.96508
FLUX  781  1492.50        2.008660E+14   9.4948E-06   9.7168E-06   0.97715
FLUX  782  1497.50        2.001953E+14   9.4389E-06   9.6933E-06   0.97375
FLUX  783  1502.50        1.995291E+14   9.3512E-06   9.6697E-06   0.96706
FLUX  784  1507.50        1.988673E+14   9.3211E-06   9.6459E-06   0.96633
FLUX  785  1512.50        1.982099E+14   9.3768E-06   9.6218E-06   0.97453
FLUX  786  1517.50        1.975568E+14   9.3606E-06   9.5976E-06   0.97531
FLUX  787  1522.50        1.969080E+14   9.3041E-06   9.5730E-06   0.97191
FLUX  788  1527.50        1.962635E+14   9.2862E-06   9.5482E-06   0.97256
FLUX  789  1532.50        1.956232E+14   9.2521E-06   9.5231E-06   0.97155
FLUX  790  1537.50        1.949870E+14   9.2396E-06   9.4976E-06   0.97283
FLUX  791  1542.50        1.943549E+14   9.1458E-06   9.4719E-06   0.96557
FLUX  792  1547.50        1.937270E+14   9.1815E-06   9.4459E-06   0.97201
FLUX  793  1552.50        1.931031E+14   9.1602E-06   9.4196E-06   0.97246
FLUX  794  1557.50        1.924831E+14   9.0228E-06   9.3928E-06   0.96060
FLUX  795  1562.50        1.918672E+14   9.1671E-06   9.3657E-06   0.97879
FLUX  796  1567.50        1.912552E+14   9.0157E-06   9.3382E-06   0.96546
FLUX  797  1572.50        1.906471E+14   8.8836E-06   9.3104E-06   0.95417
FLUX  798  1577.50        1.900428E+14   8.9891E-06   9.2821E-06   0.96843
FLUX  799  1582.50        1.894423E+14   9.0164E-06   9.2533E-06   0.97439
FLUX  800  1587.50        1.888457E+14   8.5372E-06   9.2240E-06   0.92554
FLUX  801  1592.50        1.882527E+14   8.9114E-06   9.1942E-06   0.96924
FLUX  802  1597.50        1.876635E+14   8.9843E-06   9.1639E-06   0.98041
FLUX  803  1605.00        1.867866E+14   8.8619E-06   9.1172E-06   0.97199
FLUX  804  1615.00        1.856300E+14   8.5590E-06   9.0525E-06   0.94548
FLUX  805  1625.00        1.844877E+14   8.8813E-06   8.9845E-06   0.98851
FLUX  806  1635.00        1.833593E+14   8.6429E-06   8.9112E-06   0.96989
FLUX  807  1645.00        1.822447E+14   8.2832E-06   8.8309E-06   0.93798
FLUX  808  1655.00        1.811435E+14   8.6752E-06   8.7463E-06   0.99188
FLUX  809  1665.00        1.800556E+14   8.6064E-06   8.6628E-06   0.99348
FLUX  810  1675.00        1.789806E+14   8.3206E-06   8.5806E-06   0.96970
FLUX  811  1685.00        1.779184E+14   7.9407E-06   8.4994E-06   0.93426
FLUX  812  1695.00        1.768687E+14   8.3769E-06   8.4194E-06   0.99496
FLUX  813  1705.00        1.758314E+14   8.2861E-06   8.3404E-06   0.99349
FLUX  814  1715.00        1.748061E+14   8.2213E-06   8.2625E-06   0.99501
FLUX  815  1725.00        1.737928E+14   8.0773E-06   8.1857E-06   0.98676
FLUX  816  1735.00        1.727911E+14   7.4419E-06   8.1099E-06   0.91763
FLUX  817  1745.00        1.718009E+14   7.8668E-06   8.0350E-06   0.97907
FLUX  818  1755.00        1.708219E+14   7.9067E-06   7.9611E-06   0.99316
FLUX  819  1765.00        1.698541E+14   7.8326E-06   7.8883E-06   0.99295
FLUX  820  1775.00        1.688972E+14   7.7791E-06   7.8163E-06   0.99523
FLUX  821  1785.00        1.679510E+14   7.7125E-06   7.7454E-06   0.99575
FLUX  822  1795.00        1.670153E+14   7.6592E-06   7.6754E-06   0.99789
FLUX  823  1805.00        1.660900E+14   7.5443E-06   7.6063E-06   0.99185
FLUX  824  1815.00        1.651749E+14   6.9919E-06   7.5381E-06   0.92755
FLUX  825  1825.00        1.642699E+14   7.3001E-06   7.4708E-06   0.97715
FLUX  826  1835.00        1.633747E+14   7.3656E-06   7.4043E-06   0.99476
FLUX  827  1845.00        1.624892E+14   7.2947E-06   7.3387E-06   0.99399
FLUX  828  1855.00        1.616132E+14   7.2348E-06   7.2740E-06   0.99461
FLUX  829  1865.00        1.607466E+14   7.1294E-06   7.2101E-06   0.98881
FLUX  830  1875.00        1.598893E+14   6.5525E-06   7.1469E-06   0.91683
FLUX  831  1885.00        1.590411E+14   6.9840E-06   7.0845E-06   0.98581
FLUX  832  1895.00        1.582018E+14   6.9208E-06   7.0230E-06   0.98545
FLUX  833  1905.00        1.573714E+14   6.9444E-06   6.9622E-06   0.99744
FLUX  834  1915.00        1.565496E+14   6.8786E-06   6.9022E-06   0.99658
FLUX  835  1925.00        1.557364E+14   6.8164E-06   6.8430E-06   0.99612
FLUX  836  1935.00        1.549315E+14   6.7037E-06   6.7844E-06   0.98810
FLUX  837  1945.00        1.541350E+14   6.1999E-06   6.7266E-06   0.92170
FLUX  838  1955.00        1.533465E+14   6.5978E-06   6.6695E-06   0.98924
FLUX  839  1965.00        1.525662E+14   6.5871E-06   6.6132E-06   0.99606
FLUX  840  1975.00        1.517937E+14   6.5155E-06   6.5575E-06   0.99359
FLUX  841  1985.00        1.510290E+14   6.4819E-06   6.5025E-06   0.99684
FLUX  842  1995.00        1.502719E+14   6.4273E-06   6.4482E-06   0.99675
FLUX  843  2005.00        1.495224E+14   6.3839E-06   6.3945E-06   0.99834
FLUX  844  2015.00        1.487804E+14   6.3385E-06   6.3416E-06   0.99952
FLUX  845  2025.00        1.480457E+14   6.2730E-06   6.2892E-06   0.99742
FLUX  846  2035.00        1.473182E+14   6.2057E-06   6.2375E-06   0.99491
FLUX  847  2045.00        1.465978E+14   6.1830E-06   6.1864E-06   0.99944
FLUX  848  2055.00        1.458844E+14   6.1292E-06   6.1359E-06   0.99890
FLUX  849  2065.00        1.451780E+14   6.0635E-06   6.0861E-06   0.99628
FLUX  850  2075.00        1.444783E+14   6.0244E-06   6.0368E-06   0.99795
FLUX  851  2085.00        1.437854E+14   5.9784E-06   5.9882E-06   0.99837
FLUX  852  2095.00        1.430990E+14   5.9180E-06   5.9401E-06   0.99628
FLUX  853  2105.00        1.424192E+14   5.8818E-06   5.8926E-06   0.99817
FLUX  854  2115.00        1.417459E+14   5.8263E-06   5.8456E-06   0.99670
FLUX  855  2125.00        1.410788E+14   5.7800E-06   5.7992E-06   0.99670
FLUX  856  2135.00        1.404180E+14   5.7374E-06   5.7533E-06   0.99723
FLUX  857  2145.00        1.397634E+14   5.7008E-06   5.7080E-06   0.99874
FLUX  858  2155.00        1.391148E+14   5.6272E-06   5.6632E-06   0.99364
FLUX  859  2165.00        1.384723E+14   5.2269E-06   5.6189E-06   0.93024
FLUX  860  2175.00        1.378356E+14   5.5085E-06   5.5751E-06   0.98806
FLUX  861  2185.00        1.372048E+14   5.5098E-06   5.5318E-06   0.99601
FLUX  862  2195.00        1.365797E+14   5.4868E-06   5.4890E-06   0.99959
FLUX  863  2205.00        1.359603E+14   5.4245E-06   5.4467E-06   0.99593
FLUX  864  2215.00        1.353465E+14   5.3905E-06   5.4049E-06   0.99735
FLUX  865  2225.00        1.347382E+14   5.3588E-06   5.3635E-06   0.99913
FLUX  866  2235.00        1.341353E+14   5.3180E-06   5.3226E-06   0.99913
FLUX  867  2245.00        1.335379E+14   5.2780E-06   5.2822E-06   0.99920
FLUX  868  2255.00        1.329457E+14   5.2188E-06   5.2422E-06   0.99553
FLUX  869  2265.00        1.323587E+14   5.1909E-06   5.2027E-06   0.99774
FLUX  870  2275.00        1.317769E+14   5.1568E-06   5.1636E-06   0.99870
FLUX  871  2285.00        1.312002E+14   5.1131E-06   5.1611E-06   0.99070
FLUX  872  2295.00        1.306285E+14   5.0773E-06   5.1224E-06   0.99119
FLUX  873  2305.00        1.300618E+14   5.0477E-06   5.0841E-06   0.99284
FLUX  874  2315.00        1.295000E+14   5.0066E-06   5.0463E-06   0.99213
FLUX  875  2325.00        1.289430E+14   4.9737E-06   5.0088E-06   0.99298
FLUX  876  2335.00        1.283908E+14   4.9330E-06   4.9718E-06   0.99219
FLUX  877  2345.00        1.278433E+14   4.9024E-06   4.9352E-06   0.99335
FLUX  878  2355.00        1.273004E+14   4.8654E-06   4.8990E-06   0.99315
FLUX  879  2365.00        1.267622E+14   4.8324E-06   4.8631E-06   0.99368
FLUX  880  2375.00        1.262284E+14   4.7899E-06   4.8277E-06   0.99217
FLUX  881  2385.00        1.256992E+14   4.7554E-06   4.7927E-06   0.99224
FLUX  882  2395.00        1.251743E+14   4.7265E-06   4.7580E-06   0.99338
FLUX  883  2405.00        1.246538E+14   4.6902E-06   4.7237E-06   0.99291
FLUX  884  2415.00        1.241377E+14   4.6538E-06   4.6897E-06   0.99233
FLUX  885  2425.00        1.236258E+14   4.6246E-06   4.6562E-06   0.99323
FLUX  886  2435.00        1.231181E+14   4.5853E-06   4.6230E-06   0.99185
FLUX  887  2445.00        1.226145E+14   4.5565E-06   4.5901E-06   0.99267
FLUX  888  2455.00        1.221151E+14   4.5165E-06   4.5576E-06   0.99100
FLUX  889  2465.00        1.216197E+14   4.4927E-06   4.5254E-06   0.99277
FLUX  890  2475.00        1.211283E+14   4.4565E-06   4.4935E-06   0.99176
FLUX  891  2485.00        1.206408E+14   4.4192E-06   4.4620E-06   0.99040
FLUX  892  2495.00        1.201573E+14   4.3820E-06   4.4308E-06   0.98897
FLUX  893  2505.00        1.196776E+14   4.3756E-06   4.4000E-06   0.99445
FLUX  894  2515.00        1.192018E+14   4.3453E-06   4.3694E-06   0.99447
FLUX  895  2525.00        1.187297E+14   4.2854E-06   4.3392E-06   0.98760
FLUX  896  2535.00        1.182613E+14   4.2844E-06   4.3093E-06   0.99422
FLUX  897  2545.00        1.177967E+14   4.2576E-06   4.2797E-06   0.99484
FLUX  898  2555.00        1.173356E+14   4.2203E-06   4.2504E-06   0.99292
FLUX  899  2565.00        1.168782E+14   4.1403E-06   4.2214E-06   0.98080
FLUX  900  2575.00        1.164243E+14   4.1712E-06   4.1927E-06   0.99488
FLUX  901  2585.00        1.159739E+14   4.1342E-06   4.1642E-06   0.99280
FLUX  902  2595.00        1.155270E+14   4.1196E-06   4.1361E-06   0.99600
FLUX  903  2605.00        1.150835E+14   4.0742E-06   4.1083E-06   0.99170
FLUX  904  2615.00        1.146434E+14   3.9715E-06   4.0807E-06   0.97325
FLUX  905  2625.00        1.142067E+14   3.7972E-06   4.0534E-06   0.93680
FLUX  906  2635.00        1.137732E+14   3.9821E-06   4.0264E-06   0.98900
FLUX  907  2645.00        1.133431E+14   3.9785E-06   3.9996E-06   0.99472
FLUX  908  2655.00        1.129162E+14   3.9566E-06   3.9731E-06   0.99584
FLUX  909  2665.00        1.124925E+14   3.9076E-06   3.9469E-06   0.99004
FLUX  910  2675.00        1.120720E+14   3.7909E-06   3.9209E-06   0.96683
FLUX  911  2685.00        1.116546E+14   3.8742E-06   3.8952E-06   0.99461
FLUX  912  2695.00        1.112403E+14   3.8662E-06   3.8698E-06   0.99907
FLUX  913  2705.00        1.108290E+14   3.8407E-06   3.8445E-06   0.99899
FLUX  914  2715.00        1.104208E+14   3.8163E-06   3.8196E-06   0.99914
FLUX  915  2725.00        1.100156E+14   3.7919E-06   3.7948E-06   0.99924
FLUX  916  2735.00        1.096133E+14   3.7672E-06   3.7703E-06   0.99917
FLUX  917  2745.00        1.092140E+14   3.7358E-06   3.7460E-06   0.99728
FLUX  918  2755.00        1.088176E+14   3.5902E-06   3.7220E-06   0.96460
FLUX  919  2765.00        1.084241E+14   3.6498E-06   3.6982E-06   0.98693
FLUX  920  2775.00        1.080333E+14   3.6680E-06   3.6746E-06   0.99821
FLUX  921  2785.00        1.076454E+14   3.6484E-06   3.6513E-06   0.99922
FLUX  922  2795.00        1.072603E+14   3.6273E-06   3.6281E-06   0.99978
FLUX  923  2805.00        1.068779E+14   3.6040E-06   3.6052E-06   0.99966
FLUX  924  2815.00        1.064982E+14   3.5816E-06   3.5825E-06   0.99975
FLUX  925  2825.00        1.061212E+14   3.5588E-06   3.5600E-06   0.99966
FLUX  926  2835.00        1.057469E+14   3.5376E-06   3.5377E-06   0.99997
FLUX  927  2845.00        1.053752E+14   3.5113E-06   3.5157E-06   0.99877
FLUX  928  2855.00        1.050061E+14   3.4906E-06   3.4938E-06   0.99908
FLUX  929  2865.00        1.046396E+14   3.4408E-06   3.4721E-06   0.99096
FLUX  930  2875.00        1.042757E+14   3.3035E-06   3.4507E-06   0.95734
FLUX  931  2885.00        1.039142E+14   3.4159E-06   3.4294E-06   0.99604
FLUX  932  2895.00        1.035553E+14   3.4063E-06   3.4084E-06   0.99940
FLUX  933  2905.00        1.031988E+14   3.3865E-06   3.3875E-06   0.99971
FLUX  934  2915.00        1.028448E+14   3.3637E-06   3.3668E-06   0.99907
FLUX  935  2925.00        1.024932E+14   3.3422E-06   3.3463E-06   0.99876
FLUX  936  2935.00        1.021440E+14   3.3251E-06   3.3260E-06   0.99972
FLUX  937  2945.00        1.017971E+14   3.3035E-06   3.3059E-06   0.99929
FLUX  938  2955.00        1.014526E+14   3.2850E-06   3.2859E-06   0.99973
FLUX  939  2965.00        1.011105E+14   3.2654E-06   3.2662E-06   0.99978
FLUX  940  2975.00        1.007706E+14   3.2455E-06   3.2466E-06   0.99966
FLUX  941  2985.00        1.004330E+14   3.2267E-06   3.2272E-06   0.99985
FLUX  942  2995.00        1.000977E+14   3.2060E-06   3.2079E-06   0.99940
FLUX  943  3005.00        9.976456E+13   3.1869E-06   3.1888E-06   0.99939
FLUX  944  3015.00        9.943367E+13   3.1680E-06   3.1699E-06   0.99940
FLUX  945  3025.00        9.910496E+13   3.1443E-06   3.1512E-06   0.99782
FLUX  946  3035.00        9.877842E+13   3.0186E-06   3.1326E-06   0.96360
FLUX  947  3045.00        9.845402E+13   3.0590E-06   3.1142E-06   0.98227
FLUX  948  3055.00        9.813175E+13   3.0909E-06   3.0959E-06   0.99839
FLUX  949  3065.00        9.781158E+13   3.0745E-06   3.0778E-06   0.99893
FLUX  950  3075.00        9.749350E+13   3.0591E-06   3.0599E-06   0.99974
FLUX  951  3085.00        9.717747E+13   3.0379E-06   3.0421E-06   0.99865
FLUX  952  3095.00        9.686349E+13   3.0212E-06   3.0244E-06   0.99892
FLUX  953  3105.00        9.655153E+13   3.0044E-06   3.0069E-06   0.99917
FLUX  954  3115.00        9.624157E+13   2.9780E-06   2.9896E-06   0.99615
FLUX  955  3125.00        9.593360E+13   2.9692E-06   2.9724E-06   0.99894
FLUX  956  3135.00        9.562759E+13   2.9529E-06   2.9553E-06   0.99916
FLUX  957  3145.00        9.532353E+13   2.9357E-06   2.9384E-06   0.99907
FLUX  958  3155.00        9.502139E+13   2.9169E-06   2.9217E-06   0.99837
FLUX  959  3165.00        9.472117E+13   2.9041E-06   2.9051E-06   0.99965
FLUX  960  3175.00        9.442283E+13   2.8853E-06   2.8886E-06   0.99886
FLUX  961  3185.00        9.412637E+13   2.8711E-06   2.8723E-06   0.99960
FLUX  962  3195.00        9.383177E+13   2.8556E-06   2.8561E-06   0.99985
FLUX  963  3210.00        9.339330E+13   2.8301E-06   2.8320E-06   0.99931
FLUX  964  3230.00        9.281502E+13   2.7997E-06   2.8005E-06   0.99974
FLUX  965  3250.00        9.224385E+13   2.7683E-06   2.7694E-06   0.99960
FLUX  966  3270.00        9.167966E+13   2.7368E-06   2.7388E-06   0.99927
FLUX  967  3290.00        9.112234E+13   2.6344E-06   2.7138E-06   0.97072
FLUX  968  3310.00        9.057175E+13   2.6628E-06   2.6842E-06   0.99203
FLUX  969  3330.00        9.002778E+13   2.6429E-06   2.6550E-06   0.99547
FLUX  970  3350.00        8.949030E+13   2.6178E-06   2.6263E-06   0.99676
FLUX  971  3370.00        8.895920E+13   2.5870E-06   2.5980E-06   0.99577
FLUX  972  3390.00        8.843437E+13   2.5591E-06   2.5702E-06   0.99566
FLUX  973  3410.00        8.791569E+13   2.5316E-06   2.5428E-06   0.99558
FLUX  974  3430.00        8.740306E+13   2.5081E-06   2.5159E-06   0.99688
FLUX  975  3450.00        8.689638E+13   2.4848E-06   2.4894E-06   0.99813
FLUX  976  3470.00        8.639553E+13   2.4586E-06   2.4633E-06   0.99808
FLUX  977  3490.00        8.590043E+13   2.4344E-06   2.4377E-06   0.99866
FLUX  978  3510.00        8.541097E+13   2.4093E-06   2.4124E-06   0.99871
FLUX  979  3530.00        8.492705E+13   2.3840E-06   2.3875E-06   0.99855
FLUX  980  3550.00        8.444859E+13   2.3598E-06   2.3630E-06   0.99862
FLUX  981  3570.00        8.397549E+13   2.3341E-06   2.3389E-06   0.99795
FLUX  982  3590.00        8.350766E+13   2.3122E-06   2.3151E-06   0.99875
FLUX  983  3610.00        8.304501E+13   2.2880E-06   2.2917E-06   0.99836
FLUX  984  3630.00        8.258747E+13   2.2673E-06   2.2687E-06   0.99940
FLUX  985  3650.00        8.213493E+13   2.2392E-06   2.2460E-06   0.99697
FLUX  986  3670.00        8.168733E+13   2.2197E-06   2.2236E-06   0.99822
FLUX  987  3690.00        8.124458E+13   2.1901E-06   2.2016E-06   0.99478
FLUX  988  3710.00        8.080660E+13   2.1731E-06   2.1799E-06   0.99690
FLUX  989  3730.00        8.037332E+13   2.1324E-06   2.1585E-06   0.98791
FLUX  990  3750.00        7.994467E+13   2.0902E-06   2.1375E-06   0.97790
FLUX  991  3770.00        7.952056E+13   2.1124E-06   2.1167E-06   0.99797
FLUX  992  3790.00        7.910092E+13   2.0929E-06   2.0962E-06   0.99844
FLUX  993  3810.00        7.868570E+13   2.0684E-06   2.0761E-06   0.99632
FLUX  994  3830.00        7.827480E+13   2.0512E-06   2.0562E-06   0.99757
FLUX  995  3850.00        7.786818E+13   2.0354E-06   2.0366E-06   0.99941
FLUX  996  3870.00        7.746576E+13   2.0141E-06   2.0173E-06   0.99842
FLUX  997  3890.00        7.706748E+13   1.9948E-06   1.9982E-06   0.99827
FLUX  998  3910.00        7.667327E+13   1.9669E-06   1.9794E-06   0.99364
FLUX  999  3930.00        7.628308E+13   1.9595E-06   1.9609E-06   0.99929
FLUX 1000  3950.00        7.589684E+13   1.9403E-06   1.9427E-06   0.99876
FLUX 1001  3970.00        7.551448E+13   1.9236E-06   1.9247E-06   0.99946
FLUX 1002  3990.00        7.513596E+13   1.9024E-06   1.9069E-06   0.99764
FLUX 1003  4010.00        7.476122E+13   1.8802E-06   1.8894E-06   0.99511
FLUX 1004  4030.00        7.439020E+13   1.8598E-06   1.8721E-06   0.99338
FLUX 1005  4050.00        7.402284E+13   1.8154E-06   1.8551E-06   0.97858
FLUX 1006  4070.00        7.365909E+13   1.8355E-06   1.8383E-06   0.99848
FLUX 1007  4090.00        7.329890E+13   1.8194E-06   1.8217E-06   0.99874
FLUX 1008  4110.00        7.294221E+13   1.8047E-06   1.8054E-06   0.99961
FLUX 1009  4130.00        7.258898E+13   1.7889E-06   1.7893E-06   0.99978
FLUX 1010  4150.00        7.223916E+13   1.7712E-06   1.7733E-06   0.99881
FLUX 1011  4170.00        7.189269E+13   1.7363E-06   1.7576E-06   0.98788
FLUX 1012  4190.00        7.154952E+13   1.7399E-06   1.7421E-06   0.99872
FLUX 1013  4210.00        7.120962E+13   1.7229E-06   1.7268E-06   0.99774
FLUX 1014  4230.00        7.087293E+13   1.7117E-06   1.7118E-06   0.99994
FLUX 1015  4250.00        7.053941E+13   1.6960E-06   1.6969E-06   0.99951
FLUX 1016  4270.00        7.020902E+13   1.6820E-06   1.6822E-06   0.99990
FLUX 1017  4290.00        6.988170E+13   1.6674E-06   1.6676E-06   0.99986
FLUX 1018  4310.00        6.955742E+13   1.6528E-06   1.6533E-06   0.99966
FLUX 1019  4330.00        6.923614E+13   1.6379E-06   1.6392E-06   0.99919
FLUX 1020  4350.00        6.891782E+13   1.6236E-06   1.6252E-06   0.99903
FLUX 1021  4370.00        6.860240E+13   1.5885E-06   1.6114E-06   0.98576
FLUX 1022  4390.00        6.828986E+13   1.5930E-06   1.5978E-06   0.99695
FLUX 1023  4410.00        6.798016E+13   1.5813E-06   1.5844E-06   0.99802
FLUX 1024  4430.00        6.767325E+13   1.5691E-06   1.5711E-06   0.99870
FLUX 1025  4450.00        6.736910E+13   1.5562E-06   1.5580E-06   0.99882
FLUX 1026  4470.00        6.706767E+13   1.5440E-06   1.5460E-06   0.99870
FLUX 1027  4490.00        6.676893E+13   1.5314E-06   1.5332E-06   0.99881
FLUX 1028  4510.00        6.647284E+13   1.5188E-06   1.5206E-06   0.99883
FLUX 1029  4530.00        6.617936E+13   1.5062E-06   1.5081E-06   0.99874
FLUX 1030  4550.00        6.588846E+13   1.4941E-06   1.4958E-06   0.99887
FLUX 1031  4570.00        6.560011E+13   1.4817E-06   1.4836E-06   0.99876
FLUX 1032  4590.00        6.531427E+13   1.4694E-06   1.4715E-06   0.99852
FLUX 1033  4610.00        6.503091E+13   1.4581E-06   1.4597E-06   0.99893
FLUX 1034  4630.00        6.475000E+13   1.4461E-06   1.4479E-06   0.99873
FLUX 1035  4650.00        6.447151E+13   1.4044E-06   1.4363E-06   0.97779
FLUX 1036  4670.00        6.419540E+13   1.3992E-06   1.4248E-06   0.98198
FLUX 1037  4690.00        6.392164E+13   1.4111E-06   1.4135E-06   0.99830
FLUX 1038  4710.00        6.365021E+13   1.4012E-06   1.4023E-06   0.99920
FLUX 1039  4730.00        6.338108E+13   1.3904E-06   1.3913E-06   0.99936
FLUX 1040  4750.00        6.311421E+13   1.3792E-06   1.3803E-06   0.99917
FLUX 1041  4770.00        6.284958E+13   1.3685E-06   1.3695E-06   0.99926
FLUX 1042  4790.00        6.258716E+13   1.3581E-06   1.3589E-06   0.99942
FLUX 1043  4810.00        6.232692E+13   1.3474E-06   1.3483E-06   0.99930
FLUX 1044  4830.00        6.206884E+13   1.3371E-06   1.3379E-06   0.99942
FLUX 1045  4850.00        6.181289E+13   1.3267E-06   1.3276E-06   0.99932
FLUX 1046  4870.00        6.155903E+13   1.3165E-06   1.3174E-06   0.99933
FLUX 1047  4890.00        6.130726E+13   1.3065E-06   1.3073E-06   0.99937
FLUX 1048  4910.00        6.105754E+13   1.2964E-06   1.2974E-06   0.99925
FLUX 1049  4930.00        6.080984E+13   1.2867E-06   1.2875E-06   0.99934
FLUX 1050  4950.00        6.056414E+13   1.2767E-06   1.2778E-06   0.99917
FLUX 1051  4970.00        6.032042E+13   1.2672E-06   1.2682E-06   0.99922
FLUX 1052  4990.00        6.007866E+13   1.2581E-06   1.2586E-06   0.99956
FLUX 1053  5010.00        5.983882E+13   1.2483E-06   1.2492E-06   0.99929
FLUX 1054  5030.00        5.960089E+13   1.2391E-06   1.2399E-06   0.99933
FLUX 1055  5050.00        5.936485E+13   1.2299E-06   1.2307E-06   0.99935
FLUX 1056  5070.00        5.913067E+13   1.2211E-06   1.2216E-06   0.99952
FLUX 1057  5090.00        5.889833E+13   1.2117E-06   1.2126E-06   0.99919
FLUX 1058  5110.00        5.866781E+13   1.2020E-06   1.2037E-06   0.99855
FLUX 1059  5130.00        5.843908E+13   1.1742E-06   1.1949E-06   0.98265
FLUX 1060  5150.00        5.821214E+13   1.1853E-06   1.1862E-06   0.99924
FLUX 1061  5170.00        5.798694E+13   1.1768E-06   1.1776E-06   0.99930
FLUX 1062  5190.00        5.776349E+13   1.1686E-06   1.1691E-06   0.99956
FLUX 1063  5210.00        5.754175E+13   1.1599E-06   1.1607E-06   0.99927
FLUX 1064  5230.00        5.732170E+13   1.1516E-06   1.1524E-06   0.99930
FLUX 1065  5250.00        5.710333E+13   1.1435E-06   1.1441E-06   0.99945
FLUX 1066  5270.00        5.688662E+13   1.1349E-06   1.1360E-06   0.99906
FLUX 1067  5290.00        5.667155E+13   1.1274E-06   1.1279E-06   0.99959
FLUX 1068  5310.00        5.645810E+13   1.1195E-06   1.1199E-06   0.99961
FLUX 1069  5330.00        5.624625E+13   1.1116E-06   1.1120E-06   0.99963
FLUX 1070  5350.00        5.603598E+13   1.1038E-06   1.1042E-06   0.99961
FLUX 1071  5370.00        5.582728E+13   1.0948E-06   1.0965E-06   0.99848
FLUX 1072  5390.00        5.562013E+13   1.0876E-06   1.0888E-06   0.99891
FLUX 1073  5410.00        5.541451E+13   1.0810E-06   1.0813E-06   0.99972
FLUX 1074  5430.00        5.521041E+13   1.0730E-06   1.0738E-06   0.99929
FLUX 1075  5450.00        5.500780E+13   1.0660E-06   1.0663E-06   0.99967
FLUX 1076  5470.00        5.480667E+13   1.0579E-06   1.0590E-06   0.99893
FLUX 1077  5490.00        5.460701E+13   1.0513E-06   1.0517E-06   0.99957
FLUX 1078  5510.00        5.440880E+13   1.0440E-06   1.0446E-06   0.99948
FLUX 1079  5530.00        5.421203E+13   1.0349E-06   1.0374E-06   0.99755
FLUX 1080  5550.00        5.401667E+13   1.0301E-06   1.0304E-06   0.99972
FLUX 1081  5570.00        5.382271E+13   1.0232E-06   1.0234E-06   0.99974
FLUX 1082  5590.00        5.363014E+13   1.0154E-06   1.0165E-06   0.99892
FLUX 1083  5610.00        5.343895E+13   1.0094E-06   1.0097E-06   0.99975
FLUX 1084  5630.00        5.324911E+13   1.0025E-06   1.0029E-06   0.99960
FLUX 1085  5650.00        5.306062E+13   9.9612E-07   9.9624E-07   0.99988
FLUX 1086  5670.00        5.287346E+13   9.8947E-07   9.8961E-07   0.99986
FLUX 1087  5690.00        5.268761E+13   9.8261E-07   9.8305E-07   0.99955
FLUX 1088  5710.00        5.250306E+13   9.7302E-07   9.7655E-07   0.99639
FLUX 1089  5730.00        5.231981E+13   9.6990E-07   9.7012E-07   0.99977
FLUX 1090  5750.00        5.213783E+13   9.6364E-07   9.6375E-07   0.99989
FLUX 1091  5770.00        5.195711E+13   9.5725E-07   9.5744E-07   0.99980
FLUX 1092  5790.00        5.177763E+13   9.5093E-07   9.5120E-07   0.99972
FLUX 1093  5810.00        5.159940E+13   9.4487E-07   9.4501E-07   0.99985
FLUX 1094  5830.00        5.142238E+13   9.3881E-07   9.3889E-07   0.99991
FLUX 1095  5850.00        5.124658E+13   9.3294E-07   9.3304E-07   0.99990
FLUX 1096  5870.00        5.107198E+13   9.2679E-07   9.2703E-07   0.99974
FLUX 1097  5890.00        5.089856E+13   9.2000E-07   9.2108E-07   0.99883
FLUX 1098  5910.00        5.072631E+13   9.0021E-07   9.1518E-07   0.98364
FLUX 1099  5930.00        5.055523E+13   9.0890E-07   9.0935E-07   0.99951
FLUX 1100  5950.00        5.038529E+13   8.9797E-07   9.0356E-07   0.99381
FLUX 1101  5970.00        5.021650E+13   8.9660E-07   8.9784E-07   0.99862
FLUX 1102  5990.00        5.004883E+13   8.9202E-07   8.9217E-07   0.99984
FLUX 1103  6010.00        4.988228E+13   8.8620E-07   8.8655E-07   0.99961
FLUX 1104  6030.00        4.971683E+13   8.8091E-07   8.8098E-07   0.99991
FLUX 1105  6050.00        4.955248E+13   8.7545E-07   8.7547E-07   0.99997
FLUX 1106  6070.00        4.938921E+13   8.6985E-07   8.7001E-07   0.99982
FLUX 1107  6090.00        4.922701E+13   8.6425E-07   8.6460E-07   0.99959
FLUX 1108  6110.00        4.906588E+13   8.5850E-07   8.5924E-07   0.99913
FLUX 1109  6130.00        4.890579E+13   8.5377E-07   8.5393E-07   0.99981
FLUX 1110  6150.00        4.874675E+13   8.4861E-07   8.4867E-07   0.99993
FLUX 1111  6170.00        4.858874E+13   8.4337E-07   8.4346E-07   0.99990
FLUX 1112  6190.00        4.843174E+13   8.3819E-07   8.3829E-07   0.99988
FLUX 1113  6210.00        4.827576E+13   8.3311E-07   8.3317E-07   0.99993
FLUX 1114  6230.00        4.812079E+13   8.2741E-07   8.2810E-07   0.99916
FLUX 1115  6250.00        4.796680E+13   8.2285E-07   8.2308E-07   0.99973
FLUX 1116  6270.00        4.781380E+13   8.1776E-07   8.1810E-07   0.99958
FLUX 1117  6290.00        4.766176E+13   8.0640E-07   8.1316E-07   0.99168
FLUX 1118  6310.00        4.751070E+13   8.0759E-07   8.0827E-07   0.99916
FLUX 1119  6330.00        4.736058E+13   8.0336E-07   8.0343E-07   0.99991
FLUX 1120  6350.00        4.721142E+13   7.9854E-07   7.9862E-07   0.99990
FLUX 1121  6370.00        4.706319E+13   7.9373E-07   7.9386E-07   0.99983
FLUX 1122  6390.00        4.691588E+13   7.8901E-07   7.8915E-07   0.99983
FLUX 1123  6420.00        4.669665E+13   7.8210E-07   7.8215E-07   0.99994
FLUX 1124  6460.00        4.640751E+13   7.7279E-07   7.7296E-07   0.99977
FLUX 1125  6500.00        4.612192E+13   7.6369E-07   7.6394E-07   0.99968
FLUX 1126  6540.00        4.583983E+13   7.5502E-07   7.5507E-07   0.99994
FLUX 1127  6580.00        4.556117E+13   7.4631E-07   7.4636E-07   0.99993
FLUX 1128  6620.00        4.528588E+13   7.3771E-07   7.3779E-07   0.99989
FLUX 1129  6660.00        4.501389E+13   7.2935E-07   7.2937E-07   0.99997
FLUX 1130  6700.00        4.474515E+13   7.2102E-07   7.2110E-07   0.99989
FLUX 1131  6740.00        4.447960E+13   7.1276E-07   7.1297E-07   0.99971
FLUX 1132  6780.00        4.421718E+13   7.0137E-07   7.0497E-07   0.99489
FLUX 1133  6820.00        4.395784E+13   6.9704E-07   6.9711E-07   0.99991
FLUX 1134  6860.00        4.370153E+13   6.8930E-07   6.8937E-07   0.99990
FLUX 1135  6900.00        4.344819E+13   6.8168E-07   6.8177E-07   0.99988
FLUX 1136  6940.00        4.319777E+13   6.7415E-07   6.7429E-07   0.99980
FLUX 1137  6980.00        4.295021E+13   6.6687E-07   6.6693E-07   0.99991
FLUX 1138  7020.00        4.270548E+13   6.5951E-07   6.5970E-07   0.99971
FLUX 1139  7060.00        4.246353E+13   6.5250E-07   6.5258E-07   0.99988
FLUX 1140  7100.00        4.222430E+13   6.4555E-07   6.4557E-07   0.99997
FLUX 1141  7140.00        4.198775E+13   6.3863E-07   6.3868E-07   0.99992
FLUX 1142  7180.00        4.175383E+13   6.3182E-07   6.3190E-07   0.99988
FLUX 1143  7220.00        4.152251E+13   6.2505E-07   6.2522E-07   0.99972
FLUX 1144  7260.00        4.129373E+13   6.1849E-07   6.1865E-07   0.99974
FLUX 1145  7300.00        4.106747E+13   6.1217E-07   6.1218E-07   0.99998
FLUX 1146  7340.00        4.084366E+13   6.0570E-07   6.0582E-07   0.99981
FLUX 1147  7380.00        4.062229E+13   5.9952E-07   5.9955E-07   0.99995
FLUX 1148  7420.00        4.040330E+13   5.9330E-07   5.9338E-07   0.99988
FLUX 1149  7460.00        4.018666E+13   5.8238E-07   5.8730E-07   0.99162
FLUX 1150  7500.00        3.997233E+13   5.7391E-07   5.8132E-07   0.98725
FLUX 1151  7540.00        3.976028E+13   5.7529E-07   5.7543E-07   0.99976
FLUX 1152  7580.00        3.955046E+13   5.6958E-07   5.6963E-07   0.99992
FLUX 1153  7620.00        3.934285E+13   5.6387E-07   5.6391E-07   0.99993
FLUX 1154  7660.00        3.913740E+13   5.5827E-07   5.5828E-07   0.99997
FLUX 1155  7700.00        3.893409E+13   5.5267E-07   5.5274E-07   0.99989
FLUX 1156  7740.00        3.873288E+13   5.4726E-07   5.4727E-07   0.99998
FLUX 1157  7780.00        3.853374E+13   5.4149E-07   5.4189E-07   0.99927
FLUX 1158  7820.00        3.833664E+13   5.3658E-07   5.3659E-07   0.99999
FLUX 1159  7860.00        3.814154E+13   5.3135E-07   5.3136E-07   0.99999
FLUX 1160  7900.00        3.794842E+13   5.2620E-07   5.2621E-07   0.99999
FLUX 1161  7940.00        3.775724E+13   5.2112E-07   5.2113E-07   0.99998
FLUX 1162  7980.00        3.756798E+13   5.1612E-07   5.1613E-07   0.99997
FLUX 1163  8020.00        3.738061E+13   5.1115E-07   5.1120E-07   0.99991
FLUX 1164  8060.00        3.719510E+13   5.0628E-07   5.0634E-07   0.99988
FLUX 1165  8100.00        3.701142E+13   5.0154E-07   5.0155E-07   0.99998
FLUX 1166  8140.00        3.682955E+13   4.9609E-07   4.9682E-07   0.99853
FLUX 1167  8180.00        3.664945E+13   4.9207E-07   4.9216E-07   0.99982
FLUX 1168  8220.00        3.647111E+13   4.8756E-07   4.8757E-07   0.99998
FLUX 1169  8260.00        3.629449E+13   4.8303E-07   4.8304E-07   0.99997
FLUX 1170  8300.00        3.611958E+13   4.7857E-07   4.7858E-07   0.99997
FLUX 1171  8340.00        3.594634E+13   4.7409E-07   4.7417E-07   0.99982
FLUX 1172  8380.00        3.577476E+13   4.6976E-07   4.6983E-07   0.99985
FLUX 1173  8420.00        3.560481E+13   4.6551E-07   4.6555E-07   0.99993
FLUX 1174  8460.00        3.543647E+13   4.6131E-07   4.6132E-07   0.99998
FLUX 1175  8500.00        3.526971E+13   4.5715E-07   4.5715E-07   0.99999
FLUX 1176  8540.00        3.510451E+13   4.5303E-07   4.5304E-07   0.99998
FLUX 1177  8580.00        3.494085E+13   4.4897E-07   4.4898E-07   0.99997
FLUX 1178  8620.00        3.477871E+13   4.4494E-07   4.4498E-07   0.99993
FLUX 1179  8660.00        3.461807E+13   4.4002E-07   4.4103E-07   0.99771
FLUX 1180  8700.00        3.445891E+13   4.3712E-07   4.3713E-07   0.99999
FLUX 1181  8740.00        3.430120E+13   4.3199E-07   4.3328E-07   0.99702
FLUX 1182  8780.00        3.414493E+13   4.2818E-07   4.2949E-07   0.99695
FLUX 1183  8820.00        3.399008E+13   4.2569E-07   4.2574E-07   0.99989
FLUX 1184  8860.00        3.383663E+13   4.2200E-07   4.2204E-07   0.99989
FLUX 1185  8900.00        3.368455E+13   4.1834E-07   4.1839E-07   0.99988
FLUX 1186  8940.00        3.353384E+13   4.1476E-07   4.1479E-07   0.99993
FLUX 1187  8980.00        3.338447E+13   4.1116E-07   4.1123E-07   0.99982
FLUX 1188  9020.00        3.323642E+13   4.0768E-07   4.0772E-07   0.99990
FLUX 1189  9060.00        3.308968E+13   4.0425E-07   4.0426E-07   0.99999
FLUX 1190  9100.00        3.294423E+13   4.0078E-07   4.0084E-07   0.99985
FLUX 1191  9140.00        3.280005E+13   3.9741E-07   3.9746E-07   0.99987
FLUX 1192  9180.00        3.265714E+13   3.9411E-07   3.9412E-07   0.99997
FLUX 1193  9220.00        3.251546E+13   3.9082E-07   3.9083E-07   0.99999
FLUX 1194  9260.00        3.237500E+13   3.8756E-07   3.8757E-07   0.99997
FLUX 1195  9300.00        3.223575E+13   3.8436E-07   3.8436E-07   0.99999
FLUX 1196  9340.00        3.209770E+13   3.8118E-07   3.8119E-07   0.99997
FLUX 1197  9380.00        3.196082E+13   3.7685E-07   3.7805E-07   0.99681
FLUX 1198  9420.00        3.182511E+13   3.7492E-07   3.7496E-07   0.99991
FLUX 1199  9460.00        3.169054E+13   3.7189E-07   3.7190E-07   0.99998
FLUX 1200  9500.00        3.155711E+13   3.6887E-07   3.6888E-07   0.99998
FLUX 1201  9540.00        3.142479E+13   3.6585E-07   3.6590E-07   0.99987
FLUX 1202  9580.00        3.129358E+13   3.6294E-07   3.6295E-07   0.99998
FLUX 1203  9620.00        3.116346E+13   3.6000E-07   3.6004E-07   0.99991
FLUX 1204  9660.00        3.103442E+13   3.5715E-07   3.5716E-07   0.99998
FLUX 1205  9700.00        3.090644E+13   3.5431E-07   3.5432E-07   0.99999
FLUX 1206  9740.00        3.077952E+13   3.5144E-07   3.5151E-07   0.99982
FLUX 1207  9780.00        3.065363E+13   3.4869E-07   3.4873E-07   0.99989
FLUX 1208  9820.00        3.052877E+13   3.4596E-07   3.4599E-07   0.99993
FLUX 1209  9860.00        3.040492E+13   3.4327E-07   3.4328E-07   0.99997
FLUX 1210  9900.00        3.028207E+13   3.4059E-07   3.4060E-07   0.99998
FLUX 1211  9940.00        3.016021E+13   3.3792E-07   3.3795E-07   0.99991
FLUX 1212  9980.00        3.003933E+13   3.3531E-07   3.3533E-07   0.99994
FLUX 1213 10020.00        2.991941E+13   3.3273E-07   3.3275E-07   0.99995
FLUX 1214 20000.00        1.498963E+13   8.6003E-08   8.6003E-08   0.99999
FLUX 1215 40000.00        7.494813E+12   2.1644E-08   2.1644E-08   1.00000
FLUX 1216 60000.00        4.996542E+12   9.5849E-09   9.5849E-09   1.00000
FLUX 1217 80000.00        3.747406E+12   5.3650E-09   5.3650E-09   1.00000
FLUX 1218100000.00        2.997925E+12   3.4171E-09   3.4171E-09   1.00000
FLUX 1219120000.00        2.498271E+12   2.3625E-09   2.3625E-09   1.00000
FLUX 1220140000.00        2.141375E+12   1.7287E-09   1.7287E-09   1.00000
FLUX 1221160000.00        1.873703E+12   1.3187E-09   1.3187E-09   1.00000
FLUX
