TEFF   7500.  GRAVITY 2.00000 LTE 
TITLE  [-0.5] N(He)/Ntot=0.0784 VTURB=2.0  L/H=1.25 NOVER                       
FLUX    1     9.09        3.298047E+16   1.0000E-50   0.0000E+00   1.00000
FLUX    2     9.35        3.206337E+16   1.0000E-50   0.0000E+00   1.00000
FLUX    3     9.61        3.119589E+16   1.0000E-50   0.0000E+00   1.00000
FLUX    4     9.77        3.068501E+16   1.0000E-50   0.0000E+00   1.00000
FLUX    5     9.96        3.009965E+16   1.0000E-50   0.0000E+00   1.00000
FLUX    6    10.20        2.939142E+16   1.0000E-50   0.0000E+00   1.00000
FLUX    7    10.38        2.888174E+16   1.0000E-50   0.0000E+00   1.00000
FLUX    8    10.56        2.838944E+16   1.0000E-50   0.0000E+00   1.00000
FLUX    9    10.77        2.783589E+16   1.0000E-50   0.0000E+00   1.00000
FLUX   10    11.04        2.715512E+16   1.0000E-50   0.0000E+00   1.00000
FLUX   11    11.40        2.629759E+16   1.0000E-50   0.0000E+00   1.00000
FLUX   12    11.78        2.544928E+16   1.0000E-50   0.0000E+00   1.00000
FLUX   13    12.13        2.471496E+16   1.0000E-50   0.0000E+00   1.00000
FLUX   14    12.48        2.402183E+16   1.0000E-50   0.0000E+00   1.00000
FLUX   15    12.71        2.358714E+16   1.0000E-50   0.0000E+00   1.00000
FLUX   16    12.84        2.334833E+16   1.0000E-50   0.0000E+00   1.00000
FLUX   17    13.05        2.297261E+16   1.0000E-50   0.0000E+00   1.00000
FLUX   18    13.24        2.264294E+16   1.0000E-50   0.0000E+00   1.00000
FLUX   19    13.39        2.238928E+16   1.0000E-50   0.0000E+00   1.00000
FLUX   20    13.66        2.194674E+16   1.0000E-50   0.0000E+00   1.00000
FLUX   21    13.98        2.144438E+16   1.0000E-50   0.0000E+00   1.00000
FLUX   22    14.33        2.092062E+16   1.0000E-50   0.0000E+00   1.00000
FLUX   23    14.72        2.036634E+16   1.0000E-50   0.0000E+00   1.00000
FLUX   24    15.10        1.985381E+16   1.0000E-50   0.0000E+00   1.00000
FLUX   25    15.52        1.931653E+16   1.0000E-50   0.0000E+00   1.00000
FLUX   26    15.88        1.887862E+16   1.0000E-50   0.0000E+00   1.00000
FLUX   27    16.20        1.850571E+16   1.0000E-50   0.0000E+00   1.00000
FLUX   28    16.60        1.805979E+16   1.0000E-50   0.0000E+00   1.00000
FLUX   29    17.03        1.760379E+16   1.0000E-50   0.0000E+00   1.00000
FLUX   30    17.34        1.728907E+16   1.0000E-50   0.0000E+00   1.00000
FLUX   31    17.68        1.695659E+16   1.0000E-50   0.0000E+00   1.00000
FLUX   32    18.02        1.663665E+16   1.0000E-50   0.0000E+00   1.00000
FLUX   33    18.17        1.649931E+16   1.0000E-50   0.0000E+00   1.00000
FLUX   34    18.61        1.610922E+16   1.0000E-50   0.0000E+00   1.00000
FLUX   35    19.10        1.569594E+16   1.0000E-50   0.0000E+00   1.00000
FLUX   36    19.39        1.546119E+16   1.0000E-50   0.0000E+00   1.00000
FLUX   37    19.84        1.511051E+16   1.0000E-50   0.0000E+00   1.00000
FLUX   38    20.18        1.485592E+16   1.0000E-50   0.0000E+00   1.00000
FLUX   39    20.50        1.462402E+16   1.0000E-50   0.0000E+00   1.00000
FLUX   40    21.05        1.424192E+16   1.0000E-50   0.0000E+00   1.00000
FLUX   41    21.62        1.386644E+16   1.0000E-50   0.0000E+00   1.00000
FLUX   42    21.98        1.363933E+16   1.0000E-50   0.0000E+00   1.00000
FLUX   43    22.30        1.344361E+16   1.0000E-50   0.0000E+00   1.00000
FLUX   44    22.68        1.321836E+16   1.0000E-50   0.0000E+00   1.00000
FLUX   45    23.00        1.303446E+16   1.0000E-50   0.0000E+00   1.00000
FLUX   46    23.40        1.281165E+16   1.0000E-50   0.0000E+00   1.00000
FLUX   47    24.00        1.249135E+16   1.0000E-50   0.0000E+00   1.00000
FLUX   48    24.65        1.216197E+16   1.0000E-50   0.0000E+00   1.00000
FLUX   49    25.24        1.187767E+16   1.0000E-50   0.0000E+00   1.00000
FLUX   50    25.68        1.167416E+16   1.0000E-50   0.0000E+00   1.00000
FLUX   51    26.00        1.153048E+16   1.0000E-50   0.0000E+00   1.00000
FLUX   52    26.40        1.135578E+16   1.0000E-50   0.0000E+00   1.00000
FLUX   53    26.85        1.116546E+16   1.0000E-50   0.0000E+00   1.00000
FLUX   54    27.35        1.096133E+16   1.0000E-50   0.0000E+00   1.00000
FLUX   55    27.85        1.076454E+16   1.0000E-50   0.0000E+00   1.00000
FLUX   56    28.40        1.055607E+16   1.0000E-50   0.0000E+00   1.00000
FLUX   57    29.00        1.033767E+16   1.0000E-50   0.0000E+00   1.00000
FLUX   58    29.60        1.012813E+16   1.0000E-50   0.0000E+00   1.00000
FLUX   59    30.10        9.959884E+15   1.0000E-50   0.0000E+00   1.00000
FLUX   60    30.80        9.733523E+15   1.0000E-50   0.0000E+00   1.00000
FLUX   61    31.80        9.427437E+15   1.0000E-50   0.0000E+00   1.00000
FLUX   62    32.80        9.140015E+15   1.0000E-50   0.0000E+00   1.00000
FLUX   63    33.80        8.869601E+15   1.0000E-50   0.0000E+00   1.00000
FLUX   64    34.80        8.614727E+15   1.0000E-50   0.0000E+00   1.00000
FLUX   65    35.70        8.397549E+15   1.0000E-50   0.0000E+00   1.00000
FLUX   66    36.60        8.191052E+15   1.9339E-39   1.9339E-39   0.99998
FLUX   67    37.50        7.994467E+15   1.3448E-38   1.3448E-38   0.99997
FLUX   68    38.50        7.786818E+15   1.0388E-37   1.0389E-37   0.99998
FLUX   69    39.50        7.589684E+15   7.2010E-37   7.2012E-37   0.99997
FLUX   70    40.50        7.402284E+15   4.5193E-36   4.5194E-36   0.99998
FLUX   71    41.40        7.241365E+15   2.1818E-35   2.1818E-35   0.99998
FLUX   72    42.20        7.104088E+15   8.3334E-35   8.3335E-35   0.99998
FLUX   73    43.00        6.971919E+15   3.0215E-34   3.0217E-34   0.99992
FLUX   74    44.10        6.798016E+15   1.6400E-33   1.6400E-33   0.99997
FLUX   75    45.10        6.647284E+15   7.0775E-33   7.0777E-33   0.99998
FLUX   76    46.00        6.517228E+15   2.4932E-32   2.4933E-32   0.99998
FLUX   77    47.00        6.378564E+15   9.5228E-32   9.5237E-32   0.99991
FLUX   78    48.00        6.245677E+15   3.4289E-31   3.4290E-31   0.99998
FLUX   79    49.00        6.118214E+15   1.1692E-30   1.1692E-30   0.99998
FLUX   80    50.00        5.995850E+15   3.7825E-30   3.7826E-30   0.99998
FLUX   81    50.60        5.924753E+15   9.9216E-30   1.1366E-29   0.87293
FLUX   82    51.20        5.855322E+15   2.1710E-29   2.1997E-29   0.98695
FLUX   83    52.00        5.765240E+15   5.1177E-29   5.1715E-29   0.98960
FLUX   84    53.00        5.656462E+15   1.4485E-28   1.4487E-28   0.99989
FLUX   85    54.00        5.551713E+15   3.8705E-28   3.8973E-28   0.99311
FLUX   86    55.00        5.450773E+15   1.0095E-27   1.0097E-27   0.99975
FLUX   87    56.00        5.353438E+15   2.5229E-27   2.5231E-27   0.99991
FLUX   88    57.00        5.259518E+15   6.0921E-27   6.0922E-27   0.99998
FLUX   89    58.00        5.168836E+15   1.4080E-26   1.4242E-26   0.98861
FLUX   90    59.00        5.081229E+15   3.2275E-26   3.2282E-26   0.99978
FLUX   91    60.00        4.996542E+15   7.1046E-26   7.1067E-26   0.99970
FLUX   92    61.00        4.914631E+15   1.5217E-25   1.5217E-25   0.99998
FLUX   93    62.00        4.835363E+15   3.1734E-25   3.1736E-25   0.99991
FLUX   94    63.00        4.758611E+15   6.4545E-25   6.4549E-25   0.99993
FLUX   95    64.00        4.684258E+15   1.2824E-24   1.2826E-24   0.99982
FLUX   96    65.00        4.612192E+15   2.4915E-24   2.4915E-24   0.99997
FLUX   97    65.80        4.556117E+15   4.1719E-24   4.1721E-24   0.99997
FLUX   98    66.50        4.508158E+15   6.4758E-24   6.4786E-24   0.99957
FLUX   99    67.50        4.441370E+15   1.1939E-23   1.1942E-23   0.99972
FLUX  100    68.50        4.376533E+15   2.1589E-23   2.1593E-23   0.99979
FLUX  101    69.50        4.313561E+15   3.8328E-23   3.8329E-23   0.99998
FLUX  102    70.50        4.252376E+15   6.6757E-23   6.6845E-23   0.99869
FLUX  103    71.60        4.187046E+15   1.2086E-22   1.2086E-22   0.99993
FLUX  104    72.60        4.129373E+15   2.0360E-22   2.0361E-22   0.99998
FLUX  105    73.50        4.078810E+15   3.2134E-22   3.2137E-22   0.99992
FLUX  106    74.50        4.024060E+15   5.2612E-22   5.2626E-22   0.99973
FLUX  107    75.50        3.970762E+15   8.4929E-22   8.4959E-22   0.99965
FLUX  108    76.50        3.918856E+15   1.3525E-21   1.3529E-21   0.99969
FLUX  109    77.50        3.868290E+15   2.1257E-21   2.1263E-21   0.99973
FLUX  110    78.50        3.819013E+15   3.2998E-21   3.2999E-21   0.99998
FLUX  111    79.50        3.770975E+15   5.0372E-21   5.0595E-21   0.99559
FLUX  112    80.50        3.724130E+15   7.6572E-21   7.6673E-21   0.99867
FLUX  113    81.50        3.678436E+15   1.1488E-20   1.1490E-20   0.99981
FLUX  114    82.50        3.633848E+15   1.7033E-20   1.7035E-20   0.99990
FLUX  115    83.50        3.590329E+15   2.4997E-20   2.5000E-20   0.99988
FLUX  116    84.50        3.547840E+15   3.6320E-20   3.6323E-20   0.99993
FLUX  117    85.50        3.506345E+15   5.2263E-20   5.2269E-20   0.99989
FLUX  118    86.50        3.465809E+15   7.4512E-20   7.4514E-20   0.99997
FLUX  119    87.50        3.426200E+15   1.0516E-19   1.0528E-19   0.99890
FLUX  120    88.50        3.387486E+15   1.4746E-19   1.4747E-19   0.99993
FLUX  121    89.50        3.349637E+15   2.0485E-19   2.0486E-19   0.99997
FLUX  122    90.50        3.312624E+15   2.8170E-19   2.8228E-19   0.99795
FLUX  123    91.50        3.276421E+15   3.6451E-16   1.0098E-15   0.36099
FLUX  124    92.50        3.241000E+15   1.2005E-15   1.3920E-15   0.86243
FLUX  125    93.50        3.206337E+15   1.6114E-15   1.8933E-15   0.85115
FLUX  126    94.50        3.172407E+15   2.2203E-15   2.5514E-15   0.87022
FLUX  127    95.50        3.139188E+15   3.1891E-15   3.4182E-15   0.93298
FLUX  128    96.50        3.106658E+15   4.2817E-15   4.5218E-15   0.94690
FLUX  129    97.50        3.074795E+15   5.4391E-15   5.9115E-15   0.92008
FLUX  130    98.50        3.043579E+15   7.3602E-15   7.8559E-15   0.93690
FLUX  131    99.50        3.012990E+15   9.3110E-15   1.0231E-14   0.91008
FLUX  132   100.50        2.983010E+15   1.2871E-14   1.3231E-14   0.97281
FLUX  133   101.50        2.953621E+15   1.6552E-14   1.6903E-14   0.97927
FLUX  134   102.50        2.924805E+15   2.0309E-14   2.1951E-14   0.92518
FLUX  135   103.50        2.896546E+15   2.7236E-14   2.7964E-14   0.97396
FLUX  136   104.50        2.868828E+15   3.5152E-14   3.5643E-14   0.98620
FLUX  137   105.50        2.841635E+15   4.4728E-14   4.5223E-14   0.98904
FLUX  138   106.50        2.814953E+15   5.5280E-14   5.7194E-14   0.96654
FLUX  139   107.50        2.788767E+15   7.0555E-14   7.2101E-14   0.97856
FLUX  140   108.50        2.763065E+15   8.8864E-14   9.0523E-14   0.98167
FLUX  141   109.50        2.737831E+15   1.0853E-13   1.1311E-13   0.95955
FLUX  142   110.50        2.713054E+15   3.3134E-13   1.3173E-12   0.25154
FLUX  143   111.50        2.688722E+15   1.0862E-12   1.7647E-12   0.61553
FLUX  144   112.50        2.664822E+15   1.5916E-12   2.2873E-12   0.69584
FLUX  145   113.50        2.641344E+15   2.2208E-12   2.8635E-12   0.77558
FLUX  146   114.50        2.618275E+15   2.7661E-12   3.4508E-12   0.80158
FLUX  147   115.50        2.595606E+15   2.9776E-12   3.9893E-12   0.74639
FLUX  148   116.50        2.573326E+15   3.8349E-12   4.3834E-12   0.87487
FLUX  149   117.50        2.551426E+15   4.1300E-12   4.5022E-12   0.91733
FLUX  150   118.50        2.529895E+15   4.8455E-12   8.6450E-12   0.56050
FLUX  151   119.50        2.508724E+15   1.7950E-12   1.0214E-11   0.17575
FLUX  152   120.50        2.487905E+15   1.3138E-12   1.1988E-11   0.10959
FLUX  153   121.50        2.467428E+15   3.7598E-13   1.3994E-11   0.02687
FLUX  154   122.50        2.447286E+15   1.6092E-12   1.6850E-11   0.09550
FLUX  155   123.50        2.427470E+15   4.3287E-12   1.9497E-11   0.22201
FLUX  156   124.50        2.407972E+15   1.0128E-11   1.3350E-11   0.75862
FLUX  157   125.50        2.388785E+15   2.2035E-11   2.5841E-11   0.85273
FLUX  158   126.50        2.369901E+15   2.6857E-11   4.3401E-11   0.61880
FLUX  159   127.50        2.351314E+15   4.5942E-11   6.2402E-11   0.73623
FLUX  160   128.50        2.333016E+15   7.2747E-11   8.8514E-11   0.82187
FLUX  161   129.50        2.315000E+15   9.9405E-11   1.1650E-10   0.85324
FLUX  162   130.50        2.297261E+15   9.1888E-11   1.5117E-10   0.60783
FLUX  163   131.50        2.279791E+15   1.5070E-10   1.8920E-10   0.79649
FLUX  164   132.50        2.262585E+15   1.9473E-10   2.3324E-10   0.83489
FLUX  165   133.50        2.245637E+15   2.2676E-10   2.8175E-10   0.80482
FLUX  166   134.50        2.228941E+15   3.0115E-10   3.3611E-10   0.89597
FLUX  167   135.50        2.212491E+15   3.2787E-10   3.9621E-10   0.82752
FLUX  168   136.50        2.196282E+15   3.7830E-10   4.6375E-10   0.81575
FLUX  169   137.50        2.180309E+15   4.3427E-10   5.3770E-10   0.80764
FLUX  170   138.50        2.164567E+15   5.0070E-10   6.1927E-10   0.80853
FLUX  171   139.50        2.149050E+15   5.9731E-10   7.0769E-10   0.84402
FLUX  172   140.50        2.133754E+15   6.8843E-10   8.0494E-10   0.85525
FLUX  173   141.50        2.118675E+15   7.3306E-10   9.0951E-10   0.80599
FLUX  174   142.50        2.103807E+15   8.5383E-10   1.0272E-09   0.83125
FLUX  175   143.50        2.089146E+15   8.8497E-10   1.1501E-09   0.76950
FLUX  176   144.20        2.079005E+15   1.0491E-09   1.2429E-09   0.84405
FLUX  177   144.70        2.071821E+15   1.1462E-09   1.4517E-09   0.78955
FLUX  178   145.50        2.060430E+15   1.3175E-09   1.5805E-09   0.83358
FLUX  179   146.50        2.046365E+15   1.3655E-09   1.7536E-09   0.77869
FLUX  180   147.50        2.032492E+15   1.5459E-09   1.9384E-09   0.79751
FLUX  181   148.50        2.018805E+15   1.7609E-09   2.1353E-09   0.82465
FLUX  182   149.50        2.005301E+15   2.0457E-09   2.3466E-09   0.87175
FLUX  183   150.50        1.991977E+15   2.2984E-09   2.5697E-09   0.89440
FLUX  184   151.20        1.982755E+15   2.3507E-09   2.7354E-09   0.85935
FLUX  185   151.70        1.976220E+15   2.5871E-09   3.8139E-09   0.67834
FLUX  186   152.50        1.965852E+15   2.8495E-09   4.0592E-08   0.07020
FLUX  187   153.50        1.953046E+15   1.1370E-08   2.0354E-07   0.05586
FLUX  188   154.50        1.940405E+15   3.3889E-08   2.1701E-07   0.15617
FLUX  189   155.50        1.927926E+15   3.0685E-08   2.2961E-07   0.13364
FLUX  190   156.50        1.915607E+15   2.4864E-08   2.4256E-07   0.10250
FLUX  191   157.50        1.903444E+15   4.2180E-08   2.7172E-07   0.15523
FLUX  192   158.50        1.891435E+15   4.8851E-08   2.8435E-07   0.17180
FLUX  193   159.50        1.879577E+15   6.1053E-08   2.9689E-07   0.20564
FLUX  194   160.50        1.867866E+15   5.4672E-08   3.0885E-07   0.17702
FLUX  195   161.50        1.856300E+15   6.0962E-08   3.2039E-07   0.19027
FLUX  196   162.50        1.844877E+15   6.3729E-08   3.3972E-07   0.18759
FLUX  197   163.50        1.833593E+15   8.7408E-08   3.5125E-07   0.24885
FLUX  198   164.50        1.822447E+15   1.3709E-07   3.6253E-07   0.37814
FLUX  199   165.50        1.811435E+15   7.0181E-08   3.7380E-07   0.18775
FLUX  200   166.50        1.800556E+15   1.4192E-07   3.8445E-07   0.36915
FLUX  201   167.20        1.793017E+15   5.2814E-08   3.9180E-07   0.13480
FLUX  202   167.70        1.787671E+15   1.9376E-07   6.0579E-07   0.31984
FLUX  203   168.50        1.779184E+15   2.8012E-07   7.7119E-07   0.36323
FLUX  204   169.50        1.768687E+15   2.9059E-07   7.8662E-07   0.36942
FLUX  205   170.50        1.758314E+15   2.8518E-07   8.0196E-07   0.35560
FLUX  206   171.50        1.748061E+15   3.7442E-07   8.3274E-07   0.44963
FLUX  207   172.50        1.737928E+15   3.9817E-07   8.4807E-07   0.46950
FLUX  208   173.50        1.727911E+15   4.8012E-07   8.6253E-07   0.55664
FLUX  209   174.50        1.718009E+15   4.4713E-07   8.7750E-07   0.50955
FLUX  210   175.50        1.708219E+15   5.5811E-07   8.9183E-07   0.62580
FLUX  211   176.50        1.698541E+15   4.2394E-07   9.0561E-07   0.46813
FLUX  212   177.50        1.688972E+15   5.4538E-07   9.1944E-07   0.59316
FLUX  213   178.50        1.679510E+15   5.0891E-07   9.3333E-07   0.54526
FLUX  214   179.50        1.670153E+15   6.9173E-07   9.4670E-07   0.73067
FLUX  215   180.50        1.660900E+15   5.7946E-07   9.6011E-07   0.60353
FLUX  216   181.50        1.651749E+15   6.6135E-07   9.7348E-07   0.67936
FLUX  217   182.50        1.642699E+15   5.6391E-07   9.8685E-07   0.57142
FLUX  218   183.50        1.633747E+15   5.5178E-07   9.9999E-07   0.55178
FLUX  219   184.50        1.624892E+15   5.0039E-07   1.0132E-06   0.49388
FLUX  220   185.50        1.616132E+15   5.6908E-07   1.0267E-06   0.55431
FLUX  221   186.50        1.607466E+15   6.3587E-07   1.0398E-06   0.61154
FLUX  222   187.50        1.598893E+15   6.2474E-07   1.0562E-06   0.59150
FLUX  223   188.50        1.590411E+15   6.5735E-07   1.0691E-06   0.61484
FLUX  224   189.50        1.582018E+15   7.2056E-07   1.0822E-06   0.66586
FLUX  225   190.50        1.573714E+15   6.5789E-07   1.0949E-06   0.60085
FLUX  226   191.50        1.565496E+15   7.2239E-07   1.1077E-06   0.65215
FLUX  227   192.50        1.557364E+15   7.3018E-07   1.1205E-06   0.65167
FLUX  228   193.50        1.549315E+15   5.5823E-07   1.1333E-06   0.49256
FLUX  229   194.50        1.541350E+15   8.1274E-07   1.1460E-06   0.70919
FLUX  230   195.50        1.533465E+15   8.3581E-07   1.1587E-06   0.72137
FLUX  231   196.70        1.524110E+15   9.1963E-07   1.1739E-06   0.78336
FLUX  232   197.60        1.517169E+15   9.0753E-07   1.1937E-06   0.76024
FLUX  233   198.40        1.511051E+15   8.8122E-07   1.2042E-06   0.73179
FLUX  234   199.50        1.502719E+15   8.6520E-07   1.2227E-06   0.70759
FLUX  235   200.50        1.495224E+15   8.3079E-07   1.2360E-06   0.67217
FLUX  236   201.50        1.487804E+15   7.9801E-07   1.2494E-06   0.63873
FLUX  237   202.50        1.480457E+15   7.5173E-07   1.2629E-06   0.59526
FLUX  238   203.50        1.473182E+15   8.7943E-07   1.2762E-06   0.68911
FLUX  239   204.50        1.465978E+15   9.7900E-07   1.2896E-06   0.75912
FLUX  240   205.50        1.458844E+15   9.0600E-07   1.3032E-06   0.69521
FLUX  241   206.50        1.451780E+15   8.6831E-07   1.3169E-06   0.65936
FLUX  242   207.40        1.445480E+15   1.0782E-06   1.3292E-06   0.81112
FLUX  243   207.80        1.442697E+15   1.1376E-06   1.4070E-06   0.80854
FLUX  244   208.50        1.437854E+15   1.0938E-06   1.4179E-06   0.77139
FLUX  245   209.50        1.430990E+15   1.0420E-06   1.4337E-06   0.72680
FLUX  246   210.50        1.424192E+15   9.7564E-07   1.4496E-06   0.67306
FLUX  247   211.50        1.417459E+15   1.0110E-06   1.4656E-06   0.68980
FLUX  248   212.50        1.410788E+15   1.0489E-06   1.4817E-06   0.70792
FLUX  249   213.50        1.404180E+15   8.1893E-07   1.4978E-06   0.54674
FLUX  250   214.50        1.397634E+15   1.0098E-06   1.5142E-06   0.66694
FLUX  251   215.50        1.391148E+15   1.0373E-06   1.5306E-06   0.67770
FLUX  252   216.50        1.384723E+15   9.5577E-07   1.5473E-06   0.61770
FLUX  253   217.50        1.378356E+15   9.6473E-07   1.5640E-06   0.61682
FLUX  254   218.50        1.372048E+15   1.0229E-06   1.5809E-06   0.64704
FLUX  255   219.50        1.365797E+15   1.1458E-06   1.5978E-06   0.71711
FLUX  256   220.50        1.359603E+15   1.1033E-06   1.6150E-06   0.68316
FLUX  257   221.50        1.353465E+15   9.5895E-07   1.6324E-06   0.58746
FLUX  258   222.50        1.347382E+15   9.4686E-07   1.6503E-06   0.57377
FLUX  259   223.50        1.341353E+15   1.1788E-06   1.6678E-06   0.70684
FLUX  260   224.50        1.335379E+15   1.0568E-06   1.6855E-06   0.62703
FLUX  261   225.50        1.329457E+15   9.6116E-07   1.7060E-06   0.56339
FLUX  262   226.50        1.323587E+15   9.7460E-07   1.7239E-06   0.56533
FLUX  263   227.50        1.317769E+15   1.1133E-06   1.7420E-06   0.63911
FLUX  264   228.50        1.312002E+15   1.1784E-06   1.7601E-06   0.66948
FLUX  265   229.50        1.306285E+15   1.0784E-06   1.7784E-06   0.60641
FLUX  266   230.50        1.300618E+15   1.1479E-06   1.7967E-06   0.63888
FLUX  267   231.50        1.295000E+15   1.1087E-06   1.8153E-06   0.61077
FLUX  268   232.50        1.289430E+15   1.0735E-06   1.8340E-06   0.58531
FLUX  269   233.50        1.283908E+15   8.5252E-07   1.8534E-06   0.45997
FLUX  270   234.50        1.278433E+15   6.8889E-07   1.8723E-06   0.36794
FLUX  271   235.50        1.273004E+15   1.0614E-06   1.8913E-06   0.56120
FLUX  272   236.50        1.267622E+15   7.1782E-07   1.9105E-06   0.37572
FLUX  273   237.50        1.262284E+15   9.4225E-07   1.9298E-06   0.48825
FLUX  274   238.50        1.256992E+15   5.9093E-07   1.9494E-06   0.30314
FLUX  275   239.50        1.251743E+15   7.6525E-07   1.9690E-06   0.38865
FLUX  276   240.50        1.246538E+15   7.3999E-07   1.9887E-06   0.37210
FLUX  277   241.50        1.241377E+15   8.5904E-07   2.0085E-06   0.42770
FLUX  278   242.50        1.236258E+15   1.1929E-06   2.0285E-06   0.58805
FLUX  279   243.50        1.231181E+15   1.1740E-06   2.0486E-06   0.57306
FLUX  280   244.50        1.226145E+15   1.2774E-06   2.0698E-06   0.61716
FLUX  281   245.50        1.221151E+15   1.2704E-06   2.0902E-06   0.60778
FLUX  282   246.50        1.216197E+15   1.2645E-06   2.1107E-06   0.59909
FLUX  283   247.50        1.211283E+15   1.1842E-06   2.1313E-06   0.55563
FLUX  284   248.50        1.206408E+15   1.2345E-06   2.1520E-06   0.57367
FLUX  285   249.50        1.201573E+15   1.1893E-06   2.1728E-06   0.54735
FLUX  286   250.50        1.196776E+15   1.5037E-06   2.1945E-06   0.68522
FLUX  287   251.30        1.192967E+15   1.2170E-06   2.2114E-06   0.55032
FLUX  288   251.80        1.190598E+15   1.2881E-06   2.2526E-06   0.57184
FLUX  289   252.50        1.187297E+15   1.1176E-06   2.2677E-06   0.49285
FLUX  290   253.50        1.182613E+15   1.0706E-06   2.2896E-06   0.46761
FLUX  291   254.50        1.177967E+15   1.1034E-06   2.3116E-06   0.47732
FLUX  292   255.50        1.173356E+15   1.2783E-06   2.3337E-06   0.54777
FLUX  293   256.50        1.168782E+15   1.2036E-06   2.3559E-06   0.51089
FLUX  294   257.50        1.164243E+15   1.3813E-06   2.3783E-06   0.58080
FLUX  295   258.50        1.159739E+15   1.3368E-06   2.4008E-06   0.55679
FLUX  296   259.50        1.155270E+15   1.2589E-06   2.4234E-06   0.51947
FLUX  297   260.50        1.150835E+15   1.1484E-06   2.4462E-06   0.46947
FLUX  298   261.50        1.146434E+15   1.0835E-06   2.4690E-06   0.43885
FLUX  299   262.50        1.142067E+15   1.3741E-06   2.4919E-06   0.55144
FLUX  300   263.50        1.137732E+15   1.5360E-06   2.5152E-06   0.61069
FLUX  301   264.50        1.133431E+15   2.0229E-06   2.5384E-06   0.79692
FLUX  302   265.50        1.129162E+15   2.0621E-06   2.5617E-06   0.80497
FLUX  303   266.50        1.124925E+15   1.7501E-06   2.5851E-06   0.67701
FLUX  304   267.50        1.120720E+15   1.9153E-06   2.6086E-06   0.73423
FLUX  305   268.50        1.116546E+15   1.9127E-06   2.6322E-06   0.72666
FLUX  306   269.50        1.112403E+15   1.7973E-06   2.6559E-06   0.67670
FLUX  307   270.50        1.108290E+15   1.9009E-06   2.6799E-06   0.70929
FLUX  308   271.50        1.104208E+15   1.7111E-06   2.7039E-06   0.63285
FLUX  309   272.50        1.100156E+15   1.7598E-06   2.7279E-06   0.64511
FLUX  310   273.50        1.096133E+15   1.9408E-06   2.7520E-06   0.70523
FLUX  311   274.50        1.092140E+15   1.3182E-06   2.7762E-06   0.47483
FLUX  312   275.50        1.088176E+15   1.5185E-06   2.8005E-06   0.54223
FLUX  313   276.50        1.084241E+15   1.6810E-06   2.8250E-06   0.59504
FLUX  314   277.50        1.080333E+15   1.9923E-06   2.8494E-06   0.69919
FLUX  315   278.50        1.076454E+15   1.7782E-06   2.8740E-06   0.61871
FLUX  316   279.50        1.072603E+15   7.7346E-07   2.8987E-06   0.26683
FLUX  317   280.50        1.068779E+15   1.0001E-06   2.9235E-06   0.34210
FLUX  318   281.50        1.064982E+15   2.0929E-06   2.9484E-06   0.70985
FLUX  319   282.50        1.061212E+15   2.3453E-06   2.9734E-06   0.78878
FLUX  320   283.50        1.057469E+15   2.2476E-06   2.9984E-06   0.74959
FLUX  321   284.50        1.053752E+15   2.1680E-06   3.0236E-06   0.71704
FLUX  322   285.50        1.050061E+15   2.0108E-06   3.0488E-06   0.65953
FLUX  323   286.50        1.046396E+15   2.3324E-06   3.0741E-06   0.75871
FLUX  324   287.50        1.042757E+15   2.2755E-06   3.0995E-06   0.73415
FLUX  325   288.50        1.039142E+15   2.3538E-06   3.1250E-06   0.75322
FLUX  326   289.50        1.035553E+15   2.2374E-06   3.1505E-06   0.71016
FLUX  327   291.00        1.030215E+15   2.6697E-06   3.1892E-06   0.83713
FLUX  328   293.00        1.023183E+15   2.5865E-06   3.2407E-06   0.79812
FLUX  329   295.00        1.016246E+15   2.6003E-06   3.2926E-06   0.78973
FLUX  330   297.00        1.009402E+15   2.7716E-06   3.3447E-06   0.82865
FLUX  331   299.00        1.002651E+15   2.8514E-06   3.3971E-06   0.83937
FLUX  332   301.00        9.959884E+14   2.9704E-06   3.4498E-06   0.86105
FLUX  333   303.00        9.894142E+14   2.9917E-06   3.5027E-06   0.85412
FLUX  334   305.00        9.829262E+14   3.0337E-06   3.5558E-06   0.85318
FLUX  335   307.00        9.765228E+14   3.0995E-06   3.6091E-06   0.85879
FLUX  336   309.00        9.702023E+14   3.2405E-06   3.6628E-06   0.88471
FLUX  337   311.00        9.639630E+14   3.1749E-06   3.7166E-06   0.85425
FLUX  338   313.00        9.578035E+14   3.2039E-06   3.7706E-06   0.84970
FLUX  339   315.00        9.517222E+14   3.3931E-06   3.8248E-06   0.88715
FLUX  340   317.00        9.457177E+14   3.4370E-06   3.8792E-06   0.88601
FLUX  341   319.00        9.397884E+14   3.2648E-06   3.9338E-06   0.82994
FLUX  342   321.00        9.339330E+14   3.4555E-06   3.9886E-06   0.86635
FLUX  343   323.00        9.281502E+14   3.3659E-06   4.0435E-06   0.83241
FLUX  344   325.00        9.224385E+14   3.5646E-06   4.0986E-06   0.86971
FLUX  345   327.00        9.167966E+14   3.6801E-06   4.1537E-06   0.88598
FLUX  346   329.00        9.112234E+14   3.7879E-06   4.2089E-06   0.89997
FLUX  347   331.00        9.057175E+14   3.9149E-06   4.2642E-06   0.91808
FLUX  348   333.00        9.002778E+14   3.8734E-06   4.3195E-06   0.89673
FLUX  349   335.00        8.949030E+14   3.8754E-06   4.3750E-06   0.88582
FLUX  350   337.00        8.895920E+14   3.8932E-06   4.4304E-06   0.87875
FLUX  351   339.00        8.843437E+14   3.9852E-06   4.4860E-06   0.88836
FLUX  352   341.00        8.791569E+14   4.1238E-06   4.5416E-06   0.90800
FLUX  353   343.00        8.740306E+14   4.2432E-06   4.5972E-06   0.92299
FLUX  354   345.00        8.689638E+14   4.2627E-06   4.6529E-06   0.91613
FLUX  355   347.00        8.639553E+14   4.2526E-06   4.7085E-06   0.90317
FLUX  356   349.00        8.590043E+14   4.2832E-06   4.7641E-06   0.89906
FLUX  357   351.00        8.541097E+14   4.4679E-06   4.8198E-06   0.92700
FLUX  358   353.00        8.492705E+14   4.5455E-06   4.8754E-06   0.93235
FLUX  359   355.00        8.444859E+14   4.7089E-06   4.9310E-06   0.95497
FLUX  360   357.00        8.397549E+14   4.5768E-06   4.9865E-06   0.91784
FLUX  361   359.00        8.350766E+14   4.6262E-06   5.0420E-06   0.91754
FLUX  362   361.00        8.304501E+14   4.7140E-06   5.0975E-06   0.92477
FLUX  363   363.00        8.258747E+14   4.8359E-06   5.1528E-06   0.93850
FLUX  364   364.00        8.236058E+14   4.7867E-06   5.1805E-06   0.92399
FLUX  365   365.00        8.213493E+14   5.0072E-06   2.7827E-05   0.17994
FLUX  366   367.00        8.168733E+14   4.9822E-06   2.7755E-05   0.17951
FLUX  367   369.00        8.124458E+14   5.2079E-06   2.7685E-05   0.18812
FLUX  368   371.00        8.080660E+14   6.5859E-06   2.7613E-05   0.23851
FLUX  369   373.00        8.037332E+14   8.2293E-06   2.7542E-05   0.29879
FLUX  370   375.00        7.994467E+14   1.1695E-05   2.7471E-05   0.42571
FLUX  371   377.00        7.952056E+14   1.2739E-05   2.7407E-05   0.46481
FLUX  372   379.00        7.910092E+14   1.6026E-05   2.7337E-05   0.58625
FLUX  373   381.00        7.868570E+14   1.8694E-05   2.7266E-05   0.68562
FLUX  374   383.00        7.827480E+14   1.4785E-05   2.7196E-05   0.54364
FLUX  375   385.00        7.786818E+14   2.0470E-05   2.7128E-05   0.75459
FLUX  376   387.00        7.746576E+14   2.2600E-05   2.7059E-05   0.83523
FLUX  377   389.00        7.706748E+14   1.3929E-05   2.6990E-05   0.51610
FLUX  378   391.00        7.667327E+14   2.2377E-05   2.6921E-05   0.83120
FLUX  379   393.00        7.628308E+14   1.8291E-05   2.6853E-05   0.68117
FLUX  380   395.00        7.589684E+14   2.2495E-05   2.6785E-05   0.83985
FLUX  381   397.00        7.551448E+14   1.2795E-05   2.6718E-05   0.47890
FLUX  382   399.00        7.513596E+14   2.2981E-05   2.6650E-05   0.86231
FLUX  383   401.00        7.476122E+14   2.4444E-05   2.6583E-05   0.91952
FLUX  384   403.00        7.439020E+14   2.4319E-05   2.6517E-05   0.91712
FLUX  385   405.00        7.402284E+14   2.4350E-05   2.6451E-05   0.92059
FLUX  386   407.00        7.365909E+14   2.3814E-05   2.6385E-05   0.90255
FLUX  387   409.00        7.329890E+14   2.0939E-05   2.6320E-05   0.79557
FLUX  388   411.00        7.294221E+14   1.6303E-05   2.6255E-05   0.62094
FLUX  389   413.00        7.258898E+14   2.3698E-05   2.6192E-05   0.90477
FLUX  390   415.00        7.223916E+14   2.4508E-05   2.6129E-05   0.93795
FLUX  391   417.00        7.189269E+14   2.4198E-05   2.6066E-05   0.92834
FLUX  392   419.00        7.154952E+14   2.4199E-05   2.6004E-05   0.93061
FLUX  393   421.00        7.120962E+14   2.4289E-05   2.5942E-05   0.93629
FLUX  394   423.00        7.087293E+14   2.3970E-05   2.5880E-05   0.92621
FLUX  395   425.00        7.053941E+14   2.4137E-05   2.5818E-05   0.93489
FLUX  396   427.00        7.020902E+14   2.3724E-05   2.5757E-05   0.92107
FLUX  397   429.00        6.988170E+14   2.3927E-05   2.5696E-05   0.93116
FLUX  398   431.00        6.955742E+14   2.2644E-05   2.5636E-05   0.88329
FLUX  399   433.00        6.923614E+14   1.9431E-05   2.5576E-05   0.75972
FLUX  400   435.00        6.891782E+14   1.6814E-05   2.5516E-05   0.65894
FLUX  401   437.00        6.860240E+14   2.3692E-05   2.5457E-05   0.93067
FLUX  402   439.00        6.828986E+14   2.3691E-05   2.5398E-05   0.93279
FLUX  403   441.00        6.798016E+14   2.3364E-05   2.5339E-05   0.92205
FLUX  404   443.00        6.767325E+14   2.3628E-05   2.5281E-05   0.93463
FLUX  405   445.00        6.736910E+14   2.3869E-05   2.5223E-05   0.94629
FLUX  406   447.00        6.706767E+14   2.3832E-05   2.5166E-05   0.94699
FLUX  407   449.00        6.676893E+14   2.3842E-05   2.5108E-05   0.94958
FLUX  408   451.00        6.647284E+14   2.4320E-05   2.5051E-05   0.97082
FLUX  409   453.00        6.617936E+14   2.3661E-05   2.4994E-05   0.94667
FLUX  410   455.00        6.588846E+14   2.3354E-05   2.4938E-05   0.93650
FLUX  411   457.00        6.560011E+14   2.4180E-05   2.4882E-05   0.97180
FLUX  412   459.00        6.531427E+14   2.3575E-05   2.4826E-05   0.94961
FLUX  413   461.00        6.503091E+14   2.4263E-05   2.4770E-05   0.97952
FLUX  414   463.00        6.475000E+14   2.3750E-05   2.4715E-05   0.96095
FLUX  415   465.00        6.447151E+14   2.4087E-05   2.4660E-05   0.97675
FLUX  416   467.00        6.419540E+14   2.4079E-05   2.4606E-05   0.97859
FLUX  417   469.00        6.392164E+14   2.3676E-05   2.4552E-05   0.96432
FLUX  418   471.00        6.365021E+14   2.3095E-05   2.4498E-05   0.94275
FLUX  419   473.00        6.338108E+14   2.3946E-05   2.4444E-05   0.97963
FLUX  420   475.00        6.311421E+14   2.4086E-05   2.4391E-05   0.98749
FLUX  421   477.00        6.284958E+14   2.3864E-05   2.4338E-05   0.98053
FLUX  422   479.00        6.258716E+14   2.3797E-05   2.4285E-05   0.97989
FLUX  423   481.00        6.232692E+14   2.3648E-05   2.4233E-05   0.97588
FLUX  424   483.00        6.206884E+14   2.3219E-05   2.4180E-05   0.96023
FLUX  425   485.00        6.181289E+14   1.9647E-05   2.4129E-05   0.81428
FLUX  426   487.00        6.155903E+14   1.5947E-05   2.4077E-05   0.66233
FLUX  427   489.00        6.130726E+14   2.2663E-05   2.4026E-05   0.94328
FLUX  428   491.00        6.105754E+14   2.3279E-05   2.3974E-05   0.97101
FLUX  429   493.00        6.080984E+14   2.2985E-05   2.3924E-05   0.96077
FLUX  430   495.00        6.056414E+14   2.3367E-05   2.3873E-05   0.97880
FLUX  431   497.00        6.032042E+14   2.3606E-05   2.3823E-05   0.99092
FLUX  432   499.00        6.007866E+14   2.3085E-05   2.3773E-05   0.97108
FLUX  433   501.00        5.983882E+14   2.2559E-05   2.3723E-05   0.95092
FLUX  434   503.00        5.960089E+14   2.3119E-05   2.3673E-05   0.97657
FLUX  435   505.00        5.936485E+14   2.2955E-05   2.3624E-05   0.97169
FLUX  436   507.00        5.913067E+14   2.3242E-05   2.3575E-05   0.98587
FLUX  437   509.00        5.889833E+14   2.3117E-05   2.3526E-05   0.98260
FLUX  438   511.00        5.866781E+14   2.3134E-05   2.3477E-05   0.98540
FLUX  439   513.00        5.843908E+14   2.2833E-05   2.3429E-05   0.97458
FLUX  440   515.00        5.821214E+14   2.2634E-05   2.3380E-05   0.96807
FLUX  441   517.00        5.798694E+14   2.2261E-05   2.3332E-05   0.95410
FLUX  442   519.00        5.776349E+14   2.2224E-05   2.3284E-05   0.95445
FLUX  443   521.00        5.754175E+14   2.2402E-05   2.3236E-05   0.96408
FLUX  444   523.00        5.732170E+14   2.2274E-05   2.3189E-05   0.96055
FLUX  445   525.00        5.710333E+14   2.2734E-05   2.3141E-05   0.98240
FLUX  446   527.00        5.688662E+14   2.1850E-05   2.3094E-05   0.94611
FLUX  447   529.00        5.667155E+14   2.2577E-05   2.3047E-05   0.97959
FLUX  448   531.00        5.645810E+14   2.2338E-05   2.3001E-05   0.97118
FLUX  449   533.00        5.624625E+14   2.2004E-05   2.2954E-05   0.95862
FLUX  450   535.00        5.603598E+14   2.2562E-05   2.2908E-05   0.98489
FLUX  451   537.00        5.582728E+14   2.2375E-05   2.2862E-05   0.97869
FLUX  452   539.00        5.562013E+14   2.2307E-05   2.2816E-05   0.97769
FLUX  453   541.00        5.541451E+14   2.2093E-05   2.2770E-05   0.97026
FLUX  454   543.00        5.521041E+14   2.2143E-05   2.2724E-05   0.97442
FLUX  455   545.00        5.500780E+14   2.2333E-05   2.2679E-05   0.98475
FLUX  456   547.00        5.480667E+14   2.2275E-05   2.2633E-05   0.98415
FLUX  457   549.00        5.460701E+14   2.2325E-05   2.2588E-05   0.98834
FLUX  458   551.00        5.440880E+14   2.2253E-05   2.2543E-05   0.98715
FLUX  459   553.00        5.421203E+14   2.2129E-05   2.2498E-05   0.98359
FLUX  460   555.00        5.401667E+14   2.2297E-05   2.2454E-05   0.99302
FLUX  461   557.00        5.382271E+14   2.2129E-05   2.2409E-05   0.98748
FLUX  462   559.00        5.363014E+14   2.2046E-05   2.2365E-05   0.98576
FLUX  463   561.00        5.343895E+14   2.2078E-05   2.2321E-05   0.98915
FLUX  464   563.00        5.324911E+14   2.2146E-05   2.2278E-05   0.99406
FLUX  465   565.00        5.306062E+14   2.2002E-05   2.2234E-05   0.98957
FLUX  466   567.00        5.287346E+14   2.1905E-05   2.2190E-05   0.98716
FLUX  467   569.00        5.268761E+14   2.1997E-05   2.2146E-05   0.99326
FLUX  468   571.00        5.250306E+14   2.1950E-05   2.2103E-05   0.99307
FLUX  469   573.00        5.231981E+14   2.2028E-05   2.2059E-05   0.99856
FLUX  470   575.00        5.213783E+14   2.1921E-05   2.2016E-05   0.99566
FLUX  471   577.00        5.195711E+14   2.1908E-05   2.1973E-05   0.99705
FLUX  472   579.00        5.177763E+14   2.1835E-05   2.1930E-05   0.99568
FLUX  473   581.00        5.159940E+14   2.1815E-05   2.1887E-05   0.99672
FLUX  474   583.00        5.142238E+14   2.1789E-05   2.1844E-05   0.99747
FLUX  475   585.00        5.124658E+14   2.1713E-05   2.1802E-05   0.99594
FLUX  476   587.00        5.107198E+14   2.1693E-05   2.1759E-05   0.99696
FLUX  477   589.00        5.089856E+14   2.1382E-05   2.1717E-05   0.98460
FLUX  478   591.00        5.072631E+14   2.1608E-05   2.1674E-05   0.99694
FLUX  479   593.00        5.055523E+14   2.1565E-05   2.1632E-05   0.99691
FLUX  480   595.00        5.038529E+14   2.1516E-05   2.1590E-05   0.99659
FLUX  481   597.00        5.021650E+14   2.1498E-05   2.1548E-05   0.99770
FLUX  482   599.00        5.004883E+14   2.1396E-05   2.1506E-05   0.99487
FLUX  483   601.00        4.988228E+14   2.1323E-05   2.1464E-05   0.99343
FLUX  484   603.00        4.971683E+14   2.1333E-05   2.1423E-05   0.99579
FLUX  485   605.00        4.955248E+14   2.1306E-05   2.1382E-05   0.99649
FLUX  486   607.00        4.938921E+14   2.1307E-05   2.1340E-05   0.99843
FLUX  487   609.00        4.922701E+14   2.1228E-05   2.1299E-05   0.99663
FLUX  488   611.00        4.906588E+14   2.1148E-05   2.1258E-05   0.99483
FLUX  489   613.00        4.890579E+14   2.0998E-05   2.1218E-05   0.98963
FLUX  490   615.00        4.874675E+14   2.0792E-05   2.1177E-05   0.98184
FLUX  491   617.00        4.858874E+14   2.0895E-05   2.1136E-05   0.98859
FLUX  492   619.00        4.843174E+14   2.1031E-05   2.1096E-05   0.99692
FLUX  493   621.00        4.827576E+14   2.1011E-05   2.1055E-05   0.99788
FLUX  494   623.00        4.812079E+14   2.0890E-05   2.1015E-05   0.99403
FLUX  495   625.00        4.796680E+14   2.0547E-05   2.0975E-05   0.97959
FLUX  496   627.00        4.781380E+14   2.0896E-05   2.0935E-05   0.99814
FLUX  497   629.00        4.766176E+14   2.0855E-05   2.0895E-05   0.99812
FLUX  498   631.00        4.751070E+14   2.0694E-05   2.0855E-05   0.99229
FLUX  499   633.00        4.736058E+14   2.0725E-05   2.0815E-05   0.99569
FLUX  500   635.00        4.721142E+14   2.0591E-05   2.0775E-05   0.99116
FLUX  501   637.00        4.706319E+14   2.0565E-05   2.0735E-05   0.99180
FLUX  502   639.00        4.691588E+14   2.0609E-05   2.0695E-05   0.99580
FLUX  503   641.00        4.676950E+14   2.0459E-05   2.0656E-05   0.99046
FLUX  504   643.00        4.662403E+14   2.0492E-05   2.0616E-05   0.99395
FLUX  505   645.00        4.647946E+14   2.0287E-05   2.0577E-05   0.98593
FLUX  506   647.00        4.633578E+14   2.0424E-05   2.0538E-05   0.99444
FLUX  507   649.00        4.619299E+14   2.0173E-05   2.0498E-05   0.98415
FLUX  508   651.00        4.605108E+14   2.0219E-05   2.0459E-05   0.98825
FLUX  509   653.00        4.591003E+14   2.0039E-05   2.0420E-05   0.98133
FLUX  510   655.00        4.576985E+14   1.8272E-05   2.0383E-05   0.89647
FLUX  511   657.00        4.563052E+14   1.4655E-05   2.0344E-05   0.72036
FLUX  512   659.00        4.549203E+14   1.9565E-05   2.0305E-05   0.96357
FLUX  513   661.00        4.535439E+14   2.0026E-05   2.0266E-05   0.98815
FLUX  514   663.00        4.521757E+14   2.0120E-05   2.0227E-05   0.99471
FLUX  515   665.00        4.508158E+14   2.0113E-05   2.0189E-05   0.99626
FLUX  516   667.00        4.494640E+14   2.0072E-05   2.0150E-05   0.99613
FLUX  517   669.00        4.481203E+14   2.0074E-05   2.0112E-05   0.99810
FLUX  518   671.00        4.467846E+14   2.0029E-05   2.0073E-05   0.99778
FLUX  519   673.00        4.454569E+14   1.9993E-05   2.0035E-05   0.99788
FLUX  520   675.00        4.441370E+14   1.9913E-05   1.9997E-05   0.99582
FLUX  521   677.00        4.428250E+14   1.9941E-05   1.9959E-05   0.99911
FLUX  522   679.00        4.415206E+14   1.9888E-05   1.9921E-05   0.99835
FLUX  523   681.00        4.402239E+14   1.9859E-05   1.9883E-05   0.99882
FLUX  524   683.00        4.389348E+14   1.9786E-05   1.9845E-05   0.99702
FLUX  525   685.00        4.376533E+14   1.9760E-05   1.9807E-05   0.99763
FLUX  526   687.00        4.363792E+14   1.9747E-05   1.9769E-05   0.99887
FLUX  527   689.00        4.351125E+14   1.9713E-05   1.9731E-05   0.99907
FLUX  528   691.00        4.338531E+14   1.9672E-05   1.9693E-05   0.99891
FLUX  529   693.00        4.326010E+14   1.9628E-05   1.9656E-05   0.99857
FLUX  530   695.00        4.313561E+14   1.9595E-05   1.9618E-05   0.99880
FLUX  531   697.00        4.301184E+14   1.9551E-05   1.9581E-05   0.99848
FLUX  532   699.00        4.288877E+14   1.9525E-05   1.9544E-05   0.99905
FLUX  533   701.00        4.276641E+14   1.9413E-05   1.9506E-05   0.99520
FLUX  534   703.00        4.264474E+14   1.9419E-05   1.9469E-05   0.99740
FLUX  535   705.00        4.252376E+14   1.9405E-05   1.9432E-05   0.99859
FLUX  536   707.00        4.240347E+14   1.9374E-05   1.9395E-05   0.99891
FLUX  537   709.00        4.228385E+14   1.9340E-05   1.9358E-05   0.99908
FLUX  538   711.00        4.216491E+14   1.9060E-05   1.9321E-05   0.98647
FLUX  539   713.00        4.204663E+14   1.9198E-05   1.9284E-05   0.99554
FLUX  540   715.00        4.192902E+14   1.9185E-05   1.9247E-05   0.99677
FLUX  541   717.00        4.181206E+14   1.9155E-05   1.9211E-05   0.99709
FLUX  542   719.00        4.169576E+14   1.9088E-05   1.9174E-05   0.99550
FLUX  543   721.00        4.158010E+14   1.9064E-05   1.9137E-05   0.99616
FLUX  544   723.00        4.146508E+14   1.9016E-05   1.9101E-05   0.99556
FLUX  545   725.00        4.135069E+14   1.8996E-05   1.9065E-05   0.99639
FLUX  546   727.00        4.123693E+14   1.8996E-05   1.9029E-05   0.99829
FLUX  547   729.00        4.112380E+14   1.8903E-05   1.8992E-05   0.99530
FLUX  548   731.00        4.101129E+14   1.8857E-05   1.8958E-05   0.99467
FLUX  549   733.00        4.089939E+14   1.8842E-05   1.8922E-05   0.99581
FLUX  550   735.00        4.078810E+14   1.8841E-05   1.8885E-05   0.99765
FLUX  551   737.00        4.067741E+14   1.8829E-05   1.8849E-05   0.99895
FLUX  552   739.00        4.056732E+14   1.8751E-05   1.8813E-05   0.99672
FLUX  553   741.00        4.045783E+14   1.8662E-05   1.8777E-05   0.99385
FLUX  554   743.00        4.034892E+14   1.8619E-05   1.8741E-05   0.99348
FLUX  555   745.00        4.024060E+14   1.8608E-05   1.8705E-05   0.99481
FLUX  556   747.00        4.013286E+14   1.8502E-05   1.8669E-05   0.99105
FLUX  557   749.00        4.002570E+14   1.8508E-05   1.8634E-05   0.99325
FLUX  558   751.00        3.991911E+14   1.8510E-05   1.8598E-05   0.99526
FLUX  559   753.00        3.981308E+14   1.8510E-05   1.8562E-05   0.99718
FLUX  560   755.00        3.970762E+14   1.8513E-05   1.8527E-05   0.99926
FLUX  561   757.00        3.960271E+14   1.8453E-05   1.8491E-05   0.99793
FLUX  562   759.00        3.949835E+14   1.8434E-05   1.8456E-05   0.99879
FLUX  563   761.00        3.939455E+14   1.8399E-05   1.8421E-05   0.99881
FLUX  564   763.00        3.929128E+14   1.8366E-05   1.8385E-05   0.99897
FLUX  565   765.00        3.918856E+14   1.8303E-05   1.8350E-05   0.99743
FLUX  566   767.00        3.908638E+14   1.8233E-05   1.8315E-05   0.99553
FLUX  567   769.00        3.898472E+14   1.8234E-05   1.8280E-05   0.99748
FLUX  568   771.00        3.888359E+14   1.8151E-05   1.8245E-05   0.99485
FLUX  569   773.00        3.878299E+14   1.8184E-05   1.8210E-05   0.99860
FLUX  570   775.00        3.868290E+14   1.8135E-05   1.8175E-05   0.99780
FLUX  571   777.00        3.858333E+14   1.7788E-05   1.8140E-05   0.98057
FLUX  572   779.00        3.848427E+14   1.8095E-05   1.8105E-05   0.99944
FLUX  573   781.00        3.838572E+14   1.8053E-05   1.8071E-05   0.99902
FLUX  574   783.00        3.828768E+14   1.7977E-05   1.8036E-05   0.99676
FLUX  575   785.00        3.819013E+14   1.7909E-05   1.8001E-05   0.99486
FLUX  576   787.00        3.809307E+14   1.7878E-05   1.7967E-05   0.99506
FLUX  577   789.00        3.799651E+14   1.7824E-05   1.7932E-05   0.99395
FLUX  578   791.00        3.790044E+14   1.7821E-05   1.7898E-05   0.99571
FLUX  579   793.00        3.780485E+14   1.7773E-05   1.7864E-05   0.99493
FLUX  580   795.00        3.770975E+14   1.7725E-05   1.7829E-05   0.99417
FLUX  581   797.00        3.761512E+14   1.7784E-05   1.7795E-05   0.99936
FLUX  582   799.00        3.752096E+14   1.7651E-05   1.7761E-05   0.99383
FLUX  583   801.00        3.742728E+14   1.7690E-05   1.7727E-05   0.99790
FLUX  584   803.00        3.733406E+14   1.7645E-05   1.7693E-05   0.99727
FLUX  585   805.00        3.724130E+14   1.7627E-05   1.7659E-05   0.99822
FLUX  586   807.00        3.714901E+14   1.7590E-05   1.7625E-05   0.99802
FLUX  587   809.00        3.705717E+14   1.7551E-05   1.7591E-05   0.99771
FLUX  588   811.00        3.696578E+14   1.7545E-05   1.7557E-05   0.99930
FLUX  589   813.00        3.687485E+14   1.7518E-05   1.7523E-05   0.99971
FLUX  590   815.00        3.678436E+14   1.7483E-05   1.7490E-05   0.99960
FLUX  591   817.00        3.669431E+14   1.7449E-05   1.7456E-05   0.99960
FLUX  592   819.00        3.660470E+14   1.7248E-05   1.7422E-05   0.99001
FLUX  593   821.00        3.651553E+14   1.7311E-05   2.1315E-05   0.81216
FLUX  594   823.00        3.642679E+14   1.7270E-05   2.1265E-05   0.81212
FLUX  595   825.00        3.633848E+14   1.7233E-05   2.1215E-05   0.81231
FLUX  596   827.00        3.625060E+14   1.7346E-05   2.1165E-05   0.81955
FLUX  597   829.00        3.616315E+14   1.7299E-05   2.1115E-05   0.81928
FLUX  598   831.00        3.607611E+14   1.7234E-05   2.1066E-05   0.81812
FLUX  599   833.00        3.598950E+14   1.7018E-05   2.1016E-05   0.80973
FLUX  600   835.00        3.590329E+14   1.7139E-05   2.0967E-05   0.81744
FLUX  601   837.00        3.581750E+14   1.6940E-05   2.0918E-05   0.80985
FLUX  602   839.00        3.573212E+14   1.6886E-05   2.0869E-05   0.80913
FLUX  603   841.00        3.564715E+14   1.6822E-05   2.0820E-05   0.80796
FLUX  604   843.00        3.556257E+14   1.7061E-05   2.0772E-05   0.82137
FLUX  605   845.00        3.547840E+14   1.6865E-05   2.0724E-05   0.81378
FLUX  606   847.00        3.539463E+14   1.6345E-05   2.0675E-05   0.79055
FLUX  607   849.00        3.531125E+14   1.7643E-05   2.0627E-05   0.85531
FLUX  608   851.00        3.522826E+14   1.5915E-05   2.0580E-05   0.77333
FLUX  609   853.00        3.514566E+14   1.7995E-05   2.0532E-05   0.87643
FLUX  610   855.00        3.506345E+14   1.5096E-05   2.0485E-05   0.73694
FLUX  611   857.00        3.498162E+14   1.8475E-05   2.0437E-05   0.90397
FLUX  612   859.00        3.490017E+14   1.7259E-05   2.0390E-05   0.84643
FLUX  613   861.00        3.481911E+14   1.6759E-05   2.0343E-05   0.82381
FLUX  614   863.00        3.473841E+14   1.9024E-05   2.0296E-05   0.93729
FLUX  615   865.00        3.465809E+14   1.8582E-05   2.0250E-05   0.91766
FLUX  616   867.00        3.457814E+14   1.4972E-05   2.0203E-05   0.74105
FLUX  617   869.00        3.449856E+14   1.8836E-05   2.0157E-05   0.93446
FLUX  618   871.00        3.441935E+14   1.9556E-05   2.0111E-05   0.97240
FLUX  619   873.00        3.434049E+14   1.9110E-05   2.0065E-05   0.95241
FLUX  620   875.00        3.426200E+14   1.5397E-05   2.0019E-05   0.76910
FLUX  621   877.00        3.418387E+14   1.8575E-05   1.9973E-05   0.93001
FLUX  622   879.00        3.410609E+14   1.9563E-05   1.9928E-05   0.98171
FLUX  623   881.00        3.402866E+14   1.9531E-05   1.9882E-05   0.98233
FLUX  624   883.00        3.395159E+14   1.9220E-05   1.9837E-05   0.96891
FLUX  625   885.00        3.387486E+14   1.7996E-05   1.9792E-05   0.90923
FLUX  626   887.00        3.379848E+14   1.5372E-05   1.9747E-05   0.77846
FLUX  627   889.00        3.372244E+14   1.8961E-05   1.9703E-05   0.96235
FLUX  628   891.00        3.364675E+14   1.9303E-05   1.9658E-05   0.98194
FLUX  629   893.00        3.357139E+14   1.9312E-05   1.9614E-05   0.98463
FLUX  630   895.00        3.349637E+14   1.9431E-05   1.9569E-05   0.99294
FLUX  631   897.00        3.342168E+14   1.9297E-05   1.9525E-05   0.98831
FLUX  632   899.00        3.334733E+14   1.8887E-05   1.9481E-05   0.96949
FLUX  633   901.00        3.327331E+14   1.5608E-05   1.9437E-05   0.80298
FLUX  634   903.00        3.319961E+14   1.7271E-05   1.9394E-05   0.89055
FLUX  635   905.00        3.312624E+14   1.8962E-05   1.9350E-05   0.97996
FLUX  636   907.00        3.305320E+14   1.8753E-05   1.9307E-05   0.97134
FLUX  637   909.00        3.298047E+14   1.8582E-05   1.9263E-05   0.96461
FLUX  638   911.00        3.290807E+14   1.8958E-05   1.9220E-05   0.98637
FLUX  639   913.00        3.283598E+14   1.9079E-05   1.9177E-05   0.99489
FLUX  640   915.00        3.276421E+14   1.9067E-05   1.9134E-05   0.99650
FLUX  641   917.00        3.269275E+14   1.8962E-05   1.9092E-05   0.99320
FLUX  642   919.00        3.262160E+14   1.8762E-05   1.9049E-05   0.98491
FLUX  643   921.00        3.255076E+14   1.7989E-05   1.9007E-05   0.94647
FLUX  644   923.00        3.248023E+14   1.4532E-05   1.8964E-05   0.76626
FLUX  645   925.00        3.241000E+14   1.7557E-05   1.8922E-05   0.92787
FLUX  646   927.00        3.234008E+14   1.8250E-05   1.8880E-05   0.96662
FLUX  647   929.00        3.227045E+14   1.8721E-05   1.8838E-05   0.99376
FLUX  648   931.00        3.220113E+14   1.8738E-05   1.8796E-05   0.99691
FLUX  649   933.00        3.213210E+14   1.8709E-05   1.8755E-05   0.99758
FLUX  650   935.00        3.206337E+14   1.8689E-05   1.8713E-05   0.99868
FLUX  651   937.00        3.199493E+14   1.8662E-05   1.8672E-05   0.99944
FLUX  652   939.00        3.192678E+14   1.8546E-05   1.8631E-05   0.99543
FLUX  653   941.00        3.185893E+14   1.8128E-05   1.8590E-05   0.97517
FLUX  654   943.00        3.179136E+14   1.8419E-05   1.8549E-05   0.99299
FLUX  655   945.00        3.172407E+14   1.8426E-05   1.8508E-05   0.99556
FLUX  656   947.00        3.165707E+14   1.8400E-05   1.8468E-05   0.99635
FLUX  657   949.00        3.159036E+14   1.8329E-05   1.8427E-05   0.99468
FLUX  658   951.00        3.152392E+14   1.8128E-05   1.8387E-05   0.98595
FLUX  659   953.00        3.145776E+14   1.7279E-05   1.8346E-05   0.94182
FLUX  660   955.00        3.139188E+14   1.4251E-05   1.8306E-05   0.77848
FLUX  661   957.00        3.132628E+14   1.7428E-05   1.8266E-05   0.95412
FLUX  662   959.00        3.126095E+14   1.8012E-05   1.8226E-05   0.98826
FLUX  663   961.00        3.119589E+14   1.7963E-05   1.8186E-05   0.98771
FLUX  664   963.00        3.113110E+14   1.7849E-05   1.8147E-05   0.98361
FLUX  665   965.00        3.106658E+14   1.8026E-05   1.8107E-05   0.99554
FLUX  666   967.00        3.100233E+14   1.7830E-05   1.8068E-05   0.98685
FLUX  667   969.00        3.093834E+14   1.7891E-05   1.8028E-05   0.99239
FLUX  668   971.00        3.087461E+14   1.7976E-05   1.7989E-05   0.99927
FLUX  669   973.00        3.081115E+14   1.7926E-05   1.7950E-05   0.99864
FLUX  670   975.00        3.074795E+14   1.7821E-05   1.7911E-05   0.99495
FLUX  671   977.00        3.068501E+14   1.7857E-05   1.7872E-05   0.99914
FLUX  672   979.00        3.062232E+14   1.7816E-05   1.7834E-05   0.99900
FLUX  673   981.00        3.055989E+14   1.7774E-05   1.7795E-05   0.99879
FLUX  674   983.00        3.049771E+14   1.7729E-05   1.7757E-05   0.99846
FLUX  675   985.00        3.043579E+14   1.7617E-05   1.7718E-05   0.99431
FLUX  676   987.00        3.037411E+14   1.7604E-05   1.7680E-05   0.99570
FLUX  677   989.00        3.031269E+14   1.7490E-05   1.7642E-05   0.99139
FLUX  678   991.00        3.025151E+14   1.7524E-05   1.7604E-05   0.99545
FLUX  679   993.00        3.019058E+14   1.7480E-05   1.7566E-05   0.99508
FLUX  680   995.00        3.012990E+14   1.7465E-05   1.7528E-05   0.99639
FLUX  681   997.00        3.006946E+14   1.7440E-05   1.7490E-05   0.99711
FLUX  682   999.00        3.000926E+14   1.7361E-05   1.7453E-05   0.99473
FLUX  683  1002.50        2.990449E+14   1.6438E-05   1.7387E-05   0.94539
FLUX  684  1007.50        2.975608E+14   1.5809E-05   1.7295E-05   0.91413
FLUX  685  1012.50        2.960914E+14   1.7015E-05   1.7202E-05   0.98910
FLUX  686  1017.50        2.946364E+14   1.7054E-05   1.7111E-05   0.99667
FLUX  687  1022.50        2.931956E+14   1.6995E-05   1.7020E-05   0.99854
FLUX  688  1027.50        2.917689E+14   1.6921E-05   1.6930E-05   0.99946
FLUX  689  1032.50        2.903559E+14   1.6769E-05   1.6841E-05   0.99577
FLUX  690  1037.50        2.889566E+14   1.6720E-05   1.6752E-05   0.99812
FLUX  691  1042.50        2.875707E+14   1.6638E-05   1.6664E-05   0.99842
FLUX  692  1047.50        2.861981E+14   1.6407E-05   1.6576E-05   0.98977
FLUX  693  1052.50        2.848385E+14   1.6404E-05   1.6490E-05   0.99483
FLUX  694  1057.50        2.834917E+14   1.6337E-05   1.6403E-05   0.99596
FLUX  695  1062.50        2.821576E+14   1.6238E-05   1.6318E-05   0.99514
FLUX  696  1067.50        2.808361E+14   1.5916E-05   1.6232E-05   0.98049
FLUX  697  1072.50        2.795268E+14   1.5994E-05   1.6148E-05   0.99047
FLUX  698  1077.50        2.782297E+14   1.5949E-05   1.6064E-05   0.99280
FLUX  699  1082.50        2.769446E+14   1.5854E-05   1.5981E-05   0.99202
FLUX  700  1087.50        2.756713E+14   1.5717E-05   1.5899E-05   0.98861
FLUX  701  1092.50        2.744096E+14   1.4031E-05   1.5817E-05   0.88712
FLUX  702  1097.50        2.731595E+14   1.5168E-05   1.5735E-05   0.96397
FLUX  703  1102.50        2.719206E+14   1.5593E-05   1.5654E-05   0.99610
FLUX  704  1107.50        2.706930E+14   1.5562E-05   1.5574E-05   0.99927
FLUX  705  1112.50        2.694764E+14   1.5456E-05   1.5494E-05   0.99754
FLUX  706  1117.50        2.682707E+14   1.5382E-05   1.5415E-05   0.99789
FLUX  707  1122.50        2.670757E+14   1.5323E-05   1.5336E-05   0.99912
FLUX  708  1127.50        2.658914E+14   1.5061E-05   1.5258E-05   0.98712
FLUX  709  1132.50        2.647174E+14   1.4986E-05   1.5180E-05   0.98717
FLUX  710  1137.50        2.635538E+14   1.5034E-05   1.5103E-05   0.99543
FLUX  711  1142.50        2.624004E+14   1.4906E-05   1.5027E-05   0.99196
FLUX  712  1147.50        2.612571E+14   1.4935E-05   1.4951E-05   0.99894
FLUX  713  1152.50        2.601236E+14   1.4868E-05   1.4875E-05   0.99953
FLUX  714  1157.50        2.590000E+14   1.4780E-05   1.4800E-05   0.99865
FLUX  715  1162.50        2.578860E+14   1.4576E-05   1.4725E-05   0.98987
FLUX  716  1167.50        2.567816E+14   1.4428E-05   1.4651E-05   0.98479
FLUX  717  1172.50        2.556866E+14   1.4567E-05   1.4578E-05   0.99927
FLUX  718  1177.50        2.546008E+14   1.4267E-05   1.4504E-05   0.98362
FLUX  719  1182.50        2.535243E+14   1.4306E-05   1.4432E-05   0.99125
FLUX  720  1187.50        2.524568E+14   1.4168E-05   1.4360E-05   0.98665
FLUX  721  1192.50        2.513983E+14   1.4286E-05   1.4288E-05   0.99990
FLUX  722  1197.50        2.503486E+14   1.4095E-05   1.4217E-05   0.99142
FLUX  723  1202.50        2.493077E+14   1.4101E-05   1.4146E-05   0.99684
FLUX  724  1207.50        2.482754E+14   1.4001E-05   1.4076E-05   0.99472
FLUX  725  1212.50        2.472515E+14   1.3946E-05   1.4006E-05   0.99574
FLUX  726  1217.50        2.462361E+14   1.3917E-05   1.3936E-05   0.99864
FLUX  727  1222.50        2.452290E+14   1.3837E-05   1.3867E-05   0.99780
FLUX  728  1227.50        2.442301E+14   1.3744E-05   1.3799E-05   0.99603
FLUX  729  1232.50        2.432394E+14   1.3690E-05   1.3731E-05   0.99703
FLUX  730  1237.50        2.422566E+14   1.3638E-05   1.3663E-05   0.99813
FLUX  731  1242.50        2.412817E+14   1.3589E-05   1.3596E-05   0.99951
FLUX  732  1247.50        2.403146E+14   1.3503E-05   1.3529E-05   0.99806
FLUX  733  1252.50        2.393553E+14   1.3431E-05   1.3463E-05   0.99763
FLUX  734  1257.50        2.384036E+14   1.3302E-05   1.3397E-05   0.99288
FLUX  735  1262.50        2.374594E+14   1.3268E-05   1.3332E-05   0.99521
FLUX  736  1267.50        2.365227E+14   1.3251E-05   1.3266E-05   0.99884
FLUX  737  1272.50        2.355933E+14   1.3177E-05   1.3202E-05   0.99813
FLUX  738  1277.50        2.346712E+14   1.2950E-05   1.3138E-05   0.98570
FLUX  739  1282.50        2.337563E+14   1.1547E-05   1.3074E-05   0.88321
FLUX  740  1287.50        2.328485E+14   1.2874E-05   1.3010E-05   0.98951
FLUX  741  1292.50        2.319478E+14   1.2917E-05   1.2947E-05   0.99766
FLUX  742  1297.50        2.310539E+14   1.2869E-05   1.2885E-05   0.99878
FLUX  743  1302.50        2.301670E+14   1.2813E-05   1.2822E-05   0.99932
FLUX  744  1307.50        2.292868E+14   1.2757E-05   1.2760E-05   0.99976
FLUX  745  1312.50        2.284133E+14   1.2684E-05   1.2699E-05   0.99883
FLUX  746  1317.50        2.275465E+14   1.2595E-05   1.2638E-05   0.99661
FLUX  747  1322.50        2.266862E+14   1.2571E-05   1.2577E-05   0.99950
FLUX  748  1327.50        2.258324E+14   1.2507E-05   1.2517E-05   0.99923
FLUX  749  1332.50        2.249850E+14   1.2451E-05   1.2457E-05   0.99958
FLUX  750  1337.50        2.241439E+14   1.2391E-05   1.2397E-05   0.99949
FLUX  751  1342.50        2.233091E+14   1.2330E-05   1.2338E-05   0.99943
FLUX  752  1347.50        2.224805E+14   1.2271E-05   1.2279E-05   0.99941
FLUX  753  1352.50        2.216580E+14   1.2189E-05   1.2220E-05   0.99750
FLUX  754  1357.50        2.208416E+14   1.2129E-05   1.2162E-05   0.99735
FLUX  755  1362.50        2.200312E+14   1.2095E-05   1.2104E-05   0.99924
FLUX  756  1367.50        2.192267E+14   1.2029E-05   1.2046E-05   0.99852
FLUX  757  1372.50        2.184281E+14   1.1885E-05   1.1989E-05   0.99131
FLUX  758  1377.50        2.176352E+14   1.1896E-05   1.1932E-05   0.99699
FLUX  759  1382.50        2.168481E+14   1.1847E-05   1.1876E-05   0.99756
FLUX  760  1387.50        2.160667E+14   1.1818E-05   1.1819E-05   0.99986
FLUX  761  1392.50        2.152908E+14   1.1732E-05   1.1764E-05   0.99733
FLUX  762  1397.50        2.145206E+14   1.1693E-05   1.1708E-05   0.99876
FLUX  763  1402.50        2.137558E+14   1.1640E-05   1.1653E-05   0.99889
FLUX  764  1407.50        2.129964E+14   1.1594E-05   1.1598E-05   0.99965
FLUX  765  1412.50        2.122425E+14   1.1528E-05   1.1543E-05   0.99864
FLUX  766  1417.50        2.114938E+14   1.1480E-05   1.1489E-05   0.99922
FLUX  767  1422.50        2.107504E+14   1.1417E-05   1.1435E-05   0.99843
FLUX  768  1427.50        2.100123E+14   1.1359E-05   1.1381E-05   0.99803
FLUX  769  1432.50        2.092792E+14   1.1317E-05   1.1328E-05   0.99907
FLUX  770  1437.50        2.085513E+14   1.1272E-05   1.1275E-05   0.99978
FLUX  771  1442.50        2.078284E+14   1.1048E-05   1.1222E-05   0.98453
FLUX  772  1447.50        2.071105E+14   1.1159E-05   1.1169E-05   0.99903
FLUX  773  1452.50        2.063976E+14   1.1024E-05   1.1117E-05   0.99160
FLUX  774  1457.00        2.057601E+14   1.1054E-05   1.1070E-05   0.99849
FLUX  775  1462.00        2.050564E+14   1.0981E-05   1.1775E-05   0.93260
FLUX  776  1467.50        2.042879E+14   1.0962E-05   1.1714E-05   0.93586
FLUX  777  1472.50        2.035942E+14   1.0898E-05   1.1659E-05   0.93475
FLUX  778  1477.50        2.029052E+14   1.0818E-05   1.1604E-05   0.93228
FLUX  779  1482.50        2.022209E+14   1.0792E-05   1.1549E-05   0.93441
FLUX  780  1487.50        2.015412E+14   1.0703E-05   1.1495E-05   0.93113
FLUX  781  1492.50        2.008660E+14   1.0727E-05   1.1441E-05   0.93757
FLUX  782  1497.50        2.001953E+14   1.0660E-05   1.1387E-05   0.93619
FLUX  783  1502.50        1.995291E+14   1.0547E-05   1.1334E-05   0.93057
FLUX  784  1507.50        1.988673E+14   1.0507E-05   1.1281E-05   0.93144
FLUX  785  1512.50        1.982099E+14   1.0479E-05   1.1228E-05   0.93331
FLUX  786  1517.50        1.975568E+14   1.0430E-05   1.1175E-05   0.93330
FLUX  787  1522.50        1.969080E+14   1.0463E-05   1.1122E-05   0.94074
FLUX  788  1527.50        1.962635E+14   1.0252E-05   1.1070E-05   0.92610
FLUX  789  1532.50        1.956232E+14   1.0211E-05   1.1018E-05   0.92672
FLUX  790  1537.50        1.949870E+14   1.0345E-05   1.0967E-05   0.94333
FLUX  791  1542.50        1.943549E+14   9.9726E-06   1.0915E-05   0.91366
FLUX  792  1547.50        1.937270E+14   1.0286E-05   1.0864E-05   0.94678
FLUX  793  1552.50        1.931031E+14   1.0297E-05   1.0813E-05   0.95230
FLUX  794  1557.50        1.924831E+14   9.7303E-06   1.0762E-05   0.90414
FLUX  795  1562.50        1.918672E+14   1.0369E-05   1.0711E-05   0.96800
FLUX  796  1567.50        1.912552E+14   1.0059E-05   1.0661E-05   0.94352
FLUX  797  1572.50        1.906471E+14   9.6151E-06   1.0611E-05   0.90615
FLUX  798  1577.50        1.900428E+14   1.0254E-05   1.0561E-05   0.97089
FLUX  799  1582.50        1.894423E+14   1.0250E-05   1.0511E-05   0.97520
FLUX  800  1587.50        1.888457E+14   9.2094E-06   1.0462E-05   0.88030
FLUX  801  1592.50        1.882527E+14   1.0071E-05   1.0412E-05   0.96719
FLUX  802  1597.50        1.876635E+14   1.0222E-05   1.0363E-05   0.98640
FLUX  803  1605.00        1.867866E+14   1.0043E-05   1.0290E-05   0.97599
FLUX  804  1615.00        1.856300E+14   9.5157E-06   1.0192E-05   0.93365
FLUX  805  1625.00        1.844877E+14   1.0055E-05   1.0095E-05   0.99601
FLUX  806  1635.00        1.833593E+14   9.7758E-06   9.9979E-06   0.97778
FLUX  807  1645.00        1.822447E+14   9.2523E-06   9.9006E-06   0.93451
FLUX  808  1655.00        1.811435E+14   9.7781E-06   9.8035E-06   0.99741
FLUX  809  1665.00        1.800556E+14   9.6916E-06   9.7078E-06   0.99833
FLUX  810  1675.00        1.789806E+14   9.4047E-06   9.6135E-06   0.97828
FLUX  811  1685.00        1.779184E+14   8.9047E-06   9.5206E-06   0.93531
FLUX  812  1695.00        1.768687E+14   9.4128E-06   9.4289E-06   0.99829
FLUX  813  1705.00        1.758314E+14   9.3073E-06   9.3386E-06   0.99664
FLUX  814  1715.00        1.748061E+14   9.2394E-06   9.2496E-06   0.99889
FLUX  815  1725.00        1.737928E+14   9.0957E-06   9.1619E-06   0.99277
FLUX  816  1735.00        1.727911E+14   8.3723E-06   9.0754E-06   0.92252
FLUX  817  1745.00        1.718009E+14   8.8667E-06   8.9901E-06   0.98627
FLUX  818  1755.00        1.708219E+14   8.8617E-06   8.9061E-06   0.99502
FLUX  819  1765.00        1.698541E+14   8.7747E-06   8.8232E-06   0.99451
FLUX  820  1775.00        1.688972E+14   8.7162E-06   8.7415E-06   0.99711
FLUX  821  1785.00        1.679510E+14   8.6295E-06   8.6609E-06   0.99638
FLUX  822  1795.00        1.670153E+14   8.5755E-06   8.5814E-06   0.99932
FLUX  823  1805.00        1.660900E+14   8.4592E-06   8.5030E-06   0.99485
FLUX  824  1815.00        1.651749E+14   7.8573E-06   8.4257E-06   0.93254
FLUX  825  1825.00        1.642699E+14   8.2195E-06   8.3494E-06   0.98445
FLUX  826  1835.00        1.633747E+14   8.2571E-06   8.2741E-06   0.99794
FLUX  827  1845.00        1.624892E+14   8.1870E-06   8.1998E-06   0.99844
FLUX  828  1855.00        1.616132E+14   8.1002E-06   8.1265E-06   0.99676
FLUX  829  1865.00        1.607466E+14   8.0145E-06   8.0541E-06   0.99508
FLUX  830  1875.00        1.598893E+14   7.3825E-06   7.9828E-06   0.92480
FLUX  831  1885.00        1.590411E+14   7.8442E-06   7.9123E-06   0.99139
FLUX  832  1895.00        1.582018E+14   7.7922E-06   7.8429E-06   0.99354
FLUX  833  1905.00        1.573714E+14   7.7707E-06   7.7743E-06   0.99954
FLUX  834  1915.00        1.565496E+14   7.7018E-06   7.7066E-06   0.99937
FLUX  835  1925.00        1.557364E+14   7.6313E-06   7.6398E-06   0.99889
FLUX  836  1935.00        1.549315E+14   7.5376E-06   7.5739E-06   0.99521
FLUX  837  1945.00        1.541350E+14   6.9826E-06   7.5088E-06   0.92992
FLUX  838  1955.00        1.533465E+14   7.4106E-06   7.4446E-06   0.99544
FLUX  839  1965.00        1.525662E+14   7.3751E-06   7.3812E-06   0.99918
FLUX  840  1975.00        1.517937E+14   7.2989E-06   7.3186E-06   0.99731
FLUX  841  1985.00        1.510290E+14   7.2519E-06   7.2568E-06   0.99932
FLUX  842  1995.00        1.502719E+14   7.1910E-06   7.1958E-06   0.99933
FLUX  843  2005.00        1.495224E+14   7.1329E-06   7.1355E-06   0.99964
FLUX  844  2015.00        1.487804E+14   7.0750E-06   7.0760E-06   0.99985
FLUX  845  2025.00        1.480457E+14   7.0127E-06   7.0172E-06   0.99935
FLUX  846  2035.00        1.473182E+14   6.9510E-06   6.9592E-06   0.99882
FLUX  847  2045.00        1.465978E+14   6.9012E-06   6.9019E-06   0.99990
FLUX  848  2055.00        1.458844E+14   6.8436E-06   6.8453E-06   0.99976
FLUX  849  2065.00        1.451780E+14   6.7806E-06   6.7893E-06   0.99871
FLUX  850  2075.00        1.444783E+14   6.7290E-06   6.7341E-06   0.99924
FLUX  851  2085.00        1.437854E+14   6.6765E-06   6.6795E-06   0.99955
FLUX  852  2095.00        1.430990E+14   6.6202E-06   6.6256E-06   0.99918
FLUX  853  2105.00        1.424192E+14   6.5656E-06   6.5723E-06   0.99898
FLUX  854  2115.00        1.417459E+14   6.5021E-06   6.5197E-06   0.99730
FLUX  855  2125.00        1.410788E+14   6.4500E-06   6.4677E-06   0.99725
FLUX  856  2135.00        1.404180E+14   6.4023E-06   6.4164E-06   0.99781
FLUX  857  2145.00        1.397634E+14   6.3627E-06   6.3656E-06   0.99954
FLUX  858  2155.00        1.391148E+14   6.2961E-06   6.3154E-06   0.99694
FLUX  859  2165.00        1.384723E+14   5.8545E-06   6.2659E-06   0.93435
FLUX  860  2175.00        1.378356E+14   6.1749E-06   6.2169E-06   0.99325
FLUX  861  2185.00        1.372048E+14   6.1624E-06   6.1684E-06   0.99902
FLUX  862  2195.00        1.365797E+14   6.1201E-06   6.1206E-06   0.99993
FLUX  863  2205.00        1.359603E+14   6.0649E-06   6.0732E-06   0.99863
FLUX  864  2215.00        1.353465E+14   6.0107E-06   6.0265E-06   0.99739
FLUX  865  2225.00        1.347382E+14   5.9794E-06   5.9802E-06   0.99986
FLUX  866  2235.00        1.341353E+14   5.9335E-06   5.9345E-06   0.99983
FLUX  867  2245.00        1.335379E+14   5.8885E-06   5.8893E-06   0.99987
FLUX  868  2255.00        1.329457E+14   5.8307E-06   5.8447E-06   0.99761
FLUX  869  2265.00        1.323587E+14   5.7968E-06   5.8005E-06   0.99936
FLUX  870  2275.00        1.317769E+14   5.7540E-06   5.7568E-06   0.99951
FLUX  871  2285.00        1.312002E+14   5.7128E-06   5.8508E-06   0.97642
FLUX  872  2295.00        1.306285E+14   5.6678E-06   5.8065E-06   0.97612
FLUX  873  2305.00        1.300618E+14   5.6321E-06   5.7627E-06   0.97734
FLUX  874  2315.00        1.295000E+14   5.5900E-06   5.7194E-06   0.97737
FLUX  875  2325.00        1.289430E+14   5.5515E-06   5.6766E-06   0.97796
FLUX  876  2335.00        1.283908E+14   5.5101E-06   5.6342E-06   0.97797
FLUX  877  2345.00        1.278433E+14   5.4707E-06   5.5924E-06   0.97825
FLUX  878  2355.00        1.273004E+14   5.4309E-06   5.5510E-06   0.97837
FLUX  879  2365.00        1.267622E+14   5.3907E-06   5.5100E-06   0.97835
FLUX  880  2375.00        1.262284E+14   5.3507E-06   5.4695E-06   0.97828
FLUX  881  2385.00        1.256992E+14   5.3105E-06   5.4295E-06   0.97808
FLUX  882  2395.00        1.251743E+14   5.2712E-06   5.3898E-06   0.97798
FLUX  883  2405.00        1.246538E+14   5.2274E-06   5.3507E-06   0.97696
FLUX  884  2415.00        1.241377E+14   5.1824E-06   5.3119E-06   0.97562
FLUX  885  2425.00        1.236258E+14   5.1718E-06   5.2736E-06   0.98070
FLUX  886  2435.00        1.231181E+14   5.1057E-06   5.2356E-06   0.97518
FLUX  887  2445.00        1.226145E+14   5.0603E-06   5.1981E-06   0.97349
FLUX  888  2455.00        1.221151E+14   5.0619E-06   5.1610E-06   0.98080
FLUX  889  2465.00        1.216197E+14   4.9982E-06   5.1243E-06   0.97541
FLUX  890  2475.00        1.211283E+14   4.9650E-06   5.0879E-06   0.97583
FLUX  891  2485.00        1.206408E+14   4.9785E-06   5.0520E-06   0.98546
FLUX  892  2495.00        1.201573E+14   4.8117E-06   5.0164E-06   0.95920
FLUX  893  2505.00        1.196776E+14   4.9226E-06   4.9812E-06   0.98823
FLUX  894  2515.00        1.192018E+14   4.8920E-06   4.9464E-06   0.98901
FLUX  895  2525.00        1.187297E+14   4.6834E-06   4.9119E-06   0.95347
FLUX  896  2535.00        1.182613E+14   4.8229E-06   4.8778E-06   0.98873
FLUX  897  2545.00        1.177967E+14   4.8060E-06   4.8441E-06   0.99213
FLUX  898  2555.00        1.173356E+14   4.7581E-06   4.8107E-06   0.98907
FLUX  899  2565.00        1.168782E+14   4.5172E-06   4.7777E-06   0.94549
FLUX  900  2575.00        1.164243E+14   4.7035E-06   4.7450E-06   0.99127
FLUX  901  2585.00        1.159739E+14   4.6782E-06   4.7126E-06   0.99270
FLUX  902  2595.00        1.155270E+14   4.6576E-06   4.6806E-06   0.99510
FLUX  903  2605.00        1.150835E+14   4.5887E-06   4.6489E-06   0.98705
FLUX  904  2615.00        1.146434E+14   4.3451E-06   4.6175E-06   0.94102
FLUX  905  2625.00        1.142067E+14   4.2632E-06   4.5864E-06   0.92953
FLUX  906  2635.00        1.137732E+14   4.5098E-06   4.5556E-06   0.98994
FLUX  907  2645.00        1.133431E+14   4.5125E-06   4.5252E-06   0.99720
FLUX  908  2655.00        1.129162E+14   4.4866E-06   4.4950E-06   0.99811
FLUX  909  2665.00        1.124925E+14   4.4291E-06   4.4652E-06   0.99190
FLUX  910  2675.00        1.120720E+14   4.1555E-06   4.4357E-06   0.93683
FLUX  911  2685.00        1.116546E+14   4.3794E-06   4.4064E-06   0.99387
FLUX  912  2695.00        1.112403E+14   4.3763E-06   4.3774E-06   0.99973
FLUX  913  2705.00        1.108290E+14   4.3454E-06   4.3488E-06   0.99923
FLUX  914  2715.00        1.104208E+14   4.3197E-06   4.3204E-06   0.99985
FLUX  915  2725.00        1.100156E+14   4.2915E-06   4.2922E-06   0.99984
FLUX  916  2735.00        1.096133E+14   4.2630E-06   4.2644E-06   0.99967
FLUX  917  2745.00        1.092140E+14   4.2281E-06   4.2368E-06   0.99795
FLUX  918  2755.00        1.088176E+14   3.9764E-06   4.2095E-06   0.94462
FLUX  919  2765.00        1.084241E+14   4.1115E-06   4.1824E-06   0.98304
FLUX  920  2775.00        1.080333E+14   4.1523E-06   4.1556E-06   0.99920
FLUX  921  2785.00        1.076454E+14   4.1285E-06   4.1291E-06   0.99985
FLUX  922  2795.00        1.072603E+14   4.1027E-06   4.1028E-06   0.99998
FLUX  923  2805.00        1.068779E+14   4.0765E-06   4.0768E-06   0.99993
FLUX  924  2815.00        1.064982E+14   4.0504E-06   4.0510E-06   0.99986
FLUX  925  2825.00        1.061212E+14   4.0250E-06   4.0255E-06   0.99987
FLUX  926  2835.00        1.057469E+14   4.0001E-06   4.0002E-06   0.99998
FLUX  927  2845.00        1.053752E+14   3.9725E-06   3.9751E-06   0.99935
FLUX  928  2855.00        1.050061E+14   3.9486E-06   3.9503E-06   0.99958
FLUX  929  2865.00        1.046396E+14   3.8861E-06   3.9257E-06   0.98991
FLUX  930  2875.00        1.042757E+14   3.6680E-06   3.9013E-06   0.94020
FLUX  931  2885.00        1.039142E+14   3.8645E-06   3.8772E-06   0.99673
FLUX  932  2895.00        1.035553E+14   3.8509E-06   3.8533E-06   0.99940
FLUX  933  2905.00        1.031988E+14   3.8293E-06   3.8296E-06   0.99992
FLUX  934  2915.00        1.028448E+14   3.8013E-06   3.8061E-06   0.99874
FLUX  935  2925.00        1.024932E+14   3.7814E-06   3.7828E-06   0.99962
FLUX  936  2935.00        1.021440E+14   3.7595E-06   3.7598E-06   0.99993
FLUX  937  2945.00        1.017971E+14   3.7364E-06   3.7369E-06   0.99985
FLUX  938  2955.00        1.014526E+14   3.7141E-06   3.7143E-06   0.99994
FLUX  939  2965.00        1.011105E+14   3.6918E-06   3.6919E-06   0.99997
FLUX  940  2975.00        1.007706E+14   3.6693E-06   3.6696E-06   0.99991
FLUX  941  2985.00        1.004330E+14   3.6475E-06   3.6476E-06   0.99998
FLUX  942  2995.00        1.000977E+14   3.6250E-06   3.6258E-06   0.99978
FLUX  943  3005.00        9.976456E+13   3.6031E-06   3.6042E-06   0.99972
FLUX  944  3015.00        9.943367E+13   3.5812E-06   3.5827E-06   0.99958
FLUX  945  3025.00        9.910496E+13   3.5552E-06   3.5615E-06   0.99823
FLUX  946  3035.00        9.877842E+13   3.3777E-06   3.5404E-06   0.95404
FLUX  947  3045.00        9.845402E+13   3.4397E-06   3.5195E-06   0.97732
FLUX  948  3055.00        9.813175E+13   3.4949E-06   3.4988E-06   0.99888
FLUX  949  3065.00        9.781158E+13   3.4772E-06   3.4783E-06   0.99967
FLUX  950  3075.00        9.749350E+13   3.4572E-06   3.4580E-06   0.99977
FLUX  951  3085.00        9.717747E+13   3.4334E-06   3.4378E-06   0.99870
FLUX  952  3095.00        9.686349E+13   3.4156E-06   3.4179E-06   0.99934
FLUX  953  3105.00        9.655153E+13   3.3952E-06   3.3981E-06   0.99915
FLUX  954  3115.00        9.624157E+13   3.3719E-06   3.3784E-06   0.99805
FLUX  955  3125.00        9.593360E+13   3.3555E-06   3.3590E-06   0.99896
FLUX  956  3135.00        9.562759E+13   3.3367E-06   3.3397E-06   0.99911
FLUX  957  3145.00        9.532353E+13   3.3165E-06   3.3205E-06   0.99877
FLUX  958  3155.00        9.502139E+13   3.3002E-06   3.3016E-06   0.99957
FLUX  959  3165.00        9.472117E+13   3.2827E-06   3.2828E-06   0.99997
FLUX  960  3175.00        9.442283E+13   3.2615E-06   3.2641E-06   0.99919
FLUX  961  3185.00        9.412637E+13   3.2454E-06   3.2457E-06   0.99992
FLUX  962  3195.00        9.383177E+13   3.2269E-06   3.2273E-06   0.99986
FLUX  963  3210.00        9.339330E+13   3.1994E-06   3.2001E-06   0.99975
FLUX  964  3230.00        9.281502E+13   3.1642E-06   3.1644E-06   0.99995
FLUX  965  3250.00        9.224385E+13   3.1290E-06   3.1293E-06   0.99992
FLUX  966  3270.00        9.167966E+13   3.0938E-06   3.0947E-06   0.99970
FLUX  967  3290.00        9.112234E+13   2.9522E-06   3.0895E-06   0.95557
FLUX  968  3310.00        9.057175E+13   3.0009E-06   3.0556E-06   0.98212
FLUX  969  3330.00        9.002778E+13   2.9829E-06   3.0222E-06   0.98701
FLUX  970  3350.00        8.949030E+13   2.9533E-06   2.9894E-06   0.98793
FLUX  971  3370.00        8.895920E+13   2.9181E-06   2.9571E-06   0.98683
FLUX  972  3390.00        8.843437E+13   2.8885E-06   2.9253E-06   0.98741
FLUX  973  3410.00        8.791569E+13   2.8588E-06   2.8940E-06   0.98782
FLUX  974  3430.00        8.740306E+13   2.8305E-06   2.8633E-06   0.98855
FLUX  975  3450.00        8.689638E+13   2.8028E-06   2.8330E-06   0.98934
FLUX  976  3470.00        8.639553E+13   2.7733E-06   2.8032E-06   0.98933
FLUX  977  3490.00        8.590043E+13   2.7446E-06   2.7738E-06   0.98947
FLUX  978  3510.00        8.541097E+13   2.7167E-06   2.7449E-06   0.98971
FLUX  979  3530.00        8.492705E+13   2.6888E-06   2.7165E-06   0.98980
FLUX  980  3550.00        8.444859E+13   2.6597E-06   2.6885E-06   0.98926
FLUX  981  3570.00        8.397549E+13   2.6301E-06   2.6610E-06   0.98839
FLUX  982  3590.00        8.350766E+13   2.6125E-06   2.6338E-06   0.99189
FLUX  983  3610.00        8.304501E+13   2.5748E-06   2.6071E-06   0.98761
FLUX  984  3630.00        8.258747E+13   2.5621E-06   2.5808E-06   0.99276
FLUX  985  3650.00        8.213493E+13   2.5198E-06   2.5549E-06   0.98627
FLUX  986  3670.00        8.168733E+13   2.5132E-06   2.5293E-06   0.99363
FLUX  987  3690.00        8.124458E+13   2.4615E-06   2.5042E-06   0.98295
FLUX  988  3710.00        8.080660E+13   2.4624E-06   2.4794E-06   0.99315
FLUX  989  3730.00        8.037332E+13   2.4073E-06   2.4550E-06   0.98059
FLUX  990  3750.00        7.994467E+13   2.3374E-06   2.4309E-06   0.96151
FLUX  991  3770.00        7.952056E+13   2.3935E-06   2.4072E-06   0.99430
FLUX  992  3790.00        7.910092E+13   2.3733E-06   2.3839E-06   0.99557
FLUX  993  3810.00        7.868570E+13   2.3229E-06   2.3609E-06   0.98391
FLUX  994  3830.00        7.827480E+13   2.3116E-06   2.3382E-06   0.98865
FLUX  995  3850.00        7.786818E+13   2.3083E-06   2.3158E-06   0.99676
FLUX  996  3870.00        7.746576E+13   2.2847E-06   2.2938E-06   0.99602
FLUX  997  3890.00        7.706748E+13   2.2619E-06   2.2721E-06   0.99552
FLUX  998  3910.00        7.667327E+13   2.1913E-06   2.2506E-06   0.97362
FLUX  999  3930.00        7.628308E+13   2.2245E-06   2.2295E-06   0.99773
FLUX 1000  3950.00        7.589684E+13   2.2067E-06   2.2087E-06   0.99911
FLUX 1001  3970.00        7.551448E+13   2.1871E-06   2.1882E-06   0.99952
FLUX 1002  3990.00        7.513596E+13   2.1637E-06   2.1679E-06   0.99804
FLUX 1003  4010.00        7.476122E+13   2.1212E-06   2.1480E-06   0.98753
FLUX 1004  4030.00        7.439020E+13   2.0833E-06   2.1283E-06   0.97885
FLUX 1005  4050.00        7.402284E+13   2.0454E-06   2.1089E-06   0.96989
FLUX 1006  4070.00        7.365909E+13   2.0862E-06   2.0897E-06   0.99832
FLUX 1007  4090.00        7.329890E+13   2.0687E-06   2.0708E-06   0.99898
FLUX 1008  4110.00        7.294221E+13   2.0519E-06   2.0522E-06   0.99989
FLUX 1009  4130.00        7.258898E+13   2.0335E-06   2.0338E-06   0.99987
FLUX 1010  4150.00        7.223916E+13   2.0130E-06   2.0156E-06   0.99871
FLUX 1011  4170.00        7.189269E+13   1.9354E-06   1.9977E-06   0.96882
FLUX 1012  4190.00        7.154952E+13   1.9767E-06   1.9801E-06   0.99831
FLUX 1013  4210.00        7.120962E+13   1.9606E-06   1.9626E-06   0.99896
FLUX 1014  4230.00        7.087293E+13   1.9453E-06   1.9454E-06   0.99995
FLUX 1015  4250.00        7.053941E+13   1.9282E-06   1.9284E-06   0.99989
FLUX 1016  4270.00        7.020902E+13   1.9117E-06   1.9117E-06   0.99998
FLUX 1017  4290.00        6.988170E+13   1.8951E-06   1.8952E-06   0.99998
FLUX 1018  4310.00        6.955742E+13   1.8787E-06   1.8788E-06   0.99995
FLUX 1019  4330.00        6.923614E+13   1.8625E-06   1.8627E-06   0.99987
FLUX 1020  4350.00        6.891782E+13   1.8464E-06   1.8468E-06   0.99979
FLUX 1021  4370.00        6.860240E+13   1.7795E-06   1.8311E-06   0.97184
FLUX 1022  4390.00        6.828986E+13   1.8063E-06   1.8156E-06   0.99488
FLUX 1023  4410.00        6.798016E+13   1.7994E-06   1.8003E-06   0.99954
FLUX 1024  4430.00        6.767325E+13   1.7848E-06   1.7852E-06   0.99982
FLUX 1025  4450.00        6.736910E+13   1.7699E-06   1.7702E-06   0.99978
FLUX 1026  4470.00        6.706767E+13   1.7581E-06   1.7629E-06   0.99729
FLUX 1027  4490.00        6.676893E+13   1.7404E-06   1.7482E-06   0.99551
FLUX 1028  4510.00        6.647284E+13   1.7264E-06   1.7338E-06   0.99575
FLUX 1029  4530.00        6.617936E+13   1.7122E-06   1.7195E-06   0.99575
FLUX 1030  4550.00        6.588846E+13   1.6983E-06   1.7053E-06   0.99584
FLUX 1031  4570.00        6.560011E+13   1.6841E-06   1.6914E-06   0.99571
FLUX 1032  4590.00        6.531427E+13   1.6702E-06   1.6776E-06   0.99557
FLUX 1033  4610.00        6.503091E+13   1.6570E-06   1.6640E-06   0.99579
FLUX 1034  4630.00        6.475000E+13   1.6422E-06   1.6506E-06   0.99493
FLUX 1035  4650.00        6.447151E+13   1.5805E-06   1.6373E-06   0.96532
FLUX 1036  4670.00        6.419540E+13   1.5658E-06   1.6242E-06   0.96408
FLUX 1037  4690.00        6.392164E+13   1.6009E-06   1.6112E-06   0.99360
FLUX 1038  4710.00        6.365021E+13   1.5918E-06   1.5984E-06   0.99585
FLUX 1039  4730.00        6.338108E+13   1.5797E-06   1.5857E-06   0.99620
FLUX 1040  4750.00        6.311421E+13   1.5669E-06   1.5732E-06   0.99596
FLUX 1041  4770.00        6.284958E+13   1.5548E-06   1.5609E-06   0.99611
FLUX 1042  4790.00        6.258716E+13   1.5429E-06   1.5487E-06   0.99625
FLUX 1043  4810.00        6.232692E+13   1.5308E-06   1.5366E-06   0.99623
FLUX 1044  4830.00        6.206884E+13   1.5194E-06   1.5247E-06   0.99651
FLUX 1045  4850.00        6.181289E+13   1.5069E-06   1.5129E-06   0.99608
FLUX 1046  4870.00        6.155903E+13   1.4961E-06   1.5012E-06   0.99659
FLUX 1047  4890.00        6.130726E+13   1.4839E-06   1.4897E-06   0.99609
FLUX 1048  4910.00        6.105754E+13   1.4732E-06   1.4783E-06   0.99653
FLUX 1049  4930.00        6.080984E+13   1.4608E-06   1.4671E-06   0.99573
FLUX 1050  4950.00        6.056414E+13   1.4517E-06   1.4559E-06   0.99709
FLUX 1051  4970.00        6.032042E+13   1.4377E-06   1.4449E-06   0.99498
FLUX 1052  4990.00        6.007866E+13   1.4300E-06   1.4340E-06   0.99716
FLUX 1053  5010.00        5.983882E+13   1.4190E-06   1.4233E-06   0.99701
FLUX 1054  5030.00        5.960089E+13   1.4045E-06   1.4126E-06   0.99426
FLUX 1055  5050.00        5.936485E+13   1.3987E-06   1.4021E-06   0.99753
FLUX 1056  5070.00        5.913067E+13   1.3882E-06   1.3917E-06   0.99749
FLUX 1057  5090.00        5.889833E+13   1.3715E-06   1.3814E-06   0.99281
FLUX 1058  5110.00        5.866781E+13   1.3650E-06   1.3713E-06   0.99546
FLUX 1059  5130.00        5.843908E+13   1.3171E-06   1.3612E-06   0.96764
FLUX 1060  5150.00        5.821214E+13   1.3462E-06   1.3512E-06   0.99630
FLUX 1061  5170.00        5.798694E+13   1.3296E-06   1.3414E-06   0.99117
FLUX 1062  5190.00        5.776349E+13   1.3294E-06   1.3317E-06   0.99833
FLUX 1063  5210.00        5.754175E+13   1.3217E-06   1.3220E-06   0.99974
FLUX 1064  5230.00        5.732170E+13   1.3122E-06   1.3125E-06   0.99975
FLUX 1065  5250.00        5.710333E+13   1.2986E-06   1.3031E-06   0.99657
FLUX 1066  5270.00        5.688662E+13   1.2809E-06   1.2938E-06   0.99003
FLUX 1067  5290.00        5.667155E+13   1.2840E-06   1.2845E-06   0.99959
FLUX 1068  5310.00        5.645810E+13   1.2753E-06   1.2754E-06   0.99990
FLUX 1069  5330.00        5.624625E+13   1.2663E-06   1.2664E-06   0.99991
FLUX 1070  5350.00        5.603598E+13   1.2573E-06   1.2575E-06   0.99989
FLUX 1071  5370.00        5.582728E+13   1.2374E-06   1.2486E-06   0.99102
FLUX 1072  5390.00        5.562013E+13   1.2303E-06   1.2399E-06   0.99229
FLUX 1073  5410.00        5.541451E+13   1.2311E-06   1.2312E-06   0.99991
FLUX 1074  5430.00        5.521041E+13   1.2224E-06   1.2227E-06   0.99977
FLUX 1075  5450.00        5.500780E+13   1.2140E-06   1.2142E-06   0.99985
FLUX 1076  5470.00        5.480667E+13   1.2054E-06   1.2058E-06   0.99970
FLUX 1077  5490.00        5.460701E+13   1.1974E-06   1.1975E-06   0.99988
FLUX 1078  5510.00        5.440880E+13   1.1858E-06   1.1893E-06   0.99710
FLUX 1079  5530.00        5.421203E+13   1.1606E-06   1.1812E-06   0.98262
FLUX 1080  5550.00        5.401667E+13   1.1726E-06   1.1731E-06   0.99956
FLUX 1081  5570.00        5.382271E+13   1.1649E-06   1.1651E-06   0.99976
FLUX 1082  5590.00        5.363014E+13   1.1566E-06   1.1573E-06   0.99942
FLUX 1083  5610.00        5.343895E+13   1.1493E-06   1.1495E-06   0.99985
FLUX 1084  5630.00        5.324911E+13   1.1416E-06   1.1417E-06   0.99989
FLUX 1085  5650.00        5.306062E+13   1.1341E-06   1.1341E-06   0.99997
FLUX 1086  5670.00        5.287346E+13   1.1264E-06   1.1265E-06   0.99989
FLUX 1087  5690.00        5.268761E+13   1.1181E-06   1.1190E-06   0.99920
FLUX 1088  5710.00        5.250306E+13   1.0866E-06   1.1116E-06   0.97750
FLUX 1089  5730.00        5.231981E+13   1.1025E-06   1.1043E-06   0.99841
FLUX 1090  5750.00        5.213783E+13   1.0970E-06   1.0970E-06   0.99998
FLUX 1091  5770.00        5.195711E+13   1.0897E-06   1.0898E-06   0.99994
FLUX 1092  5790.00        5.177763E+13   1.0825E-06   1.0826E-06   0.99987
FLUX 1093  5810.00        5.159940E+13   1.0755E-06   1.0756E-06   0.99997
FLUX 1094  5830.00        5.142238E+13   1.0680E-06   1.0686E-06   0.99945
FLUX 1095  5850.00        5.124658E+13   1.0612E-06   1.0639E-06   0.99747
FLUX 1096  5870.00        5.107198E+13   1.0541E-06   1.0570E-06   0.99727
FLUX 1097  5890.00        5.089856E+13   1.0451E-06   1.0502E-06   0.99515
FLUX 1098  5910.00        5.072631E+13   1.0099E-06   1.0434E-06   0.96789
FLUX 1099  5930.00        5.055523E+13   1.0323E-06   1.0367E-06   0.99567
FLUX 1100  5950.00        5.038529E+13   1.0036E-06   1.0301E-06   0.97428
FLUX 1101  5970.00        5.021650E+13   1.0151E-06   1.0236E-06   0.99175
FLUX 1102  5990.00        5.004883E+13   1.0144E-06   1.0171E-06   0.99741
FLUX 1103  6010.00        4.988228E+13   1.0084E-06   1.0106E-06   0.99774
FLUX 1104  6030.00        4.971683E+13   1.0022E-06   1.0043E-06   0.99792
FLUX 1105  6050.00        4.955248E+13   9.9712E-07   9.9795E-07   0.99917
FLUX 1106  6070.00        4.938921E+13   9.9103E-07   9.9170E-07   0.99933
FLUX 1107  6090.00        4.922701E+13   9.8500E-07   9.8550E-07   0.99949
FLUX 1108  6110.00        4.906588E+13   9.7866E-07   9.7937E-07   0.99928
FLUX 1109  6130.00        4.890579E+13   9.7306E-07   9.7329E-07   0.99977
FLUX 1110  6150.00        4.874675E+13   9.6703E-07   9.6726E-07   0.99976
FLUX 1111  6170.00        4.858874E+13   9.6109E-07   9.6129E-07   0.99978
FLUX 1112  6190.00        4.843174E+13   9.5494E-07   9.5538E-07   0.99954
FLUX 1113  6210.00        4.827576E+13   9.4932E-07   9.4952E-07   0.99979
FLUX 1114  6230.00        4.812079E+13   9.4312E-07   9.4372E-07   0.99936
FLUX 1115  6250.00        4.796680E+13   9.3671E-07   9.3797E-07   0.99866
FLUX 1116  6270.00        4.781380E+13   9.2913E-07   9.3227E-07   0.99664
FLUX 1117  6290.00        4.766176E+13   8.9897E-07   9.2662E-07   0.97017
FLUX 1118  6310.00        4.751070E+13   9.1687E-07   9.2102E-07   0.99549
FLUX 1119  6330.00        4.736058E+13   9.1439E-07   9.1548E-07   0.99882
FLUX 1120  6350.00        4.721142E+13   9.0915E-07   9.0998E-07   0.99909
FLUX 1121  6370.00        4.706319E+13   9.0441E-07   9.0453E-07   0.99986
FLUX 1122  6390.00        4.691588E+13   8.9834E-07   8.9914E-07   0.99912
FLUX 1123  6420.00        4.669665E+13   8.9095E-07   8.9113E-07   0.99979
FLUX 1124  6460.00        4.640751E+13   8.8002E-07   8.8062E-07   0.99932
FLUX 1125  6500.00        4.612192E+13   8.6946E-07   8.7030E-07   0.99903
FLUX 1126  6540.00        4.583983E+13   8.5997E-07   8.6015E-07   0.99979
FLUX 1127  6580.00        4.556117E+13   8.4932E-07   8.5018E-07   0.99898
FLUX 1128  6620.00        4.528588E+13   8.3950E-07   8.4039E-07   0.99895
FLUX 1129  6660.00        4.501389E+13   8.3016E-07   8.3076E-07   0.99928
FLUX 1130  6700.00        4.474515E+13   8.2074E-07   8.2130E-07   0.99933
FLUX 1131  6740.00        4.447960E+13   8.0983E-07   8.1199E-07   0.99734
FLUX 1132  6780.00        4.421718E+13   7.8944E-07   8.0285E-07   0.98330
FLUX 1133  6820.00        4.395784E+13   7.9191E-07   7.9385E-07   0.99755
FLUX 1134  6860.00        4.370153E+13   7.8489E-07   7.8501E-07   0.99984
FLUX 1135  6900.00        4.344819E+13   7.7606E-07   7.7632E-07   0.99968
FLUX 1136  6940.00        4.319777E+13   7.6541E-07   7.6776E-07   0.99693
FLUX 1137  6980.00        4.295021E+13   7.5911E-07   7.5935E-07   0.99968
FLUX 1138  7020.00        4.270548E+13   7.5089E-07   7.5107E-07   0.99975
FLUX 1139  7060.00        4.246353E+13   7.4268E-07   7.4293E-07   0.99965
FLUX 1140  7100.00        4.222430E+13   7.3218E-07   7.3492E-07   0.99627
FLUX 1141  7140.00        4.198775E+13   7.2693E-07   7.2704E-07   0.99985
FLUX 1142  7180.00        4.175383E+13   7.1917E-07   7.1929E-07   0.99984
FLUX 1143  7220.00        4.152251E+13   7.1128E-07   7.1165E-07   0.99947
FLUX 1144  7260.00        4.129373E+13   7.0064E-07   7.0414E-07   0.99502
FLUX 1145  7300.00        4.106747E+13   6.9627E-07   6.9675E-07   0.99932
FLUX 1146  7340.00        4.084366E+13   6.8937E-07   6.8947E-07   0.99986
FLUX 1147  7380.00        4.062229E+13   6.8221E-07   6.8230E-07   0.99986
FLUX 1148  7420.00        4.040330E+13   6.7428E-07   6.7527E-07   0.99853
FLUX 1149  7460.00        4.018666E+13   6.5612E-07   6.6834E-07   0.98172
FLUX 1150  7500.00        3.997233E+13   6.4089E-07   6.6152E-07   0.96881
FLUX 1151  7540.00        3.976028E+13   6.5308E-07   6.5480E-07   0.99736
FLUX 1152  7580.00        3.955046E+13   6.4801E-07   6.4819E-07   0.99973
FLUX 1153  7620.00        3.934285E+13   6.4159E-07   6.4167E-07   0.99988
FLUX 1154  7660.00        3.913740E+13   6.3517E-07   6.3525E-07   0.99987
FLUX 1155  7700.00        3.893409E+13   6.2886E-07   6.2893E-07   0.99990
FLUX 1156  7740.00        3.873288E+13   6.2245E-07   6.2270E-07   0.99960
FLUX 1157  7780.00        3.853374E+13   6.1031E-07   6.1656E-07   0.98987
FLUX 1158  7820.00        3.833664E+13   6.1038E-07   6.1051E-07   0.99979
FLUX 1159  7860.00        3.814154E+13   6.0453E-07   6.0455E-07   0.99997
FLUX 1160  7900.00        3.794842E+13   5.9866E-07   5.9868E-07   0.99998
FLUX 1161  7940.00        3.775724E+13   5.9287E-07   5.9289E-07   0.99997
FLUX 1162  7980.00        3.756798E+13   5.8713E-07   5.8718E-07   0.99991
FLUX 1163  8020.00        3.738061E+13   5.8150E-07   5.8156E-07   0.99990
FLUX 1164  8060.00        3.719510E+13   5.7596E-07   5.7602E-07   0.99990
FLUX 1165  8100.00        3.701142E+13   5.7054E-07   5.7055E-07   0.99997
FLUX 1166  8140.00        3.682955E+13   5.5905E-07   5.6516E-07   0.98919
FLUX 1167  8180.00        3.664945E+13   5.5838E-07   5.5985E-07   0.99737
FLUX 1168  8220.00        3.647111E+13   5.5460E-07   5.5461E-07   0.99997
FLUX 1169  8260.00        3.629449E+13   5.4943E-07   5.4945E-07   0.99997
FLUX 1170  8300.00        3.611958E+13   5.4431E-07   5.4436E-07   0.99991
FLUX 1171  8340.00        3.594634E+13   5.3919E-07   5.3933E-07   0.99973
FLUX 1172  8380.00        3.577476E+13   5.3417E-07   5.3438E-07   0.99962
FLUX 1173  8420.00        3.560481E+13   5.2939E-07   5.2949E-07   0.99980
FLUX 1174  8460.00        3.543647E+13   5.2463E-07   5.2467E-07   0.99991
FLUX 1175  8500.00        3.526971E+13   5.1990E-07   5.1992E-07   0.99997
FLUX 1176  8540.00        3.510451E+13   5.1518E-07   5.1522E-07   0.99992
FLUX 1177  8580.00        3.494085E+13   5.1053E-07   5.1060E-07   0.99988
FLUX 1178  8620.00        3.477871E+13   5.0596E-07   5.0603E-07   0.99987
FLUX 1179  8660.00        3.461807E+13   4.9406E-07   5.0153E-07   0.98512
FLUX 1180  8700.00        3.445891E+13   4.9668E-07   4.9708E-07   0.99919
FLUX 1181  8740.00        3.430120E+13   4.8823E-07   4.9269E-07   0.99093
FLUX 1182  8780.00        3.414493E+13   4.8416E-07   4.8836E-07   0.99140
FLUX 1183  8820.00        3.399008E+13   4.8404E-07   4.8409E-07   0.99990
FLUX 1184  8860.00        3.383663E+13   4.7940E-07   4.7987E-07   0.99900
FLUX 1185  8900.00        3.368455E+13   4.7566E-07   4.7571E-07   0.99990
FLUX 1186  8940.00        3.353384E+13   4.7159E-07   4.7160E-07   0.99997
FLUX 1187  8980.00        3.338447E+13   4.6750E-07   4.6755E-07   0.99990
FLUX 1188  9020.00        3.323642E+13   4.6345E-07   4.6355E-07   0.99980
FLUX 1189  9060.00        3.308968E+13   4.5896E-07   4.5959E-07   0.99863
FLUX 1190  9100.00        3.294423E+13   4.5565E-07   4.5569E-07   0.99990
FLUX 1191  9140.00        3.280005E+13   4.5179E-07   4.5184E-07   0.99990
FLUX 1192  9180.00        3.265714E+13   4.4802E-07   4.4803E-07   0.99997
FLUX 1193  9220.00        3.251546E+13   4.4426E-07   4.4428E-07   0.99997
FLUX 1194  9260.00        3.237500E+13   4.3932E-07   4.4057E-07   0.99717
FLUX 1195  9300.00        3.223575E+13   4.3689E-07   4.3691E-07   0.99997
FLUX 1196  9340.00        3.209770E+13   4.3327E-07   4.3329E-07   0.99997
FLUX 1197  9380.00        3.196082E+13   4.2320E-07   4.2971E-07   0.98483
FLUX 1198  9420.00        3.182511E+13   4.2529E-07   4.2618E-07   0.99790
FLUX 1199  9460.00        3.169054E+13   4.2266E-07   4.2270E-07   0.99992
FLUX 1200  9500.00        3.155711E+13   4.1862E-07   4.1925E-07   0.99850
FLUX 1201  9540.00        3.142479E+13   4.1484E-07   4.1585E-07   0.99756
FLUX 1202  9580.00        3.129358E+13   4.1248E-07   4.1249E-07   0.99998
FLUX 1203  9620.00        3.116346E+13   4.0914E-07   4.0917E-07   0.99991
FLUX 1204  9660.00        3.103442E+13   4.0588E-07   4.0589E-07   0.99998
FLUX 1205  9700.00        3.090644E+13   4.0264E-07   4.0265E-07   0.99998
FLUX 1206  9740.00        3.077952E+13   3.9940E-07   3.9944E-07   0.99990
FLUX 1207  9780.00        3.065363E+13   3.9625E-07   3.9628E-07   0.99993
FLUX 1208  9820.00        3.052877E+13   3.9279E-07   3.9315E-07   0.99909
FLUX 1209  9860.00        3.040492E+13   3.8835E-07   3.9006E-07   0.99563
FLUX 1210  9900.00        3.028207E+13   3.8700E-07   3.8700E-07   0.99998
FLUX 1211  9940.00        3.016021E+13   3.8397E-07   3.8398E-07   0.99997
FLUX 1212  9980.00        3.003933E+13   3.8097E-07   3.8100E-07   0.99991
FLUX 1213 10020.00        2.991941E+13   3.7802E-07   3.7805E-07   0.99992
FLUX 1214 20000.00        1.498963E+13   9.7171E-08   9.7172E-08   0.99999
FLUX 1215 40000.00        7.494813E+12   2.4309E-08   2.4309E-08   1.00000
FLUX 1216 60000.00        4.996542E+12   1.0733E-08   1.0733E-08   1.00000
FLUX 1217 80000.00        3.747406E+12   5.9964E-09   5.9964E-09   1.00000
FLUX 1218100000.00        2.997925E+12   3.8139E-09   3.8139E-09   1.00000
FLUX 1219120000.00        2.498271E+12   2.6340E-09   2.6340E-09   1.00000
FLUX 1220140000.00        2.141375E+12   1.9257E-09   1.9257E-09   1.00000
FLUX 1221160000.00        1.873703E+12   1.4680E-09   1.4680E-09   1.00000
FLUX
